C7_x,C7_y,C7_z,CLAV_x,CLAV_y,CLAV_z,LANK_x,LANK_y,LANK_z,LASI_x,LASI_y,LASI_z,LBHD_x,LBHD_y,LBHD_z,LELB_x,LELB_y,LELB_z,LFHD_x,LFHD_y,LFHD_z,LFIN_x,LFIN_y,LFIN_z,LFRM_x,LFRM_y,LFRM_z,LHEE_x,LHEE_y,LHEE_z,LKNE_x,LKNE_y,LKNE_z,LMANK_x,LMANK_y,LMANK_z,LMELB_x,LMELB_y,LMELB_z,LMKNE_x,LMKNE_y,LMKNE_z,LPSI_x,LPSI_y,LPSI_z,LSHO_x,LSHO_y,LSHO_z,LTHI_x,LTHI_y,LTHI_z,LTIB_x,LTIB_y,LTIB_z,LTOE_x,LTOE_y,LTOE_z,LUPA_x,LUPA_y,LUPA_z,LWRA_x,LWRA_y,LWRA_z,LWRB_x,LWRB_y,LWRB_z,RANK_x,RANK_y,RANK_z,RASI_x,RASI_y,RASI_z,RBAK_x,RBAK_y,RBAK_z,RBHD_x,RBHD_y,RBHD_z,RELB_x,RELB_y,RELB_z,RFHD_x,RFHD_y,RFHD_z,RFIN_x,RFIN_y,RFIN_z,RFRM_x,RFRM_y,RFRM_z,RHEE_x,RHEE_y,RHEE_z,RKNE_x,RKNE_y,RKNE_z,RMANK_x,RMANK_y,RMANK_z,RMELB_x,RMELB_y,RMELB_z,RMKNE_x,RMKNE_y,RMKNE_z,RPSI_x,RPSI_y,RPSI_z,RSHO_x,RSHO_y,RSHO_z,RTHI_x,RTHI_y,RTHI_z,RTIB_x,RTIB_y,RTIB_z,RTOE_x,RTOE_y,RTOE_z,RUPA_x,RUPA_y,RUPA_z,RWRA_x,RWRA_y,RWRA_z,RWRB_x,RWRB_y,RWRB_z,STRN_x,STRN_y,STRN_z,T10_x,T10_y,T10_z,Fx1,Fy1,Fz1,Mx1,My1,Mz1,Fx2,Fy2,Fz2,Mx2,My2,Mz2,Fx3,Fy3,Fz3,Mx3,My3,Mz3
0.1382218897342682,-0.44135782122612,1.5142946243286133,0.1310436725616455,-0.30386003851890564,1.4252638816833496,0.015299622900784016,-0.5238529443740845,0.06623224914073944,0.1135588139295578,-0.4768640995025635,0.9628796577453613,0.030559619888663292,-0.3274787664413452,1.6619268655776978,-0.23268605768680573,-0.5570465326309204,1.2286893129348755,0.1132141500711441,-0.250046044588089,1.7031090259552002,-0.3194699287414551,-0.2943219542503357,1.4093314409255981,-0.2719239294528961,-0.43981295824050903,1.3217792510986328,0.07631764560937881,-0.5872573852539062,0.08566473424434662,0.04424809291958809,-0.348957896232605,0.5025100708007812,0.1283404678106308,-0.498319149017334,0.055870670825242996,-0.17561708390712738,-0.502949595451355,1.1680911779403687,0.17044220864772797,-0.3178960680961609,0.4680345058441162,0.2613888680934906,-0.6124406456947327,1.015662670135498,-0.002712791319936514,-0.4498235285282135,1.477165699005127,0.05883907526731491,-0.3896830379962921,0.5678711533546448,0.011265267618000507,-0.37172558903694153,0.38693559169769287,0.07384804636240005,-0.34438297152519226,0.07289214432239532,-0.13344140350818634,-0.5230875015258789,1.3566837310791016,-0.2505089342594147,-0.31663933396339417,1.356489658355713,-0.3279654383659363,-0.32347896695137024,1.3179429769515991,0.6875960230827332,-0.42955151200294495,0.046631135046482086,0.3873625099658966,-0.37303632497787476,1.0265600681304932,0.31744781136512756,-0.49435296654701233,1.3853298425674438,0.14981888234615326,-0.45338892936706543,1.658070683479309,0.4283606708049774,-0.15995924174785614,1.2218910455703735,0.22863177955150604,-0.3688697814941406,1.6953192949295044,0.22962039709091187,0.09849540144205093,1.3230983018875122,0.3228704631328583,-0.02124578133225441,1.258283257484436,0.6277305483818054,-0.5231003165245056,0.0750969797372818,0.5409685969352722,-0.3430137634277344,0.49970561265945435,0.5619398355484009,-0.4365641176700592,0.06008400768041611,0.35819998383522034,-0.20730580389499664,1.1748046875,0.40576791763305664,-0.3647330403327942,0.46675795316696167,0.34860870242118835,-0.5650448203086853,1.0354799032211304,0.28856852650642395,-0.34931737184524536,1.5240792036056519,0.5209705829620361,-0.3471819758415222,0.6168845891952515,0.6128363609313965,-0.38000577688217163,0.3570268750190735,0.5966789126396179,-0.28113749623298645,0.04917644336819649,0.39902618527412415,-0.253685861825943,1.385390281677246,0.23172859847545624,0.000703245576005429,1.3129531145095825,0.22901347279548645,0.04156927764415741,1.2327297925949097,0.1541244089603424,-0.3257666230201721,1.2254469394683838,0.26566144824028015,-0.5816252827644348,1.1670993566513062,1.041390061378479,-19.557472229003906,4.453257083892822,-0.6418612599372864,-0.6034542322158813,-2.499645948410034,223.86534118652344,54.520172119140625,-1121.44873046875,-144.80166625976562,97.43610382080078,-3.157926321029663,-2.1932621002197266,24.636634826660156,-2.208115577697754,-3.7414731979370117,0.34417352080345154,2.5917556285858154
0.13803379138968638,-0.4415643267481532,1.5142382920183093,0.13074335589116773,-0.3040485534052186,1.4252343667264016,0.01529387499680681,-0.5238608785022963,0.06621458578780787,0.11367539602597028,-0.47712682824063773,0.9628580372459841,0.030164515180204878,-0.32780368882693994,1.6618480400139133,-0.23306189238136968,-0.5568641468586512,1.2286530142983063,0.11282949857660476,-0.2503687057471433,1.7030616592097756,-0.31944446018989514,-0.2944163406230756,1.409895081393766,-0.27216812208393554,-0.4397810927980783,1.3220400855635965,0.07631537446517818,-0.5872710517897511,0.08563840285634362,0.04436666102746859,-0.3491185920818752,0.5025158230437349,0.12834301664931885,-0.49832546656692267,0.05583926903342964,-0.17609391509499772,-0.5026655536613717,1.168125651727449,0.17053465115905597,-0.3179781863231533,0.46803192725244736,0.26163994358075376,-0.6126049218193584,1.015645254724073,-0.002949211139706833,-0.4501347645426428,1.477135430305999,0.05903394985327263,-0.3898325467247837,0.5678715103904143,0.011340759608228475,-0.3718411694496673,0.3869630636166263,0.07383731793340863,-0.344389854381416,0.07289360221845424,-0.13366714929113324,-0.523298271641826,1.3565973284228747,-0.2505160055511835,-0.31672420929994016,1.3570434208342572,-0.32802156240537467,-0.32338752612372895,1.3184798794076933,0.6874586436527454,-0.4292544185720532,0.047265712819401395,0.38741272307981717,-0.3730963962460985,1.0266456773738988,0.31735102491860356,-0.49434684735062895,1.3854159675291833,0.14948754323436725,-0.4537083176982324,1.6580170884432381,0.42789373744205134,-0.15973310421732878,1.2222435588868248,0.22825999126233013,-0.36917771492770174,1.6952892642542225,0.22892647327867566,0.09838514929230245,1.3238500208649415,0.32226855041372854,-0.021125843347549834,1.2588747467426276,0.6274881012589726,-0.5226448578945059,0.07617172434778008,0.5407392212886684,-0.3415246862449393,0.5000629261234738,0.5618231840283665,-0.4361736693030951,0.06071083852096109,0.3577635968659098,-0.20704277762711443,1.1751579148879905,0.40574175484527814,-0.3632315859099887,0.4670446628075562,0.34879639414169933,-0.5651403670476762,1.0355465102274686,0.2881502392670966,-0.34938365156879486,1.5242722409450455,0.5209180193626328,-0.3459161352736271,0.6171155715028181,0.6126722236540144,-0.3788895144663899,0.3575352741195666,0.5966749654108325,-0.2808763047322532,0.049084067801075264,0.39863477489411436,-0.25356080013000415,1.3856924529501935,0.23104337245127224,0.0005969791440871415,1.31354857083188,0.22823812003364627,0.04158251648090336,1.2333709891663482,0.15393868589539403,-0.3258969509937116,1.2254488039885136,0.26577534265076086,-0.5817711120409681,1.1671407331299308,0.9926082491874695,-19.467044830322266,4.246631622314453,-0.6049275994300842,-0.5538334250450134,-2.486820936203003,224.4865264892578,54.27455520629883,-1125.2471923828125,-145.4751739501953,97.79277801513672,-3.281076431274414,-2.057501792907715,24.65276336669922,-1.8637597560882568,-3.7790374755859375,0.2892376184463501,2.6696550846099854
0.13784569304510458,-0.4417708322701865,1.5141819597080053,0.13044303922068995,-0.3042370682915315,1.4252048517694536,0.015288127092829604,-0.5238688126305081,0.06619692243487629,0.11379197812238276,-0.477389556978712,0.9628364167466069,0.029769410471746464,-0.3281286112125346,1.6617692144501288,-0.23343772707593363,-0.5566817610863818,1.2286167156617374,0.11244484708206542,-0.25069136690619764,1.703014292464351,-0.31941899163833515,-0.2945107269958155,1.410458721861934,-0.2724123147149749,-0.4397492273556476,1.3223009200285603,0.07631310332097754,-0.587284718325596,0.08561207146834064,0.044485229135349094,-0.34927928793114543,0.5025215752866884,0.1283455654880069,-0.4983317841165113,0.05580786724161628,-0.17657074628286804,-0.5023815118713885,1.1681601255145293,0.17062709367038398,-0.3180603045501456,0.4680293486607785,0.26189101906801693,-0.6127691979439843,1.015627839312648,-0.0031856309594771523,-0.4504460005570721,1.4771051616068707,0.059228824439230346,-0.3899820554532752,0.5678718674261838,0.011416251598456443,-0.371956749862393,0.38699053553555973,0.0738265895044172,-0.34439673723763975,0.07289506011451317,-0.13389289507408017,-0.5235090417577731,1.3565109257666481,-0.2505230768429523,-0.3168090846364861,1.3575971833128013,-0.32807768644481305,-0.3232960852960877,1.3190167818637872,0.6873212642227577,-0.42895732514116147,0.047900290592320705,0.3874629361937378,-0.3731564675143223,1.0267312866173044,0.3172542384720796,-0.49434072815424557,1.3855020924909225,0.14915620412258124,-0.45402770602939935,1.6579634934071674,0.42742680407912526,-0.1595069666868014,1.2225960722032763,0.2278882029731542,-0.3694856483612629,1.695259233578941,0.22823254946643942,0.09827489714255395,1.3246017398423706,0.3216666376945988,-0.021005905362845256,1.2594662360008189,0.6272456541361399,-0.5221893992645061,0.07724646895827837,0.5405098456420646,-0.3400356090621443,0.5004202395874933,0.5617065325083322,-0.435783220936131,0.06133766936150608,0.3573272098965992,-0.2067797513592322,1.1755111422759807,0.4057155920574997,-0.36173013148718325,0.4673313724481507,0.34898408586221025,-0.565235913786667,1.0356131172338068,0.2877319520277693,-0.3494499312923444,1.5244652782844392,0.5208654557632295,-0.344650294705732,0.6173465538103848,0.6125080863766322,-0.3777732520506082,0.35804367322005975,0.5966710181820472,-0.28061511323152,0.04899169223395405,0.3982433645141046,-0.25343573843406525,1.3859946242231407,0.23035814642708824,0.000490712712168854,1.3141440271541773,0.22746276727180606,0.04159575531764931,1.2340121857377866,0.15375296283044562,-0.32602727896725103,1.2254506685086433,0.2658892370612416,-0.5819169413175015,1.1671821096085555,0.9911098480224609,-19.58063316345215,4.074770450592041,-0.5995811820030212,-0.5159403085708618,-2.487379312515259,225.2093505859375,53.93234634399414,-1129.056884765625,-146.21746826171875,98.15616607666016,-3.445432424545288,-1.919660210609436,24.71538734436035,-1.6960275173187256,-3.836700916290283,0.294295996427536,2.7272908687591553
0.13765759470052277,-0.4419773377922197,1.5141256273977015,0.13014272255021214,-0.3044255831778444,1.4251753368125057,0.015282379188852398,-0.52387674675872,0.06617925908194472,0.11390856021879525,-0.4776522857167863,0.9628147962472297,0.02937430576328805,-0.32845353359812934,1.6616903888863443,-0.23381356177049756,-0.5564993753141125,1.2285804170251682,0.1120601955875261,-0.25101402806525197,1.7029669257189264,-0.3193935230867752,-0.2946051133685554,1.411022362330102,-0.2726565073460143,-0.4397173619132168,1.322561754493524,0.07631083217677691,-0.5872983848614408,0.08558574008033765,0.044603797243229604,-0.34943998378041563,0.502527327529642,0.12834811432669493,-0.4983381016661,0.05577646544980292,-0.17704757747073838,-0.5020974700814052,1.1681945993016098,0.17071953618171198,-0.318142422777138,0.4680267700691097,0.2621420945552801,-0.6129334740686101,1.0156104239012231,-0.0034220507792474715,-0.4507572365715014,1.4770748929077426,0.05942369902518806,-0.39013156418176675,0.5678722244619534,0.01149174358868441,-0.37207233027511877,0.38701800745449316,0.07381586107542577,-0.34440362009386355,0.07289651801057209,-0.13411864085702707,-0.5237198118737202,1.3564245231104213,-0.250530148134721,-0.3168939599730321,1.3581509457913457,-0.32813381048425144,-0.32320464446844643,1.3195536843198814,0.6871838847927699,-0.42866023171026973,0.04853486836524002,0.38751314930765834,-0.37321653878254607,1.0268168958607098,0.3171574520255556,-0.49433460895786224,1.385588217452662,0.14882486501079523,-0.4543470943605663,1.6579098983710965,0.4269598707161992,-0.15928082915627403,1.2229485855197275,0.2275164146839783,-0.369793581794824,1.695229202903659,0.2275386256542032,0.09816464499280547,1.3253534588198,0.3210647249754691,-0.02088596737814068,1.2600577252590104,0.627003207013307,-0.5217339406345064,0.07832121356877665,0.5402804699954608,-0.33854653187934924,0.5007775530515127,0.5615898809882979,-0.4353927725691669,0.06196450020205106,0.3568908229272887,-0.20651672509135,1.1758643696639712,0.4056894292697212,-0.3602286770643777,0.46761808208874517,0.3491717775827212,-0.565331460525658,1.0356797242401452,0.28731366478844195,-0.3495162110158939,1.524658315623833,0.5208128921638261,-0.34338445413783686,0.6175775361179516,0.6123439490992502,-0.37665698963482647,0.35855207232055286,0.5966670709532618,-0.28035392173078677,0.04889931666683282,0.3978519541340948,-0.2533106767381264,1.386296795496088,0.2296729204029042,0.00038444628025056634,1.3147394834764745,0.22668741450996588,0.04160899415439525,1.2346533823092252,0.15356723976549724,-0.3261576069407905,1.225452533028773,0.26600313147172233,-0.5820627705940348,1.1672234860871802,0.988528311252594,-19.73407745361328,3.9841487407684326,-0.6458849310874939,-0.5347892642021179,-2.501427412033081,225.89199829101562,53.659912109375,-1132.5107421875,-146.95574951171875,98.49076843261719,-3.6088485717773438,-1.9074726104736328,24.734134674072266,-2.025280714035034,-3.834548234939575,0.2980211079120636,2.721576690673828
0.13743478454501423,-0.4422390960304942,1.5140761239639182,0.1298143354472735,-0.3046431010527327,1.4252370445933562,0.01528142358713,-0.5238854900890628,0.0661614847104281,0.11408058252950377,-0.47797741183382,0.9628213201927034,0.028907837691587328,-0.3287626568055311,1.6616303526013103,-0.2341962746831755,-0.5562921213787912,1.2285583682407606,0.11167039283064027,-0.25129882448556407,1.7029579269964963,-0.31926957858319316,-0.29462034595723186,1.4115900685455625,-0.27290271311406267,-0.4396537204846641,1.32281536534922,0.07630308411571364,-0.5873074724974222,0.0855568577319581,0.044729176958073054,-0.3496187189162172,0.5025356257988127,0.1283380218491649,-0.4983220872105352,0.055748322670230804,-0.1774123933733694,-0.5018498423873194,1.168220941594105,0.17082940614381373,-0.31829056005604217,0.46805578983382673,0.26243089662482405,-0.6130920068317691,1.0156151135236222,-0.0036275915505475553,-0.4510691831048751,1.4770244928385248,0.059607233679452476,-0.3902819709272574,0.5679166139356348,0.011635700123544954,-0.3721847034842763,0.3870369038045012,0.07380894428452119,-0.3444106411065487,0.07289694220025018,-0.13433401997120964,-0.5238701286694861,1.3563830410407869,-0.2505397753210257,-0.3169248950797201,1.3585743675168775,-0.32811592213365415,-0.32302284931504965,1.3200215874918249,0.6870613867873387,-0.4284273316923356,0.0491819739687127,0.38755917825446223,-0.3732787218709655,1.0269220443750848,0.31705637286040955,-0.49434827574041507,1.3857665125107923,0.14848972166216137,-0.45456762187528293,1.6579058422947561,0.42645297066265386,-0.15902065579464894,1.223355453535421,0.22713957874980195,-0.3700748115580603,1.6952855792266643,0.22681559523604564,0.09810870560194483,1.3260555598909491,0.3203400010304735,-0.020771780156141874,1.2606618459651013,0.6267801412683449,-0.5211582858830888,0.07944335324677411,0.5400982254388317,-0.3370072644277914,0.5011592215260133,0.5614566704295328,-0.43494782147818056,0.06268016811435585,0.3564753173202868,-0.20630034636582759,1.1762163733804463,0.405669384839519,-0.35864939121221073,0.4679741857462371,0.3493387655706595,-0.565426612531902,1.035750791726523,0.2869089267506505,-0.3495684974635674,1.5248563265958368,0.5207368024927101,-0.34206842330117887,0.6178033079532598,0.6122119430674623,-0.3755457896665232,0.359142763330447,0.5966334595585501,-0.2800623752818202,0.04881875964486047,0.39742426781464885,-0.2532115193787,1.3866138876668666,0.22889533185011504,0.00021653467810879286,1.3152869008234795,0.2259687651072117,0.04156194003113848,1.235267302847856,0.15340755919352272,-0.32628106656453465,1.225474371025894,0.26612006532435384,-0.5822142050755734,1.1672929280641062,0.9899697303771973,-19.71457862854004,3.9607954025268555,-0.7046528458595276,-0.5818935036659241,-2.516906976699829,226.50379943847656,53.44954299926758,-1135.2587890625,-147.59567260742188,98.77439880371094,-3.735090732574463,-2.008767604827881,24.724576950073242,-2.6681649684906006,-3.7625653743743896,0.29914119839668274,2.6468846797943115
0.13721180083045106,-0.44250113053234996,1.5140266546745174,0.12948580799217255,-0.3048607639425638,1.425299208487896,0.015280491946918877,-0.5238942374654164,0.06614370978381855,0.1142528820412838,-0.4783028499377484,0.9628279848604013,0.028441012803070397,-0.32907170101704186,1.66157041026267,-0.234579021986944,-0.5560847431026548,1.228536390705614,0.11128056431744272,-0.25158343158218244,1.7029491201141813,-0.319145141699851,-0.29463518277698797,1.4121577950897595,-0.2731489289477961,-0.43958992017618076,1.32306894008687,0.07629530867006605,-0.5873165372389042,0.08552796262877667,0.04485459073095132,-0.34979754424845144,0.5025439367981146,0.12832786616505376,-0.4983059610949447,0.05572019618571989,-0.1777766491995742,-0.5016023967637132,1.168247243229127,0.17093936324316933,-0.31843902743020597,0.4680849675903257,0.26271988732727947,-0.6132505108781209,1.0156199136711903,-0.0038329779266052886,-0.45138113319084344,1.4769739921124565,0.059790711634058434,-0.39043238216283305,0.5679612235715058,0.011779998981128663,-0.37229706065741597,0.3870557572766645,0.07380204655180704,-0.3444176628100162,0.07289736122139637,-0.1345493472520484,-0.5240201431986512,1.3563417835740854,-0.2505494152868031,-0.3169555604852588,1.3589971375386447,-0.3280976637211067,-0.32284060239002405,1.3204891456673478,0.6869389631890304,-0.4281947526414663,0.04982914221133815,0.38760518628043056,-0.37334091551848597,1.0270272905858147,0.3169552722316704,-0.49436204145286256,1.3859452684194047,0.14815455929234328,-0.45478765508591734,1.6579020339132144,0.42594587077565543,-0.15876031225386833,1.2237625933246108,0.22676271757740057,-0.3703559078029449,1.695342387584661,0.22609241928485846,0.09805303777487862,1.326757412872567,0.3196146630293486,-0.0206576216879566,1.2612660298284315,0.6265571724302721,-0.5205820301510641,0.08056572990010906,0.5399162165376524,-0.33546774602488966,0.5015410117755662,0.5613233770755742,-0.43450259787357404,0.06339628021201946,0.3560599161200966,-0.206084200878017,1.176568370978564,0.40564937100110465,-0.35706971620289696,0.46833063637381356,0.34950565003993495,-0.5655217625644823,1.0358218815153009,0.2865042564588667,-0.34962071394486144,1.525054362436004,0.5206605951912355,-0.3407521415131771,0.6180290537362068,0.6120800976919023,-0.37443461501045733,0.3597338657998881,0.5965996998430088,-0.27977067705811254,0.04873826171561385,0.39699640011550574,-0.25311249154095616,1.386931054442134,0.22811728148468283,4.8314850115901975e-05,1.315834077975608,0.22525039922125292,0.04151458444308169,1.2358810870063226,0.1532480088340131,-0.32640449184652987,1.2254963088903996,0.2662370143741961,-0.5823656675831371,1.167362510368524,1.0343455076217651,-19.565401077270508,3.9589455127716064,-0.6917452812194824,-0.552442729473114,-2.498638153076172,227.23873901367188,53.22041320800781,-1138.538330078125,-148.26300048828125,99.08942413330078,-3.8498942852020264,-2.1021840572357178,24.7421817779541,-2.8180947303771973,-3.715064764022827,0.3158130943775177,2.5848023891448975
0.1369888171158879,-0.4427631650342057,1.5139771853851167,0.1291572805370716,-0.3050784268323949,1.4253613723824357,0.015279560306707754,-0.5239029848417699,0.066125934857209,0.1144251815530638,-0.4786282880416769,0.9628346495280992,0.027974187914553462,-0.32938074522855265,1.6615104679240296,-0.2349617692907125,-0.5558773648265182,1.228514413170467,0.11089073580424517,-0.2518680386788008,1.7029403132318661,-0.3190207048165088,-0.2946500195967441,1.4127255216339567,-0.2733951447815295,-0.43952611986769746,1.3233225148245198,0.07628753322441846,-0.5873256019803862,0.08549906752559523,0.04498000450382959,-0.3499763695806857,0.5025522477974166,0.12831771048094262,-0.49828983497935414,0.05569206970120898,-0.178140905025779,-0.5013549511401069,1.1682735448641492,0.17104932034252496,-0.3185874948043697,0.4681141453468247,0.2630088780297349,-0.6134090149244725,1.0156247138187586,-0.004038364302663021,-0.4516930832768118,1.4769234913863882,0.059974189588664385,-0.3905827933984087,0.5680058332073767,0.01192429783871237,-0.37240941783055564,0.3870746107488279,0.07379514881909288,-0.3444246845134836,0.07289778024254255,-0.13476467453288715,-0.5241701577278163,1.356300526107384,-0.25055905525258043,-0.3169862258907975,1.3594199075604116,-0.3280794053085592,-0.32265835546499844,1.3209567038428704,0.6868165395907219,-0.42796217359059696,0.05047631045396359,0.3876511943063989,-0.3734031091660064,1.0271325367965445,0.3168541716029312,-0.4943758071653101,1.386124024328017,0.1478193969225252,-0.45500768829655175,1.6578982255316728,0.42543877088865695,-0.15849996871308775,1.2241697331138004,0.22638585640499923,-0.37063700404782957,1.6953991959426578,0.22536924333367125,0.09799736994781241,1.327459265854185,0.3188893250282237,-0.02054346321977132,1.2618702136917619,0.6263342035921994,-0.5200057744190393,0.08168810655344401,0.5397342076364732,-0.333928227621988,0.5019228020251192,0.5611900837216156,-0.43405737426896757,0.06411239230968305,0.3556445149199063,-0.2058680553902064,1.1769203685766814,0.40562935716269033,-0.35549004119358313,0.46868708700139,0.3496725345092104,-0.5656169125970626,1.0358929713040788,0.28609958616708286,-0.3496729304261555,1.5252523982761712,0.520584387889761,-0.3394358597251753,0.6182547995191536,0.6119482523163423,-0.37332344035439147,0.3603249682693292,0.5965659401274674,-0.27947897883440487,0.048657763786367235,0.39656853241636264,-0.25301346370321237,1.3872482212174018,0.2273392311192506,-0.00011990497787698901,1.3163812551277363,0.22453203333529415,0.0414672288550249,1.2364948711647892,0.15308845847450345,-0.326527917128525,1.2255182467549053,0.2663539634240384,-0.5825171300907008,1.1674320926729418,1.1031893491744995,-19.4715518951416,4.174490451812744,-0.6247247457504272,-0.504863977432251,-2.442937135696411,227.76145935058594,53.01559829711914,-1141.172607421875,-148.7459259033203,99.32329559326172,-3.954805612564087,-2.08834171295166,24.824859619140625,-2.2913432121276855,-3.7233517169952393,0.324420690536499,2.5930099487304688
0.136821777023227,-0.44293794810574577,1.5139681310053692,0.12897826173644983,-0.3052454139815261,1.4253970250388643,0.015272408651360711,-0.523909414939533,0.06611389421321304,0.11453978230078883,-0.47884413654243707,0.9628230901743402,0.027770102283121736,-0.32953285272942473,1.6614621119783415,-0.23519837093965107,-0.5557281541705921,1.2284937317402946,0.11061737017817055,-0.2520636171102524,1.7029363765621817,-0.3189199022109935,-0.2946511884004075,1.4130566108305722,-0.27349470437362494,-0.43948110326236445,1.3234606969435483,0.07628258809891363,-0.5873315442871574,0.08548134396358437,0.04505050810214305,-0.3500791960303357,0.5025741875369028,0.12831357382978034,-0.49829697983943866,0.05568433845946134,-0.17836710603426623,-0.5011960137758823,1.168286178483079,0.17111687418936894,-0.31868623887861014,0.468125884600033,0.2632110689748202,-0.6135447978578656,1.0156456956405513,-0.004171213292399582,-0.45186269747105656,1.4768998553816057,0.06009862726147206,-0.3906841686624565,0.5680598494232885,0.011988271020093796,-0.37248555279725437,0.38709649828490833,0.07379255179833892,-0.34442553989934604,0.07290078410940455,-0.13494552247571628,-0.5242644593810404,1.3562789851466552,-0.2505075426291156,-0.3169578497871658,1.3596942932005749,-0.3281302430377101,-0.3225659718181913,1.3213280753189365,0.6867175047958134,-0.42770629410712135,0.05101001427959133,0.3876915073256619,-0.37347187170919205,1.027224664853898,0.316770538934414,-0.4943899852747949,1.3862631901210507,0.14758680358726456,-0.455208338846434,1.657887347486635,0.4251197927834972,-0.1583786422497784,1.2244965143945834,0.22613356368529874,-0.37078461129933793,1.695404160101682,0.2248206242474894,0.097947146743536,1.3279324937735173,0.3184286379162839,-0.020490762342803722,1.2622783714967059,0.6261780037982574,-0.5196396644344393,0.0824887055089537,0.5395747823825735,-0.33287958934014994,0.5022030444137308,0.5611358134951813,-0.4337220839317271,0.06461051084249225,0.35534976931005124,-0.20572120733312424,1.1771491969263317,0.4055840987342083,-0.3543891886014812,0.46897209475174645,0.3497838042923157,-0.565679129780523,1.0359524354239962,0.285846344139797,-0.34977452654317515,1.525383233037216,0.5205055491024295,-0.3384758595204511,0.6184102414262216,0.6118130292126674,-0.3724857143909726,0.3606994051905657,0.5965338300000753,-0.27924851175175597,0.048631402787240534,0.39628850905508395,-0.25295326991981226,1.387457182865269,0.22687723398800716,-0.0002241313391668099,1.316783464902284,0.22402845757291806,0.04143670913054059,1.2369295179054438,0.15298408094719546,-0.32661856666503364,1.2255505534592053,0.26644309531181853,-0.5826363470775402,1.167496569109279,1.0864386558532715,-19.392757415771484,4.540382385253906,-0.5779788494110107,-0.5314654111862183,-2.4130730628967285,228.328125,52.79133987426758,-1144.0283203125,-149.29942321777344,99.5931396484375,-4.109655380249023,-1.9675971269607544,24.9307918548584,-1.7759191989898682,-3.7534890174865723,0.304697722196579,2.6513614654541016
0.1366552991780224,-0.44311185427848865,1.5139594828056184,0.12880074553537052,-0.3054118918267307,1.425432411250689,0.015265194483298734,-0.5239158217480641,0.06610191120019812,0.11465380316143793,-0.47905888364015037,0.9628113476645868,0.0275686572472386,-0.32968338297692357,1.6614138724788134,-0.2354335037880386,-0.5555795281138641,1.2284730633363028,0.11034517503337354,-0.25225830078125,1.702932488839358,-0.3188193371359086,-0.294652219837075,1.4133853217623882,-0.2735927900336436,-0.43943627543796765,1.3235977193377666,0.07627767141883736,-0.5873374552126752,0.08546373267836918,0.0451204598394056,-0.3501812586721206,0.5025962642486522,0.12830949767141153,-0.4983043585786756,0.0556768121950279,-0.17859191955714826,-0.5010379659419029,1.1682986747350124,0.17118400187287108,-0.318784483221193,0.46813744859190176,0.263412387560535,-0.6136803524383646,1.0156668400922357,-0.00430333326317814,-0.45203088115382667,1.4768764893740218,0.06022247156461343,-0.3907850511026698,0.5681139601776931,0.01205143690824706,-0.3725613237216773,0.3871184163140935,0.07378999800082074,-0.3444263333121672,0.07290381395461544,-0.13512602389253528,-0.5243582011058631,1.3562576423417654,-0.25045541540676397,-0.3169288803015324,1.3599671875404207,-0.32818177520044595,-0.322474491319909,1.3216984800945055,0.6866187050642557,-0.4274501804484437,0.051542577759319586,0.38773176310867663,-0.3735407002714296,1.0273166610705142,0.31668708182328587,-0.49440416752897354,1.3864019580234754,0.14735524109657236,-0.45540879459570577,1.6578763983897027,0.42480270534951164,-0.15825871294302657,1.224822488052166,0.22588252290984653,-0.37093087695292287,1.6954086032134807,0.22427375950165931,0.09789697825908661,1.32840342395353,0.3179706106122756,-0.020438679130069467,1.26268455919051,0.6260224750499852,-0.5192756664674014,0.08328607051775155,0.5394155841000032,-0.33183588452686535,0.5024822662208254,0.5610823374710335,-0.4333878984514451,0.06510643848520241,0.3550562363191946,-0.20557505573263232,1.177376787394088,0.4055385865912532,-0.3532931482949794,0.46925638448323637,0.3498945151338514,-0.5657410159805752,1.0360117827030206,0.28559462400461666,-0.3498766189379408,1.5255133924105309,0.520426683868004,-0.3375194400351569,0.6185649767616727,0.6116777721619764,-0.37165073665562054,0.36107166456860423,0.5965017364514584,-0.27901866005745946,0.048605585877863774,0.3960099715665476,-0.25289346642841565,1.387665057024419,0.22641841327117768,-0.00032771455003750437,1.3171842177182633,0.22352704050525135,0.041406358610715295,1.2373623642700398,0.1528802579207136,-0.326708886797065,1.2255829643729508,0.2665319476301307,-0.5827552399887944,1.1675609942303589,1.0247962474822998,-19.26483917236328,4.654638767242432,-0.5797742605209351,-0.5745915174484253,-2.432640314102173,228.78915405273438,52.52449417114258,-1145.9984130859375,-149.77334594726562,99.82574462890625,-4.244195938110352,-1.8843086957931519,25.04355239868164,-1.7381585836410522,-3.754369020462036,0.26649656891822815,2.698603630065918
0.13648882133281784,-0.4432857604512316,1.5139508346058674,0.12862322933429124,-0.3055783696719353,1.4254677974625138,0.015257980315236758,-0.5239222285565951,0.06608992818718319,0.11476782402208704,-0.4792736307378636,0.9627996051548332,0.02736721221135547,-0.3298339132244224,1.6613656329792856,-0.23566863663642612,-0.5554309020571361,1.2284523949323112,0.11007297988857655,-0.2524529844522476,1.702928601116534,-0.3187187720608238,-0.2946532512737426,1.413714032694204,-0.2736908756936623,-0.43939144761357085,1.3237347417319847,0.0762727547387611,-0.587343366138193,0.085446121393154,0.04519041157666816,-0.3502833213139054,0.5026183409604016,0.1283054215130427,-0.4983117373179126,0.05566928593059447,-0.17881673308003027,-0.5008799181079233,1.168311170986946,0.17125112955637325,-0.31888272756377595,0.4681490125837705,0.2636137061462497,-0.6138159070188636,1.0156879845439204,-0.004435453233956698,-0.45219906483659683,1.476853123366438,0.060346315867754796,-0.39088593354288315,0.5681680709320978,0.012114602796400323,-0.3726370946461002,0.38714033434327866,0.07378744420330256,-0.34442712672498843,0.07290684379982633,-0.13530652530935428,-0.5244519428306857,1.3562362995368755,-0.25040328818441226,-0.31689991081589897,1.3602400818802662,-0.32823330736318174,-0.3223830108216267,1.3220688848700743,0.6865199053326979,-0.427194066789766,0.05207514123904784,0.3877720188916914,-0.37360952883366716,1.0274086572871304,0.31660362471215775,-0.49441834978315213,1.3865407259259004,0.14712367860588016,-0.45560925034497746,1.6578654492927702,0.42448561791552614,-0.1581387836362747,1.2251484617097488,0.2256314821343943,-0.37107714260650787,1.6954130463252794,0.22372689475582924,0.09784680977463722,1.3288743541335428,0.31751258330826726,-0.02038659591733521,1.2630907468843144,0.6258669463017129,-0.5189116685003634,0.08408343552654943,0.5392563858174331,-0.33079217971358077,0.50276148802792,0.5610288614468859,-0.43305371297116313,0.06560236612791256,0.35476270332833787,-0.2054289041321404,1.177604377861844,0.40549307444829813,-0.35219710798847753,0.46954067421472623,0.35000522597538714,-0.5658029021806275,1.036071129982045,0.2853429038694363,-0.3499787113327064,1.5256435517838458,0.5203478186335785,-0.3365630205498626,0.6187197120971237,0.6115425151112853,-0.3708157589202685,0.3614439239466427,0.5964696429028417,-0.27878880836316294,0.04857976896848702,0.3957314340780113,-0.25283366293701903,1.3878729311835687,0.2259595925543482,-0.00043129776090819884,1.3175849705342426,0.22302562343758464,0.04137600809089001,1.2377952106346357,0.15277643489423176,-0.3267992069290963,1.225615375286696,0.26662079994844284,-0.5828741329000485,1.1676254193514388,0.994763970375061,-19.287269592285156,4.444339275360107,-0.6507547497749329,-0.5880398154258728,-2.4838459491729736,229.25408935546875,52.14247512817383,-1147.7362060546875,-150.27366638183594,100.06839752197266,-4.363027572631836,-1.8846464157104492,25.067638397216797,-2.014366626739502,-3.7453689575195312,0.2555844187736511,2.7032833099365234
0.1362119417218183,-0.44357181226970344,1.5139885335568561,0.12841001000033309,-0.3057810342469752,1.4255360487281092,0.015252588489493787,-0.5239314880986877,0.06607625014241168,0.11488633403024137,-0.4795361611227326,0.9628328225075804,0.027008845458510303,-0.33016162558107187,1.6613417394113856,-0.2360893583652989,-0.5552342289330944,1.2284429420698557,0.10966720207538826,-0.2527326541823267,1.702912091024664,-0.31853774426788684,-0.29462485656833015,1.4141736958200568,-0.27377912333074783,-0.439290424845866,1.323922878859059,0.07626577178077983,-0.5873554905518791,0.08541599032006517,0.0452505008669089,-0.3504524231943863,0.5026955965733686,0.128295996479246,-0.49833653531721883,0.05565931603608542,-0.17919054331368958,-0.500627808223497,1.1683559070359792,0.17138032373410977,-0.3190696118091116,0.4681736678871887,0.26386865026114004,-0.6139848737527203,1.0157296843086647,-0.004659317409163279,-0.4524859788994126,1.4768513287140044,0.06049433635510751,-0.39105758722254774,0.5681930486334871,0.012225912532318901,-0.3727486224363971,0.38717204154721946,0.07378179098892686,-0.34443728921823946,0.07291709340566041,-0.1355257486764169,-0.5246339239032063,1.356214214239689,-0.25028377001648705,-0.3170010337963799,1.360710401013987,-0.3281667637114493,-0.32223262919100704,1.322518814478489,0.6863698150148455,-0.4268945759495363,0.05280360911312877,0.38784879357214797,-0.3737056635270845,1.027565953747326,0.3164839808711942,-0.4944195286525006,1.3867441688152338,0.14677508565171665,-0.45591713300603903,1.6578586815998255,0.4240257765678381,-0.1579042516204695,1.2255498178747317,0.22528811341879384,-0.3712959087250248,1.695394433097334,0.2229649221758969,0.09765375792881512,1.3295435297568112,0.31687798938214384,-0.02032584703792602,1.263660869061552,0.6256399233609635,-0.5183125349464796,0.08535056613040286,0.53903444693578,-0.329163713368359,0.5032720743425635,0.5609068611994484,-0.4325198166023027,0.06640886804027273,0.35435919355082984,-0.20523288342731677,1.1779503763116748,0.4054619822873185,-0.35053913778816626,0.4699759634322678,0.35016916179104357,-0.5658795014517197,1.0361700638240536,0.2849514681771891,-0.35012513833330167,1.5258258419321074,0.5202915994142066,-0.3352158058755445,0.6190148761730321,0.611347995451744,-0.3695397896087722,0.36204423592580076,0.5963963996495633,-0.2784077422508341,0.04855535155939345,0.3952816446490635,-0.25277193482743193,1.3881982754397866,0.22523065118600202,-0.0005937192884130426,1.3181774426769737,0.22218359291356132,0.0412975103649872,1.238417705163261,0.15265934470276168,-0.3269826414569324,1.2256736952737468,0.26676112847612393,-0.583049689697114,1.1677252887100573,0.9940096139907837,-19.505178451538086,4.341382026672363,-0.6890817284584045,-0.5877543091773987,-2.5077052116394043,229.8576202392578,51.76576232910156,-1149.6966552734375,-150.81898498535156,100.2977294921875,-4.492753505706787,-1.8948549032211304,24.96636390686035,-2.167266368865967,-3.7804183959960938,0.3022914230823517,2.6757545471191406
0.13593338935679158,-0.4438595632646258,1.5140269347374014,0.12819624970981616,-0.3059842471058006,1.4256047979490647,0.015247224274998075,-0.523940790864016,0.06606254641534082,0.11500491205578213,-0.4797994154968009,0.9628667210703654,0.02664810110389298,-0.3304920225151327,1.6613182147212375,-0.2365128920469063,-0.5550368278231842,1.228433659139848,0.10925940028237587,-0.25301361157996766,1.7028953896847783,-0.3183554973428612,-0.2945960160122802,1.4146353430700618,-0.2738672219068799,-0.4391885506396262,1.3241117904517825,0.07625875751555755,-0.5873677091093252,0.08538566955322066,0.04531044072613416,-0.35062254082090805,0.5027736882302934,0.1282864904018822,-0.49836159724470797,0.05564930911687826,-0.17956661107326974,-0.5003742731564882,1.1684011315667866,0.17151045831327408,-0.3192578390832768,0.46819852154381225,0.26412440688404815,-0.6141543467313249,1.0157716955175462,-0.0048845716480733145,-0.45277469190738057,1.4768498609002851,0.060642723148281605,-0.3912303131937191,0.5682175849249821,0.012337951720476348,-0.37286069199738914,0.38720389707198993,0.07377609081368967,-0.3444475936672545,0.07292745240180698,-0.13574555873969532,-0.5248172419355405,1.356192117692619,-0.25016323077362895,-0.3171041278748323,1.3611837114324632,-0.32809843103222497,-0.3220813551189884,1.3229699490086133,0.6862189475668977,-0.426594427879283,0.05353504523560898,0.38792612156923245,-0.37380221194976215,1.027724239605152,0.3163637887464454,-0.4944205105008668,1.3869485916286115,0.14642471950871266,-0.4562266433475823,1.6578519772614864,0.42356377228206354,-0.15766798319998165,1.2259523161989174,0.2249433457950093,-0.37151577333543473,1.6953754705309079,0.2221996903863569,0.09745854118357826,1.330215709098917,0.31624072020417016,-0.020264966860536904,1.2642334750945994,0.6254118171748736,-0.5177098387321889,0.08662481439478745,0.5388115574389893,-0.32752638699992603,0.5037861661800486,0.5607838227062036,-0.4319828943108881,0.06722007562338517,0.35395401745837257,-0.20503610713000328,1.1782981688218401,0.40543110861091425,-0.34887265349855484,0.47041354052081014,0.3503339040457018,-0.5659563236481306,1.036269597462471,0.2845579155825621,-0.3502722370703489,1.526008921940595,0.5202357233162748,-0.3338626700619988,0.6193121679571291,0.6111525778738868,-0.3682571386067283,0.3626480032474,0.5963225329159111,-0.2780243850109593,0.04853095535484963,0.3948292604937459,-0.2527101775569632,1.38852539954596,0.22449761708051164,-0.0007570323055638585,1.3187728196579889,0.2213364015795932,0.041218283135962014,1.2390430731489168,0.15254205349364028,-0.32716748680894736,1.2257324078225142,0.2669022369463712,-0.583226105037904,1.167825695102578,0.987795352935791,-19.63558578491211,4.3571600914001465,-0.6413651704788208,-0.5890821218490601,-2.48917555809021,230.50607299804688,51.68146896362305,-1151.389892578125,-151.23370361328125,100.45294952392578,-4.6005024909973145,-2.0116360187530518,24.797277450561523,-2.0831212997436523,-3.831761360168457,0.3563995659351349,2.606074571609497
0.13565483699176487,-0.44414731425954806,1.5140653359179466,0.12798248941929924,-0.3061874599646259,1.4256735471700202,0.015241860060502361,-0.5239500936293444,0.06604884268826997,0.1151234900813229,-0.4800626698708692,0.9629006196331504,0.026287356749275664,-0.3308224194491936,1.6612946900310894,-0.2369364257285137,-0.554839426713274,1.2284243762098401,0.10885159848936346,-0.2532945689776086,1.7028786883448923,-0.3181732504178357,-0.29456717545623023,1.4150969903200667,-0.2739553204830119,-0.4390866764333864,1.324300702044506,0.07625174325033529,-0.5873799276667715,0.08535534878637617,0.04537038058535942,-0.35079265844742985,0.5028517798872183,0.12827698432451842,-0.49838665917219704,0.055639302197671096,-0.17994267883284992,-0.5001207380894793,1.168446356097594,0.17164059289243838,-0.3194460663574421,0.46822337520043583,0.2643801635069563,-0.6143238197099294,1.015813706726428,-0.005109825886983351,-0.4530634049153486,1.4768483930865661,0.0607911099414557,-0.3914030391648905,0.5682421212164771,0.012449990908633794,-0.37297276155838116,0.3872357525967604,0.07377039063845249,-0.34445789811626965,0.07293781139795354,-0.13596536880297377,-0.5250005599678746,1.356170021145549,-0.2500426915307708,-0.31720722195328466,1.3616570218509396,-0.3280300983530007,-0.3219300810469697,1.3234210835387374,0.6860680801189498,-0.4262942798090297,0.054266481358089196,0.38800344956631694,-0.37389876037243974,1.027882525462978,0.31624359662169654,-0.49442149234923305,1.387153014441989,0.14607435336570865,-0.45653615368912553,1.6578452729231474,0.42310176799628907,-0.15743171477949383,1.2263548145231031,0.22459857817122478,-0.37173563794584463,1.6953565079644817,0.22143445859681693,0.0972633244383414,1.3308878884410227,0.3156034510261965,-0.02020408668314779,1.2648060811276467,0.6251837109887837,-0.5171071425178982,0.08789906265917204,0.5385886679421987,-0.3258890606314931,0.5043002580175336,0.5606607842129587,-0.43144597201947343,0.0680312832064976,0.35354884136591525,-0.2048393308326898,1.1786459613320053,0.40540023493451,-0.3472061692089434,0.47085111760935244,0.35049864630036004,-0.5660331458445417,1.0363691311008882,0.2841643629879351,-0.3504193358073961,1.5261920019490829,0.520179847218343,-0.3325095342484531,0.619609459741226,0.6109571602960296,-0.3669744876046844,0.3632517705689992,0.596248666182259,-0.2776410277710845,0.04850655915030581,0.3943768763384282,-0.25264842028649437,1.3888525236521336,0.22376458297502128,-0.0009203453227146744,1.319368196639004,0.22048921024562507,0.041139055906936825,1.2396684411345729,0.15242476228451887,-0.3273523321609623,1.2257911203712817,0.2670433454166185,-0.5834025203786939,1.1679261014950986,1.0033921003341675,-19.536195755004883,4.38816499710083,-0.6410351395606995,-0.5842564105987549,-2.4442622661590576,231.27828979492188,51.63273239135742,-1153.0152587890625,-151.7145538330078,100.61920928955078,-4.727994918823242,-2.1136178970336914,24.68780517578125,-1.9799524545669556,-3.8056952953338623,0.33083871006965637,2.5772430896759033
0.1354318895679436,-0.4443757520211453,1.5140785032155497,0.12771891262258914,-0.3064202516777626,1.4257636810375365,0.015236433879133092,-0.5239558193265208,0.06603703441850792,0.11532054975974244,-0.48036127695382036,0.9629485737409024,0.025879611128583453,-0.3311926598679151,1.6613031256672561,-0.2373273575444095,-0.5546040970165997,1.2284250857419525,0.10847896957979691,-0.25357472931115044,1.7028907590749247,-0.3179798543157167,-0.2944795951641948,1.4156137710770234,-0.2739350863837248,-0.4389478067885961,1.3244744888599345,0.0762425929505304,-0.5873890162895847,0.08532879706348805,0.045464340258167674,-0.35096250390572264,0.5029189653743972,0.12825972631277627,-0.49840656934392374,0.055656874182307164,-0.18024034270190245,-0.499860719586445,1.1684822880274413,0.17180625514577555,-0.3196534134496916,0.4682357868808784,0.264635152226647,-0.6144866245669245,1.0158662547338877,-0.0053231089764478184,-0.45332155731932217,1.4768686209688124,0.060922509306017926,-0.39156548106512484,0.5682952351720127,0.01257538760315306,-0.3731235081687668,0.3872714184767363,0.07376704763448397,-0.34446710417207504,0.07294987630567804,-0.13618622865799246,-0.525148262843391,1.356100334039587,-0.24986777696388446,-0.3170089772008113,1.3618774491035386,-0.32794780733174833,-0.3217041162366899,1.323834347803861,0.6859120803558274,-0.4258421160626096,0.05515717234561183,0.3880876303705948,-0.37401365098969036,1.0280604851956399,0.31615945706699067,-0.49441804174358484,1.3873406405875226,0.1457474325715706,-0.4567539141766283,1.6578630248442392,0.4226052177860247,-0.1571892545317972,1.226732351132576,0.22421789892165866,-0.37205858627297234,1.6954275553194893,0.2205933356127202,0.09697625091583129,1.331540860482399,0.3149210602439792,-0.02014172902108719,1.2653949394920805,0.6249462538799703,-0.516467100934477,0.08928649159555403,0.5383249726516521,-0.324185986195179,0.5048472433295471,0.5606133307250131,-0.4308583583954154,0.06887927481176838,0.3531015861212023,-0.20467199244542628,1.1790145941522738,0.405387227158278,-0.3454820532968502,0.47135550227781003,0.3507131078582726,-0.5661395760561456,1.036531535600195,0.28377957809839816,-0.35054313499998574,1.5263676556530377,0.5200615473930409,-0.3310216265601038,0.6199647816798545,0.610725447140782,-0.3655623525677138,0.3639816198226632,0.596210764536005,-0.27729834024085115,0.04844979558214052,0.39395769670704345,-0.25254062770415614,1.3892191510326815,0.22301925269775832,-0.0010898280970710605,1.3198895827429185,0.2197564656519337,0.04109590433365264,1.240292176110855,0.15228663562544134,-0.3275083665618833,1.2258590866398338,0.2671599393056718,-0.5835675240944553,1.1680278298475884,1.0723028182983398,-19.47333526611328,4.499379634857178,-0.7142837047576904,-0.5441693067550659,-2.4162139892578125,231.82708740234375,51.419647216796875,-1154.124267578125,-152.1240997314453,100.74593353271484,-4.8525872230529785,-2.035316228866577,24.626811981201172,-1.9589804410934448,-3.708442449569702,0.2914338707923889,2.636270046234131
0.13521007117846154,-0.444602985453132,1.5140911581500476,0.12745432432321524,-0.30665364397677364,1.4258542491110744,0.01523100643955319,-0.5239614723928717,0.0660252646351887,0.11551920297426103,-0.48066060185827164,0.9629968132404302,0.025470911167463323,-0.3315637092914013,1.6613122102440587,-0.23771762739348884,-0.5543679971963364,1.228425998166697,0.10810705484045262,-0.25385487346064967,1.7029034140094226,-0.31778623183436744,-0.2943908221871648,1.41613167129605,-0.2739126526362059,-0.4388081859673885,1.3246479685732861,0.07623339927946494,-0.5873980413604256,0.08530232186941121,0.045558990688612126,-0.351132343837757,0.5029859294165049,0.12824231090135133,-0.4984263749114725,0.05567500614468625,-0.18053641461378692,-0.49960056944003955,1.1685180312750356,0.17197263877320762,-0.3198611487615977,0.468247945932363,0.2648901253543942,-0.6146492940305874,1.0159190166864964,-0.0055361489968880125,-0.4535790892034177,1.476889289372804,0.06105356374817179,-0.39172771415173613,0.5683489293846863,0.012701055516075614,-0.3732750400999524,0.38730716172433055,0.07376375249186098,-0.34447628792548024,0.07296197585120107,-0.1364071098285795,-0.525295242568515,1.3560296806278607,-0.24969175832950516,-0.3168046138933952,1.3620927416725663,-0.3278652328923838,-0.3214766348631966,1.3242468431295937,0.6857559763832598,-0.4253868657034754,0.05605109693445512,0.388171950318166,-0.37412891403728765,1.0282388443978416,0.3160760495441639,-0.4944145011388703,1.3875279256839625,0.14542098782512525,-0.4569698117229323,1.6578812733391264,0.42210796613566925,-0.15694666856172068,1.2271093809052018,0.22383649050202592,-0.3723836276704902,1.6955004302871148,0.21975067169066295,0.09668731228109227,1.3321934425278215,0.31423775328705644,-0.020079341359337827,1.2659841278530903,0.6247086069047056,-0.5158263010694492,0.09067621861664665,0.5380604488170699,-0.3224815767727151,0.5053948965293682,0.5605674119579871,-0.43026971550571996,0.0697280133007378,0.35265347647745876,-0.20450525178222467,1.1793836501260466,0.40537458214144045,-0.3437567671995289,0.4718612434453522,0.3509285789451852,-0.5662466074457232,1.0366952166652048,0.28339497123333,-0.35066646110537825,1.5265431585690834,0.5199419800808888,-0.3295309823869869,0.6203212818957322,0.6104929970194962,-0.36414758841328276,0.3647140291155569,0.5961735931453326,-0.2769564784915242,0.04839237480862251,0.3935391912791903,-0.2524319003946734,1.389586580510171,0.222273672752033,-0.0012594361456854282,1.320409466493998,0.2190260448499231,0.04105348526099265,1.2409158779295864,0.15214808591154239,-0.3276638159688735,1.2259272408011734,0.2672760354367313,-0.5837322961020943,1.1681295850419051,1.1746101379394531,-19.610349655151367,4.540492534637451,-0.703606903553009,-0.46720564365386963,-2.454991102218628,232.27371215820312,51.19243621826172,-1155.1619873046875,-152.46612548828125,100.86337280273438,-4.9860711097717285,-1.8769975900650024,24.657392501831055,-2.0216829776763916,-3.671937942504883,0.3494711220264435,2.716423988342285
0.1349882527889795,-0.4448302188851186,1.5141038130845454,0.12718973602384132,-0.3068870362757847,1.4259448171846125,0.01522557899997329,-0.5239671254592226,0.06601349485186947,0.11571785618877964,-0.480959926762723,0.9630450527399581,0.025062211206343197,-0.3319347587148875,1.6613212948208613,-0.23810789724256817,-0.5541318973760732,1.2284269105914414,0.10773514010110834,-0.2541350176101489,1.7029160689439204,-0.31759260935301814,-0.2943020492101347,1.416649571515077,-0.273890218888687,-0.43866856514618097,1.3248214482866376,0.0762242056083995,-0.5874070664312666,0.08527584667533439,0.045653641119056586,-0.35130218376979133,0.5030528934586127,0.12822489548992638,-0.4984461804790213,0.05569313810706533,-0.18083248652567138,-0.49934041929363415,1.1685537745226298,0.1721390224006397,-0.32006888407350376,0.4682601049838477,0.2651450984821414,-0.6148119634942503,1.015971778639105,-0.005749189017328205,-0.4538366210875132,1.476909957776796,0.06118461819032565,-0.3918899472383474,0.5684026235973598,0.012826723428998167,-0.37342657203113794,0.38734290497192486,0.07376045734923802,-0.3444854716788854,0.0729740753967241,-0.13662799099916653,-0.525442222293639,1.3559590272161344,-0.24951573969512586,-0.3166002505859792,1.3623080342415943,-0.32778265845301924,-0.3212491534897034,1.3246593384553265,0.6855998724106921,-0.4249316153443412,0.05694502152329841,0.3882562702657371,-0.3742441770848849,1.0284172036000434,0.3159926420213371,-0.4944109605341558,1.3877152107804027,0.14509454307867992,-0.45718570926923624,1.6578995218340136,0.42161071448531373,-0.1567040825916442,1.2274864106778278,0.22345508208239315,-0.3727086690680081,1.6955733052547404,0.21890800776860572,0.09639837364635326,1.332846024573244,0.31355444633013363,-0.020016953697588467,1.2665733162141004,0.624470959929441,-0.5151855012044212,0.09206594563773926,0.5377959249824877,-0.32077716735025114,0.5059425497291893,0.5605214931909611,-0.4296810726160245,0.07057675178970722,0.3522053668337152,-0.20433851111902307,1.1797527060998196,0.40536193712460283,-0.34203148110220766,0.4723669846128944,0.35114405003209775,-0.5663536388353007,1.0368588977302147,0.2830103643682619,-0.3507897872107708,1.526718661485129,0.5198224127687365,-0.3280403382138701,0.62067778211161,0.6102605468982103,-0.36273282425885167,0.3654464384084506,0.5961364217546602,-0.27661461674219723,0.0483349540351045,0.3931206858513371,-0.2523231730851906,1.3899540099876606,0.2215280928063077,-0.0014290441942997952,1.3209293502450778,0.2182956240479125,0.041011066188332654,1.241539579748318,0.1520095361976434,-0.32781926537586364,1.2259953949625129,0.2673921315677908,-0.5838970681097334,1.1682313402362217,1.1591089963912964,-19.75858497619629,4.266034126281738,-0.586773693561554,-0.45263710618019104,-2.5149576663970947,232.65548706054688,51.162452697753906,-1155.9825439453125,-152.79037475585938,100.96741485595703,-5.114185333251953,-1.8191415071487427,24.718923568725586,-2.1648387908935547,-3.7078566551208496,0.4194130301475525,2.752155303955078
0.13477765753963925,-0.44505527635283815,1.5140709371756245,0.12688232474769187,-0.307028496502251,1.4260756164197101,0.015229318414302851,-0.5239779814979099,0.06599376829254706,0.11590991864930715,-0.48120886600570173,0.9631027891146426,0.024782755665037015,-0.33224265681986775,1.6612932816246488,-0.2384114573333437,-0.5538422785057927,1.2283540143082474,0.10734839253867699,-0.2544086628797039,1.702922998674658,-0.3173773239385213,-0.2942065839341145,1.4170823286700722,-0.2739181611316883,-0.4385347855801614,1.3249741934782622,0.0762148644553115,-0.5874211397392071,0.08525202373992528,0.045848741313282225,-0.35148291319411323,0.5031154668883772,0.12821590347795297,-0.4984689646998778,0.055689491084869334,-0.1810796330898803,-0.499054186588881,1.168610871232898,0.1723322719335556,-0.3203418016038983,0.46831569628210257,0.2654181176068767,-0.6150009959738776,1.0160623733571033,-0.0059571626676332865,-0.4541203999361455,1.4769440494625774,0.061351061064675944,-0.3920715319005069,0.5685302038855901,0.012946771007549289,-0.3735757152371059,0.38739530159937624,0.0737565698607868,-0.3444834274566726,0.07299745610810274,-0.1368428955212334,-0.5255459148362772,1.3559194755869985,-0.24934605553450173,-0.3164779936635731,1.3626509060133372,-0.32761121763298845,-0.3209706481718859,1.3251057594817206,0.6854431301552728,-0.42450377246401955,0.05785340781243432,0.38839283269762204,-0.3743503397663698,1.0286415191675653,0.3159005789962036,-0.4944173229845944,1.3879217217300113,0.14478200999711524,-0.45743145137433183,1.6579262420831138,0.4211488004946551,-0.15652940121312806,1.2279482740440115,0.22313110461298202,-0.37294151727726915,1.6956269156853885,0.21783148571355454,0.09596754521723615,1.3334908698568282,0.31284190408441404,-0.020035401295056408,1.2671187531869144,0.6242169690447927,-0.5144486881249788,0.09354330841081822,0.5375443408820803,-0.31906402505786213,0.5065478611466111,0.5603510125583371,-0.42903761476870406,0.07152772916863297,0.35182312604607335,-0.20418150910478555,1.1801256304545118,0.4053313621622048,-0.34025743406339987,0.4729222700690592,0.35142756593937907,-0.5665550780612112,1.0370442804121813,0.28262877484031074,-0.35081998204553366,1.5269249567132912,0.5197161140031372,-0.3265385531037059,0.6210989229726476,0.6100935691239818,-0.3613328083066751,0.366296417468431,0.5960911654478667,-0.27624147913313857,0.04826065019661228,0.3926995886082681,-0.252164050443283,1.390309524851919,0.22075524077510203,-0.0016461239066838426,1.3214806065654123,0.2175482694084281,0.0408967931489676,1.2421685425650995,0.15185417353317437,-0.3279570072691962,1.22607372296567,0.26750078106558084,-0.5840640837783055,1.1683518183941872,0.9887341260910034,-19.69137954711914,3.7827212810516357,-0.517133891582489,-0.5390285849571228,-2.5171256065368652,233.01611328125,51.31702423095703,-1156.613037109375,-153.156005859375,101.03504180908203,-5.195805072784424,-1.9066035747528076,24.704221725463867,-2.426114559173584,-3.747838020324707,0.3786204755306244,2.726205348968506
0.13456734859489447,-0.4452802783112652,1.5140368997655957,0.12657382104866552,-0.3071676115227851,1.4262074419599495,0.015233291676946429,-0.5239889702654832,0.06597383875424499,0.1161018129783553,-0.4814565199001735,0.9631607677565505,0.0245065971752567,-0.33254894392182494,1.6612643220566756,-0.23871280544048903,-0.553551294353624,1.2282792351498508,0.10696126658790159,-0.25468214236150516,1.702929782354279,-0.31716148589817894,-0.2941109479361812,1.417512913808128,-0.2739473884764886,-0.4384011550257538,1.325126409728006,0.07620551953992702,-0.5874353418287063,0.08522826846417607,0.04604640400148188,-0.3516639204116057,0.5031779283127248,0.12820712634861864,-0.4984918249067881,0.05568528847633213,-0.18132553155848521,-0.4987672885127415,1.168668512674357,0.17252620682120323,-0.320616381945989,0.4683723955458363,0.265691597088678,-0.6151907009794223,1.0161539331966678,-0.006165007073802269,-0.4544048483501996,1.4769784835790167,0.0615184067051537,-0.392253610225308,0.5686596690226864,0.013066675210223588,-0.3737247975062061,0.38744812305794646,0.0737526672614726,-0.3444810968065104,0.07302112460432462,-0.1370576475777768,-0.5256485031140561,1.3558807173706837,-0.24917653296759587,-0.31635783129180506,1.362997032356578,-0.3274375098134508,-0.3206908412228357,1.325553045959662,0.6852863716171277,-0.4240766287540758,0.05876216302249605,0.3885307278459435,-0.37445627029565787,1.0288670070913455,0.3158082951674398,-0.494423938063991,1.3881287231350576,0.14446983180496076,-0.45767795482021295,1.657953178448393,0.4206877879749071,-0.1563564520946007,1.2284123015324802,0.22280859221883167,-0.37317201361948293,1.6956800346737666,0.21674899788980453,0.09553309715050735,1.3341355177740388,0.31212861604051084,-0.02005591101648397,1.2676630740528865,0.6239625612236807,-0.5137094257288422,0.09502290678981519,0.5372930868769323,-0.31735065998817913,0.5071546434369308,0.5601773543271008,-0.4283927585806278,0.07248131468250657,0.35144256558639325,-0.20402475552547056,1.1804986534923907,0.40530032980323627,-0.33848214312302355,0.4734788194101378,0.35171281768391466,-0.5667589256502935,1.0372302167068255,0.28224726228524516,-0.35084780108257635,1.5271320374596198,0.5196101537208684,-0.325036483785964,0.6215217128297351,0.6099282615626884,-0.3599331685841478,0.3671493957571636,0.5960457028932129,-0.27586754367051536,0.04818591566768703,0.392278425247464,-0.25200364220616045,1.3906647357719624,0.21998169302743004,-0.0018644146308987495,1.322032663206391,0.2168004827832939,0.040780687100247834,1.242797639591015,0.15169838196690508,-0.3280942974402415,1.226152310505608,0.2676092405982365,-0.5842311566831261,1.1684727741787766,0.8834518790245056,-19.436742782592773,3.65781307220459,-0.5568000078201294,-0.6169198751449585,-2.478469133377075,233.41110229492188,51.48557662963867,-1156.99609375,-153.51727294921875,101.07255554199219,-5.26306676864624,-2.022564649581909,24.632064819335938,-2.7185542583465576,-3.7345337867736816,0.31312432885169983,2.670017957687378
0.1343570396501497,-0.44550528026969227,1.514002862355567,0.12626531734963917,-0.30730672654331914,1.426339267500189,0.015237264939590005,-0.5239999590330566,0.06595390921594291,0.11629370730740345,-0.48170417379464536,0.9632187463984584,0.024230438685476384,-0.3328552310237821,1.6612353624887024,-0.23901415354763436,-0.5532603102014554,1.2282044559914544,0.1065741406371262,-0.25495562184330645,1.7029365660339002,-0.3169456478578365,-0.2940153119382479,1.4179434989461837,-0.2739766158212889,-0.4382675244713461,1.3252786259777498,0.07619617462454252,-0.5874495439182054,0.08520451318842685,0.046244066689681534,-0.3518449276290982,0.5032403897370724,0.1281983492192843,-0.49851468511369845,0.05568108586779493,-0.18157143002709017,-0.49848039043660197,1.1687261541158158,0.17272014170885086,-0.3208909622880797,0.46842909480957007,0.2659650765704793,-0.6153804059849669,1.0162454930362324,-0.006372851479971251,-0.4546892967642538,1.477012917695456,0.06168575234563145,-0.39243568855010913,0.5687891341597828,0.013186579412897888,-0.37387387977530623,0.3875009445165167,0.0737487646621584,-0.34447876615634815,0.07304479310054653,-0.13727239963432022,-0.525751091391835,1.3558419591543691,-0.24900701040068998,-0.31623766892003696,1.3633431586998188,-0.3272638019939132,-0.3204110342737855,1.3260003324376037,0.6851296130789827,-0.423649485044132,0.05967091823255779,0.388668622994265,-0.37456220082494596,1.0290924950151255,0.31571601133867605,-0.4944305531433876,1.3883357245401042,0.1441576536128063,-0.457924458266094,1.657980114813672,0.4202267754551591,-0.15618350297607334,1.2288763290209486,0.22248607982468133,-0.37340250996169666,1.6957331536621447,0.21566651006605453,0.09509864908377856,1.3347801656912495,0.31141532799660765,-0.020076420737911535,1.2682073949188586,0.6237081534025685,-0.5129701633327055,0.09650250516881216,0.5370418328717844,-0.31563729491849607,0.5077614257272506,0.5600036960958645,-0.4277479023925516,0.07343490019638017,0.35106200512671315,-0.2038680019461556,1.1808716765302696,0.40526929744426776,-0.33670685218264723,0.47403536875121643,0.35199806942845024,-0.5669627732393757,1.0374161530014694,0.28186574973017964,-0.35087562011961904,1.5273391182059484,0.5195041934385994,-0.3235344144682221,0.6219445026868227,0.6097629540013951,-0.3585335288616206,0.3680023740458962,0.5960002403385591,-0.2754936082078921,0.04811118113876178,0.3918572618866598,-0.2518432339690379,1.3910199466920057,0.21920814527975802,-0.0020827053551136553,1.3225847198473697,0.21605269615815964,0.04066458105152806,1.2434267366169305,0.1515425904006358,-0.32823158761128685,1.226230898045546,0.26771770013089213,-0.5843982295879465,1.1685937299633657,0.9533556699752808,-19.283985137939453,3.943054676055908,-0.6149235367774963,-0.622746467590332,-2.4662997722625732,233.68582153320312,51.48583984375,-1157.3001708984375,-153.7482452392578,101.10164642333984,-5.354495048522949,-2.090925455093384,24.655118942260742,-2.7970213890075684,-3.7183871269226074,0.32805028557777405,2.5979502201080322
0.13420236285849912,-0.4456685595954491,1.5140024620965618,0.12606049131676061,-0.3073636249003821,1.4264237932022044,0.015238440418245876,-0.5240137188245129,0.06595496681599033,0.11649839116248074,-0.48188065663473495,0.9632880208113336,0.024020880984993564,-0.33299453507196036,1.66121706366539,-0.2392230283542974,-0.5530643105901629,1.2281734744049855,0.10631801291609443,-0.25513199040826584,1.702944889171234,-0.3167633411307998,-0.2939158080528114,1.418224217875904,-0.27403099405647113,-0.43815319486801196,1.3253893538421353,0.07619356243124861,-0.5874592623371162,0.08518494331333416,0.046381017014334926,-0.3519732469063721,0.5032963084661408,0.12819302624819295,-0.49852752922386523,0.055676097895283966,-0.18173943193543035,-0.49829506770467125,1.1687375733394496,0.17280828217599567,-0.32105949323698385,0.4684458643888796,0.2661628917056993,-0.6155346457334544,1.0163139610101055,-0.006499689290552887,-0.4548909512181945,1.4770225280562774,0.061799267479619446,-0.39256495385375245,0.5688792661523188,0.013272611336437184,-0.3739878431653345,0.38754637657806573,0.073743794064056,-0.3444898768963403,0.07304547316339237,-0.13743549807379576,-0.5258182913854422,1.3558150547624424,-0.2488903778278275,-0.31616458508944667,1.3636014589805476,-0.32711697695468434,-0.32020422648515134,1.3262141601534079,0.6850915274872685,-0.42334542097832195,0.06033717758262789,0.38874802837111305,-0.37466220444204,1.0292469754519051,0.3156310880421013,-0.4944498302624715,1.3885084730110422,0.14394024828609253,-0.45808555067375006,1.657992002979809,0.4198907765232964,-0.15601501828491293,1.2291369171726783,0.22227332114383874,-0.37355946833329484,1.6957547137674116,0.2149800236848806,0.09479337354616219,1.3351402448502598,0.31092675267071124,-0.020102403351778028,1.2685879944570806,0.6235464401789849,-0.5124211779098637,0.09755713384080407,0.5368852555159701,-0.3144069058413537,0.5081925174061036,0.5599140730125225,-0.4273063027306108,0.07410270462910466,0.35077576531677057,-0.203776468455002,1.1811138456625654,0.4052340893062535,-0.33547797251418726,0.4744413591279889,0.3521440291148148,-0.5670643238634463,1.037522229927265,0.28161737140243415,-0.350914311576758,1.5274722664956226,0.5194330056574171,-0.32249332614095005,0.6222867211758696,0.6096348243438645,-0.35758593165321856,0.36857072584676426,0.5959827574278345,-0.2752305040789756,0.04805618774959978,0.391553068447192,-0.2517204654729919,1.391292681165089,0.2187142688904377,-0.002242544268116059,1.3229931835701922,0.21549687028819361,0.04062802768281556,1.2438316885998706,0.15142768105825052,-0.3283085695264355,1.2263069839667011,0.26780682984764215,-0.5845277397245761,1.1686822031902162,1.1340516805648804,-19.45311737060547,4.461588382720947,-0.6317360997200012,-0.5434748530387878,-2.5028836727142334,233.81124877929688,51.3819694519043,-1157.4998779296875,-153.930908203125,101.12737274169922,-5.475833892822266,-2.0087289810180664,24.795772552490234,-2.4520578384399414,-3.749563217163086,0.3635564148426056,2.578942060470581
0.1340493978254053,-0.44582993976327756,1.5140030968268186,0.12585885536591737,-0.3074179935139536,1.4265068635245821,0.015239529811240585,-0.5240275638782426,0.06595667017414081,0.11670346854143585,-0.4820549495962282,0.9633576427863924,0.023813372539566054,-0.3331287011800223,1.6611990928649902,-0.23942905782863794,-0.5528712335801282,1.2281438404361145,0.10606591590982399,-0.2553053709450147,1.7029532596764976,-0.31658206613648016,-0.2938161851554517,1.4185003255376754,-0.27408614616520355,-0.4380394591400955,1.3254988051408174,0.0761911573986344,-0.587468842796932,0.08516550221980013,0.04651609926626382,-0.35209994501625463,0.5033520258815083,0.12818780955889367,-0.4985400651464399,0.055671085757727654,-0.18190503702653166,-0.498112870367947,1.1687475703409966,0.17289316743020192,-0.32122476112763615,0.46846140536251446,0.2663583787071784,-0.6156877942432631,1.0163817184650346,-0.0066240345905010664,-0.4550900581656702,1.4770313746092336,0.061911126290330826,-0.39269259414136015,0.5689681878942527,0.013357601036003093,-0.3741007259744682,0.3875915812735526,0.07373879060445242,-0.344501401217568,0.07304544588982664,-0.1375970071712077,-0.5258844025087672,1.3557885151035738,-0.2487753726393971,-0.3160929498293542,1.3638570569208917,-0.32697097907792655,-0.31999966482453,1.3264208045226848,0.6850570933708292,-0.4230451439784852,0.06099597552162132,0.38882563406268494,-0.374762025692605,1.0293992710429312,0.3155463912234401,-0.4944694969827766,1.388680167545546,0.14372575904754614,-0.4582440150494607,1.658003428124434,0.4195586241633687,-0.15584667096074845,1.2293912456525082,0.2220639395003287,-0.37371416399810486,1.6957753028301215,0.21430572196347825,0.09449207254790312,1.3354915680474793,0.31044509158229194,-0.020128554362334954,1.2689635564159873,0.6233875790968636,-0.5118780471631234,0.0985986865218112,0.5367315912878277,-0.3131913775639818,0.5086182032199885,0.5598270356260389,-0.42687095711562806,0.07476171579779378,0.3504924276806661,-0.20368694173579185,1.1813519885208432,0.40519875268273003,-0.33426590550024776,0.47484271692124425,0.35228570289169714,-0.5671627268885935,1.0376258496417115,0.2813730895124524,-0.3509533375698999,1.5276031399404766,0.5193628877993451,-0.321466421844154,0.6226264605458999,0.6095078386218342,-0.35665224344525115,0.3691303199095442,0.5959661354292307,-0.27497081014494235,0.048001801780122796,0.3912524740822268,-0.25159885512282515,1.3915628779013425,0.21822899777368204,-0.0024005846638503843,1.3233972290493794,0.214946950903002,0.04059392208887252,1.2442297438122578,0.15131402963044627,-0.32838369580294124,1.2263829929149703,0.2678953648008258,-0.5846560940837229,1.1687696769537514,1.18650484085083,-19.632631301879883,4.671782970428467,-0.6344137787818909,-0.49429410696029663,-2.5383102893829346,233.99755859375,51.29802322387695,-1157.548095703125,-154.1533660888672,101.16864776611328,-5.615675449371338,-1.8563541173934937,24.921581268310547,-2.134826898574829,-3.7634835243225098,0.3277532160282135,2.6242032051086426
0.13389643279231148,-0.4459913199311061,1.5140037315570756,0.12565721941507416,-0.3074723621275251,1.42658993384696,0.015240619204235294,-0.5240414089319722,0.06595837353229128,0.11690854592039096,-0.4822292425577214,0.963427264761451,0.02360586409413854,-0.33326286728808424,1.6611811220645905,-0.23963508730297847,-0.5526781565700936,1.2281142064672432,0.10581381890355357,-0.2554787514817636,1.702961630181761,-0.3164007911421605,-0.293716562258092,1.4187764331994468,-0.274141298273936,-0.437925723412179,1.3256082564394995,0.07618875236602018,-0.5874784232567478,0.08514606112626609,0.04665118151819272,-0.3522266431261372,0.5034077432968759,0.1281825928695944,-0.4985526010690146,0.05566607362017134,-0.18207064211763294,-0.49793067303122274,1.1687575673425434,0.17297805268440816,-0.3213900290182884,0.4684769463361494,0.26655386570865747,-0.6158409427530718,1.0164494759199636,-0.006748379890449246,-0.45528916511314593,1.4770402211621898,0.062022985101042205,-0.39282023442896785,0.5690571096361867,0.013442590735569004,-0.37421360878360194,0.38763678596903944,0.07373378714484884,-0.3445129255387957,0.07304541861626092,-0.13775851626861965,-0.5259505136320922,1.3557619754447052,-0.24866036745096673,-0.3160213145692617,1.3641126548612355,-0.3268249812011687,-0.31979510316390863,1.3266274488919618,0.6850226592543899,-0.4227448669786485,0.06165477346061476,0.38890323975425684,-0.37486184694317004,1.0295515666339572,0.3154616944047789,-0.4944891637030816,1.3888518620800498,0.14351126980899975,-0.45840247942517137,1.658014853269059,0.41922647180344097,-0.15567832363658393,1.2296455741323382,0.2218545578568187,-0.3738688596629149,1.695795891892831,0.21363142024207588,0.09419077154964406,1.335842891244699,0.3099634304938727,-0.020154705372891876,1.269339118374894,0.6232287180147423,-0.511334916416383,0.09964023920281834,0.5365779270596852,-0.31197584928660993,0.5090438890338733,0.5597399982395551,-0.4264356115006453,0.07542072696648291,0.3502090900445616,-0.20359741501658168,1.1815901313791213,0.40516341605920664,-0.3330538384863083,0.4752440747144996,0.35242737666857954,-0.5672611299137406,1.0377294693561578,0.2811288076224706,-0.3509923635630418,1.5277340133853305,0.5192927699412732,-0.32043951754735794,0.6229661999159302,0.609380852899804,-0.3557185552372838,0.3696899139723241,0.595949513430627,-0.2747111162109091,0.04794741581064581,0.3909518797172616,-0.2514772447726584,1.3918330746375962,0.2177437266569264,-0.0025586250595847106,1.3238012745285666,0.2143970315178104,0.04055981649492948,1.244627799024645,0.15120037820264204,-0.32845882207944693,1.2264590018632395,0.2679838997540095,-0.5847844484428696,1.168857150717287,1.0960627794265747,-19.51228141784668,4.534948348999023,-0.657897412776947,-0.5287491679191589,-2.5295538902282715,234.31747436523438,51.24827194213867,-1157.085205078125,-154.31512451171875,101.1829605102539,-5.720729351043701,-1.7708842754364014,24.957462310791016,-2.226654529571533,-3.718149423599243,0.25327518582344055,2.6892285346984863
0.13364631880000727,-0.44625163907246873,1.5140558650951512,0.12548312766859862,-0.30777311137575186,1.4267523774248085,0.015247885103874056,-0.5240507741637578,0.0659563604569593,0.11712334633169584,-0.48246488419194883,0.9635278243102775,0.02316239742031753,-0.3335397176395189,1.6611855120848347,-0.23995464388897877,-0.5523500148428987,1.228075880878019,0.1054560344740255,-0.2557503052105177,1.7029745570871213,-0.3160825465491276,-0.2935348954421795,1.4191819196505262,-0.2742216063058929,-0.4376801201049855,1.325767024068643,0.07617888574963373,-0.5874939768124889,0.08511593259426932,0.046884395083449534,-0.35242503753166327,0.503490090764911,0.12818262656990265,-0.498563480989033,0.05565835851312473,-0.18230454056270864,-0.49763959113335765,1.1687493770327788,0.1730986281439958,-0.3216388915350895,0.46849983881246177,0.26679783625318515,-0.6160414931395196,1.016564750118761,-0.006967668040711063,-0.4555212963890556,1.4770849828688515,0.062177841348067815,-0.39299415663772863,0.5692039053171676,0.01357060299865556,-0.374372802230696,0.3876991154539664,0.07373231585254732,-0.34452435413733223,0.07304962467870965,-0.13794399911402078,-0.5260570005865286,1.3557314537218865,-0.24836582956921976,-0.31580411381279394,1.3643772890236203,-0.3266412590118433,-0.31945240408774245,1.3270331964587534,0.6849029170756309,-0.42221995753957736,0.06277369123124918,0.38903046808890157,-0.3749977269314772,1.0297568543067832,0.31534075697526237,-0.4945187760109933,1.389126362784809,0.143200234664197,-0.4586423463774043,1.6579835478043714,0.41874033035032004,-0.1554733288801269,1.2300168757407082,0.22154790281459985,-0.37412031182390176,1.6957969535265538,0.21278188856232244,0.09384422482836326,1.3364630037585632,0.3091949172169957,-0.020236427593507515,1.2699335024056846,0.6229978160352896,-0.5105055365341389,0.10127818014546736,0.5362539147304384,-0.31015262550470846,0.5097266094179342,0.5595920046433708,-0.42575510092918445,0.07646081974076119,0.3497961726014977,-0.2034693168389876,1.1819569638233312,0.40507880139429836,-0.33124181036128114,0.4758867398397812,0.3526120490783098,-0.5673775096602788,1.0378953088198277,0.2807566976507768,-0.3511194640042766,1.5279579292859462,0.5191327301871698,-0.3188819457955708,0.6234365050366383,0.6091567852244472,-0.35420668283045686,0.3705745248605084,0.5958929367807527,-0.2742723251218038,0.04785987269750099,0.39050191966508396,-0.2512982582414387,1.3922355984220443,0.21703694366066661,-0.0027777968076310605,1.3243580168446167,0.2135917048481916,0.040438604448607425,1.245245442090445,0.15106766838703725,-0.3285954406127235,1.226568398886169,0.26810759365163894,-0.5849490242683335,1.1689895375674924,1.0092029571533203,-19.281455993652344,4.424786567687988,-0.6482973694801331,-0.586367130279541,-2.4955942630767822,234.80589294433594,51.14455032348633,-1156.373291015625,-154.50204467773438,101.18025970458984,-5.842508316040039,-1.7832140922546387,24.965974807739258,-2.2147510051727295,-3.7133305072784424,0.24274411797523499,2.7066080570220947
0.1333926994328862,-0.44651552817679396,1.5141098568376326,0.1253100297851673,-0.30808275064687857,1.4269176849861018,0.015255373867154615,-0.5240599777524835,0.06595421328351198,0.1173384975740649,-0.48270273943807906,0.963629500163312,0.022710416789801905,-0.3338217163914876,1.6611907089388134,-0.24027829681405957,-0.5520169996465278,1.2280372416736274,0.10509443658077164,-0.2560254012709422,1.702987648398671,-0.3157593597540792,-0.2933502682786904,1.4195920744084365,-0.2743028220258012,-0.4374297586892614,1.3259275711530092,0.07616874990084313,-0.58750974589231,0.08508541843304966,0.04712114946929035,-0.352626018916929,0.5035733991111351,0.12818284971725863,-0.4985743011563819,0.05565054587625115,-0.182540903200969,-0.49734458041112156,1.1687405304798226,0.17322049139449927,-0.3218907703528341,0.46852299654918,0.2670435562039053,-0.6162437539029595,1.0166817388392442,-0.0071903819639223395,-0.45575461926444477,1.477131040483121,0.06233424904898105,-0.39316974881271655,0.5693527892330624,0.013700167622281522,-0.3745336666801907,0.387762062843667,0.07373097200958145,-0.3445357792819573,0.07305398349039602,-0.13813034699156584,-0.5261649444008505,1.3557007883163477,-0.2480648137036933,-0.31558166069305493,1.3646422492352543,-0.32645617563598206,-0.31910472067184004,1.3274461281615377,0.6847800967709118,-0.42168694280630703,0.06390921126385003,0.3891594869312861,-0.37513490800825966,1.0299640540650348,0.3152185118948387,-0.49454874718031344,1.3894045729905564,0.14288571590422006,-0.45888515053600665,1.6579507005135745,0.41824863258971284,-0.1552670117936387,1.2303923980289737,0.22123773790747914,-0.37437525519866816,1.6957973105623232,0.21192603415211306,0.09349604552944764,1.3370928148560177,0.3084160536034218,-0.02032015496087785,1.2705357820782441,0.6227643146420156,-0.5096658280748405,0.10293764025219623,0.5359237558202238,-0.30830747456542706,0.510418604245249,0.559441811596321,-0.42506574419950016,0.07751466288225145,0.3493785795983889,-0.20333982690774052,1.1823284397062086,0.4049924086557319,-0.3294081341549261,0.4765381119306514,0.3527982729851015,-0.5674945380514032,1.038063393325995,0.28037997532561915,-0.35124974238951473,1.528185202388574,0.5189694458285704,-0.3173052262490159,0.6239115212926801,0.6089292145920115,-0.3526739481071763,0.3714708631599186,0.5958349184682038,-0.2738270717642165,0.047771133192574346,0.3900465701293472,-0.2511172014356449,1.392642896893798,0.2163221679677237,-0.0029991743261216586,1.3249202688403476,0.21277716245181513,0.040314249385962425,1.2458710084293063,0.15093427089764583,-0.32873427793877014,1.2266790006334418,0.26823255617097513,-0.5851149070539222,1.16912354499299,1.0288182497024536,-19.25946044921875,4.487428665161133,-0.6297056078910828,-0.6208660006523132,-2.4872634410858154,235.0897674560547,51.06493377685547,-1155.607177734375,-154.6661834716797,101.15711212158203,-5.958146095275879,-1.8529616594314575,24.956645965576172,-1.733212947845459,-3.7907795906066895,0.25993940234184265,2.6866185665130615
0.13313908006576514,-0.44677941728111925,1.514163848580114,0.12513693190173597,-0.3083923899180052,1.4270829925473951,0.015262862630435173,-0.5240691813412092,0.06595206611006466,0.11755364881643396,-0.48294059468420925,0.9637311760163465,0.022258436159286278,-0.3341037151434564,1.661195905792792,-0.2406019497391404,-0.5516839844501571,1.2279986024692358,0.10473283868751779,-0.2563004973313666,1.7030007397102205,-0.31543617295903087,-0.2931656411152012,1.4200022291663468,-0.27438403774570946,-0.43717939727353733,1.3260881182373754,0.07615861405205253,-0.587525514972131,0.08505490427183,0.04735790385513116,-0.35282700030219477,0.5036567074573592,0.12818307286461458,-0.4985851213237308,0.05564273323937757,-0.18277726583922935,-0.4970495696888854,1.1687316839268664,0.17334235464500275,-0.3221426491705787,0.4685461542858983,0.2672892761546255,-0.6164460146663994,1.0167987275597274,-0.007413095887133617,-0.45598794213983396,1.4771770980973906,0.062490656749894284,-0.39334534098770446,0.5695016731489573,0.013829732245907483,-0.3746945311296855,0.3878250102333675,0.07372962816661557,-0.34454720442658227,0.07305834230208239,-0.1383166948691109,-0.5262728882151724,1.355670122910809,-0.24776379783816685,-0.315359207573316,1.3649072094468881,-0.32627109226012074,-0.3187570372559377,1.327859059864322,0.6846572764661928,-0.42115392807303675,0.06504473129645089,0.38928850577367063,-0.37527208908504206,1.0301712538232866,0.31509626681441505,-0.49457871834963363,1.3896827831963041,0.1425711971442431,-0.459127954694609,1.6579178532227774,0.4177569348291056,-0.1550606947071505,1.2307679203172393,0.22092757300035842,-0.3746301985734346,1.6957976675980928,0.21107017974190365,0.09314786623053203,1.3377226259534722,0.30763718998984785,-0.02040388232824818,1.2711380617508035,0.6225308132487417,-0.5088261196155421,0.10459710035892511,0.5355935969100093,-0.3064623236261456,0.5111105990725637,0.5592916185492711,-0.4243763874698159,0.07856850602374171,0.34896098659528013,-0.20321033697649343,1.1826999155890863,0.4049060159171654,-0.327574457948571,0.47718948402152156,0.3529844968918933,-0.5676115664425275,1.0382314778321626,0.2800032530004615,-0.3513800207747529,1.5284124754912016,0.5188061614699712,-0.315728506702461,0.624386537548722,0.6087016439595759,-0.3511412133838957,0.37236720145932883,0.5957769001556548,-0.27338181840662923,0.0476823936876477,0.38959122059361034,-0.2509361446298511,1.393050195365552,0.2156073922747808,-0.003220551844612257,1.3254825208360785,0.21196262005543867,0.04018989432331742,1.2464965747681676,0.1508008734082544,-0.3288731152648168,1.2267896023807148,0.2683575186903114,-0.5852807898395109,1.1692575524184878,1.175374984741211,-19.527307510375977,4.546042442321777,-0.6494408845901489,-0.6206988096237183,-2.5056569576263428,235.22500610351562,51.035274505615234,-1154.7647705078125,-154.830078125,101.12074279785156,-6.0685505867004395,-1.948681116104126,24.90802764892578,-1.5164371728897095,-3.844517469406128,0.27680858969688416,2.6484222412109375
0.1329178148448862,-0.44704658227251065,1.514238752671425,0.12495597046090673,-0.30869516315839146,1.4272392342816915,0.015275773212979763,-0.5240691095985324,0.0659286780467886,0.11775148261511167,-0.4831752026120558,0.9638623729446866,0.021947915641134543,-0.33439100864312504,1.6611828948093565,-0.24090979460454146,-0.5513646632235571,1.227954592333724,0.10440364255514366,-0.25659602007131704,1.703025563268472,-0.3150728184557119,-0.2929654534881478,1.4203536465073263,-0.2744446363275414,-0.43691114227700706,1.326190956380983,0.07614433334905975,-0.5875462359742613,0.08502587568730313,0.047568536850790315,-0.3530480560186683,0.5037700511169749,0.12816183133334513,-0.4986189393610354,0.05560696247767731,-0.18299249710132745,-0.49674862618280563,1.1687200947707852,0.17352068885568753,-0.32249156661973094,0.46859472871616187,0.26751946421056394,-0.6166405428126948,1.0169349525937972,-0.007628725793841757,-0.4562737268229194,1.4772297836692128,0.06265713018519396,-0.39353303680356766,0.5696423102096216,0.013945491898138792,-0.37486781347666354,0.38790407993935594,0.07373012224866064,-0.3445473449020986,0.07308570612592018,-0.13848692995329567,-0.5263522442010854,1.3556400669726314,-0.24739871171629982,-0.31527873177994165,1.3651138893421122,-0.32605101212563103,-0.3184317708114125,1.3281361946207009,0.684474537901531,-0.4205874688183235,0.06612802997527532,0.3894187816424875,-0.37542554484495266,1.030416050099379,0.3149885061067461,-0.49461796485035625,1.3899434712154186,0.1422687153646488,-0.459399822827996,1.6579434767069405,0.41727015089909764,-0.15488247977976768,1.2312172262479137,0.22058986302539213,-0.37488653229561864,1.6958501721849504,0.2102375469904467,0.09293350310909827,1.3383755206272303,0.306961992965234,-0.02041772985830903,1.271712648750141,0.6222592582371061,-0.5079143416407882,0.10633703158391232,0.5353330696458058,-0.3045888800692085,0.5118285534002923,0.5591440728760713,-0.42357420309489924,0.07963789534440499,0.34845092596597227,-0.20297279038670046,1.1831121876934507,0.4048222229378113,-0.3257509998434427,0.4778618351217137,0.3531884715355785,-0.567757849266987,1.0384338067856846,0.27961577929013615,-0.35155260952695316,1.5286981050936592,0.51866847474054,-0.3140952876269423,0.6249068448480392,0.6084085746316721,-0.34955011263785774,0.3732603876697307,0.5957315282908496,-0.27293312727220803,0.04758157434916457,0.3891253006083286,-0.250919920176465,1.3934203925116961,0.21479202589846605,-0.0034801526086108868,1.3260368497561146,0.211192606868136,0.04006280737084071,1.2471284643309006,0.15068910724871995,-0.3289996584914378,1.2268965092321105,0.26847194885181275,-0.5854464440748391,1.1694076726373457,1.194324016571045,-19.729202270507812,4.571822643280029,-0.65521639585495,-0.6200264096260071,-2.518334150314331,235.32662963867188,50.94342803955078,-1153.7789306640625,-154.9832763671875,101.05526733398438,-6.186126232147217,-2.0071215629577637,24.806119918823242,-1.8181047439575195,-3.7963955402374268,0.30965662002563477,2.610240936279297
0.1326978907285147,-0.447313883051967,1.5143145235958477,0.12477468306951175,-0.30899765179646727,1.4273951002304128,0.015288908534146698,-0.5240686533861603,0.06590440953212069,0.11794859859228923,-0.4834096759360358,0.9639947935445419,0.021643258754583384,-0.33467852161420103,1.661169129096909,-0.24121698421358273,-0.5510459096226471,1.2279103595689433,0.10407578950094072,-0.2568923895130094,1.7030508731374678,-0.31470779896966666,-0.29276462086778604,1.4207026291367233,-0.27450438031297647,-0.43664214557764547,1.3262914024441448,0.0761298808386389,-0.58756716223742,0.08499690868108478,0.047778087094524836,-0.3532699438317722,0.5038846397636741,0.1281397000744643,-0.49865371067792374,0.05557003282997387,-0.18320685245146026,-0.49644743675822456,1.1687083919316728,0.17370136383156112,-0.32284450639557366,0.4686443566881268,0.26774900845739225,-0.6168347504359997,1.0170719749880153,-0.00784406206256013,-0.4565616860887073,1.4772827439750267,0.06282402085300708,-0.3937212343247521,0.5697826054317272,0.014060679323576538,-0.37504161055514357,0.3879838179278847,0.07373069251412588,-0.34454701761930984,0.07311402352539119,-0.13865649714967274,-0.5264304151992925,1.3556100362973498,-0.24703096983251194,-0.31520414105709027,1.3653181534729257,-0.32582948134829665,-0.31810743356777343,1.3284077004881094,0.684289315678426,-0.42001962326220327,0.06720916403839919,0.38954910961602696,-0.37557967520312757,1.0306624047803563,0.3148813457875852,-0.4946575958207743,1.3902034329262791,0.14196673252724654,-0.45967289568572645,1.6579715238501693,0.41678357065118704,-0.15470542970872084,1.231669590567911,0.22025101128595553,-0.3751429236487837,1.69590483832833,0.20940587679479297,0.09272468677222334,1.3390293721331665,0.30629109300130253,-0.020428680814802647,1.2722860878666504,0.6219861258734141,-0.506999576328606,0.10808029839929366,0.5350754286674474,-0.3027142637612804,0.5125475837694888,0.558996636938575,-0.42276734192639787,0.0807079290662775,0.3479370324816925,-0.20273076476442892,1.1835261508329025,0.40473853772049706,-0.3239279652865517,0.4785350558181472,0.35339318196110375,-0.5679053447104447,1.0386375551981641,0.27922785992653953,-0.3517269520767477,1.5289861536183893,0.5185318490527323,-0.3124597266020364,0.6254290294963003,0.6081127903319352,-0.3479565925748143,0.37415344322359323,0.5956866806311323,-0.27248429363926513,0.04748025429219205,0.3886589424696979,-0.2509105281521942,1.3937890517790585,0.21397248996014626,-0.0037413377558430097,1.326590850258505,0.21042443945115766,0.03993560717940725,1.2477606159961776,0.15057823772461998,-0.3291256921180826,1.2270032629272005,0.2685859424388961,-0.5856120888365814,1.1695584607440115,0.9947327971458435,-19.63943862915039,4.686029434204102,-0.6343387365341187,-0.5811004042625427,-2.535649061203003,235.43572998046875,50.79154586791992,-1153.0379638671875,-155.10470581054688,100.99816131591797,-6.2904133796691895,-2.015674114227295,24.68626594543457,-2.1622631549835205,-3.6686787605285645,0.295344740152359,2.6043310165405273
0.13247796661214323,-0.4475811838314233,1.5143902945202707,0.12459339567811678,-0.309300140434543,1.4275509661791341,0.01530204385531363,-0.524068197173788,0.06588014101745276,0.11814571456946679,-0.4836441492600157,0.9641272141443973,0.021338601868032225,-0.33496603458527696,1.6611553633844616,-0.241524173822624,-0.550727156021737,1.2278661268041624,0.10374793644673777,-0.25718875895470183,1.7030761830064634,-0.3143427794836215,-0.29256378824742424,1.4210516117661205,-0.2745641242984115,-0.4363731488782838,1.3263918485073065,0.07611542832821805,-0.5875880885005786,0.08496794167486642,0.047987637338259365,-0.35349183164487613,0.5039992284103735,0.12811756881558342,-0.4986884819948121,0.055533103182270435,-0.18342120780159307,-0.49614624733364343,1.1686966890925603,0.17388203880743475,-0.3231974461714163,0.46869398466009177,0.26797855270422055,-0.6170289580593046,1.0172089973822336,-0.008059398331278502,-0.4568496453544951,1.4773357042808406,0.06299091152082019,-0.3939094318459366,0.5699229006538328,0.014175866749014285,-0.37521540763362354,0.38806355591641356,0.0737312627795911,-0.3445466903365211,0.0731423409248622,-0.1388260643460498,-0.5265085861974994,1.355580005622068,-0.24666322794872403,-0.31512955033423884,1.365522417603739,-0.3256079505709623,-0.3177830963241344,1.3286792063555182,0.684104093455321,-0.4194517777060831,0.06829029810152307,0.3896794375895664,-0.37573380556130254,1.0309087594613333,0.31477418546842423,-0.4946972267911924,1.3904633946371394,0.14166474968984427,-0.4599459685434569,1.6579995709933981,0.4162969904032764,-0.154528379637674,1.232121954887908,0.21991215954651896,-0.3753993150019488,1.6959595044717093,0.20857420659913922,0.09251587043534841,1.339683223639103,0.305620193037371,-0.020439631771296263,1.27285952698316,0.6217129935097221,-0.5060848110164238,0.10982356521467498,0.5348177876890889,-0.30083964745335234,0.5132666141386854,0.5588492010010789,-0.4219604807578965,0.08177796278815,0.3474231389974127,-0.2024887391421574,1.1839401139723544,0.4046548525031829,-0.3221049307296608,0.4792082765145807,0.3535978923866291,-0.5680528401539026,1.0388413036106439,0.278839940562943,-0.3519012946265423,1.5292742021431196,0.5183952233649247,-0.3108241655771306,0.6259512141445615,0.6078170060321985,-0.3463630725117709,0.37504649877745583,0.5956418329714149,-0.2720354600063223,0.04737893423521953,0.3881925843310672,-0.2509011361279235,1.394157711046421,0.2131529540218265,-0.004002522903075133,1.3271448507608956,0.2096562720341793,0.03980840698797379,1.2483927676614546,0.15046736820052,-0.32925172574472744,1.2271100166222908,0.2686999360259795,-0.5857777335983239,1.1697092488506773,0.8824660181999207,-19.44911003112793,4.7652387619018555,-0.6351004838943481,-0.4896438717842102,-2.5408077239990234,235.54457092285156,50.54696273803711,-1151.858154296875,-155.2280731201172,100.9266357421875,-6.421689033508301,-1.9729723930358887,24.658733367919922,-1.9918498992919922,-3.6563704013824463,0.23877675831317902,2.6367831230163574
0.1322794006952387,-0.4478190312322402,1.5144314300145534,0.12442999915374035,-0.30962012678582146,1.4276887565259113,0.015283436742642069,-0.5240910459827903,0.06585360357895592,0.11838977690169353,-0.4838141264110212,0.9642766493045731,0.021097643004841363,-0.33521136167823085,1.6611435302835427,-0.2418286729332627,-0.5503470325312078,1.2278045384299676,0.10339360945666863,-0.2574373341554048,1.7031191516396225,-0.31393229625872426,-0.29227683125742226,1.4213927123720282,-0.27452341985228834,-0.4360776071911616,1.3264281773409308,0.0761092391531199,-0.5876244756559662,0.08491674963606904,0.048205054210906,-0.3537427086309092,0.5041069013393478,0.12810638902203136,-0.4986889968249972,0.05552810544012398,-0.18358654208135922,-0.49585010733036017,1.1686886241104428,0.1740839488261583,-0.323591965515882,0.4687780396433066,0.2682379955882268,-0.6172845355722288,1.0173814888821533,-0.008250460016312978,-0.457108719656799,1.4773872624959377,0.06318958014841901,-0.3941376552676523,0.5700782778247303,0.014312210172069389,-0.37541372235247633,0.3881537527438031,0.07373167436249209,-0.3445603839609007,0.07316100000348312,-0.1390731870535983,-0.526574631005723,1.3555719536661313,-0.24630994749385,-0.3150576880041337,1.3657787864571376,-0.3251692094155495,-0.3173458434098604,1.3289903118120914,0.6839789906084932,-0.41885700821876526,0.06939712689807083,0.3897590060897221,-0.3758843264832402,1.0311572362255577,0.3146421096182817,-0.49473953878642707,1.3907241900235612,0.14135608323757223,-0.4602842859874498,1.658113145670354,0.4157785031179719,-0.15437776560814964,1.2325346817243967,0.21957240781641954,-0.3756146478337168,1.6960688521530454,0.20776108094793283,0.09225019600415071,1.3403712558430552,0.30488692845729803,-0.02054230657881064,1.273395488593752,0.6214551515137123,-0.5051140189170837,0.11160386427743545,0.5345001978589999,-0.29890337704822717,0.5140645215842897,0.5586802221291902,-0.4211516111891791,0.08297455888118176,0.34688258684234113,-0.20235598659673273,1.1842757873977257,0.40451158790398906,-0.32025191227331856,0.47997094680931396,0.3538651663736002,-0.5683092249939773,1.0390527445748943,0.278476055686837,-0.3519965327338667,1.5295488739645244,0.5181906152245225,-0.30911585688591003,0.626536151825987,0.6075867789470597,-0.34476782825608915,0.37603137232609934,0.5955560973148473,-0.2715752296495122,0.04729967342307236,0.38777430464100365,-0.2508697938050655,1.3945263324194397,0.21249627376234295,-0.0041944044765504385,1.3277060132942453,0.20894126090782367,0.039678458272423965,1.2489851681601922,0.15037413849341158,-0.32940113070784816,1.2272177934646606,0.26883168311308553,-0.585984474775807,1.1698731105059188,0.9494280815124512,-19.41853141784668,4.755387306213379,-0.6420332789421082,-0.45689570903778076,-2.5098578929901123,235.67364501953125,50.242191314697266,-1150.92431640625,-155.35000610351562,100.87615203857422,-6.530392646789551,-1.8634272813796997,24.798248291015625,-1.5564720630645752,-3.763516902923584,0.22641021013259888,2.6835556030273438
0.13208183594393413,-0.4480554980059333,1.5144709419730484,0.12426744126375543,-0.3099409333424063,1.4278256995788474,0.015263341703384324,-0.5241149872146695,0.0658269597846546,0.1186360398443132,-0.48398108030391845,0.964426882022264,0.020859669986495515,-0.33545471130814775,1.6611317877737892,-0.24213304592678878,-0.5499640323271026,1.2277421365115817,0.10303804150085576,-0.2576836690010614,1.7031629480273518,-0.3135196819210684,-0.29198583718759336,1.421733443508085,-0.27447800688593593,-0.4357808212077381,1.3264615006794203,0.076103437321865,-0.5876615875406771,0.08486451579886951,0.04842283983178289,-0.3539949444844233,0.5042142500940537,0.1280957225784166,-0.498687905882368,0.05552460450605051,-0.18374957849845192,-0.4955542040187002,1.168680729652872,0.17428685423751542,-0.32398843390262677,0.4688637083926738,0.2684988399708508,-0.617542989798729,1.0175556429964028,-0.00844038383023727,-0.45736643997643955,1.4774387549880326,0.06338973836788278,-0.39436775490345544,0.5702343619619774,0.014449545282512804,-0.37561318633572155,0.38824443982926427,0.07373207850714787,-0.3445747348153039,0.0731792063483142,-0.139323945175733,-0.5266401073987911,1.3555649319626637,-0.2459573449184563,-0.3149859535674386,1.3660375977194072,-0.32472028652366425,-0.31690329757352537,1.3293032734994068,0.6838567058574285,-0.41826097667217255,0.07050516013524785,0.38983619523956287,-0.37603467821285425,1.0314058124624341,0.3145088658526244,-0.49478197645470007,1.390985024488525,0.14104710349085314,-0.4606256617714238,1.6582307294504532,0.41525852019028947,-0.15422839076807168,1.232945550553846,0.2192326138992578,-0.3758280560472943,1.6961807630314731,0.2069488245722474,0.09198185634978165,1.341060890267227,0.30415074053584346,-0.020649280941841618,1.273929693446254,0.6211980262536876,-0.5041406005620956,0.1133858992267918,0.534179797926486,-0.29696421660729594,0.5148661263928508,0.5585102334322519,-0.4203426474767015,0.08417708758536159,0.3463407850620762,-0.20222835622678528,1.1846077909927495,0.40436553052126967,-0.31839748832168957,0.4807378100539675,0.35413537302751413,-0.5685707140245185,1.0392645461275087,0.27811329742733215,-0.35208806282045035,1.5298229187529608,0.5179828204066548,-0.30740413814783096,0.627124031055842,0.6073596248563552,-0.34317250317887754,0.3770205498432482,0.5954684450334271,-0.2711144650712708,0.04722144663802638,0.3873582786282167,-0.2508374225619613,1.3948949520161609,0.21184722736280487,-0.004383037445005893,1.328267511547796,0.208228741482591,0.03954838071980619,1.2495757053229983,0.15028173565272465,-0.3295516312023662,1.2273256182670593,0.2689642623955051,-0.5861931423477779,1.1700375849837499,0.9934328198432922,-19.455381393432617,4.544328689575195,-0.6352245807647705,-0.5333613157272339,-2.4880564212799072,235.77117919921875,49.731998443603516,-1149.6141357421875,-155.44244384765625,100.76759338378906,-6.657931804656982,-1.8185666799545288,24.936634063720703,-1.5366289615631104,-3.811413288116455,0.26671820878982544,2.695558547973633
0.1318842711926296,-0.44829196477962646,1.5145104539315433,0.1241048833737705,-0.3102617398989911,1.4279626426317833,0.015243246664126582,-0.5241389284465486,0.06580031599035326,0.11888230278693288,-0.48414803419681574,0.9645771147399549,0.020621696968149666,-0.33569806093806465,1.6611200452640356,-0.24243741892031487,-0.5495810321229972,1.2276797345931956,0.10268247354504288,-0.257930003846718,1.7032067444150811,-0.3131070675834125,-0.29169484311776445,1.4220741746441419,-0.2744325939195835,-0.43548403522431456,1.32649482401791,0.0760976354906101,-0.5876986994253879,0.08481228196166998,0.04864062545265978,-0.35424718033793745,0.5043215988487597,0.12808505613480184,-0.4986868149397389,0.055521103571977044,-0.18391261491554461,-0.49525830070704024,1.1686728351953013,0.17448975964887253,-0.3243849022893716,0.46894937714204094,0.26875968435347475,-0.6178014440252292,1.0177297971106523,-0.008630307644161561,-0.4576241602960801,1.4774902474801273,0.06358989658734657,-0.3945978545392586,0.5703904460992245,0.01458688039295622,-0.37581265031896677,0.3883351269147254,0.07373248265180367,-0.344589085669707,0.07319741269314525,-0.13957470329786767,-0.526705583791859,1.3555579102591964,-0.2456047423430626,-0.3149142191307434,1.366296408981677,-0.324271363631779,-0.3164607517371904,1.329616235186722,0.6837344211063637,-0.41766494512557983,0.07161319337242486,0.38991338438940365,-0.3761850299424683,1.0316543886993106,0.31437562208696707,-0.49482441412297307,1.3912458589534886,0.14073812374413408,-0.46096703755539775,1.6583483132305523,0.4147385372626071,-0.1540790159279937,1.2333564193832953,0.21889281998209606,-0.3760414642608718,1.696292673909901,0.20613656819656195,0.09171351669541258,1.3417505246913985,0.3034145526143889,-0.020756255304872594,1.2744638982987562,0.620940900993663,-0.5031671822071075,0.11516793417614817,0.533859397993972,-0.29502505616636465,0.5156677312014118,0.5583402447353135,-0.419533683764224,0.08537961628954141,0.34579898328181136,-0.20210072585683786,1.184939794587773,0.4042194731385503,-0.31654306437006063,0.481504673298621,0.35440557968142805,-0.5688322030550597,1.0394763476801234,0.2777505391678273,-0.352179592907034,1.5300969635413972,0.5177750255887872,-0.3056924194097519,0.6277119102856971,0.6071324707656507,-0.34157717810166593,0.378009727360397,0.595380792752007,-0.2706537004930294,0.0471432198529804,0.3869422526154297,-0.25080505131885705,1.3952635716128823,0.21119818096326676,-0.004571670413461347,1.3288290098013467,0.2075162220573583,0.039418303167188404,1.2501662424858042,0.1501893328120377,-0.3297021316968842,1.227433443069458,0.26909684167792464,-0.5864018099197489,1.170202059461581,1.0003585815429688,-19.42099380493164,4.047037601470947,-0.6412906050682068,-0.5856214761734009,-2.4968411922454834,235.89822387695312,49.249000549316406,-1148.3203125,-155.53427124023438,100.66893005371094,-6.816674709320068,-1.8891125917434692,24.923858642578125,-1.9592204093933105,-3.7776315212249756,0.2817763388156891,2.6752407550811768
0.1317057292785076,-0.44850127088115704,1.5145147192162394,0.12388986542771589,-0.3105069357433066,1.4281393936927744,0.015180922764051237,-0.5241711253164619,0.06578748342611931,0.11920286882792087,-0.4843264102738425,0.9647175273950527,0.02031604962929195,-0.33597126657402276,1.661112336330856,-0.24273664156431393,-0.5491919815540314,1.2276334292841273,0.1023244552857039,-0.2581971851208352,1.703262339956713,-0.31269649830677654,-0.2913986091680874,1.4224155843257904,-0.27438822704435184,-0.43511589828705943,1.326570782637754,0.07610027307015381,-0.5877264624597222,0.08476953833851199,0.04883936820983492,-0.3545023565556829,0.5044559951846963,0.12808509092062514,-0.4987041955159989,0.0555141203796232,-0.1840639134363228,-0.49493998654236065,1.1686745911639258,0.1747417182519736,-0.3247580739441297,0.4690418030745936,0.2690299812531629,-0.6180768618915254,1.0179395748684739,-0.008810366630332161,-0.4578841707070932,1.4775351806981674,0.063757948762435,-0.3948104533533387,0.57062137758495,0.014749856221656137,-0.3760368340950928,0.3884304130314202,0.07373319544046131,-0.34460779052499113,0.07321964554636684,-0.13982531063209305,-0.5267527394539473,1.355481526117451,-0.24529785206479743,-0.31480980141470766,1.3666854256036265,-0.3240780450946448,-0.3160549039082811,1.3299776374899,0.6835660706490081,-0.4170048004448019,0.07287307003426631,0.3900653077967909,-0.3763656994660959,1.031949859975979,0.3142567220211819,-0.4948717241255653,1.3915032629935158,0.14043758812033577,-0.46125249929775464,1.6584263905784151,0.4142642242229537,-0.15393530505875877,1.2337210717185443,0.2185497794127622,-0.3763258747312407,1.6964377581283747,0.20523387677227425,0.09143153780343517,1.3424823043362195,0.3026911439682474,-0.020793889612206164,1.274998065454281,0.6206965173119741,-0.5020651229169985,0.11701797447259853,0.5334395911322524,-0.2930228475308576,0.5165569814822532,0.5582542072068777,-0.41866676094910954,0.086610306991844,0.3453766337984445,-0.20204189718263038,1.1852851052157927,0.4040870526373781,-0.3146855586905353,0.4822915253655011,0.35470192918911675,-0.5690660413527331,1.0396565214687625,0.2774175049749431,-0.3522781063586671,1.5303299940185042,0.5176348402997516,-0.3040600905059189,0.6283900549277565,0.6068927447330084,-0.33990154903850806,0.3790694924675866,0.5952915195005619,-0.27016675536403595,0.04709837727544718,0.3864606432863419,-0.2506360662299276,1.3956568073357967,0.21045223919563735,-0.004835172082198821,1.3293433868332414,0.20673753501267622,0.03926074569613136,1.2507986986873956,0.1501010719267343,-0.3298170556690519,1.2275843932139163,0.2692233517469949,-0.5866264233131282,1.170383120609435,1.0465995073318481,-19.41162872314453,3.609891891479492,-0.6391618847846985,-0.5844348669052124,-2.514634370803833,235.9650115966797,48.90187072753906,-1146.838623046875,-155.63658142089844,100.60595703125,-6.990818023681641,-1.9919886589050293,24.74995994567871,-2.493614673614502,-3.703386068344116,0.26111313700675964,2.6560847759246826
0.13152818332444752,-0.4487091549579671,1.514517139125344,0.12367210088186706,-0.31074817291158713,1.428318228942669,0.01511638792885455,-0.5242037544187331,0.06577537396293602,0.11952732508348313,-0.4845053843709807,0.9648574259107476,0.020006859132292255,-0.3362460353516585,1.6611048385796958,-0.2430355945565053,-0.5488026142120361,1.2275879667294736,0.10196630873822218,-0.2584654578309975,1.7033185532550938,-0.3122860361013981,-0.2911021008791513,1.4227570295333862,-0.2743439149382888,-0.43474402569777126,1.3266489734712816,0.07610335250366602,-0.5877537360254502,0.0847272915851991,0.049037113958439286,-0.35475768671919966,0.5045918076243622,0.12808568598024103,-0.49872254318748876,0.05550695487008189,-0.18421459740755575,-0.49462049903459104,1.168676852390466,0.17499624508500888,-0.32513002587469997,0.4691345827863706,0.26930077304903244,-0.6183531679065022,1.0181512177385241,-0.008989909133374295,-0.45814430101817805,1.477579770498718,0.06392431999279173,-0.3950221358940301,0.57085622778002,0.014914174496338067,-0.3762623121012126,0.38852593993509055,0.07373392438849076,-0.3446267233384366,0.07324208921154603,-0.1400759100716635,-0.5267989359154607,1.3554015104344348,-0.24499335510051803,-0.3147036725322142,1.3670812592601145,-0.3238981089844609,-0.3156509774410172,1.3303415759509762,0.6833953083745691,-0.4163412990554279,0.07414089661362945,0.3902211439925314,-0.3765479563087817,1.032247786490333,0.3141385729344475,-0.49491928922419515,1.391760487430143,0.14013749459721395,-0.46153503360337766,1.6585023995266845,0.4137923022769145,-0.15379189073249994,1.2340833043420552,0.21820656886163928,-0.37661400259725303,1.6965845791709344,0.204326450528688,0.09114884481524789,1.3432162905370952,0.3019684043941119,-0.020827893550131496,1.2755322306361419,0.6204528007286274,-0.5009563284993961,0.11887157525842552,0.5330145797192656,-0.291017337942755,0.5174508205312767,0.558172565027578,-0.41779680362600363,0.08784247214431004,0.34496053836203566,-0.20198667069144596,1.1856311125471102,0.40395534610906186,-0.31282789166399977,0.4830794239675762,0.35499964743260515,-0.5692984319680574,1.0398350393535285,0.2770860270159134,-0.3523769854315069,1.5305608771494683,0.5174981947766234,-0.30243191813791037,0.6290729255076276,0.6066523604835106,-0.33822171557818026,0.3801329532601186,0.5952021613815762,-0.26967843952557896,0.04705528256218165,0.3859756002757723,-0.25045992858362515,1.3960513318611296,0.20970122437208694,-0.00510259357817619,1.3298552967854682,0.20595538369472452,0.03910174948588902,1.2514333496030592,0.15001302789773371,-0.3299301169960704,1.2277376012296866,0.269349544056204,-0.5868518715662672,1.170565050169332,1.1004914045333862,-19.460145950317383,3.7625768184661865,-0.5808241963386536,-0.5575418472290039,-2.517935276031494,236.02099609375,48.47340774536133,-1145.059814453125,-155.85997009277344,100.57376861572266,-7.192061901092529,-2.0199060440063477,24.65914535522461,-2.727830171585083,-3.675051212310791,0.28911441564559937,2.6699717044830322
0.13135063737038746,-0.44891703903477714,1.5145195590344487,0.12345433633601824,-0.31098941007986763,1.4284970641925634,0.015051853093657865,-0.5242363835210042,0.06576326449975273,0.1198517813390454,-0.48468435846811886,0.9649973244264426,0.01969766863529256,-0.3365208041292942,1.6610973408285357,-0.24333454754869668,-0.5484132468700409,1.2275425041748198,0.10160816219074047,-0.2587337305411598,1.7033747665534746,-0.31187557389601966,-0.2908055925902152,1.423098474740982,-0.27429960283222576,-0.4343721531084831,1.326727164304809,0.07610643193717824,-0.5877810095911784,0.0846850448318862,0.04923485970704366,-0.3550130168827164,0.504727620064028,0.12808628103985692,-0.4987408908589786,0.05549978936054059,-0.18436528137878866,-0.4943010115268215,1.1686791136170065,0.1752507719180442,-0.32550197780527024,0.4692273624981476,0.26957156484490197,-0.6186294739214789,1.0183628606085746,-0.00916945163641643,-0.45840443132926295,1.4776243602992682,0.06409069122314848,-0.3952338184347216,0.57109107797509,0.015078492771019998,-0.3764877901073323,0.38862146683876087,0.07373465333652023,-0.3446456561518821,0.07326453287672523,-0.14032650951123396,-0.526845132376974,1.3553214947514187,-0.24468885813623864,-0.3145975436497208,1.3674770929166022,-0.323718172874277,-0.3152470509737533,1.3307055144120525,0.6832245461001302,-0.4156777976660539,0.07540872319299259,0.3903769801882719,-0.37673021315146754,1.032545713004687,0.3140204238477132,-0.49496685432282506,1.3920177118667703,0.13983740107409212,-0.46181756790900075,1.6585784084749537,0.4133203803308752,-0.1536484764062411,1.234445536965566,0.21786335831051631,-0.37690213046326543,1.6967314002134941,0.20341902428510172,0.09086615182706062,1.343950276737971,0.30124566481997633,-0.020861897488056825,1.276066395818003,0.6202090841452808,-0.4998475340817938,0.12072517604425252,0.5325895683062787,-0.28901182835465233,0.5183446595803002,0.5580909228482783,-0.4169268463028977,0.0890746372967761,0.34454444292562686,-0.20193144420026155,1.185977119878428,0.4038236395807456,-0.3109702246374642,0.4838673225696513,0.3552973656760936,-0.5695308225833817,1.0400135572382947,0.2767545490568837,-0.35247586450434676,1.5307917602804322,0.5173615492534953,-0.30080374576990176,0.6297557960874987,0.6064119762340129,-0.33654188211785246,0.38119641405265065,0.5951128032625905,-0.26919012368712203,0.047012187848916115,0.38549055726520276,-0.25028379093732267,1.3964458563864626,0.20895020954853652,-0.005370015074153559,1.330367206737695,0.20517323237677285,0.038942753275646676,1.252068000518723,0.14992498386873315,-0.3300431783230889,1.227890809245457,0.26947573636541305,-0.5870773198194061,1.1707469797292291,1.0729047060012817,-19.39178466796875,4.18955659866333,-0.5212294459342957,-0.551234245300293,-2.505974054336548,236.06007385253906,47.878440856933594,-1143.173095703125,-155.99258422851562,100.49356079101562,-7.360063552856445,-1.9974684715270996,24.698068618774414,-2.6803128719329834,-3.7350378036499023,0.35557353496551514,2.7002363204956055
0.13121073165081984,-0.4490885203642561,1.5145463161910606,0.12327958384393067,-0.3110904362028008,1.4286500997101235,0.015028988236302374,-0.524255006518585,0.0657543120350664,0.12012342876748533,-0.4848096612470829,0.9651012795650407,0.019503696864803896,-0.3367560858165981,1.6611065304042487,-0.2435078580943954,-0.5481233659958997,1.227505516532241,0.10139021731370332,-0.25891691663407335,1.7034085925841174,-0.3115209767360561,-0.2905718305253035,1.4232883090215014,-0.2742456439512455,-0.43411899491256434,1.3267597931110306,0.07610104348979249,-0.5878052644382249,0.08465573075690017,0.04935488165263703,-0.3551809729527164,0.5048500638923897,0.12808625266844073,-0.49876109476121055,0.055494258599664205,-0.18446050811287584,-0.49409861655424764,1.168680512352495,0.1753762625897957,-0.3257129439060262,0.469276033292543,0.2697376577269952,-0.6187970685643076,1.0185137916084945,-0.009306387550240715,-0.4585986654490035,1.477666362626663,0.06420874420479433,-0.3954125106926785,0.5712338853750797,0.01519954235397822,-0.3766321658298669,0.38867923163420315,0.07373987051923543,-0.34465416407348304,0.07327681649106228,-0.1405024566003029,-0.5268528917372621,1.355276503705031,-0.24451988007848627,-0.31446107758196773,1.3677177156833624,-0.3234630312943301,-0.31492581114863716,1.330905654572493,0.6830731148751367,-0.4151352887714146,0.07632395968038515,0.3904636014770988,-0.37685682057150155,1.032740965584256,0.3139419774740737,-0.4949835853663501,1.3922033120464805,0.13963969555122174,-0.4619884752477242,1.658624305235629,0.41297470082510385,-0.1534933481390113,1.2347347203469434,0.21761610457636663,-0.37713152456362514,1.6968124469384451,0.2028560225932014,0.0906825890604234,1.344426265615501,0.3007746976337686,-0.020923249775062727,1.2764520250408855,0.620022479469413,-0.4990547676354844,0.12206878446486612,0.5323617485974799,-0.2876348122460953,0.5189498641238307,0.5580205868016805,-0.4163200706243515,0.08994554057223908,0.34424887123881587,-0.2018989705980219,1.1862161783193121,0.4037256920771883,-0.30966481438140997,0.48445772947065086,0.35547520703827307,-0.569659470525009,1.0401331632342559,0.27653762303440776,-0.3525367470963901,1.530943481732678,0.5172572096452018,-0.2996580996458104,0.6302423937036502,0.6062242601880964,-0.3354109867124368,0.38193499696570515,0.5950667759440592,-0.2688700779779068,0.047005567366615035,0.38519358417845717,-0.25017398541534186,1.3967214696454686,0.20846310292450798,-0.005559868771360805,1.33073871814652,0.2046559126862627,0.03881917896353646,1.2525141033905232,0.149844416324666,-0.33011209323311486,1.2280144675677975,0.26954859485294647,-0.5872251251280702,1.1708755848423535,1.0492929220199585,-19.22377586364746,4.3578057289123535,-0.5996702909469604,-0.5722306966781616,-2.472254514694214,236.2576904296875,47.03474426269531,-1141.2344970703125,-156.0750732421875,100.37474060058594,-7.557032585144043,-1.922232985496521,24.74176597595215,-2.307232618331909,-3.7746481895446777,0.3594748377799988,2.7289047241210938
0.13107300510272285,-0.449257894166258,1.5145744823462126,0.12310732152337665,-0.31118334484416127,1.4288016415589693,0.015008535851348216,-0.5242728186364205,0.06574554234397727,0.12039201884277609,-0.48493185673920525,0.9652031537712804,0.01931639565216587,-0.33698908140919853,1.66111668608836,-0.2436738946037182,-0.5478392448646343,1.2274690195424667,0.10118038937548139,-0.25909517665967247,1.7034411225097859,-0.31116961386819547,-0.2903417011365196,1.4234693658272952,-0.27419112657277,-0.4338727096552091,1.3267897841156713,0.07609516479667054,-0.5878293445173478,0.08462716541592254,0.04947040379910872,-0.3553438705225654,0.5049717337485181,0.128086188203649,-0.49878140612943284,0.05548882248213157,-0.18455252416481246,-0.4939030006231851,1.168681861154291,0.17549428274694656,-0.32591458977452964,0.46932215041277425,0.2698976890930277,-0.618958369390854,1.0186612077106703,-0.009440856766794493,-0.4587890845260873,1.4777082151529806,0.0643239998141464,-0.3955892929868982,0.5713713639816701,0.015318086907415596,-0.37677184615703607,0.388734810202327,0.07374534754711666,-0.34466206844871405,0.07328851189192952,-0.1406740817111849,-0.5268584257916898,1.355233540400764,-0.24435874785216438,-0.3143228551508575,1.3679493525565065,-0.32320353571350213,-0.3146093584449086,1.3310963116734233,0.6829228028161636,-0.41459978470541786,0.07721878305718993,0.3905462155871044,-0.37698020618285566,1.03293027388339,0.31386582967856075,-0.49499853128036914,1.392384765558685,0.13944791775468168,-0.46215291997257446,1.6586684586591278,0.41263633009219014,-0.15333754169625163,1.235019674561671,0.2173744062368838,-0.3773575182880787,1.6968896856765874,0.20231296127008286,0.0905047654118759,1.3448873178058902,0.3003183067437039,-0.02098618538754172,1.2768290548135113,0.6198391812723993,-0.49828029754540776,0.12338286701170419,0.5321453452505023,-0.28629418260214345,0.5195383582486222,0.5579509053206602,-0.41572853177785873,0.09079552868640185,0.34396027724277106,-0.20186781426830008,1.186449044982329,0.4036296990434855,-0.308391376885752,0.48503670264158816,0.3556461081599558,-0.5697821123118432,1.0402493585419181,0.27632732896615336,-0.35259542989217685,1.5310906201403662,0.5171547403793462,-0.29854038925163007,0.6307176281482179,0.6060395933539662,-0.3343118719312529,0.38265477115942154,0.5950232572508174,-0.2685597742235424,0.04700105855031716,0.38490749935045937,-0.2500680201742428,1.396990198568003,0.20799127519624122,-0.005745231701270831,1.3311021012186215,0.20415392535313076,0.03869765539289705,1.2529492903229416,0.14976428162972658,-0.33017845229794646,1.2281364151184133,0.2696183655929092,-0.5873684353188963,1.1710011027506646,1.0955736637115479,-19.164552688598633,4.358154296875,-0.7209355235099792,-0.5809524059295654,-2.448690414428711,236.3466796875,46.36420822143555,-1139.6490478515625,-156.15020751953125,100.2832260131836,-7.707128524780273,-1.8236826658248901,24.737293243408203,-1.767922282218933,-3.7045652866363525,0.32226693630218506,2.7475011348724365
0.13093527855462586,-0.4494272679682599,1.5146026485013646,0.12293505920282263,-0.31127625348552174,1.428953183407815,0.014988083466394058,-0.5242906307542561,0.06573677265288815,0.12066060891806685,-0.4850540522313276,0.9653050279775203,0.019129094439527847,-0.337222077001799,1.661126841772471,-0.243839931113041,-0.5475551237333689,1.2274325225526923,0.10097056143725945,-0.2592734366852716,1.7034736524354543,-0.3108182510003349,-0.29011157174773566,1.423650422633089,-0.2741366091942945,-0.4336264243978538,1.326819775120312,0.07608928610354859,-0.5878534245964707,0.08459860007494491,0.0495859259455804,-0.3555067680924144,0.5050934036046464,0.1280861237388573,-0.4988017174976551,0.05548338636459894,-0.1846445402167491,-0.4937073846921226,1.168683209956087,0.17561230290409746,-0.32611623564303316,0.4693682675330055,0.2700577204590602,-0.6191196702174003,1.018808623812846,-0.009575325983348272,-0.458979503603171,1.4777500676792978,0.06443925542349847,-0.3957660752811179,0.5715088425882605,0.01543663146085297,-0.37691152648420523,0.3887903887704508,0.07375082457499789,-0.3446699728239451,0.07330020729279677,-0.1408457068220669,-0.5268639598461177,1.355190577096497,-0.24419761562584252,-0.3141846327197473,1.3681809894296506,-0.32294404013267414,-0.31429290574118,1.3312869687743534,0.6827724907571906,-0.4140642806394211,0.07811360643399472,0.39062882969711,-0.37710359179420977,1.0331195821825243,0.31378968188304773,-0.4950134771943882,1.3925662190708894,0.13925613995814165,-0.4623173646974248,1.6587126120826265,0.4122979593592764,-0.15318173525349194,1.2353046287763987,0.21713270789740102,-0.3775835120125322,1.6969669244147294,0.20176989994696434,0.0903269417633284,1.3453483699962794,0.2998619158536393,-0.02104912100002071,1.2772060845861373,0.6196558830753857,-0.4975058274553312,0.12469694955854226,0.5319289419035248,-0.28495355295819164,0.5201268523734137,0.5578812238396398,-0.41513699293136597,0.09164551680056464,0.34367168324672626,-0.20183665793857827,1.1866819116453462,0.4035337060097827,-0.3071179393900941,0.48561567581252546,0.35581700928163845,-0.5699047540986775,1.0403655538495802,0.276117034897899,-0.35265411268796354,1.5312377585480546,0.5170522711134904,-0.29742267885744966,0.6311928625927855,0.605854926519836,-0.333212757150069,0.3833745453531379,0.5949797385575756,-0.26824947046917796,0.04699654973401929,0.38462141452246157,-0.24996205493314377,1.3972589274905376,0.2075194474679745,-0.0059305946311808575,1.331465484290723,0.2036519380199988,0.038576131822257644,1.2533844772553602,0.14968414693478718,-0.3302448113627781,1.2282583626690289,0.2696881363328719,-0.5875117455097224,1.1711266206589757,1.1003777980804443,-19.366580963134766,4.393009662628174,-0.7358140349388123,-0.5678170323371887,-2.487311363220215,236.2806396484375,45.796390533447266,-1138.193603515625,-156.29539489746094,100.241943359375,-7.828179359436035,-1.8608468770980835,24.745121002197266,-1.5891350507736206,-3.6637399196624756,0.3031259775161743,2.707052707672119
0.13069471438100796,-0.44969914833836205,1.5146939673565871,0.12273795825016025,-0.31145826786361785,1.4291117753808862,0.014976171546905542,-0.5243448125605552,0.06576276399096512,0.12095988008952299,-0.48522799526224075,0.9654733934347203,0.01884150497664679,-0.33750438616173156,1.6611689654801856,-0.24408941274348472,-0.5471266056133421,1.2273512628694243,0.10063980428489629,-0.2595064097781055,1.7034940964338796,-0.31030465134524354,-0.28976192596732386,1.4238960123220026,-0.274046011219751,-0.43320090185530136,1.3268835246562958,0.07608732880888791,-0.5878816265736194,0.08455725871519931,0.049855619434588,-0.3558023683973496,0.50520444232107,0.1280817042370111,-0.4988151372761916,0.05545319671070339,-0.1847906212094209,-0.4933407099929866,1.1686976891479746,0.17581845893962494,-0.3265166931495761,0.4694490943918165,0.2702913771303284,-0.6193544564657654,1.0190100908674151,-0.009771048399736944,-0.4592201967803848,1.4778221350237233,0.06465101193957376,-0.39602902576031274,0.5716890882182595,0.015610386250503608,-0.37713074452237577,0.3888652339478992,0.07375620601587737,-0.34468807003750707,0.0733144578974176,-0.1410558231865728,-0.5268514955675365,1.3551625719923057,-0.2439573420248679,-0.3139573045519014,1.3684407521952067,-0.3225595913580711,-0.31380492799132076,1.331498179412046,0.682597615170163,-0.4133614573553698,0.07949016032284063,0.3907987310594281,-0.37730690679013335,1.0334629860540099,0.3136722032005424,-0.49504066757018994,1.392856371323794,0.13895589655993001,-0.46254967153072357,1.6587796317820518,0.41180118464476223,-0.1530558638620061,1.2356986174520277,0.21684916576506286,-0.3777848489533197,1.6970162983761719,0.20093303681998853,0.08995335127245511,1.346064644144071,0.299171266867625,-0.021183625631503118,1.2777331439864557,0.6193922917969179,-0.4963608061931781,0.12666322454958168,0.531586475620996,-0.2830187358603572,0.5210004475535146,0.5577798167996059,-0.4141437089107684,0.09297668055588046,0.34324140600021313,-0.2017724331690381,1.187047536996816,0.4033946848369592,-0.3052667647304124,0.48646454004854556,0.3560421758436209,-0.5700952673195213,1.0405386723824683,0.2757745323492991,-0.35280299231113976,1.5314731167641698,0.5168634844536812,-0.29577641430872165,0.6318844873581501,0.6055465281404406,-0.3314707475091448,0.38448736397241123,0.5948121525988673,-0.26771575424647487,0.04709530285627439,0.38411444445319526,-0.24994760608633623,1.3975344081193406,0.2066965683159844,-0.0061976910046061245,1.3320518601809117,0.20295831973090867,0.0383985744517864,1.2539987522639975,0.1495642200704442,-0.33034024752725827,1.2284260054692526,0.2698007113984878,-0.5877199616061141,1.1713240945970775,1.0141198635101318,-19.612211227416992,4.5050859451293945,-0.6781358122825623,-0.549526572227478,-2.5191028118133545,236.17010498046875,45.08251190185547,-1136.456298828125,-156.46881103515625,100.19314575195312,-7.97242546081543,-2.005706787109375,24.74569320678711,-1.6810417175292969,-3.729175567626953,0.3146171271800995,2.621445894241333
0.1304476208343411,-0.44997753706199445,1.5147892959070521,0.122539280241491,-0.3116459397488082,1.4292708149808921,0.014964801879192623,-0.5244013035534233,0.06579096237851294,0.12126109926708487,-0.48540522385117235,0.965645980558648,0.018547548005813794,-0.3377898263418122,1.6612131189036843,-0.2443441924768568,-0.546688919430537,1.2272671611103791,0.10030136908719081,-0.2597428567164781,1.7035137730718448,-0.30978075094175656,-0.2894046918445865,1.4241456993368289,-0.27395312241371106,-0.43276399916765707,1.326949417591095,0.0760856204919073,-0.5879100902585794,0.08451510617965895,0.05013510158026455,-0.35610639427276636,0.5053148060444964,0.12807700822487572,-0.49882811949347816,0.055421435403705435,-0.18494013489674258,-0.4929631744196873,1.1687130020154233,0.17603021090393825,-0.32692977361726444,0.46953212504355324,0.27052970842415136,-0.6195939084551981,1.0192149897284855,-0.009970659908178626,-0.45946408196395594,1.4778961207692987,0.06486889549734577,-0.396297447235379,0.5718720492148242,0.01578764645197731,-0.3773550125739432,0.38894130240213004,0.07376158138774089,-0.3447068144154075,0.07332887073719738,-0.1412683834401977,-0.5268378885376532,1.3551355166151033,-0.24371204357470896,-0.31372431887696123,1.3687023007317094,-0.3221672090473554,-0.3133060597623421,1.3317106950361997,0.6824211799940526,-0.4126480106289024,0.08089730027594313,0.39097417446951205,-0.3775152966676169,1.0338161737713594,0.3135521003347359,-0.4950686353721366,1.3931534250840445,0.13864876645685031,-0.4627862870693207,1.6588481033085198,0.41129435253459096,-0.15293189310869634,1.2360995289505712,0.216562966883972,-0.37798462038403313,1.6970639031454426,0.20007751961022813,0.08956733114079923,1.3467971228605864,0.29846574435170914,-0.021322674327684157,1.2782697290774212,0.6191236025450245,-0.49519225787248045,0.12867090858469735,0.5312360053425593,-0.2810461925749747,0.521892144387921,0.5576763954383648,-0.41312491726006895,0.0943383951455552,0.3428021329917655,-0.2017061088160174,1.1874215914713626,0.4032529317187947,-0.3033789083460309,0.48733054022520583,0.35627078783038435,-0.5702900898377627,1.040715405088387,0.275423635611471,-0.35295759871700744,1.5317140762379626,0.5166692173244148,-0.2940965907660541,0.6325898511915018,0.6052302737899175,-0.32968791914696727,0.38562513779330726,0.5946366893534629,-0.2671678531051472,0.04720061229208842,0.38359344992416583,-0.2499389678042456,1.3978103174279068,0.2058514001847103,-0.006469976803016485,1.3326523943452646,0.20225253439699578,0.03821745937973853,1.254624397944141,0.14944176671915496,-0.33043752985679553,1.2285965495551658,0.2699160041990659,-0.5879322987123831,1.1715261371719916,0.8853610157966614,-19.666831970214844,4.524836540222168,-0.6698548793792725,-0.5568602681159973,-2.4789674282073975,236.12908935546875,44.23171615600586,-1134.9337158203125,-156.57460021972656,100.11441040039062,-8.126382827758789,-2.121757984161377,24.623838424682617,-1.8817979097366333,-3.8116142749786377,0.3461947739124298,2.564695358276367
0.13020052728767426,-0.4502559257856268,1.5148846244575171,0.12234060223282173,-0.31183361163399864,1.429429854580898,0.014953432211479703,-0.5244577945462915,0.06581916076606077,0.12156231844464675,-0.48558245244010395,0.9658185676825757,0.0182535910349808,-0.3380752665218928,1.661257272327183,-0.24459897221022883,-0.5462512332477317,1.2271830593513338,0.09996293388948535,-0.2599793036548507,1.7035334497098102,-0.30925685053826957,-0.28904745772184914,1.424395386351655,-0.27386023360767114,-0.4323270964800127,1.3270153105258942,0.07608391217492669,-0.5879385539435393,0.08447295364411857,0.0504145837259411,-0.3564104201481832,0.505425169767923,0.12807231221274035,-0.4988411017107648,0.055389674096707475,-0.18508964858406426,-0.49258563884638795,1.1687283148828722,0.17624196286825156,-0.3273428540849528,0.46961515569528994,0.27076803971797425,-0.619833360444631,1.0194198885895558,-0.010170271416620308,-0.45970796714752715,1.4779701065148738,0.06508677905511777,-0.39656586871044525,0.5720550102113888,0.01596490665345101,-0.3775792806255107,0.3890173708563609,0.0737669567596044,-0.3447255587933079,0.07334328357697717,-0.14148094369382258,-0.5268242815077699,1.3551084612379012,-0.24346674512455005,-0.313491333202021,1.3689638492682121,-0.32177482673663965,-0.3128071915333634,1.3319232106603534,0.6822447448179422,-0.41193456390243494,0.08230444022904562,0.39114961787959596,-0.3777236865451004,1.0341693614887086,0.3134319974689294,-0.49509660317408327,1.3934504788442952,0.13834163635377064,-0.4630229026079178,1.658916574834988,0.4107875204244197,-0.1528079223553866,1.2365004404491147,0.21627676800288112,-0.3781843918147466,1.6971115079147137,0.19922200240046772,0.08918131100914337,1.3475296015771019,0.29776022183579326,-0.0214617230238652,1.278806314168387,0.6188549132931311,-0.4940237095517828,0.13067859261981304,0.5308855350641225,-0.2790736492895922,0.5227838412223272,0.5575729740771237,-0.4121061256093695,0.09570010973522994,0.3423628599833179,-0.20163978446299666,1.187795645945909,0.4031111786006302,-0.3014910519616493,0.4881965404018661,0.3564993998171478,-0.5704849123560041,1.0408921377943052,0.2750727388736428,-0.35311220512287506,1.5319550357117557,0.5164749501951483,-0.2924167672233866,0.6332952150248534,0.6049140194393942,-0.32790509078478974,0.3867629116142033,0.5944612261080584,-0.26661995196381943,0.04730592172790245,0.38307245539513646,-0.24993032952215496,1.3980862267364729,0.20500623205343618,-0.006742262601426845,1.3332529285096175,0.20154674906308287,0.038036344307690664,1.2552500436242842,0.14931931336786575,-0.33053481218633274,1.228767093641079,0.27003129699964395,-0.588144635818652,1.1717281797469057,0.8115937113761902,-19.53030776977539,4.451192855834961,-0.703911542892456,-0.5859929323196411,-2.4397196769714355,236.01332092285156,42.99717330932617,-1133.173583984375,-156.69891357421875,100.0114517211914,-8.338608741760254,-2.088620185852051,24.424692153930664,-1.96077561378479,-3.820305347442627,0.3333694040775299,2.597230911254883
0.1299732013648709,-0.450513609987221,1.5149776525055336,0.12217207889485833,-0.31211932388362507,1.4296133462956409,0.014973196145517146,-0.5244460496681416,0.0657689936508406,0.12180639842882851,-0.4857421582503035,0.9660140856212338,0.017853524548229794,-0.3383273586926871,1.6613274362703032,-0.24484680869326686,-0.5457756258794014,1.2270953584191024,0.0996232997404029,-0.2602308151737744,1.7035834781381467,-0.3087293324091577,-0.288597656204211,1.4246504535738207,-0.2738305900665308,-0.43193128744497994,1.3271215735681798,0.0760815174176993,-0.5879637338467781,0.08442892267411908,0.050683103699163096,-0.3567031661406258,0.5055515256938555,0.12807578855002952,-0.4988488335877854,0.05536706146124183,-0.1851852767120134,-0.4922380376335801,1.1687307894624621,0.17646524517346693,-0.32776294737462175,0.46973944697159015,0.27102710336249397,-0.6200844262609418,1.0196307984408954,-0.010353746651270925,-0.4599771022007165,1.478039157311648,0.06530056948101283,-0.3968318227111109,0.5722591395409692,0.016184716294242056,-0.37782053343507627,0.38909935753866537,0.07377471843894744,-0.34474725300902564,0.07336007808612671,-0.14166043886285745,-0.5267990977558868,1.3550956170290511,-0.24311138896752668,-0.31341348302285404,1.3692537459316632,-0.3213168986585756,-0.31218955986547153,1.332138620465007,0.6820369931246271,-0.41106900572776794,0.08370859323945266,0.3913317123390981,-0.37794706679337864,1.0345324191036602,0.3133273766135538,-0.49513148175959554,1.3937275330751937,0.1380972552378446,-0.4631947237529502,1.6589291664148798,0.4102917548441729,-0.1527025875271551,1.2368686996548381,0.21605827161018423,-0.378344609445294,1.69711581129112,0.19831857815483547,0.08888495713472366,1.3482148457836631,0.297030237928921,-0.021531957824597294,1.2793519528496344,0.6185629221777252,-0.49276289067521,0.13276607301456247,0.5304796300976482,-0.27714026092693506,0.5237787267230204,0.5573841558386948,-0.41104411605178126,0.09709443023662692,0.3419526679231631,-0.20160166909363098,1.1881485506398788,0.4029420328061312,-0.29960680402667317,0.48905039800713396,0.35677370646142015,-0.5707096599585173,1.041092172363736,0.2747482979139745,-0.3532949648550804,1.5322297235198368,0.5162420383352317,-0.29071368819830434,0.6340971257512933,0.6045832570814929,-0.32608959157735307,0.38797301211893953,0.594390268752117,-0.26611723528792525,0.04736156976282202,0.38263263706339906,-0.24990553670371604,1.3983814676865836,0.20426861241163796,-0.00700237423132192,1.333764151232132,0.2007424363632076,0.037886279061535334,1.2558226664334733,0.14923764291583308,-0.3306649137806419,1.2289452442270241,0.27016749839909027,-0.5883601453920074,1.1719283670779095,0.8363224864006042,-19.47662925720215,4.480576038360596,-0.7014337778091431,-0.5702162384986877,-2.447676420211792,235.85739135742188,41.989097595214844,-1131.6275634765625,-156.8456573486328,99.9522933959961,-8.535762786865234,-1.9736343622207642,24.38576316833496,-1.959051489830017,-3.813707113265991,0.30017945170402527,2.6829090118408203
0.1297472423522283,-0.4507698624931424,1.515070521476253,0.1220056407202948,-0.31241181552015396,1.429798528848105,0.014995112934994776,-0.524429586352102,0.06571340764447159,0.12204652729857442,-0.4859006523789949,0.9662111892013361,0.01744612070133552,-0.33857714488411583,1.6613993988131845,-0.24509416505793072,-0.5452973963014337,1.2270074086078744,0.09928358268510822,-0.260483368392417,1.7036356053604984,-0.3082015641181674,-0.2881414537496914,1.4249058928316003,-0.2738053198681762,-0.43153831999230857,1.3272306281604513,0.07607907519385909,-0.5879886866800043,0.08438476181237509,0.05095086564982174,-0.35699513214116063,0.5056789874635785,0.12807982999658743,-0.4988562024093622,0.05534508144668001,-0.18527717871085697,-0.4918925063499552,1.1687323762881046,0.17668932478948934,-0.32818352559347025,0.46986659137618464,0.27128760062700863,-0.6203362951610262,1.0198421239458173,-0.010536106079755142,-0.46024798325552846,1.4781078668619623,0.06551407687119301,-0.3970976060885467,0.572464732638258,0.016407468183496535,-0.37806296072258855,0.38918175346014516,0.07378264512891407,-0.34476915120289026,0.0733770372851795,-0.14183764761646853,-0.5267731134859931,1.3550837555073745,-0.24274842243715627,-0.313346360298182,1.3695456028379351,-0.3208544381604289,-0.3115637158321229,1.3323542303991633,0.6818270759274628,-0.41019292920827866,0.0851125397059499,0.3915142667115919,-0.37817148360985003,1.0348961592115313,0.3132238263227292,-0.4951668382184395,1.3940032043599135,0.13785721314762603,-0.4633620644345978,1.6589378939559127,0.4097967545026975,-0.1525985413533173,1.2372347009892495,0.21584445677253583,-0.37850209197263845,1.6971171204222748,0.19741184118863764,0.08859480358660221,1.3488968237741104,0.29629856254288695,-0.02159743421766537,1.2798982175770184,0.6182693197632467,-0.4914956913878586,0.13485907124269086,0.530069891881469,-0.2752095800855302,0.5247807476102122,0.5571894324970561,-0.4099791180219082,0.09849100540213238,0.3415444867796456,-0.20156550434547543,1.1884999928490216,0.40277099283720486,-0.2977228056121346,0.4899034159665076,0.35705117284264787,-0.5709364768487728,1.0412938182322395,0.27442568634322145,-0.35347967135985164,1.5325067436063526,0.5160064542333022,-0.28900900108135297,0.6349057125926807,0.6042514915103154,-0.324271833215723,0.38918811393692004,0.5943265378672555,-0.2656176430697473,0.04741378376470102,0.3821984319793468,-0.24987962681627432,1.3986780453991416,0.2035384296334737,-0.007261644030415409,1.3342691981634558,0.19993131060079233,0.03773836087780875,1.2563916227675431,0.14915879255789793,-0.3307972847921959,1.2291239207943543,0.2703051456059052,-0.5885758743380869,1.1721284261207707,0.9442197680473328,-19.599891662597656,4.418643951416016,-0.6382870674133301,-0.5181828737258911,-2.479417324066162,235.75482177734375,41.1128044128418,-1129.902099609375,-157.0167999267578,99.92538452148438,-8.732409477233887,-1.8639329671859741,24.600831985473633,-2.0905327796936035,-3.801159620285034,0.3371281921863556,2.7309482097625732
0.12952128333958568,-0.45102611499906375,1.5151633904469723,0.12183920254573127,-0.3127043071566828,1.429983711400569,0.015017029724472405,-0.5244131230360625,0.06565782163810256,0.12228665616832032,-0.48605914650768633,0.9664082927814382,0.017038716854441246,-0.33882693107554457,1.6614713613560657,-0.24534152142259458,-0.5448191667234661,1.2269194587966463,0.09894386562981353,-0.2607359216110596,1.7036877325828501,-0.3076737958271772,-0.2876852512951718,1.42516133208938,-0.27378004966982156,-0.4311453525396372,1.3273396827527228,0.07607663297001889,-0.5880136395132305,0.08434060095063109,0.05121862760048039,-0.3572870981416955,0.5058064492333014,0.12808387144314531,-0.4988635712309389,0.055323101432118195,-0.18536908070970054,-0.49154697506633027,1.168733963113747,0.17691340440551176,-0.32860410381231875,0.4699937357807791,0.27154809789152334,-0.6205881640611105,1.0200534494507392,-0.010718465508239355,-0.4605188643103404,1.4781765764122767,0.06572758426137318,-0.39736338946598254,0.5726703257355469,0.016630220072751015,-0.37830538801010083,0.38926414938162496,0.07379057181888068,-0.34479104939675487,0.07339399648423227,-0.1420148563700796,-0.5267471292160995,1.3550718939856978,-0.24238545590678587,-0.31327923757350995,1.3698374597442071,-0.3203919776622823,-0.31093787179877425,1.3325698403333197,0.6816171587302985,-0.40931685268878937,0.08651648617244714,0.39169682108408566,-0.3783959004263215,1.0352598993194024,0.3131202760319047,-0.49520219467728344,1.3942788756446334,0.13761717105740742,-0.46352940511624546,1.6589466214969457,0.4093017541612221,-0.1524944951794795,1.237600702323661,0.21563064193488746,-0.3786595744999829,1.6971184295534298,0.19650510422243977,0.08830465003848076,1.3495788017645578,0.2955668871568528,-0.021662910610733443,1.2804444823044026,0.6179757173487682,-0.49022849210050723,0.13695206947081925,0.52966015366529,-0.2732788992441253,0.5257827684974039,0.5569947091554175,-0.40891411999203514,0.09988758056763782,0.34113630563612807,-0.20152933959731992,1.1888514350581643,0.40259995286827843,-0.2958388071975961,0.4907564339258813,0.3573286392238756,-0.5711632937390283,1.041495464100743,0.2741030747724685,-0.3536643778646229,1.5327837636928685,0.5157708701313726,-0.28730431396440165,0.6357142994340682,0.603919725939138,-0.3224540748540929,0.39040321575490056,0.5942628069823941,-0.26511805085156925,0.04746599776658001,0.38176422689529443,-0.24985371692883257,1.3989746231116995,0.20280824685530946,-0.007520913829508896,1.3347742450947793,0.1991201848383771,0.03759044269408217,1.256960579101613,0.14907994219996282,-0.3309296558037499,1.2293025973616847,0.27044279281272005,-0.5887916032841664,1.1723284851636318,0.9922760725021362,-19.63479995727539,4.079516887664795,-0.5925113558769226,-0.5137172341346741,-2.5042307376861572,235.61801147460938,40.036102294921875,-1127.6668701171875,-157.21905517578125,99.88754272460938,-8.947726249694824,-1.8222732543945312,24.81515884399414,-2.4196269512176514,-3.7745282649993896,0.3671664893627167,2.714364767074585
0.12933154443636635,-0.4512375248781103,1.5152217508941297,0.12170830630506112,-0.31301480965898526,1.4301736181145472,0.015046152705635061,-0.5244555087476377,0.0656649230405787,0.12265431663847917,-0.4862371093488687,0.9665822368978665,0.016768122233746463,-0.33909461741021135,1.6615095904331334,-0.24556798813556205,-0.5443185342858169,1.226828962367102,0.0986440663552837,-0.2609875982762962,1.7037264623784072,-0.30702020982835465,-0.287220578566687,1.425370120252205,-0.2736962718383366,-0.4306622753968302,1.3274236771444612,0.07607093827169857,-0.5880433718692388,0.08429714594505086,0.05148757289823712,-0.35758579976313953,0.5059659836308056,0.12808664419398402,-0.4988900212361323,0.055301873408109936,-0.18540221672283103,-0.4911723053021147,1.1687262492464079,0.1772012740422953,-0.3290057853851097,0.4701198098675305,0.2718565380139067,-0.6208608118903558,1.0202898351561944,-0.010872809251844388,-0.46074880570765364,1.478241373766337,0.06595526182937701,-0.39767185638085106,0.5728972513746742,0.016828508048460183,-0.37856777303463574,0.38935128791837503,0.07379934046146096,-0.34481053937547257,0.07341508240445166,-0.14221002985507447,-0.5266932797747732,1.3550579656433586,-0.24195707081169482,-0.3131028870675738,1.370099126305801,-0.31985202984304617,-0.3103624065190751,1.3327475093453136,0.6814306408956351,-0.4084702283637413,0.0880257205433206,0.391841886651437,-0.3785441954996412,1.0356257800629596,0.31300133530864654,-0.4952690332437193,1.3945706016969996,0.13739542125274015,-0.46372757279715,1.6590131462015063,0.4087744874275283,-0.15233494933472563,1.2380022455919657,0.21537651486744155,-0.3788658118504562,1.6971543210231705,0.1956052828012713,0.08798695887309431,1.3502447618948703,0.29487872572726764,-0.021704195283155963,1.2809583791439108,0.6176638272621774,-0.48892660897891255,0.13905383323300752,0.5293004435813979,-0.27125253567829827,0.5267698787498158,0.5567981588919431,-0.40782144132828874,0.10128636095697516,0.34070012091800866,-0.20149551847616567,1.1892506355876165,0.40234761487766607,-0.29399925465418014,0.4916834883539882,0.3576301877565731,-0.5714252834880589,1.0417413251684202,0.2738119637630633,-0.3537820787816648,1.533076986177078,0.5155075315805461,-0.28553010232203846,0.6365871791610654,0.6035829224925957,-0.3205741642425392,0.3916177362795697,0.5941685535852482,-0.2645607352848874,0.047546916585785665,0.38132018595933914,-0.2496692892780762,1.3994199750044487,0.20218553413815846,-0.007847311904974626,1.335257221334028,0.1982277702811538,0.0373807932367388,1.2575364371403952,0.14905468154920648,-0.3310624881592018,1.229510135603267,0.2705677253817091,-0.5890071292389307,1.172525923773153,0.9987159371376038,-19.410703659057617,3.789102077484131,-0.5899258255958557,-0.5361283421516418,-2.502460479736328,235.3927764892578,38.8386116027832,-1125.9376220703125,-157.45372009277344,99.85065460205078,-9.152146339416504,-1.907566785812378,24.797597885131836,-2.6134536266326904,-3.7556827068328857,0.29093876481056213,2.653003215789795
0.12914451719909315,-0.45144557755514486,1.5152775278154589,0.12158007095783752,-0.313326660568351,1.4303638785090667,0.015075815187779484,-0.5245023002687669,0.06567671761804858,0.12303152492898979,-0.4864165297407188,0.9667544471507041,0.016507770015013138,-0.3393636438625538,1.6615452940100865,-0.24579289091738643,-0.5438162246287264,1.226738275281641,0.0983472555777095,-0.26123920931721367,1.7037641891580544,-0.3063572043219939,-0.28675527170004433,1.425575415819686,-0.27360811375624294,-0.430172452074013,1.3275057953714535,0.07606500007261503,-0.5880734620504822,0.08425374378431712,0.051756606788824724,-0.35788500565566767,0.5061279191876089,0.1280893219622555,-0.4989178997791366,0.0552807016828597,-0.18543095314344823,-0.49079545404737357,1.1687178390705033,0.1774939194025583,-0.32940605223573594,0.4702458038235342,0.27216856744115714,-0.6211350153613564,1.0205280970263955,-0.0110250555644959,-0.46097568210387074,1.478305878228699,0.06618400026630882,-0.39798351885467176,0.5731257741024952,0.017024964501230134,-0.3788316522213007,0.38943878151723094,0.07380817213792674,-0.3448298490600081,0.07343647727705785,-0.14240654829322108,-0.5266373441708798,1.3550438825657825,-0.24152378807004715,-0.31291835908068727,1.3703585326276868,-0.31930628083399587,-0.30979071291077215,1.332922337860461,0.6812458748849023,-0.4076258090158172,0.08954283743109924,0.391984145570275,-0.3786867916189282,1.0359918210680121,0.3128812423605003,-0.49533822875938666,1.3948635297105803,0.1371750409239965,-0.4639280483817423,1.659083997966438,0.408244805028107,-0.1521712484343952,1.238406449753717,0.21511936977209634,-0.37907569929463975,1.697192801544998,0.19470597912144189,0.08766720606791263,1.350909522827098,0.2941938220270422,-0.021743668810717317,1.281469852719086,0.6173505680450541,-0.48762212920662584,0.14115625323838746,0.5289444789191745,-0.26921900869994764,0.5277558726980197,0.556601471853572,-0.4067266903176213,0.10268530644328389,0.34026183967558754,-0.2014618728137174,1.1896534116062898,0.4020891904041467,-0.29216302960913704,0.49261608561932646,0.35793353923109195,-0.5716899064992438,1.0419904964649125,0.27352321108445427,-0.35389476323759317,1.533371421675019,0.5152421151565401,-0.283750685634992,0.6374648722591779,0.6032457418789138,-0.3186896005213655,0.39283221328495355,0.5940720150802309,-0.26399909818409295,0.04762998442874839,0.3808754086494446,-0.24947299398728554,1.399876465071116,0.20157086730792823,-0.008178735626799775,1.3357385452219983,0.19732926993180586,0.03716652218671824,1.2581128118843432,0.14903343296208918,-0.33119535505376907,1.2297198346119054,0.2706917060526791,-0.5892226399964844,1.1727231662004989,1.0498943328857422,-19.198007583618164,3.839900016784668,-0.628946840763092,-0.5541499853134155,-2.4646060466766357,235.0399627685547,37.565391540527344,-1124.2418212890625,-157.68728637695312,99.79126739501953,-9.372637748718262,-1.9989322423934937,24.66082000732422,-2.382769823074341,-3.744107723236084,0.20933669805526733,2.6224610805511475
0.12895748996181994,-0.4516536302321794,1.5153333047367878,0.12145183561061391,-0.3136385114777167,1.4305541389035863,0.015105477669923905,-0.5245490917898962,0.06568851219551848,0.12340873321950041,-0.48659595013256896,0.9669266574035417,0.016247417796279816,-0.3396326703148962,1.6615809975870397,-0.24601779369921084,-0.5433139149716358,1.2266475881961798,0.09805044480013532,-0.2614908203581311,1.7038019159377016,-0.30569419881563314,-0.2862899648334017,1.425780711387167,-0.27351995567414933,-0.42968262875119584,1.3275879135984459,0.0760590618735315,-0.5881035522317255,0.08421034162358337,0.05202564067941233,-0.35818421154819574,0.5062898547444122,0.128091999730527,-0.4989457783221409,0.05525952995760946,-0.18545968956406542,-0.4904186027926325,1.1687094288945987,0.17778656476282126,-0.3298063190863622,0.47037179777953797,0.27248059686840764,-0.621409218832357,1.0207663588965965,-0.011177301877147413,-0.4612025585000878,1.4783703826910612,0.06641273870324062,-0.39829518132849245,0.5733542968303162,0.01722142095400008,-0.3790955314079657,0.3895262751160868,0.07381700381439253,-0.3448491587445436,0.07345787214966404,-0.1426030667313677,-0.5265814085669865,1.3550297994882066,-0.24109050532839946,-0.31273383109380076,1.3706179389495723,-0.3187605318249456,-0.3092190193024692,1.3330971663756086,0.6810611088741694,-0.40678138966789307,0.09105995431887787,0.392126404489113,-0.37882938773821523,1.0363578620730647,0.3127611494123541,-0.495407424275054,1.3951564577241606,0.13695466059525283,-0.4641285239663345,1.6591548497313695,0.40771512262868564,-0.15200754753406473,1.2388106539154684,0.21486222467675115,-0.3792855867388233,1.6972312820668252,0.19380667544161248,0.08734745326273094,1.3515742837593256,0.2935089183268168,-0.02178314233827867,1.2819813262942612,0.6170373088279307,-0.48631764943433914,0.14325867324376737,0.5285885142569511,-0.267185481721597,0.5287418666462235,0.556404784815201,-0.4056319393069539,0.10408425192959261,0.3398235584331664,-0.20142822715126915,1.190056187624963,0.40183076593062733,-0.29032680456409393,0.49354868288466475,0.35823689070561077,-0.5719545295104286,1.0422396677614048,0.2732344584058452,-0.3540074476935216,1.5336658571729598,0.514976698732534,-0.28197126894794555,0.6383425653572904,0.6029085612652317,-0.3168050368001919,0.39404669029033734,0.5939754765752135,-0.26343746108329846,0.04771305227171112,0.38043063133955,-0.24927669869649488,1.4003329551377832,0.200956200477698,-0.008510159348624924,1.3362198691099685,0.1964307695824579,0.03695225113669768,1.2586891866282912,0.1490121843749719,-0.3313282219483363,1.2299295336205438,0.2708156867236491,-0.589438150754038,1.1729204086278449,1.1489801406860352,-19.1984806060791,4.013017654418945,-0.6709829568862915,-0.5849337577819824,-2.4221279621124268,234.75445556640625,36.6353874206543,-1122.5208740234375,-157.93023681640625,99.736083984375,-9.559911727905273,-2.002258777618408,24.62883949279785,-2.0056138038635254,-3.7543845176696777,0.19944961369037628,2.6156914234161377
0.12885752083449964,-0.45179309000242623,1.5153491777300045,0.12136293747863233,-0.3138245016533807,1.4306866175291555,0.015076668633900534,-0.5245651936294228,0.06569497462436064,0.12362648181567919,-0.4866903314724663,0.9670776124821593,0.016040312496340827,-0.339788253240238,1.6615934269317727,-0.24616754622451517,-0.542952223526721,1.2265799183719206,0.09784762805562146,-0.26164661791940397,1.703833879224512,-0.3052571534321008,-0.28594034999016893,1.425889606112676,-0.27339590424733445,-0.4293341027782453,1.3275953633895774,0.076062014412801,-0.5881256946664772,0.08417421724918663,0.05222139997247434,-0.3584211753891004,0.5063998270903202,0.12809528780496673,-0.4989589360968167,0.05524540084432687,-0.18548019373456373,-0.4901399144668453,1.168674293732801,0.1779474298784275,-0.33008420348956885,0.470412174498798,0.27265354073205533,-0.6215763755192031,1.0209176911423539,-0.011270054810316555,-0.46134759880454335,1.4784293439214593,0.066558007446938,-0.39851691312347814,0.5735032136077123,0.017365933698139442,-0.3792737015825234,0.38958810832326773,0.07382366270912404,-0.3448633198311787,0.07347284045243105,-0.14275751534281977,-0.5265219120789837,1.3550224343672495,-0.24078749771544475,-0.3125593341541606,1.3707743366033036,-0.31844842453666083,-0.3087909541382695,1.3332186917595517,0.6808787106678186,-0.4061081772608473,0.09211994041472871,0.3922411399763941,-0.37896147557836496,1.0366374139754189,0.3126602466927459,-0.4954620733955838,1.3953510759682055,0.13678060847007675,-0.4642885633257051,1.6592143947715001,0.4073510213403512,-0.15193532372744667,1.2390822243216812,0.214654491437192,-0.37946975872611366,1.697297148357164,0.19322002289310986,0.0871603594513129,1.3520583940657558,0.29303175733973646,-0.02190072186266547,1.2823441972006235,0.6168482767430362,-0.4853668719135373,0.1447777919816655,0.5282788043780042,-0.2658459325105149,0.5294448987932394,0.5562723955965989,-0.4048222242206927,0.10504964830366191,0.33956647846872445,-0.20141705727537737,1.1903065431196957,0.4016005623814286,-0.28903365105587914,0.4942364234798002,0.35841439062396424,-0.5721378395494247,1.042418796100364,0.27303052451831616,-0.3540849821851743,1.5338673425826015,0.5147787555558792,-0.28077592903020365,0.6389894434158375,0.6026586406673027,-0.31551732497894214,0.3948481506267131,0.5939179793098904,-0.2630413592059091,0.04778218861447265,0.3801148443032574,-0.24919449853778675,1.4006860327246964,0.20044643288811312,-0.008719099670130487,1.3365644844162543,0.19592344336557072,0.03681796805205329,1.2590971719350246,0.14897629302858517,-0.3314478640130024,1.230088756179178,0.270895541799779,-0.5895828292859311,1.173056565373149,1.186387300491333,-19.374052047729492,4.287141799926758,-0.689727783203125,-0.6175916194915771,-2.42130708694458,234.51278686523438,35.788818359375,-1120.5609130859375,-158.17677307128906,99.70082092285156,-9.705480575561523,-1.8957726955413818,24.71723747253418,-1.7984086275100708,-3.778724431991577,0.24875737726688385,2.6299169063568115
0.12876457252249812,-0.4519270180866418,1.5153618326645024,0.12127721170271864,-0.3140003417698753,1.4308144363346478,0.01504314415286363,-0.5245788204946266,0.06570100704121669,0.12383137075908926,-0.486777854824303,0.9672268534338238,0.01583750130275622,-0.3399346874940474,1.6616039793222945,-0.24631123824526144,-0.5426018722602074,1.2265141047784034,0.09765239147506408,-0.26179468858715715,1.7038653777135129,-0.3048383306391192,-0.2856000651488241,1.4259907265767355,-0.27326895819594527,-0.4289969717528646,1.3275967915326554,0.07606568394709896,-0.5881471961539313,0.08413867979304285,0.05241125002380041,-0.35865311970971275,0.5065056088547043,0.12809862509764583,-0.49897090671275623,0.055231839683622316,-0.18550003401392343,-0.48986914250629626,1.1686370033302054,0.1780976675549485,-0.3303522183405643,0.4704456466021917,0.27281526801799305,-0.6217348994008752,1.021062012934527,-0.011358009890301633,-0.46148603942417943,1.4784878581170215,0.06669654476376163,-0.3987313924443643,0.5736457105503966,0.017506257433518274,-0.3794449597399756,0.3896478721440233,0.07383014637952214,-0.3448770657083057,0.07348729048343684,-0.14290857122631262,-0.5264621284229076,1.355015611016987,-0.2404949961612556,-0.3123856461699435,1.3709224271063774,-0.3181551593226313,-0.30837447191311035,1.3333359185038813,0.680696503413434,-0.40544877186516265,0.09314306112413374,0.392353655832098,-0.3790927159766488,1.036909990950136,0.31256089157221334,-0.49551554941973147,1.3955377660050297,0.1366102924903497,-0.46444534169917073,1.6592730279789856,0.40700027336742706,-0.15187047710580542,1.239343098457286,0.21445074302471237,-0.3796518568862353,1.6973652231772214,0.1926585841455207,0.08698396394584353,1.3525279357733315,0.2925713497972646,-0.022024600257763996,1.2826950840207914,0.6166692629752569,-0.48444461876785516,0.14624987029476672,0.5279728247235153,-0.2645623492484061,0.5301251114401596,0.5561451916860429,-0.40403549590252885,0.10598008103964739,0.3393240115105711,-0.20140769996291755,1.1905446066366916,0.40137263471322343,-0.2877842936393441,0.49490441756927417,0.35858174122327213,-0.5723145920906635,1.0425922758137154,0.2728334308558742,-0.3541596820022886,1.5340613320173806,0.5145862537701398,-0.2796276920777283,0.6396177073582908,0.6024157571674182,-0.31427774637542816,0.39561630316720103,0.5938636305316395,-0.2626586069433105,0.04785020144915344,0.3798094597083843,-0.24912149959940785,1.4010307705955,0.1999451249147093,-0.008918162298061891,1.3368980748369204,0.19544766344968847,0.036690135609777956,1.2594915774484343,0.1489392208145154,-0.3315664395591281,1.2302439080563603,0.2709718383601959,-0.5897217955415612,1.1731877958537726,1.108132004737854,-19.39435577392578,4.563497543334961,-0.6794422268867493,-0.6194196939468384,-2.4584083557128906,234.24264526367188,34.558353424072266,-1118.467041015625,-158.42076110839844,99.70588684082031,-9.83670425415039,-1.7396039962768555,24.81229019165039,-1.6535793542861938,-3.7770843505859375,0.3015283942222595,2.6803481578826904
0.1286716242104966,-0.4520609461708574,1.5153744875990003,0.12119148592680495,-0.3141761818863698,1.4309422551401403,0.015009619671826726,-0.5245924473598303,0.06570703945807274,0.12403625970249933,-0.4868653781761397,0.9673760943854881,0.015634690109171616,-0.3400811217478569,1.6616145317128161,-0.24645493026600768,-0.5422515209936938,1.2264482911848864,0.0974571548945067,-0.2619427592549103,1.7038968762025137,-0.3044195078461375,-0.2852597803074792,1.4260918470407953,-0.27314201214455613,-0.428659840727484,1.3275982196757337,0.07606935348139693,-0.5881686976413854,0.08410314233689908,0.052601100075126486,-0.35888506403032516,0.5066113906190884,0.12810196239032492,-0.49898287732869584,0.05521827852291777,-0.18551987429328312,-0.4895983705457473,1.1685997129276098,0.17824790523146952,-0.33062023319155964,0.4704791187055853,0.2729769953039308,-0.6218934232825475,1.0212063347267,-0.011445964970286713,-0.46162448004381545,1.4785463723125836,0.06683508208058528,-0.3989458717652504,0.573788207493081,0.017646581168897103,-0.3796162178974278,0.38970763596477886,0.07383663004992023,-0.34489081158543267,0.07350174051444262,-0.1430596271098055,-0.5264023447668316,1.355008787666725,-0.24020249460706647,-0.31221195818572645,1.371070517609451,-0.3178618941086018,-0.3079579896879512,1.333453145248211,0.6805142961590496,-0.404789366469478,0.09416618183353878,0.39246617168780196,-0.3792239563749326,1.0371825679248532,0.3124615364516808,-0.4955690254438792,1.395724456041854,0.13643997651062265,-0.4646021200726364,1.6593316611864708,0.40664952539450283,-0.15180563048416415,1.2396039725928907,0.21424699461223273,-0.3798339550463569,1.6974332979972788,0.19209714539793155,0.08680756844037416,1.3529974774809073,0.2921109422547928,-0.022148478652862524,1.2830459708409594,0.6164902492074777,-0.4835223656221731,0.14772194860786791,0.5276668450690263,-0.2632787659862973,0.5308053240870798,0.5560179877754868,-0.40324876758436495,0.10691051377563286,0.3390815445524178,-0.20139834265045772,1.1907826701536874,0.40114470704501826,-0.28653493622280907,0.4955724116587481,0.35874909182257997,-0.5724913446319024,1.0427657555270669,0.2726363371934322,-0.3542343818194029,1.5342553214521597,0.5143937519844005,-0.27847945512525296,0.640245971300744,0.6021728736675338,-0.3130381677719142,0.396384455707689,0.5938092817533884,-0.26227585468071185,0.04791821428383423,0.37950407511351125,-0.24904850066102893,1.4013755084663038,0.1994438169413055,-0.009117224925993293,1.3372316652575866,0.1949718835338062,0.03656230316750261,1.259885982961844,0.14890214860044568,-0.33168501510525383,1.2303990599335424,0.27104813492061286,-0.5898607617971913,1.1733190263343962,0.986143171787262,-19.26102638244629,4.683402061462402,-0.6482962369918823,-0.5573464632034302,-2.4782185554504395,233.90029907226562,33.19974899291992,-1116.5936279296875,-158.6090850830078,99.68453979492188,-9.97212028503418,-1.687918782234192,24.84062957763672,-1.6080464124679565,-3.7671825885772705,0.330392062664032,2.7416176795959473
0.12850757638942328,-0.4523167447834615,1.5154433357005088,0.12101868858301877,-0.3142911186873518,1.4311233826030958,0.014988226276384482,-0.5246150381122994,0.06570597470349429,0.12435215205842295,-0.4870413354789184,0.9675312321509747,0.015297630269832862,-0.34038530946369994,1.6616373158843312,-0.246646307976238,-0.5417177112686713,1.2263841936919864,0.0971690480603485,-0.26217427075106575,1.7039528017407222,-0.30374966882514637,-0.28473410183033404,1.4262296263350556,-0.2729288868063333,-0.4281184663441008,1.3275808437375833,0.07608126805762187,-0.5881987431191451,0.08406102801642276,0.05288818023408091,-0.35922240248776427,0.5067577928502038,0.1281103932156863,-0.4990080746988587,0.055200514969545485,-0.1855212938755948,-0.48922722495549564,1.1685334313784215,0.17849862607603043,-0.3310727288588783,0.4705449137466633,0.2732347055578863,-0.6221766383047925,1.0214285382766597,-0.011597662804870316,-0.4618857131395119,1.478616607110232,0.06705197582132374,-0.3992556220549621,0.5740016305091366,0.01784989743536671,-0.37987947912997755,0.3898100923524787,0.07385061937846885,-0.3449123072999203,0.07353122468223634,-0.14334667027490028,-0.5263062491519561,1.3549684090724845,-0.23968138654303078,-0.3117888148948057,1.3711552219280343,-0.3173828518745915,-0.30732872011448376,1.3336174734775594,0.6802965072014474,-0.40380964359108185,0.09568699910644664,0.3926323704569545,-0.37941690336986883,1.037594514177335,0.3123352166437945,-0.49561985429154326,1.3959784026177513,0.136173052281536,-0.46486666591356923,1.6594197967194564,0.4061501065133423,-0.1517520800035521,1.239940099566188,0.21396569762107553,-0.3800727758087859,1.6975720250448645,0.1912549553278661,0.08645823015677219,1.3536356717150733,0.29140597211801456,-0.022216780034097418,1.2835246889007013,0.6161486257780466,-0.4821140452331265,0.1498513619187257,0.5272758271520501,-0.2613242786649047,0.5318729555764735,0.5558320530597737,-0.402107774027136,0.10830666244474073,0.3386048572446337,-0.20135768019403052,1.1911384873832298,0.40082206522786856,-0.2846580610567371,0.49657045388655946,0.35896180042170533,-0.5726767141890052,1.043051256446649,0.272338696465587,-0.35436764813416843,1.5345470921093265,0.5141079235353218,-0.276823982645739,0.6411868759141063,0.6018120721475968,-0.311248633689833,0.3975055407708054,0.5936516565794976,-0.261703199454096,0.04804980727714418,0.3790966464292924,-0.24882545702110062,1.4018364300001536,0.19875151518460932,-0.009440881422171922,1.3377250355995254,0.1942061008700472,0.03633246086661192,1.260445973928401,0.14884077256779796,-0.33181388725508126,1.2305984652989748,0.27122386490667105,-0.5901013613734024,1.173534345745251,0.8783524036407471,-19.26238250732422,4.544557571411133,-0.6011067032814026,-0.4709302484989166,-2.459049701690674,233.40663146972656,31.582763671875,-1114.5233154296875,-158.86550903320312,99.62107849121094,-10.17731761932373,-1.8102736473083496,24.786312103271484,-1.6970423460006714,-3.7897636890411377,0.33969390392303467,2.7423665523529053
0.12833737942161938,-0.45258308354987214,1.5155170437515966,0.12083836072525442,-0.31440078817455974,1.4313091205445347,0.014967882055912587,-0.5246384041198832,0.06570429613949447,0.1246776447094829,-0.4872249411234003,0.9676868799111701,0.01494895973680726,-0.3407031407222053,1.6616611579396077,-0.24684180985420745,-0.5411680348661562,1.226320244618599,0.09687290920425724,-0.26241299875129925,1.7040108398885916,-0.3030581202925436,-0.28419238930901153,1.4263705761227388,-0.27270830812438435,-0.42755942767029564,1.327561841500516,0.076093895718554,-0.588229527536607,0.08401834488605821,0.05318366948342481,-0.35956885611379386,0.5069077082027663,0.12811926456279313,-0.499034416004522,0.05518238796599653,-0.18552112031654017,-0.4888473984026751,1.1684646424868248,0.1787580373567461,-0.33154117962382484,0.4706135042850545,0.27350071704150825,-0.6224706374256816,1.021657477546212,-0.011754873526338118,-0.4621575661250298,1.4786878555815741,0.06727564633386024,-0.39957361199603175,0.5742211876720782,0.018058661704525254,-0.3801506973852385,0.38991624107029266,0.07386525784501967,-0.34493447327061205,0.07356200909969822,-0.1436454745021877,-0.5262070130433468,1.354925128403089,-0.23914050710517049,-0.3113440970908727,1.3712344441982294,-0.3168877424388532,-0.3066810473108923,1.3337858753488554,0.6800756409073507,-0.40280221757904583,0.09725086040646824,0.3928032120726756,-0.3796151871515426,1.0380185139889748,0.31220656475483977,-0.4956704541942142,1.3962381659754064,0.13589777274439666,-0.4651405321841208,1.6595104838049175,0.4056378296076857,-0.1516995064864885,1.2402827348930157,0.21367769372581646,-0.38031650230979286,1.6977168625553711,0.19038848406234324,0.0860939346599263,1.354288452113701,0.2906798506217287,-0.022280274754673833,1.284014462635217,0.6157929388103106,-0.48066368659600517,0.15203762582398408,0.5268774545745344,-0.2593117672086552,0.5329740935603514,0.555641038923074,-0.400936141314096,0.10974308924860512,0.33810791304174637,-0.20131431026569266,1.1915044887176414,0.400491231916756,-0.28272691408529976,0.49759704081822703,0.35917843187486886,-0.5728628290015341,1.0433464456867698,0.27203235977532847,-0.35450597965954156,1.5348473195208618,0.5138140235910352,-0.2751246411476704,0.6421548197206283,0.6014410723124118,-0.3094115358906866,0.39865714972777083,0.593485099393011,-0.26111412018734886,0.048186899094984234,0.37868039231031936,-0.2485894365421194,1.4023073998508075,0.1980426950466554,-0.009775313604253016,1.3382322247454663,0.19341523688755288,0.036093796091462606,1.2610202857990138,0.14877729458327324,-0.33194364992198566,1.2308016979931207,0.2714081945403522,-0.5903507508584206,1.1737569377122337,0.8093128204345703,-19.41667938232422,4.424645900726318,-0.5583086609840393,-0.4261205196380615,-2.434319496154785,232.90646362304688,30.330753326416016,-1112.681396484375,-159.04759216308594,99.55496978759766,-10.371387481689453,-1.9770731925964355,24.667922973632812,-1.6370856761932373,-3.8257622718811035,0.3070569932460785,2.6974925994873047
0.1281671824538155,-0.4528494223162828,1.5155907518026845,0.12065803286749006,-0.31451045766176766,1.4314948584859735,0.014947537835440691,-0.524661770127467,0.06570261757549466,0.1250031373605428,-0.48740854676788214,0.9678425276713656,0.014600289203781662,-0.3410209719807107,1.6616849999948842,-0.2470373117321769,-0.540618358463641,1.2262562955452116,0.096576770348166,-0.26265172675153275,1.7040688780364612,-0.3023665717599408,-0.283650676787689,1.4265115259104217,-0.2724877294424354,-0.42700038899649057,1.3275428392634487,0.07610652337948613,-0.5882603119540688,0.08397566175569367,0.05347915873276871,-0.3599153097398234,0.5070576235553287,0.12812813590989997,-0.49906075731018523,0.05516426096244759,-0.18552094675748554,-0.48846757184985456,1.1683958535952284,0.17901744863746183,-0.33200963038877146,0.4706820948234457,0.2737667285251302,-0.6227646365465708,1.021886416815764,-0.011912084247805916,-0.46242941911054763,1.4787591040529162,0.06749931684639675,-0.3998916019371014,0.57444074483502,0.01826742597368379,-0.38042191564049943,0.39002238978810655,0.07387989631157048,-0.3449566392413038,0.0735927935171601,-0.1439442787294751,-0.5261077769347374,1.3548818477336935,-0.23859962766731022,-0.3108993792869397,1.3713136664684245,-0.3163926330031149,-0.3060333745073009,1.3339542772201514,0.6798547746132542,-0.4017947915670098,0.09881472170648985,0.39297405368839666,-0.37981347093321627,1.0384425138006148,0.31207791286588504,-0.49572105409688505,1.3964979293330615,0.1356224932072573,-0.4654143984546725,1.6596011708903786,0.40512555270202905,-0.15164693296942489,1.2406253702198433,0.2133896898305574,-0.3805602288107998,1.697861700065878,0.1895220127968204,0.08572963916308043,1.354941232512329,0.28995372912544287,-0.022343769475250252,1.284504236369733,0.6154372518425746,-0.47921332795888383,0.15422388972924245,0.5264790819970188,-0.2572992557524056,0.5340752315442293,0.5554500247863744,-0.39976450860105606,0.11117951605246951,0.3376109688388591,-0.20127094033735476,1.1918704900520527,0.4001603986056435,-0.28079576711386245,0.4986236277498946,0.35939506332803245,-0.5730489438140629,1.0436416349268907,0.27172602308507,-0.3546443111849147,1.5351475469323972,0.5135201236467488,-0.27342529964960177,0.6431227635271501,0.601070072477227,-0.30757443809154017,0.3998087586847362,0.5933185422065242,-0.2605250409206018,0.04832399091282428,0.3782641381913463,-0.24835341606313818,1.4027783697014613,0.19733387490870147,-0.010109745786334107,1.338739413891407,0.19262437290505857,0.035855131316313286,1.2615945976696268,0.14871381659874852,-0.33207341258889,1.2310049306872666,0.2715925241740334,-0.5906001403434387,1.1739795296792164,0.8649981617927551,-19.53986358642578,4.4907426834106445,-0.5784547924995422,-0.45642396807670593,-2.436629056930542,232.41937255859375,29.169342041015625,-1110.8057861328125,-159.21499633789062,99.5106201171875,-10.557037353515625,-2.0196332931518555,24.572769165039062,-1.3987598419189453,-3.833143711090088,0.24517352879047394,2.6619534492492676
0.1279657633099335,-0.4531346814127158,1.5157002305352925,0.12043833683263387,-0.31459742093717813,1.43170347513742,0.014958834553149758,-0.5246823580059784,0.06568468105516687,0.12537067418066872,-0.4875669495159427,0.9680047122058489,0.01441916266443911,-0.341265437026687,1.6617005621360628,-0.2472584205155341,-0.5400368334441785,1.226186608636616,0.09630551208920826,-0.2628972184973837,1.7041163847146445,-0.3016522080693024,-0.28308829171768085,1.42665120465866,-0.2723175383956227,-0.4264320989712974,1.3275264517360965,0.07611909656729919,-0.5882892442854825,0.08393104936902886,0.053805949598156065,-0.3602543641005131,0.5071908882911632,0.12812755163142223,-0.4990750055834158,0.05513251908370201,-0.1854899913467319,-0.488029604321284,1.1683402835138585,0.17928957031262632,-0.3325084953118634,0.4707994024879885,0.2740363261557573,-0.6230916282199076,1.0221911826670564,-0.012066312566004841,-0.4626626506546475,1.4788257041514314,0.0678248679795802,-0.40022985587846366,0.5746704158404016,0.018484000893716778,-0.3807231122689531,0.3901287745561031,0.07390134845743117,-0.3449794679682776,0.07361890459494876,-0.14417632160992022,-0.5259677041445346,1.3548035953218573,-0.23797158216009076,-0.31050310624356303,1.3713437539852218,-0.31584843420824465,-0.3053303933301509,1.334110041327824,0.6796111022399751,-0.40076281633598126,0.10042583389787484,0.39314613910700313,-0.3800272160018517,1.0388456322499457,0.3119536460630152,-0.49577524014656116,1.3967689867840698,0.135375389890955,-0.46568717526284276,1.659701881029748,0.4045834245271241,-0.15152215533303898,1.2409616866648592,0.21310355163962635,-0.3808263982368621,1.6980256394834707,0.18863090152377324,0.0853076974879827,1.3555564627742136,0.2892603732102754,-0.022476874600281777,1.2850315602409919,0.6150774067600832,-0.4775867760181427,0.15641774809518397,0.5260116011891144,-0.2553158783360033,0.5352084178798246,0.555211564562968,-0.39851881968264546,0.11266679578269553,0.33716913327476045,-0.20128624703710443,1.1922150652929646,0.3998262061188553,-0.27889996411784596,0.49968401525194284,0.3597064961660777,-0.5733038400182661,1.043928471622088,0.2714067581078864,-0.3548350730873891,1.5353928291245011,0.5132327786344566,-0.2717427903453246,0.6441253522373983,0.6007408172089532,-0.30579044250463017,0.4010919020665402,0.5931347715144126,-0.2599004814956362,0.04851807863605733,0.37784107493249,-0.24820138859433055,1.4032412048996679,0.19656758109070607,-0.010429714504160626,1.3392099607859227,0.19182884693145752,0.035627868445898526,1.2621639706441108,0.14861701014420844,-0.3321805598325287,1.231194254578344,0.2717518143306505,-0.5908097644515385,1.1742162846571562,0.961232602596283,-19.49564552307129,4.555765628814697,-0.649796724319458,-0.5145285129547119,-2.469426393508911,231.9467315673828,27.74509620666504,-1108.509033203125,-159.4402618408203,99.46797180175781,-10.75817584991455,-1.9245482683181763,24.514375686645508,-1.459084391593933,-3.7661962509155273,0.22671975195407867,2.647286891937256
0.12776145950847903,-0.4534216885831182,1.5158130141678234,0.12021500352054637,-0.3146822863560639,1.431914205582726,0.01497305461840815,-0.5247026892095212,0.06566524244104789,0.12574209551641483,-0.48772302373552956,0.9681675006814351,0.014253515733208582,-0.3415031236725927,1.6617153592851779,-0.24748189515428037,-0.5394523658894546,1.2261163916019415,0.09603655258107265,-0.26314333515451444,1.7041629183766067,-0.3009357364564542,-0.28252399668393546,1.4267907659739059,-0.27215200272814327,-0.4258629542016825,1.3275103057851854,0.07613166472226973,-0.5883180055002503,0.08388625873585805,0.05413563246067786,-0.3605927348334268,0.5073226146548,0.12812609373536332,-0.4990881365656063,0.05509951930887849,-0.18545619196054952,-0.4875862650721278,1.1682859347356076,0.1795628663177127,-0.333010170238697,0.47092121119136054,0.27430625511518375,-0.623421668118199,1.02250295423514,-0.012220265336075661,-0.462892313913399,1.478891874780718,0.068159831996193,-0.40056998203724425,0.5749010212768783,0.018701297449971864,-0.38102707863840835,0.390235181133084,0.0739234301280107,-0.3450023579281687,0.07364458389678932,-0.14440219632245058,-0.5258238584000543,1.354722111825122,-0.23733548326602835,-0.3101113090748029,1.371369301878064,-0.3152996999834547,-0.30462230214022645,1.3342646378160312,0.6793653227832933,-0.3997285729705893,0.1020413116607445,0.3933183394421805,-0.38024238955895634,1.0392468214429766,0.31182978440396836,-0.49582975752503666,1.3970410877110941,0.1351308898124474,-0.4659598514141626,1.6598035172121415,0.4040385383545168,-0.1513907066638896,1.2412974193001425,0.2128175858235517,-0.38109464119404357,1.6981913437511746,0.18773751372829178,0.0848804298072856,1.3561682237299861,0.28857004454988516,-0.022616411121377092,1.285562353418363,0.6147171775039458,-0.4759439453482628,0.15861230812325383,0.5255377353816633,-0.2533351926515434,0.5363445652044372,0.5549687207337247,-0.3972662886148257,0.11415877388111803,0.33673238926968035,-0.20130697494705782,1.1925576609491513,0.3994917032734448,-0.2770074265978194,0.5007475256327761,0.36002668782772607,-0.5735650910249609,1.0442145366147655,0.27108629866941086,-0.35503067910079134,1.5356330348561142,0.5129460392408813,-0.27006183618938684,0.6451311418354906,0.6004154187756658,-0.3040113531003725,0.4023871980854218,0.5929494104440639,-0.2592726440125743,0.048717432285332124,0.3774173825683183,-0.24805712134928892,1.4037032885267244,0.19579597720444597,-0.010748346923659278,1.3396771222550348,0.19103289023041725,0.03540165901233424,1.2627328873075396,0.1485171244288517,-0.3322856176077135,1.2313822934169643,0.2719087910573214,-0.5910157145845969,1.174454348174152,1.0053300857543945,-19.386367797851562,4.566158294677734,-0.6839469075202942,-0.5344709157943726,-2.50765061378479,231.6191864013672,26.44089698791504,-1106.5023193359375,-159.64462280273438,99.43331909179688,-10.915562629699707,-1.7515110969543457,24.505741119384766,-2.073350429534912,-3.6464805603027344,0.2636716067790985,2.6601383686065674
0.12755715570702458,-0.4537086957535207,1.5159257978003546,0.11999167020845887,-0.31476715177494957,1.4321249360280321,0.014987274683666545,-0.524723020413064,0.06564580382692893,0.12611351685216096,-0.48787909795511636,0.9683302891570211,0.014087868801978053,-0.3417408103184984,1.6617301564342928,-0.24770536979302665,-0.5388678983347306,1.2260461745672668,0.09576759307293703,-0.2633894518116452,1.704209452038569,-0.300219264843606,-0.28195970165019,1.4269303272891518,-0.2719864670606638,-0.4252938094320676,1.3274941598342744,0.07614423287724027,-0.5883467667150182,0.08384146810268724,0.054465315323199655,-0.36093110556634056,0.5074543410184368,0.1281246358393044,-0.4991012675477969,0.05506651953405497,-0.18542239257436716,-0.4871429258229717,1.1682315859573567,0.1798361623227991,-0.33351184516553056,0.4710430198947325,0.27457618407461026,-0.6237517080164903,1.0228147258032236,-0.012374218106146482,-0.46312197717215053,1.4789580454100046,0.06849479601280578,-0.40091010819602485,0.5751316267133548,0.018918594006226946,-0.3813310450078636,0.3903415877100648,0.07394551179859023,-0.3450252478880598,0.0736702631986299,-0.14462807103498093,-0.525680012655574,1.3546406283283865,-0.23669938437196594,-0.3097195119060428,1.3713948497709059,-0.31475096575866474,-0.30391421095030197,1.3344192343042387,0.6791195433266115,-0.3986943296051973,0.10365678942361413,0.3934905397773579,-0.380457563116061,1.0396480106360075,0.3117059227449215,-0.49588427490351217,1.3973131886381187,0.13488638973393977,-0.46623252756548245,1.6599051533945348,0.4034936521819096,-0.15125925799474021,1.2416331519354258,0.21253162000747705,-0.38136288415122505,1.6983570480188788,0.18684412593281033,0.08445316212658852,1.3567799846857589,0.28787971588949496,-0.022755947642472404,1.286093146595734,0.6143569482478085,-0.4743011146783829,0.16080686815132367,0.5250638695742121,-0.2513545069670835,0.5374807125290498,0.5547258769044813,-0.3960137575470059,0.1156507519795405,0.33629564526460026,-0.2013277028570112,1.1929002566053377,0.3991572004280343,-0.2751148890777929,0.5018110360136095,0.3603468794893745,-0.5738263420316557,1.0445006016074427,0.27076583923093533,-0.3552262851141936,1.5358732405877271,0.512659299847306,-0.2683808820334492,0.646136931433583,0.6000900203423785,-0.3022322636961148,0.40368249410430324,0.5927640493737152,-0.2586448065295125,0.048916785934606924,0.3769936902041467,-0.24791285410424732,1.404165372153781,0.19502437331818587,-0.011066979343157925,1.340144283724147,0.19023693352937698,0.03517544957876995,1.2633018039709685,0.148417238713495,-0.33239067538289835,1.2315703322555844,0.27206576778399233,-0.5912216647176554,1.1746924116911477,0.991919755935669,-19.345605850219727,4.531710147857666,-0.6369466781616211,-0.4822646379470825,-2.514259099960327,231.10543823242188,24.879411697387695,-1103.9423828125,-159.89109802246094,99.38177490234375,-11.083000183105469,-1.7148237228393555,24.54623031616211,-2.442955255508423,-3.643152952194214,0.29183563590049744,2.6949350833892822
0.12738895640764014,-0.4539550791513051,1.5160261568249456,0.11981059952534193,-0.3149349893757839,1.4323180047486792,0.014993564580375983,-0.5247426111966569,0.06564322556831584,0.12648391333834225,-0.48805509127725827,0.9685153985852437,0.013909633038565516,-0.34198968452925715,1.661766588293164,-0.2478900807385413,-0.5382490283408702,1.2259404534930425,0.09549599469004089,-0.2636367242462588,1.7042731778905882,-0.29952012086348817,-0.28135257061348845,1.427038538140177,-0.2717729666276483,-0.42465329540289,1.3274541398547344,0.0761602706220371,-0.5883668776576882,0.0838009077956937,0.05474984385566601,-0.36131243871537266,0.5075930923420862,0.12813748068959507,-0.4991174234163682,0.05502761445865528,-0.185408530349763,-0.48668353210221854,1.1682007861453176,0.18013639336094162,-0.3339532029549807,0.4711439343082984,0.2748530115808872,-0.6240409886994899,1.0231038152382075,-0.012516317102712707,-0.46331019497272985,1.479022807435484,0.06880598306803909,-0.40126749878095475,0.5753338975424798,0.019122460292689256,-0.3816237244878384,0.39045599443430934,0.07395927277424477,-0.34504650350635413,0.07370597203046281,-0.14481482538857207,-0.525511371872283,1.3545849331167361,-0.23610237423355215,-0.3091674679951952,1.371354771173553,-0.3141631518077377,-0.3032062913210976,1.3344651154729703,0.678841672985759,-0.3975205441677807,0.10532478734061418,0.3937009439760486,-0.3806993466438047,1.040062744096415,0.3115681375790116,-0.4959767433191767,1.3975997729017244,0.13464496420412664,-0.4665007521675912,1.6600077647641795,0.402992134753442,-0.151117791082488,1.242038664636233,0.21228554205882627,-0.3815540963450804,1.6984258836863058,0.1860028248749032,0.08414443838872657,1.3574037007148692,0.2871813058162367,-0.022869923873650316,1.2865224480628967,0.6139975497067369,-0.47260726726805136,0.1630238936042154,0.524595367296642,-0.24935217754335595,0.5386492216231807,0.5544650462881618,-0.3947261648857041,0.11713464415033921,0.33584496872314556,-0.20134926148203036,1.1932408657689757,0.39878331988260446,-0.2732482301379671,0.502912560638213,0.36063502541441,-0.5740710870911744,1.0447453836731564,0.2704835475379268,-0.3553780618783654,1.5361592078840496,0.5123581312942189,-0.2667080544379373,0.6471531230290204,0.5996536311526962,-0.30029593437712715,0.4049661510827525,0.5926334252025908,-0.2580079846824242,0.049115479300847115,0.37656554629076394,-0.24785588869195901,1.4046490543725474,0.1942634287703511,-0.011402516701375903,1.3406730625803107,0.18941805089842406,0.03495261153909347,1.2638719486479728,0.14837246010733757,-0.3325175394285594,1.2317722765420447,0.2722051279335622,-0.5914184228079209,1.174938999067079,0.9259502291679382,-19.351360321044922,4.31915283203125,-0.6025820970535278,-0.4570499062538147,-2.498502492904663,230.58758544921875,23.559310913085938,-1102.095947265625,-160.18170166015625,99.34841918945312,-11.230283737182617,-1.8130937814712524,24.65437889099121,-2.265077829360962,-3.7655398845672607,0.30690550804138184,2.7312304973602295
0.1272243083707544,-0.45419746676817635,1.5161252937569523,0.11963368582212372,-0.3151109881748427,1.4325093362505072,0.014999074460506833,-0.524762129152058,0.06564230570532628,0.1268542090196483,-0.48823304385538924,0.9687027035170044,0.013730159029364586,-0.3422396591562309,1.6618051481562734,-0.24807097886177087,-0.5376267745005374,1.2258312402182068,0.09522413674569288,-0.2638841103639034,1.7043385947776946,-0.2988226812406881,-0.2807412261994469,1.4271436653389835,-0.2715547483488424,-0.4240057614465423,1.3274117716100833,0.07617664963796439,-0.5883861377539225,0.08376076358635694,0.05502993097861871,-0.3616979976758262,0.507732534645409,0.12815173236739558,-0.49913387681474747,0.0549881285340186,-0.1853966291574453,-0.4862225592531116,1.1681723026250372,0.18043927374659785,-0.3343886279112456,0.4712427935458177,0.27513051763275603,-0.624326260279346,1.023390673643706,-0.012657250154344057,-0.463494336170866,1.4790874309097695,0.06911483140575965,-0.40162658750616165,0.5755333813610456,0.019325005569008014,-0.3819152937819626,0.3905711880582847,0.07397221532089031,-0.3450675983697373,0.0737426673734425,-0.14499773183800527,-0.5253402922327155,1.3545317744577168,-0.23550920889077598,-0.30859966210971607,1.3713082375115906,-0.3135714939493217,-0.3024983885667182,1.3345003033315899,0.6785606461644962,-0.39633303328065683,0.10699795117441392,0.39391510593180623,-0.3809437475457097,1.040478809779843,0.3114289828878365,-0.496072944623745,1.3978877817558137,0.13440384108893919,-0.4667685389124005,1.6601104720538815,0.40249488310308645,-0.15097533876927482,1.2424510409500424,0.2120433875069713,-0.3817377317425431,1.698485191294689,0.18516664710265912,0.08384737471081563,1.3580285926528324,0.2864821008499095,-0.022981385977951106,1.2869417667388916,0.613638232875344,-0.47090840181767546,0.16524312877102404,0.5241273925793881,-0.24734771922724136,0.5398209138421823,0.5542024464796711,-0.3934351235430762,0.1186177409839946,0.3353929217682769,-0.2013709018167281,1.1935812795399041,0.39840556612077926,-0.2713841166322594,0.5040178243687611,0.36092001929977874,-0.5743142086149051,1.044986105123103,0.27020501004939046,-0.3555255275688424,1.5364496763178845,0.5120555434795405,-0.2650360261762379,0.6481703377717378,0.599206324839434,-0.29834413883701855,0.40624866323755277,0.5925081849887671,-0.25737027912739885,0.04931410772121505,0.3761369645200818,-0.24780751034518742,1.4051348610429575,0.19350353268203357,-0.011739716840451522,1.3412079021630698,0.1885969132579715,0.034730105111930545,1.2644422141131977,0.14833310187257678,-0.3326465483532836,1.2319755885774726,0.2723427553050565,-0.5916142767628297,1.175186424855365,0.8867871165275574,-19.34524917602539,4.171731472015381,-0.6453372240066528,-0.5002070069313049,-2.488053798675537,229.9576873779297,22.005653381347656,-1100.066650390625,-160.4740447998047,99.2583236694336,-11.39498233795166,-1.9274227619171143,24.691682815551758,-2.0078039169311523,-3.8139164447784424,0.27039647102355957,2.7219598293304443
0.12705966033386867,-0.4544398543850476,1.5162244306889592,0.11945677211890553,-0.31528698697390145,1.4327006677523355,0.015004584340637686,-0.5247816471074591,0.06564138584233672,0.1272245047009544,-0.48841099643352015,0.9688900084487649,0.013550685020163657,-0.3424896337832047,1.6618437080193829,-0.24825187698500045,-0.5370045206602047,1.225722026943371,0.09495227880134488,-0.2641314964815481,1.7044040116648012,-0.298125241617888,-0.2801298817854054,1.4272487925377904,-0.27133653007003644,-0.4233582274901946,1.327369403365432,0.07619302865389167,-0.5884053978501567,0.08372061937702018,0.055310018101571407,-0.3620835566362798,0.5078719769487318,0.12816598404519605,-0.49915033021312677,0.05494864260938191,-0.18538472796512756,-0.48576158640400463,1.1681438191047568,0.18074215413225408,-0.33482405286751044,0.471341652783337,0.2754080236846248,-0.6246115318592022,1.0236775320492044,-0.012798183205975403,-0.46367847736900214,1.4791520543840548,0.06942367974348021,-0.4019856762313685,0.5757328651796113,0.019527550845326768,-0.38220686307608687,0.39068638168226016,0.07398515786753584,-0.3450886932331205,0.07377936271642217,-0.14518063828743846,-0.5251692125931481,1.3544786157986977,-0.23491604354799978,-0.3080318562242369,1.3712617038496282,-0.3129798360909058,-0.3017904858123388,1.3345354911902092,0.6782796193432334,-0.39514552239353296,0.10867111500821365,0.3941292678875639,-0.3811881484476146,1.040894875463271,0.31128982819666134,-0.4961691459283134,1.3981757906099028,0.13416271797375173,-0.4670363256572098,1.6602131793435835,0.40199763145273093,-0.15083288645606166,1.242863417263852,0.21180123295511633,-0.38192136714000574,1.6985444989030725,0.18433046933041503,0.0835503110329047,1.3586534845907956,0.2857828958835823,-0.023092848082251895,1.2873610854148865,0.613278916043951,-0.46920953636729956,0.16746236393783265,0.5236594178621342,-0.24534326091112682,0.5409926060611838,0.5539398466711802,-0.3921440822004483,0.12010083781764995,0.33494087481340823,-0.20139254215142585,1.1939216933108323,0.3980278123589541,-0.2695200031265518,0.5051230880993092,0.3612050131851474,-0.574557330138636,1.0452268265730498,0.26992647256085417,-0.3556729932593194,1.5367401447517193,0.5117529556648621,-0.2633639979145385,0.6491875525144551,0.598759018526172,-0.29639234329691,0.40753117539235295,0.5923829447749435,-0.25673257357237356,0.04951273614158298,0.3757083827493996,-0.24775913199841582,1.4056206677133674,0.19274363659371604,-0.012076916979527135,1.3417427417458287,0.18777577561751896,0.03450759868476762,1.2650124795784223,0.148293743637816,-0.33277555727800784,1.2321789006129007,0.2724803826765509,-0.5918101307177386,1.1754338506436506,0.9779622554779053,-19.348983764648438,4.227597236633301,-0.6690145134925842,-0.5175142288208008,-2.48549222946167,229.4033203125,20.55607795715332,-1098.0814208984375,-160.68743896484375,99.1665267944336,-11.537521362304688,-1.9824548959732056,24.64357566833496,-1.9343767166137695,-3.7452211380004883,0.2324286550283432,2.6706137657165527
0.1269100226511229,-0.45465032647777076,1.5162961601421534,0.1192931423321465,-0.31547965296846353,1.4329180417471374,0.015011586332138603,-0.5248021708418992,0.0656387372966239,0.12750483254920567,-0.4885584343940217,0.9690814981397414,0.013229524133887316,-0.34276142124308656,1.6619023475425923,-0.2483928088616851,-0.5363485013807057,1.2255715408072567,0.09470308231596915,-0.2643643706444873,1.7044595144442376,-0.29731073649908535,-0.2794988797792536,1.4273237463654271,-0.2710901050772888,-0.42272864489365886,1.3273295854890583,0.07622051838514031,-0.5884351288246004,0.0836766069594598,0.055620467179263666,-0.3624452373247273,0.5080298286005361,0.12817790087879888,-0.49917704794580575,0.054910595756986286,-0.1853475161636902,-0.4853079952546303,1.1680964053861354,0.18102812485781727,-0.3352894356708653,0.47143150491035535,0.2756557963936534,-0.6248889547704861,1.0239409342506864,-0.012907057331369215,-0.4638667045444842,1.4792059734957108,0.0697176344692707,-0.40233978096223033,0.5759454959670439,0.019747868439318327,-0.38250893018893056,0.39080806796913903,0.07399850676687347,-0.3451096893146338,0.07381174308772119,-0.14536625225812394,-0.5249726831518262,1.354444782465499,-0.23425491627873174,-0.30746375399314807,1.3712348187996062,-0.31234498361483315,-0.3009619883551503,1.3346076414285117,0.6779640368278453,-0.3939795818747274,0.1104278236084821,0.39432487681212014,-0.38143121130419094,1.0413602602402896,0.3111665684063703,-0.4962554061847017,1.398441995611254,0.13393570270562014,-0.4672672488042061,1.6603089898627326,0.4014733764312125,-0.1507833878824253,1.2432183564103991,0.21156403096701135,-0.38213409828823924,1.6986062131970134,0.1834057964729947,0.08317938545681783,1.3592894400981879,0.2850523231834765,-0.02323871265652756,1.2878398887369016,0.6128465724701913,-0.46748421533613016,0.16975401968553366,0.5231580728331938,-0.24336929925230166,0.5421982433227513,0.5536634353612433,-0.39076490048935875,0.12161686044457731,0.3345667398133815,-0.2014346168629381,1.1942857428891769,0.39761373380951537,-0.26765009741119994,0.5062399542094855,0.3614774617730387,-0.5748246442403225,1.0455054443403584,0.26966723345762844,-0.3557834067684136,1.5370438679164609,0.5114415493232525,-0.261726938434784,0.6502362876538409,0.598308587113753,-0.2944347555471572,0.4088643446860724,0.5922262560058114,-0.2560894350145037,0.04980236174699092,0.37528974202689747,-0.2475901095579002,1.4060145892844296,0.1920044802079927,-0.012417053353559495,1.3422333988922321,0.1869508752858402,0.03423759950608607,1.2655468602843631,0.14825892936907067,-0.3328833191205334,1.2324210429033697,0.27263094149283223,-0.5920058230295876,1.1756907594914467,1.150449514389038,-19.457759857177734,4.340691089630127,-0.5998786687850952,-0.48509612679481506,-2.474539279937744,228.8341064453125,19.346229553222656,-1095.7193603515625,-160.8152618408203,99.08163452148438,-11.672430992126465,-1.8806860446929932,24.637279510498047,-2.043843984603882,-3.6825594902038574,0.2997850179672241,2.5973079204559326
0.12676195198336973,-0.45485746673006094,1.5163650283750318,0.11913089932787498,-0.31567405894497375,1.4331381344637335,0.015018744093507824,-0.5248227995752499,0.06563590828403337,0.12777576815114905,-0.4887026867625729,0.9692734247011854,0.012893571760443761,-0.34303548586684346,1.6619630832940537,-0.2485295684379063,-0.5356889571377773,1.225416745965844,0.09445625158729933,-0.26459572982314405,1.7045139822344118,-0.2964840102570736,-0.27886582560689244,1.4273955502257443,-0.2708407354275912,-0.4221009363401805,1.3272900338599225,0.07624916802623019,-0.5884659529127032,0.08363219071796399,0.055934085911571584,-0.36280442522653683,0.5081896021074017,0.12818957396493053,-0.49920483722986764,0.05487269913740703,-0.18530766204591617,-0.484855174722261,1.1680470154380167,0.1813123302891949,-0.3357579459417735,0.47152041673462913,0.2759004650723855,-0.6251655583152708,1.0242018877275731,-0.013012584645782184,-0.46405535827804084,1.4792587751189605,0.07001003436744213,-0.40269336538599027,0.5761594992402373,0.01997004138515485,-0.3828120932279044,0.3909304320614859,0.074011898087646,-0.34513067508375406,0.07384367299494364,-0.14555214888212697,-0.5247734968630683,1.3544129666113696,-0.2335866940830717,-0.30689562082488014,1.3712099849783033,-0.3117056218105436,-0.30012090134107516,1.334683650376781,0.6776448468498836,-0.3928158932075595,0.11219325391514016,0.39451854888177074,-0.38167413447471643,1.0418307937138918,0.31104496797386383,-0.49634062863935696,1.3987059243862203,0.13371016023470866,-0.46749432355362847,1.6604040803893512,0.4009463023764408,-0.15074359327061287,1.243567299369155,0.2113273460047924,-0.38234986690495976,1.6986681787383477,0.18247188511767135,0.08280074902322908,1.3599265505935971,0.28431847582984443,-0.023388168697448954,1.2883249019944905,0.6124066052255251,-0.4657561324586142,0.1720532358235476,0.522653244090396,-0.24139852131044628,0.5434074242975538,0.5533855821912652,-0.38937651731123196,0.12313632037959352,0.33420073847897,-0.20147882483356835,1.194652259941922,0.3971958631119191,-0.26577958701462145,0.5073580315570958,0.36174860068701753,-0.5750944839408066,1.0457880183166226,0.26941000902100115,-0.3558899521926381,1.5373489748168465,0.5111292223661941,-0.2600935295421556,0.6512883133840877,0.5978578294547189,-0.2924765631161778,0.41020280236242623,0.5920662841457405,-0.2554457292750182,0.0501014870585294,0.3748721391061284,-0.24740849240430143,1.4063989184550103,0.1912674889560567,-0.012757496257614813,1.3427194435864884,0.1861255821457367,0.033962642292905326,1.26607749477917,0.14822458947040387,-0.3329888628610712,1.2326672389017825,0.2727828502951079,-0.5922014984666117,1.1759486583289722,1.1835501194000244,-19.572219848632812,4.42189884185791,-0.5518593192100525,-0.49240171909332275,-2.470912218093872,228.09854125976562,17.921737670898438,-1092.7177734375,-161.02000427246094,99.01616668701172,-11.83848762512207,-1.7241017818450928,24.699918746948242,-2.3011727333068848,-3.7322001457214355,0.38212934136390686,2.583043336868286
0.12661388131561657,-0.4550646069823511,1.5164338966079105,0.11896865632360344,-0.3158684649214839,1.4333582271803293,0.015025901854877045,-0.5248434283086006,0.06563307927144284,0.12804670375309243,-0.48884693913112415,0.9694653512626294,0.01255761938700021,-0.34330955049060036,1.6620238190455152,-0.24866632801412747,-0.535029412894849,1.2252619511244314,0.09420942085862949,-0.26482708900180085,1.704568450024586,-0.29565728401506186,-0.2782327714345313,1.4274673540860612,-0.27059136577789356,-0.42147322778670204,1.3272504822307865,0.07627781766732007,-0.5884967770008062,0.08358777447646817,0.0562477046438795,-0.36316361312834633,0.5083493756142673,0.12820124705106217,-0.4992326265139296,0.054834802517827776,-0.18526780792814218,-0.4844023541898917,1.167997625489898,0.18159653572057258,-0.33622645621268166,0.47160932855890286,0.27614513375111766,-0.6254421618600555,1.02446284120446,-0.013118111960195153,-0.4642440120115975,1.47931157674221,0.07030243426561356,-0.4030469498097502,0.5763735025134308,0.02019221433099137,-0.38311525626687815,0.39105279615383276,0.07402528940841852,-0.34515166085287435,0.0738756029021661,-0.14573804550612998,-0.5245743105743105,1.35438115075724,-0.23291847188741166,-0.3063274876566123,1.3711851511570001,-0.3110662600062541,-0.299279814327,1.3347596593250501,0.6773256568719219,-0.3916522045403916,0.11395868422179821,0.3947122209514214,-0.3819170576452419,1.042301327187494,0.3109233675413574,-0.4964258510940122,1.3989698531611865,0.1334846177637972,-0.4677213983030509,1.66049917091597,0.4004192283216691,-0.15070379865880043,1.243916242327911,0.21109066104257343,-0.3825656355216803,1.698730144279682,0.181537973762348,0.08242211258964034,1.3605636610890066,0.28358462847621235,-0.023537624738370344,1.2888099152520793,0.611966637980859,-0.4640280495810983,0.17435245196156152,0.5221484153475983,-0.2394277433685909,0.5446166052723562,0.5531077290212871,-0.38798813413310523,0.1246557803146097,0.33383473714455864,-0.20152303280419862,1.1950187769946674,0.39677799241432293,-0.263909076618043,0.508476108904706,0.3620197396009963,-0.5753643236412908,1.0460705922928868,0.2691527845843738,-0.35599649761686264,1.5376540817172322,0.5108168954091357,-0.2584601206495273,0.6523403391143344,0.5974070717956846,-0.2905183706851985,0.41154126003878005,0.5919063122856696,-0.25480202353553266,0.05040061237006787,0.37445453618535934,-0.24722687525070267,1.406783247625591,0.19053049770412067,-0.013097939161670126,1.3432054882807447,0.18530028900563322,0.03368768507972458,1.2666081292739768,0.14819024957173707,-0.333094406601609,1.2329134349001953,0.2729347590973835,-0.5923971739036358,1.1762065571664975,1.084970235824585,-19.469682693481445,4.597355365753174,-0.5962132811546326,-0.5125949382781982,-2.4826667308807373,227.4047088623047,16.542442321777344,-1090.0379638671875,-161.21011352539062,98.94772338867188,-11.956744194030762,-1.6762127876281738,24.740217208862305,-2.4743857383728027,-3.77876353263855,0.38549256324768066,2.6601741313934326
0.12653062613495927,-0.4551965407287048,1.5164633263025853,0.11888553376081369,-0.31599827421619403,1.4334930840706983,0.015034517853070568,-0.524860949113669,0.0656295134655095,0.1282387265553143,-0.48900200673286487,0.9696126594053989,0.012379292785714301,-0.3434535465295741,1.662073623463018,-0.24876351062430452,-0.5345511644683927,1.2251587050245298,0.09402348051797475,-0.2650021928923809,1.7046080211929928,-0.29511376327236755,-0.27776116877794266,1.427499397898352,-0.2703887936689996,-0.4210060687353279,1.3272255057135955,0.07630234349839735,-0.5885142762929398,0.0835636155864853,0.05650744592117158,-0.3634510507548092,0.508441346271938,0.12821207617391026,-0.4992391693572335,0.054814029645347435,-0.185220943110076,-0.48405877555048227,1.1679420554085282,0.1817723387568597,-0.3365240482897158,0.47165881970662943,0.2763511140812312,-0.6256524629348161,1.0246536698167688,-0.013197486459999191,-0.4643961475878362,1.4793556618769437,0.07051736146014258,-0.40332861427242395,0.5765252757743494,0.02034522694171659,-0.3833437129263057,0.3911392583160211,0.07403797072833342,-0.34516305491229554,0.07389856402497023,-0.14590146323505615,-0.5244050425606848,1.354356015162752,-0.23242700418198345,-0.3059842774015389,1.3712005417868,-0.3105825000251366,-0.29871455594798585,1.334791478534408,0.6770729479805523,-0.39076215645532736,0.11520506594552109,0.39480732346804726,-0.382061911389133,1.0426491510789127,0.31085507522355643,-0.4964834862197472,1.3991422945300476,0.1333206935434152,-0.46787586541760046,1.6605657542383434,0.4000433710533262,-0.15065093824504228,1.2441218990758556,0.2109290530892792,-0.382727863822157,1.6987918240345077,0.18094630961287891,0.08221350349979291,1.3610249414349234,0.2830939943723331,-0.02362033288420135,1.2891198842730742,0.6116634195806175,-0.46276771884090856,0.17598891578960102,0.5217682073842611,-0.23807486711649706,0.545507044981647,0.5528900517730524,-0.38701122994257126,0.12574908791097583,0.3335402806764407,-0.2015433329472084,1.1952700149144557,0.3964557083730666,-0.26267505743053576,0.5092813571952036,0.36222190572726015,-0.5755622165882035,1.0462600355906202,0.26897028438894954,-0.35608061773098065,1.537860842335303,0.5105950913287156,-0.2573345722445589,0.6531154019943136,0.5970832390698376,-0.28914539757745944,0.41249896970805744,0.5917770803369433,-0.2543105080427713,0.05061038251078089,0.3741569457365977,-0.24715736232056523,1.407051261687121,0.19000093387254816,-0.01334952618402509,1.3435338502688123,0.18474282694376068,0.03350475782047439,1.2669968350438883,0.14820578834967107,-0.33316519155802315,1.2330763598546286,0.27304758659459105,-0.5925361385803349,1.176386079054005,1.0128575563430786,-19.23920440673828,4.726025581359863,-0.6525647044181824,-0.5014433860778809,-2.4766950607299805,226.65638732910156,14.910057067871094,-1087.3189697265625,-161.4073486328125,98.89661407470703,-12.084158897399902,-1.7534226179122925,24.73136329650879,-2.277376890182495,-3.74171781539917,0.35975682735443115,2.7311341762542725
0.12645453288657776,-0.45532016436390527,1.5164883981477346,0.1188111537882429,-0.3161209457560091,1.4336185226377272,0.015043294982404897,-0.5248781265012475,0.06562586624594714,0.12842202971115807,-0.4891582693879967,0.96975503733616,0.012218383396821504,-0.3435831703492348,1.6621222199983154,-0.2488563200890623,-0.5340929487288393,1.2250611549181654,0.09384426839699019,-0.26517108072902984,1.7046459463258452,-0.29460153595501226,-0.2773074060678482,1.42752704833517,-0.2701913925590894,-0.42055664996042946,1.3272021397060116,0.07632641365985997,-0.5885303032319278,0.08354169507788507,0.05676123388851715,-0.3637305601740515,0.5085258249020734,0.12822281204114686,-0.4992433645275255,0.05479514889961836,-0.18517330362899415,-0.48372726783847175,1.1678858024395065,0.18193616362794346,-0.3368027543784767,0.47170395497849443,0.27655281945569626,-0.6258554377697951,1.0248367498252566,-0.013273971146034286,-0.46454424800857014,1.479398783863775,0.0707237281349321,-0.4036023317780716,0.5766701727908179,0.02049059752646266,-0.38356391473716456,0.39122175341410353,0.0740505735951149,-0.34517338911429146,0.07392053412187179,-0.14606239710817273,-0.524239080433814,1.3543316177185007,-0.2319550673594538,-0.30566592050703945,1.3712203771073297,-0.3101159336156403,-0.29817977587118843,1.3348184148996871,0.6768275850656017,-0.3899023448986723,0.1163940942346655,0.3948915343213555,-0.38219592873229097,1.0429834159004767,0.3107926733051704,-0.49653807302184455,1.3993046267932614,0.13316357796950057,-0.4680223095890702,1.660629187593397,0.39968422282215776,-0.15059663409626248,1.2443117230933234,0.21077574093807613,-0.3828841760655902,1.6988534722107136,0.18039246283422242,0.08202368196174009,1.36146679303504,0.28263023466069176,-0.023695665572011314,1.2894105113894734,0.6113753115499256,-0.4615590734197604,0.17755214731819582,0.521401769672798,-0.2367902672942111,0.5463622646615994,0.5526790237979383,-0.38607979304348394,0.12679530685113755,0.33325372971841044,-0.20156099134130984,1.1955085148085032,0.3961439863932843,-0.26151136876336784,0.5100520387390591,0.36241645055101407,-0.5757521596175945,1.0464391882056432,0.2687960410157576,-0.35616225991028033,1.538056735960853,0.510383289776101,-0.2562651410205475,0.6538598612444291,0.5967734311984865,-0.28783708958831056,0.4134146077743429,0.5916512450635039,-0.2538358091518579,0.050810279151955184,0.3738726163344667,-0.2471002365974401,1.407306423250413,0.1894942901979219,-0.0135912948769104,1.3438447887534337,0.18421495947616778,0.03333199961690713,1.2673698580817672,0.14822683858358307,-0.3332321357648104,1.2332300835887329,0.27315609571554805,-0.5926688368746776,1.1765569405050467,0.9999278783798218,-19.1589298248291,4.710113525390625,-0.6548712253570557,-0.4790710508823395,-2.4731533527374268,225.92428588867188,13.612855911254883,-1084.747802734375,-161.5033721923828,98.81967163085938,-12.202138900756836,-1.876164436340332,24.653989791870117,-1.869139313697815,-3.697502613067627,0.3486707806587219,2.720766305923462
0.12637843963819623,-0.4554437879991058,1.516513469992884,0.11873677381567213,-0.3162436172958241,1.4337439612047562,0.015052072111739229,-0.5248953038888262,0.06562221902638476,0.12860533286700185,-0.48931453204312864,0.9698974152669212,0.012057474007928708,-0.34371279416889544,1.6621708165336129,-0.24894912955382012,-0.533634732989286,1.224963604811801,0.09366505627600563,-0.26533996856567876,1.7046838714586978,-0.2940893086376569,-0.27685364335775375,1.4275546987719883,-0.26999399144917924,-0.420107231185531,1.3271787736984277,0.07635048382132259,-0.5885463301709156,0.08351977456928483,0.05701502185586272,-0.3640100695932938,0.5086103035322088,0.12823354790838348,-0.4992475596978175,0.05477626815388929,-0.18512566414791226,-0.48339576012646124,1.1678295494704847,0.18209998849902723,-0.3370814604672375,0.4717490902503595,0.27675452483016133,-0.626058412604774,1.0250198298337443,-0.013350455832069381,-0.46469234842930407,1.4794419058506063,0.07093009480972164,-0.40387604928371923,0.5768150698072863,0.02063596811120873,-0.38378411654802347,0.391304248512186,0.07406317646189636,-0.3451837233162874,0.07394250421877334,-0.1462233309812893,-0.5240731183069431,1.3543072202742494,-0.23148313053692413,-0.30534756361254006,1.3712402124278593,-0.309649367206144,-0.297644995794391,1.3348453512649663,0.676582222150651,-0.38904253334201727,0.1175831225238099,0.3949757451746638,-0.3823299460754489,1.0433176807220408,0.31073027138678444,-0.49659265982394185,1.3994669590564752,0.13300646239558592,-0.46816875376053996,1.6606926209484505,0.3993250745909893,-0.15054232994748268,1.2445015471107912,0.21062242878687304,-0.3830404883090234,1.6989151203869195,0.17983861605556595,0.08183386042368727,1.3619086446351563,0.28216647494905045,-0.023770998259821277,1.2897011385058725,0.6110872035192338,-0.46035042799861225,0.1791153788467906,0.5210353319613349,-0.23550566747192517,0.5472174843415519,0.5524679958228244,-0.3851483561443967,0.12784152579129926,0.3329671787603801,-0.20157864973541126,1.1957470147025506,0.39583226441350206,-0.26034768009619996,0.5108227202829146,0.362610995374768,-0.5759421026469856,1.0466183408206662,0.2686217976425657,-0.35624390208958,1.538252629586403,0.5101714882234863,-0.25519570979653605,0.6546043204945444,0.5964636233271352,-0.2865287815991617,0.4143302458406284,0.5915254097900643,-0.2533611102609445,0.051010175793129484,0.3735882869323358,-0.24704311087431496,1.4075615848137053,0.18898764652329567,-0.013833063569795708,1.344155727238055,0.18368709200857491,0.033159241413339875,1.267742881119646,0.14824788881749507,-0.3332990799715977,1.233383807322837,0.273264604836505,-0.5928015351690203,1.1767278019560883,0.9999298453330994,-19.370494842529297,4.579658031463623,-0.6035254001617432,-0.4513401687145233,-2.508643388748169,225.16281127929688,12.453696250915527,-1081.92919921875,-161.60240173339844,98.69213104248047,-12.303533554077148,-1.9674105644226074,24.566143035888672,-1.5382405519485474,-3.6903841495513916,0.3413514494895935,2.6705594062805176
0.12625508355778575,-0.4556447427399111,1.5165562692856946,0.11862407466828429,-0.31640693051925556,1.4339369345974449,0.015134767357827417,-0.5248938834430367,0.06560420822228817,0.12897789606590143,-0.4895069068236067,0.9700661356875439,0.011837139145921398,-0.3439370235859953,1.66224801145642,-0.24904784520730278,-0.5329446216292729,1.2248373852660324,0.09342219053909478,-0.26556795381552334,1.7047390622018979,-0.2932790896750444,-0.27616094200816377,1.4276025279468258,-0.26973038773662994,-0.4194296203701701,1.3271345184338803,0.0763853250059071,-0.5885696932180038,0.08348312189444801,0.05731888364581083,-0.3643954907426771,0.5087600255644085,0.12826098097081215,-0.49925000521520907,0.05472514761106068,-0.18496188146389084,-0.48291798320827106,1.1676952104694795,0.18237853553516187,-0.33751598336049266,0.47185541896630595,0.2770620620013862,-0.6263730099659093,1.0252898773610197,-0.01345784476162582,-0.46488327537940827,1.4794855607266457,0.0712512968885188,-0.40423726719736264,0.577024890492294,0.020909941514694927,-0.3840608134964444,0.3913977388909321,0.07408476739332376,-0.34519958180307553,0.07397397084544037,-0.14640365758084303,-0.5238199932685751,1.3542831780894702,-0.23083271135557568,-0.30482201051238356,1.3712820383097162,-0.30896103895263166,-0.2968693675584351,1.3348972978970863,0.6762221637151099,-0.387820339360774,0.11927901948524626,0.39512792604648517,-0.3825083886156019,1.0437840310153583,0.31063797438381524,-0.49666182114588503,1.3996881933401752,0.13278890386322476,-0.4683868182415994,1.6607912249912489,0.3988067168273673,-0.15047243434861796,1.2447933661227195,0.21040833618072485,-0.38322807226749445,1.6990057577360544,0.17896827749463898,0.08142298089944763,1.3625146971633102,0.2814939647715613,-0.023914790558104485,1.2901437456244664,0.6106659264753986,-0.45856470797235604,0.18138462640591804,0.5205402192690515,-0.23362749124204876,0.548444234377501,0.5521718476781782,-0.3837253200692057,0.129258418023981,0.3325215426107116,-0.2016263497586282,1.1960779886372042,0.3953556221052511,-0.2586181607862182,0.5120330176606084,0.3629031122125537,-0.5762132047027941,1.0469007318383021,0.2683841226906176,-0.3563789486490338,1.5385165909268208,0.5098352392777702,-0.25367310958982303,0.6557282679128331,0.5960284443880548,-0.28470418390059316,0.4156899138396939,0.5914042106527366,-0.25269469559587393,0.051341819299372614,0.3732363072452166,-0.24698097155188883,1.4078960758171335,0.18826401036306722,-0.014191856398092988,1.3446157681231468,0.18291274551918965,0.03286780212197872,1.2682537448327273,0.14825851662664224,-0.3333426481051161,1.2335718491219527,0.27345700848181514,-0.5930224443903033,1.1769683297896227,0.9989424347877502,-19.599834442138672,4.584022521972656,-0.5802507400512695,-0.44662588834762573,-2.5346524715423584,224.3312530517578,11.084846496582031,-1078.4312744140625,-161.71214294433594,98.5491714477539,-12.40521240234375,-2.0180559158325195,24.516918182373047,-1.4033006429672241,-3.687655448913574,0.3343427777290344,2.6482768058776855
0.1261262134803052,-0.455854719443037,1.5166011367807326,0.11850690495050112,-0.31657498527244227,1.4341377870531271,0.015226086384203556,-0.5248902932500208,0.06558452166666258,0.12937253960315756,-0.48970349468537516,0.9702379293986504,0.011609871312050728,-0.3441722903227964,1.66232854285777,-0.24914724991613665,-0.5322274557802061,1.2247078209523334,0.09317189854699255,-0.2658028337635741,1.704796267266305,-0.29243410502048517,-0.2754403644839659,1.4276527113077657,-0.26945906038710615,-0.41872538715008867,1.3270878260893537,0.07642142280985582,-0.5885939121443704,0.08344475046688357,0.05762858738172923,-0.36479326826057684,0.5089173593268489,0.12829036203934657,-0.4992522466064289,0.05467026575857046,-0.18478454873952643,-0.4824231415493599,1.16755176143141,0.18267046682388577,-0.33796868488093873,0.4719688869173953,0.27738194621556644,-0.626700629955096,1.0255700710988203,-0.013568839186259748,-0.465079198757939,1.4795292777730928,0.07158589643111687,-0.4046086934919389,0.577242285605298,0.02119891858036747,-0.3843441015442476,0.3914925120524223,0.07410740693229319,-0.34521608478975613,0.07400654540058003,-0.14658624666514775,-0.5235566992238657,1.3542591773516295,-0.230161469232365,-0.3042722845215671,1.3713264297570613,-0.3082468384839841,-0.29606564037057737,1.334952162393671,0.6758487241354999,-0.38655586742999537,0.1210340511251167,0.39528803675379975,-0.38269201409540426,1.04426579128038,0.310542189620978,-0.4967326828284769,1.399916299526265,0.13256429365237818,-0.4686132384254443,1.660893932280951,0.39826978461829243,-0.15040071974724334,1.2450970845506681,0.21018715252149975,-0.38341930459271995,1.6990997771553646,0.17806101489244708,0.08098631127681953,1.363139906466402,0.28079710037305655,-0.0240665698109429,1.2906040837433164,0.6102291130466967,-0.45671166257550383,0.18373624250194096,0.5200300944956723,-0.2316800644312868,0.5497143296216498,0.5518657688470866,-0.3822449307568026,0.13071855547412342,0.3320573465220186,-0.20167755463857526,1.1964197512099286,0.3948597390920121,-0.2568226279012415,0.5132946035522499,0.3632066124519765,-0.5764937753116848,1.047195167336243,0.2681390473878147,-0.3565202257195056,1.53878849350064,0.5094844714695255,-0.2520976396684615,0.656896488950742,0.5955786388244061,-0.2828193524025923,0.417101385330917,0.5912835523979554,-0.25200591409048495,0.05168883327320711,0.37287643502484885,-0.24691824730954423,1.4082398219219108,0.18751505841285188,-0.014564302042188332,1.3450932042882933,0.1821096431439286,0.032562516703708286,1.2687806899579155,0.14826792848623352,-0.33338348903008647,1.2337638946953198,0.2736591998216332,-0.5932536448863958,1.1772169853677812,0.9786426424980164,-19.58458137512207,4.641026496887207,-0.612098217010498,-0.4925382137298584,-2.521026611328125,223.64894104003906,9.805925369262695,-1075.55859375,-161.77545166015625,98.46891021728516,-12.489426612854004,-2.0198452472686768,24.455181121826172,-1.7900210618972778,-3.678061008453369,0.3370465934276581,2.6614153385162354
0.12599734340282465,-0.4560646961461629,1.5166460042757703,0.11838973523271794,-0.316743040025629,1.4343386395088096,0.015317405410579694,-0.5248867030570049,0.065564835111037,0.12976718314041366,-0.48990008254714357,0.9704097231097569,0.011382603478180061,-0.34440755705959747,1.6624090742591202,-0.24924665462497053,-0.5315102899311395,1.2245782566386343,0.09292160655489032,-0.2660377137116249,1.7048534723307123,-0.291589120365926,-0.2747197869597681,1.4277028946687054,-0.2691877330375823,-0.4180211539300072,1.3270411337448271,0.07645752061380456,-0.588618131070737,0.08340637903931915,0.057938291117647624,-0.36519104577847666,0.5090746930892894,0.12831974310788097,-0.4992544879976487,0.054615383906080235,-0.18460721601516206,-0.4819282998904487,1.16740831239334,0.1829623981126097,-0.33842138640138486,0.47208235486848465,0.2777018304297466,-0.6270282499442826,1.0258502648366208,-0.013679833610893677,-0.4652751221364697,1.47957299481954,0.07192049597371493,-0.40498011978651516,0.5774596807183019,0.02148789564604001,-0.38462738959205073,0.39158728521391256,0.0741300464712626,-0.34523258777643673,0.0740391199557197,-0.1467688357494525,-0.5232934051791563,1.3542351766137888,-0.22949022710915434,-0.30372255853075064,1.3713708212044065,-0.30753263801533653,-0.29526191318271966,1.3350070268902559,0.6754752845558899,-0.3852913954992168,0.12278908276498711,0.39544814746111434,-0.3828756395752067,1.044747551545402,0.31044640485814073,-0.49680354451106873,1.400144405712355,0.13233968344153157,-0.4688396586092892,1.660996639570653,0.3977328524092175,-0.15032900514586872,1.2454008029786168,0.20996596886227462,-0.3836105369179454,1.6991937965746746,0.1771537522902552,0.08054964165419143,1.3637651157694937,0.28010023597455186,-0.024218349063781317,1.2910644218621665,0.6097922996179947,-0.45485861717865167,0.18608785859796384,0.5195199697222931,-0.22973263762052487,0.5509844248657985,0.5515596900159949,-0.38076454144439953,0.13217869292426582,0.3315931504333256,-0.2017287595185223,1.1967615137826528,0.39436385607877317,-0.25502709501626475,0.5145561894438914,0.36351011269139927,-0.5767743459205754,1.0474896028341836,0.2678939720850117,-0.3566615027899774,1.5390603960744593,0.5091337036612807,-0.2505221697471,0.6580647099886509,0.5951288332607573,-0.28093452090459153,0.4185128568221402,0.591162894143174,-0.251317132585096,0.05203584724704161,0.37251656280448103,-0.24685552306719963,1.4085835680266878,0.18676610646263653,-0.014936747686283672,1.3455706404534398,0.18130654076866756,0.032257231285437844,1.2693076350831038,0.1482773403458248,-0.3334243299550568,1.233955940268687,0.27386139116145125,-0.5934848453824884,1.1774656409459399,0.9192069172859192,-19.434036254882812,4.4701056480407715,-0.6358261108398438,-0.572407066822052,-2.4915246963500977,222.85052490234375,8.330690383911133,-1072.44921875,-161.81927490234375,98.35427856445312,-12.551981925964355,-1.9688266515731812,24.403066635131836,-2.2072980403900146,-3.6525630950927734,0.359553724527359,2.6880669593811035
0.1258694404452447,-0.4562892017281608,1.516708147446841,0.1183112370627408,-0.31695041548929465,1.4345121476429188,0.015371154423260333,-0.5248973326177786,0.06556846321073194,0.13008364452826265,-0.4901255691880422,0.9706197600096267,0.01117855259402353,-0.34462105255845366,1.662453923793818,-0.24931131367454465,-0.5307668396179249,1.2243964060252865,0.09267838690306572,-0.26626310793571917,1.7049079924229755,-0.29075705713981037,-0.27398073258778904,1.4277448111417277,-0.2688659388103232,-0.4173060924998972,1.3269306733118778,0.07649326513194485,-0.5886422086827803,0.08337104807774358,0.0582409810262504,-0.365600446399474,0.509223159377938,0.12835628704618143,-0.4992667803701186,0.05456532219683887,-0.18449273283611858,-0.4813995251296372,1.1672483649080163,0.18332869164793697,-0.3388557788848087,0.47218949900360296,0.27795026258917044,-0.627317414773221,1.0261918949765085,-0.013765699754388917,-0.46542837742148646,1.4796232476534432,0.07231237197800583,-0.4053814870533564,0.5776725891015387,0.021766076518210352,-0.3849349925356195,0.3916924008174448,0.07415749069722678,-0.34524365016166736,0.07407549454133637,-0.1470229210492396,-0.5230280267481773,1.3541801573819672,-0.22872032550786506,-0.3030168656876545,1.3712593076244886,-0.3067828175050533,-0.294407312838447,1.335026068205865,0.6751469242454364,-0.38395767071783937,0.12464275842668204,0.39566381236180564,-0.38311987123544644,1.0452112235770321,0.31037226768321546,-0.4968661481378884,1.4003606768238623,0.13214595041034238,-0.4690517442214568,1.661085144770856,0.39721275426891467,-0.15018159022789127,1.2457659931372334,0.20975566198987677,-0.3838155120611191,1.6992841418215772,0.1762926508950082,0.08014390220409198,1.364341606959602,0.2793742343289963,-0.024365884470845887,1.2914924696581254,0.6092717044598219,-0.45299995453744535,0.18845078425592934,0.5189880472145333,-0.22788550865077814,0.5522782432519837,0.5512531165847715,-0.3793266877433322,0.13368209905379655,0.33118188539088167,-0.20175870542494667,1.1970787936488525,0.39392793449937114,-0.2532509354418082,0.5158473630219895,0.36380394173181607,-0.5770679527757973,1.0478187663270937,0.2676295278877612,-0.356818350932456,1.5393024459974656,0.508738633812658,-0.24894363507135026,0.659241021271573,0.5946378699004256,-0.27903739506045716,0.4199162998933666,0.5911302393832744,-0.2506624519923665,0.05233484526343693,0.37213596153930323,-0.2468404879929214,1.408899333895437,0.1860107732875063,-0.015325477322107118,1.3460504083049218,0.18047485315543138,0.03196598897805277,1.2698151141602472,0.14825059781899516,-0.33350843072727027,1.2341363274103758,0.2740411400202884,-0.5936845857773395,1.177688188702855,0.8859130144119263,-19.419395446777344,4.252645492553711,-0.6075780987739563,-0.6206780076026917,-2.4722900390625,222.1561737060547,7.179725646972656,-1069.852294921875,-161.87155151367188,98.23778533935547,-12.603141784667969,-1.860731601715088,24.49425506591797,-2.107048988342285,-3.659806966781616,0.37533408403396606,2.7185797691345215
0.12574165635156315,-0.4565154929824223,1.5167724138853567,0.11823749182042696,-0.31716262366598014,1.4346822950224214,0.015420285892358283,-0.5249097098577891,0.0655749567987903,0.13039049693685495,-0.490354607634197,0.9708344971896797,0.010977355189720131,-0.34483187226270207,1.6624943878476983,-0.2493717023078969,-0.5300201588119102,1.22420812916282,0.0924360364774205,-0.26648733631664556,1.7049621825186623,-0.2899265820222185,-0.27323940731831736,1.4277857115726598,-0.2685379419500465,-0.4165897002283311,1.3268123754602394,0.07652896622948299,-0.5886662689265826,0.08333609080472529,0.05854280890021103,-0.3660112755582822,0.5093705358094727,0.1283937113371906,-0.49928030805871976,0.05451585290743815,-0.18438597418219838,-0.4808665798199887,1.1670863896805719,0.1837041246772602,-0.33928792109552597,0.4722958659099427,0.27818991293180856,-0.6276018532696149,1.026541075959111,-0.013848477505788898,-0.46557638858327804,1.4796743037684863,0.07271128754742098,-0.4057865342162303,0.5778849460431282,0.02204293048391674,-0.38524558390213165,0.3917987875591051,0.07418552544338024,-0.3452540438696249,0.07411233616980496,-0.14728579359338773,-0.5227623921356453,1.3541213258212765,-0.22793829816066666,-0.3022920037342223,1.3711286325328398,-0.3060286191125579,-0.29354645992746414,1.335040706672416,0.6748241044038179,-0.38261543441292467,0.12650855793463472,0.3958863051521857,-0.3833715516999857,1.0456726724738317,0.3103007911056872,-0.4969277368081326,1.4005754933451975,0.13195601233978146,-0.469262068042692,1.6611719044628521,0.39669472512030446,-0.15002487136038722,1.2461387384806248,0.20954669192926773,-0.38402217626571655,1.699374035494217,0.17543722294419017,0.07974196422771113,1.364912110448673,0.27864465156927803,-0.02451289828792708,1.2919165488110473,0.6087408121058483,-0.45114060150866475,0.1908150999159213,0.5184534456556207,-0.22605070678998304,0.5535749773316035,0.5509464823647051,-0.3778940618827643,0.13519082312157613,0.3307771258401555,-0.2017860384966364,1.1973930644673227,0.39349938248166977,-0.25147715694462225,0.517142173075518,0.36409658213324897,-0.5773631618512387,1.0481521980651956,0.2673627031559976,-0.3569771128379746,1.5395408268795898,0.5083381190205252,-0.24736472372187684,0.6604183268862844,0.5941418480399429,-0.2771387581793678,0.421318756231409,0.5911084006953713,-0.25001196257325986,0.05262794187724196,0.371752812570294,-0.2468313141571765,1.4092116608524954,0.18525465582774964,-0.015716208342388766,1.3465304627323782,0.17963965227272338,0.03167647263960333,1.2703202007622119,0.14821941173629255,-0.3335978483522175,1.2343152816721936,0.27421813058537364,-0.593880459567569,1.1779075276772708,0.947784423828125,-19.456113815307617,4.268698215484619,-0.5612013936042786,-0.5553627014160156,-2.4744584560394287,221.38748168945312,6.103593349456787,-1067.09130859375,-161.9784393310547,98.13807678222656,-12.69276237487793,-1.8314366340637207,24.686580657958984,-1.8766816854476929,-3.716519355773926,0.3758186101913452,2.7236971855163574
0.12561387225788162,-0.45674178423668377,1.5168366803238724,0.11816374657811313,-0.31737483184266563,1.4348524424019238,0.015469417361456234,-0.5249220870977995,0.06558145038684868,0.13069734934544722,-0.4905836460803518,0.9710492343697327,0.010776157785416737,-0.3450426919669505,1.6625348519015786,-0.24943209094124913,-0.5292734780058955,1.2240198523003534,0.09219368605177529,-0.26671156469757196,1.705016372614349,-0.28909610690462667,-0.2724980820488456,1.4278266120035916,-0.2682099450897697,-0.415873307956765,1.3266940776086011,0.07656466732702114,-0.588690329170385,0.08330113353170701,0.05884463677417166,-0.3664221047170904,0.5095179122410073,0.12843113562819974,-0.49929383574732095,0.054466383618037434,-0.18427921552827817,-0.4803336345103403,1.1669244144531274,0.1840795577065834,-0.3397200633062432,0.47240223281628246,0.2784295632744467,-0.6278862917660087,1.0268902569417133,-0.013931255257188878,-0.4657243997450696,1.4797253598835294,0.07311020311683614,-0.4061915813791041,0.5780973029847176,0.02231978444962312,-0.3855561752686437,0.3919051743007654,0.0742135601895337,-0.34526443757758235,0.07414917779827354,-0.14754866613753584,-0.5224967575231135,1.354062494260586,-0.2271562708134683,-0.30156714178079014,1.370997957441191,-0.3052744207200625,-0.29268560701648133,1.3350553451389666,0.6745012845621994,-0.38127319810800997,0.1283743574425874,0.39610879794256576,-0.38362323216452504,1.0461341213706314,0.31022931452815894,-0.49698932547837693,1.4007903098665326,0.13176607426922052,-0.46947239186392714,1.6612586641548486,0.3961766959716942,-0.14986815249288318,1.2465114838240163,0.2093377218686587,-0.384228840470314,1.699463929166857,0.17458179499337215,0.07934002625133028,1.3654826139377443,0.2779150688095598,-0.02465991210500827,1.2923406279639693,0.6082099197518747,-0.4492812484798842,0.19317941557591323,0.517918844096708,-0.22421590492918791,0.5548717114112235,0.5506398481446386,-0.3764614360221964,0.13669954718935567,0.33037236628942934,-0.20181337156832613,1.197707335285793,0.39307083046396835,-0.24970337844743634,0.5184369831290466,0.3643892225346818,-0.5776583709266802,1.0484856298032976,0.26709587842423393,-0.3571358747434932,1.539779207761714,0.5079376042283923,-0.24578581237240343,0.6615956325009958,0.5936458261794602,-0.2752401212982784,0.4227212125694515,0.5910865620074682,-0.24936147315415327,0.05292103849104698,0.37136966360128476,-0.24682214032143157,1.4095239878095538,0.184498538367993,-0.01610693936267041,1.3470105171598346,0.17880445139001538,0.031386956301153894,1.2708252873641765,0.14818822565358997,-0.33368726597716475,1.2344942359340112,0.2743951211504589,-0.5940763333577983,1.1781268666516866,0.9951620697975159,-19.354520797729492,4.353231906890869,-0.6005211472511292,-0.4985548257827759,-2.4860801696777344,220.3660125732422,4.89863395690918,-1063.305419921875,-162.11575317382812,97.98609924316406,-12.789138793945312,-1.8752232789993286,24.80132484436035,-2.120786190032959,-3.732456922531128,0.3885233402252197,2.686429500579834
0.12546350318469748,-0.4569819259722501,1.5169323540681245,0.1180668476697625,-0.3175897363400617,1.4350606368866978,0.015497778872311707,-0.5249439673313242,0.06559343761856982,0.13103488886987927,-0.4908190081451113,0.9712332317371242,0.010534567992813541,-0.3453410147436407,1.662573980969309,-0.2494678877244722,-0.5284995002462375,1.223799992476078,0.09197901682743173,-0.2669217757239247,1.7050646606660047,-0.28817969205363697,-0.2717571168743222,1.4278378265582963,-0.26786988944012596,-0.41507859942534114,1.3265375218644047,0.07660181100005346,-0.5887107708990968,0.08326559439794906,0.05919965001328891,-0.3668239139365834,0.5096629348811724,0.12846314971218045,-0.4993078377073174,0.05441228798683116,-0.18412624176172232,-0.4798259134126815,1.166795076123926,0.1843891284915785,-0.34012670025525504,0.47250549061014163,0.27872462432510803,-0.628196007171214,1.0272280554108273,-0.014051997775076241,-0.4658966865760601,1.479760325902345,0.07349570954082817,-0.40658681815033715,0.5782616706873407,0.022577620351946118,-0.38589109500117647,0.39205639725489333,0.07424078033065164,-0.3452772992533564,0.0741877057250367,-0.1477911581858894,-0.5222004709259563,1.3539973390812905,-0.2262470860354948,-0.3007303605608593,1.3707941391610152,-0.30445074156814855,-0.29181215956511086,1.3350298286273778,0.6741284905679968,-0.3798218969477723,0.13020969379619257,0.39636118739646004,-0.38386481240490417,1.046590405978904,0.31016027078723274,-0.49705289027943517,1.4010078314913819,0.1315821348535304,-0.46969597771862487,1.6613419809878267,0.3956569805247894,-0.149789956281122,1.2468631504387255,0.20912014026910264,-0.3844306390017074,1.6995912024516933,0.17369863094872987,0.07892933840684543,1.3660473207764279,0.27721762232827823,-0.024858552339603962,1.2927525517166845,0.6076561921084953,-0.4473334262702639,0.19556516127673204,0.5173396434610253,-0.22238807661446516,0.5561966382904558,0.550246088512686,-0.3749711598386828,0.13829888344205768,0.32993915045498223,-0.2018730297487303,1.1980114883144959,0.3926943692545228,-0.24794783305056048,0.5198256110908179,0.36466797732359524,-0.5779280396092017,1.0487632029103917,0.2668382580706615,-0.357243968654942,1.540040564458102,0.5076195072654067,-0.2442279314461923,0.6628139713742086,0.5930852507123884,-0.27326394104404955,0.424196996534897,0.5910418002021234,-0.24871847985793424,0.053265939374139766,0.37096766673571224,-0.2468126942187745,1.4098441490274392,0.18377322220052314,-0.016477662607386017,1.347475324640211,0.17800753474827635,0.03109434951368152,1.2713379623084669,0.14813809067208245,-0.33379518896933424,1.234680356963581,0.27458026215730125,-0.5942767390746944,1.1783813368405727,1.0070260763168335,-19.245059967041016,4.3603739738464355,-0.699794352054596,-0.5345094799995422,-2.4873757362365723,219.44178771972656,3.8355050086975098,-1059.5537109375,-162.2137451171875,97.83500671386719,-12.821002006530762,-1.8999159336090088,24.694862365722656,-2.7080018520355225,-3.6534547805786133,0.3814350664615631,2.6306824684143066
0.12531021582764507,-0.45722385737674914,1.517032086059747,0.11796695699557563,-0.31780498923844847,1.4352737475704673,0.015523456624517871,-0.5249670754797411,0.0656061347031238,0.13137639358343667,-0.49105518730665676,0.9714132571062505,0.010287758959025539,-0.34565064409710716,1.662612937538829,-0.24950050690908307,-0.5277219953521198,1.2235760517072993,0.09176792438752604,-0.26713017551906854,1.7051121860939935,-0.2872521726303543,-0.2710161982289213,1.4278452052975332,-0.26752827563230563,-0.414273771377194,1.326376022684653,0.07663914107329009,-0.5887307450668702,0.08322998007993825,0.05956153551869045,-0.3672245576582997,0.5098076533797561,0.1284944647244665,-0.4993219009495729,0.05435759456988597,-0.18396729637948883,-0.47932145162331347,1.1666699549220256,0.18469018898657616,-0.3405300415805633,0.47260834666474766,0.2790268451863567,-0.62850898869385,1.0275643831057264,-0.014177645852678264,-0.4660721101508235,1.4797932128637832,0.07387948332243408,-0.4069807872866953,0.5784198375332434,0.022832998864056653,-0.386229158286622,0.3922134136522053,0.07426789521381555,-0.34529047982384825,0.07422645154427614,-0.14803101679939307,-0.5219002236791005,1.3539313668052093,-0.2253214708029829,-0.299879117862673,1.3705808697946813,-0.30361808456529843,-0.29093708472930835,1.3349991235511982,0.6737492392394716,-0.37835650313768954,0.13204109389951688,0.3966174399023814,-0.38410508756013895,1.0470460232914678,0.31009154140159784,-0.497116710423239,1.4012257026520787,0.13139897054493033,-0.46992127720685983,1.6614248529569993,0.3951370471854084,-0.1497219062552152,1.2472120933974815,0.20890144594260399,-0.38463180882251813,1.6997233056864203,0.17281188302679568,0.0785175199614258,1.3666112786097242,0.27652432828746887,-0.02506386340342906,1.2931629048278,0.6070995138378332,-0.4453741726496362,0.1979536760277701,0.5167546800232881,-0.22056114937592025,0.5575252080595257,0.5498410711027929,-0.37347343445613684,0.13990992801078897,0.3295022576849982,-0.20193686476902456,1.1983143339883413,0.3923246388798518,-0.24619464361608423,0.5212263615912949,0.3649449379041495,-0.5781944081285931,1.0490335583292096,0.2665818270468554,-0.3573455155783931,1.5403048899394787,0.5073120597971986,-0.24267276793422288,0.664037612297677,0.5925163340489596,-0.2712777411404824,0.4256822554184901,0.5909940764209293,-0.2480764551618636,0.05361753406730906,0.37056323446777484,-0.24680321293556137,1.4101653225374537,0.18305188597531508,-0.01684580057773073,1.3479381620094477,0.17721556494666252,0.030801343398526408,1.2718516177689003,0.1480855072373586,-0.3339055031044594,1.2348674040361745,0.2747664563111122,-0.5944777303776204,1.1786403464560478,1.0533039569854736,-19.283180236816406,4.3553667068481445,-0.7035256624221802,-0.536523163318634,-2.487149715423584,218.5952911376953,2.837195873260498,-1055.598388671875,-162.2169647216797,97.70156860351562,-12.805193901062012,-1.9303042888641357,24.538482666015625,-2.8221793174743652,-3.6257336139678955,0.36506175994873047,2.6240551471710205
0.12515692847059262,-0.45746578878124816,1.5171318180513698,0.11786706632138877,-0.3180202421368353,1.4354868582542368,0.015549134376724035,-0.5249901836281581,0.06561883178767779,0.1317178982969941,-0.4912913664682022,0.9715932824753768,0.01004094992523754,-0.34596027345057356,1.662651894108349,-0.2495331260936939,-0.5269444904580022,1.2233521109385206,0.09155683194762035,-0.2673385753142123,1.7051597115219823,-0.28632465320707157,-0.27027527958352043,1.4278525840367702,-0.2671866618244853,-0.4134689433290469,1.3262145235049014,0.07667647114652672,-0.5887507192346434,0.08319436576192742,0.05992342102409198,-0.367625201380016,0.5099523718783397,0.12852577973675255,-0.49933596419182835,0.05430290115294078,-0.18380835099725534,-0.4788169898339455,1.1665448337201252,0.1849912494815738,-0.34093338290587166,0.4727112027193537,0.2793290660476053,-0.6288219702164858,1.0279007108006257,-0.014303293930280287,-0.46624753372558697,1.4798260998252213,0.07426325710403998,-0.4073747564230534,0.5785780043791462,0.023088377376167188,-0.3865672215720676,0.39237043004951727,0.07429501009697946,-0.3453036603943402,0.07426519736351557,-0.14827087541289677,-0.5215999764322445,1.353865394529128,-0.22439585557047106,-0.2990278751644867,1.3703676004283476,-0.30278542756244836,-0.2900620098935058,1.3349684184750183,0.6733699879109465,-0.37689110932760683,0.13387249400284115,0.3968736924083028,-0.3843453627153738,1.0475016406040318,0.31002281201596293,-0.49718053056704287,1.4014435738127753,0.13121580623633025,-0.47014657669509485,1.6615077249261716,0.3946171138460273,-0.14965385622930844,1.2475610363562375,0.20868275161610533,-0.38483297864332894,1.699855408921147,0.1719251351048615,0.07810570151600617,1.3671752364430207,0.27583103424665945,-0.025269174467254157,1.2935732579389154,0.6065428355671713,-0.4434149190290085,0.20034219077880808,0.5161697165855509,-0.2187342221373754,0.5588537778285955,0.5494360536928998,-0.37197570907359095,0.14152097257952026,0.3290653649150141,-0.2020006997893188,1.1986171796621865,0.39195490850518083,-0.244441454181608,0.5226271120917718,0.3652218984847037,-0.5784607766479846,1.0493039137480276,0.2663253960230493,-0.3574470625018442,1.5405692154208557,0.5070046123289904,-0.2411176044222535,0.6652612532211455,0.5919474173855308,-0.26929154123691534,0.42716751430208316,0.5909463526397352,-0.24743443046579297,0.05396912876047835,0.3701588021998374,-0.24679373165234825,1.4104864960474683,0.182330549750107,-0.01721393854807544,1.3484009993786843,0.17642359514504868,0.030508337283371302,1.2723652732293338,0.14803292380263475,-0.3340158172395845,1.2350544511087682,0.2749526504649232,-0.5946787216805465,1.1788993560715226,1.1091570854187012,-19.345684051513672,4.41968297958374,-0.638286828994751,-0.4758685529232025,-2.4867734909057617,217.84063720703125,1.8942502737045288,-1051.99267578125,-162.13294982910156,97.56903076171875,-12.790523529052734,-1.9772627353668213,24.54034423828125,-2.3591208457946777,-3.717524290084839,0.36895233392715454,2.636375904083252
0.12504810535207095,-0.4576304727141431,1.5172027296183126,0.11777684795639373,-0.3181259861549005,1.4356284942848003,0.015567673069566784,-0.5250058858007784,0.06562229541950668,0.13200469223770084,-0.49144756458452993,0.9717053440430307,0.009951176999186148,-0.3461451714994102,1.6626892087870087,-0.2495849763616821,-0.5263964310781846,1.223206876129504,0.09139383249971646,-0.2674909324835468,1.705198887760276,-0.2856783599944304,-0.2697151785358688,1.4278199984537845,-0.2669437623379246,-0.41290377894576813,1.3261283067677985,0.07671061568949002,-0.5887628158196708,0.08317030144744361,0.06018711184922433,-0.36791835365113834,0.5100507156935749,0.12855159703469435,-0.49934293586292017,0.054275077323595815,-0.18370073653806915,-0.47842022909826,1.1664545415647771,0.1851935476212707,-0.3412050323573169,0.47280807635247313,0.2795563538046862,-0.6290520013168158,1.028132446554323,-0.014378584320009347,-0.4663787485155838,1.4798469346090657,0.07451379973910108,-0.40767622946311305,0.5787186693671523,0.023240476149744938,-0.3867999418385771,0.3924843904790499,0.07431271030808127,-0.3453121685626491,0.07429591713115474,-0.1484339799954007,-0.5213587149879001,1.3537953699266674,-0.22378467553794779,-0.2985964325188801,1.370285018587744,-0.3022052898805663,-0.28940241576622655,1.3349413465190407,0.6730830667429413,-0.3759077938877984,0.13517784275459926,0.3970286804220534,-0.3845047922126505,1.0478110597623105,0.30997811711781864,-0.4972318967940002,1.401596223479075,0.13108118687639173,-0.4703170737091279,1.6615788241885356,0.39425198112102533,-0.14963305423295262,1.2477540695509375,0.20845615350647478,-0.3850794401981973,1.6999931714392655,0.17127252693306533,0.07781630874124189,1.3675774505596288,0.27532663625597165,-0.02538523009503322,1.2938499541472126,0.6061071157455444,-0.4420263534843527,0.20203688873952588,0.5157517718755646,-0.217457987713498,0.559829428397267,0.5491850770861897,-0.37087123401907107,0.14262240653894595,0.3287454918026924,-0.20202871451512078,1.1988290925294358,0.39162229534411275,-0.24314016027265037,0.5236265250783882,0.3654686063528061,-0.5786668668124849,1.0495193880914853,0.2661436535664742,-0.35753435641527176,1.5407681447385952,0.5067886566089479,-0.2400562483200569,0.6661212677197741,0.5915558249350416,-0.26790006389681076,0.4282463091296076,0.5908089187366283,-0.2468711379298706,0.054326888186153985,0.36992716147804894,-0.24678975245021037,1.4106888595401057,0.18182772911147566,-0.01749238713847979,1.3487083811238902,0.17584486591894896,0.030270472609912915,1.2727045039862197,0.1480267761854936,-0.33407653404387416,1.2351791412625093,0.27507902040386834,-0.5948174608661639,1.1790847251352095,1.0388482809066772,-19.312833786010742,4.524599552154541,-0.6346145272254944,-0.4751359820365906,-2.47623610496521,216.87225341796875,0.8928810954093933,-1048.1903076171875,-162.02777099609375,97.3892593383789,-12.795373916625977,-1.9011591672897339,24.69280242919922,-1.91038179397583,-3.7785484790802,0.3467324674129486,2.6300230026245117
0.12494531128284157,-0.45778468241360015,1.5172697333310614,0.11768794109095011,-0.3182168815112272,1.435760438836963,0.015585243754360257,-0.5250205837732909,0.06562450705774572,0.13228406776852955,-0.49159291781337056,0.9718081901799764,0.009882697104692261,-0.34631315682897507,1.6627263008363988,-0.249639434234196,-0.5258794829545431,1.2230723133150316,0.09123735413547383,-0.2676356906527715,1.7052369319050518,-0.2850701991493339,-0.2691795951285899,1.4277819939796499,-0.2667142478440771,-0.41237111133060705,1.326052297819529,0.07674432829614507,-0.5887738442578853,0.08314780323513296,0.06043748814143882,-0.36819693081031574,0.5101427714161525,0.1285766688798437,-0.4993489459650406,0.05425089682816275,-0.1836000822040419,-0.47803807189527725,1.1663689719920127,0.18538245425516406,-0.34145882528349264,0.47290413880979776,0.27977348114086303,-0.6292707849022569,1.028350000349891,-0.014447046548670886,-0.4665039688940869,1.4798661351993383,0.0747462771339527,-0.40796516065960686,0.5788569612218845,0.02337857089097926,-0.38701837830590885,0.39259251281125657,0.07432913395347975,-0.34532004318489934,0.07432554862061083,-0.14858667725166738,-0.5211254516184725,1.3537247958562233,-0.2232161307867789,-0.29822191191430125,1.3702201570896124,-0.301659392106612,-0.2887720393621369,1.3349147671895312,0.6728086649187354,-0.37498984500667115,0.13641186250953485,0.3971699376572047,-0.38465325958681423,1.048100655442042,0.30993668113323236,-0.4972815743542665,1.4017400295529145,0.13095314988237344,-0.4704801398792014,1.661648327151671,0.3939078383098375,-0.1496186587490783,1.2479259624386465,0.2082284836974365,-0.3853320430051412,1.700131701317844,0.1706516665239997,0.07754351605741394,1.3679577333248214,0.27484785128902917,-0.025489183290806038,1.2941085273856359,0.6056877970695496,-0.440715169373727,0.20363750984731888,0.5153564737727311,-0.2162564235017789,0.5607572255150371,0.5489549873680468,-0.36982008104292763,0.14365474075473697,0.32844148576259613,-0.20205187225183904,1.1990286755246042,0.39129471502556706,-0.2419001403332546,0.5245715194190574,0.3657112121582031,-0.5788647836407289,1.0497274209331993,0.2659720383732524,-0.3576197177171707,1.5409582067799095,0.5065851065496735,-0.23906184915477866,0.6669319769404581,0.5911882764456288,-0.2665892269042944,0.4292699901868176,0.5906593207491945,-0.24631852094108694,0.05468548350776268,0.36971895011845013,-0.24678651929296405,1.4108751131998782,0.18135453770492252,-0.017758674457027817,1.348994684140414,0.1752950506691901,0.030040084742108324,1.273020083935845,0.14802692495039757,-0.33413052578635566,1.2352953762408123,0.27519727858486553,-0.5949477590867226,1.179260109039332,0.9164133071899414,-19.238525390625,4.54058837890625,-0.6894750595092773,-0.5333991050720215,-2.460867404937744,215.492919921875,-0.30749374628067017,-1043.8819580078125,-161.9595184326172,97.17774200439453,-12.80567455291748,-1.7388564348220825,24.805288314819336,-1.7959840297698975,-3.7428760528564453,0.3036131262779236,2.6467342376708984
0.1248425172136122,-0.4579388921130572,1.5173367370438102,0.1175990342255065,-0.3183077768675539,1.4358923833891255,0.01560281443915373,-0.5250352817458033,0.06562671869598477,0.13256344329935826,-0.4917382710422112,0.9719110363169222,0.009814217210198376,-0.34648114215853987,1.6627633928857892,-0.2496938921067099,-0.5253625348309018,1.222937750500559,0.09108087577123121,-0.2677804488219962,1.7052749760498274,-0.28446203830423733,-0.268644011721311,1.4277439895055153,-0.2664847333502296,-0.41183844371544603,1.3259762888712598,0.07677804090280012,-0.5887848726960997,0.08312530502282231,0.06068786443365331,-0.36847550796949313,0.5102348271387303,0.12860174072499306,-0.49935495606716107,0.054226716332729685,-0.18349942787001464,-0.4776559146922945,1.166283402419248,0.18557136088905746,-0.34171261820966836,0.47300020126712244,0.2799906084770398,-0.6294895684876979,1.0285675541454593,-0.014515508777332424,-0.46662918927259,1.479885335789611,0.07497875452880433,-0.4082540918561007,0.5789952530766165,0.023516665632213583,-0.3872368147732406,0.3927006351434632,0.07434555759887822,-0.34532791780714955,0.07435518011006693,-0.14873937450793406,-0.5208921882490448,1.353654221785779,-0.22264758603561005,-0.2978473913097224,1.3701552955914806,-0.30111349433265777,-0.2881416629580473,1.3348881878600216,0.6725342630945295,-0.374071896125544,0.13764588226447041,0.39731119489235595,-0.384801726960978,1.0483902511217735,0.30989524514864614,-0.49733125191453276,1.4018838356267538,0.13082511288835513,-0.4706432060492749,1.6617178301148068,0.39356369549864967,-0.14960426326520396,1.2480978553263558,0.20800081388839822,-0.3855846458120851,1.7002702311964224,0.17003080611493415,0.07727072337358598,1.368338016090014,0.2743690663220867,-0.025593136486578856,1.2943671006240591,0.6052684783935547,-0.4394039852631013,0.2052381309551119,0.5149611756698975,-0.21505485929005982,0.5616850226328073,0.548724897649904,-0.3687689280667842,0.144687074970528,0.32813747972249985,-0.2020750299885573,1.1992282585197727,0.3909671347070214,-0.24066012039385884,0.5255165137597267,0.36595381796360016,-0.5790627004689728,1.0499354537749133,0.26580042318003066,-0.35770507901906967,1.5411482688212237,0.5063815564903992,-0.23806744998950044,0.6677426861611423,0.5908207279562161,-0.26527838991177793,0.43029367124402756,0.5905097227617605,-0.24576590395230333,0.05504407882937137,0.3695107387588514,-0.24678328613571773,1.4110613668596508,0.18088134629836936,-0.018024961775575842,1.3492809871569376,0.17474523541943127,0.029809696874303734,1.2733356638854703,0.14802707371530155,-0.3341845175288371,1.2354116112191156,0.2753155367658628,-0.5950780573072812,1.1794354929434543,0.9082218408584595,-19.28618049621582,4.586665630340576,-0.6912416219711304,-0.5375553369522095,-2.465641498565674,214.27883911132812,-1.4084839820861816,-1040.081787109375,-161.89431762695312,96.9769515991211,-12.80642318725586,-1.685935378074646,24.769329071044922,-1.901942491531372,-3.6796467304229736,0.30946263670921326,2.7029898166656494
0.12473255440296717,-0.45811996179700687,1.5174212132068658,0.11748323263908854,-0.31843098583600377,1.4360699022053094,0.015621249193930074,-0.5250470965903327,0.06565233620981507,0.1329192000114365,-0.49198785108446286,0.9720728997363159,0.009682603488793436,-0.34668136294314406,1.6628046533129863,-0.24978207476091702,-0.5245533834230032,1.2227723069538343,0.09087338037048744,-0.2680095384847249,1.7053369883669922,-0.2834890054551181,-0.26785109177330474,1.4276738537857865,-0.26614119635512495,-0.41106563411801067,1.3258389352962672,0.07678457438353671,-0.5888143983108318,0.08313564798295103,0.060996341833610405,-0.36888913188549066,0.5103815928200223,0.12862850597362643,-0.499371699742134,0.05418923285031161,-0.18331693004298683,-0.47710226347904333,1.1661357587536438,0.18593433203286683,-0.342124913701948,0.4731337617564675,0.2802517382514398,-0.6297645035958448,1.0288759091042525,-0.014616144586675215,-0.4668182726727416,1.4798931080773967,0.07531755595215109,-0.40866618124854487,0.5791881680488586,0.02374567985781376,-0.38753741170396866,0.39283370695366765,0.07437408039506697,-0.34534097684929704,0.07438885405758358,-0.14896886109911053,-0.5205217157768098,1.3535591584957198,-0.221864903900797,-0.2973281064175612,1.370070356406913,-0.30028067321966817,-0.287241974611156,1.3348307277982598,0.6720878462128291,-0.3727058032095827,0.1393923432819101,0.39748154393095053,-0.38499693227130055,1.048908933898471,0.30982889442254374,-0.4973817978868421,1.4020911052527016,0.13060227135159322,-0.4708957447121475,1.6618489555965197,0.3930629085231301,-0.14953431546293347,1.2483360601576747,0.20774466016434676,-0.385840270692939,1.7003868076185518,0.16918127110462317,0.07685901732831601,1.368871729894979,0.2736503564758806,-0.02574998140335083,1.2947565261891345,0.6046774225519193,-0.4374750128250248,0.207485510616113,0.5143826773624547,-0.21332497490162883,0.5630242386401094,0.5483608293217539,-0.3672613203525543,0.14615810055606412,0.32768856176477396,-0.20207530072588004,1.1995357677636558,0.39045048371845525,-0.23905500266330923,0.5268723017332569,0.3662395143745751,-0.5793026137036204,1.0502689547886122,0.26558194847296407,-0.35782538522158236,1.5414258320599992,0.5060432462502789,-0.2366662866232411,0.6688867266604442,0.5902846033209996,-0.2634041271857079,0.4316660284206567,0.5903120147471397,-0.2449490682573508,0.05559633872070849,0.36919406273507127,-0.2467702529485652,1.4113005589175698,0.1801730062787896,-0.018435490706207733,1.349689632062091,0.17394588631115213,0.02948703317107349,1.2737843192965779,0.1480085342530383,-0.3342520391309498,1.2355683141986267,0.2754612193991806,-0.5952500045694262,1.1796829550471526,0.9730893969535828,-19.44721794128418,4.739431381225586,-0.6364123821258545,-0.5135983824729919,-2.4745471477508545,213.0921630859375,-2.55186128616333,-1035.66455078125,-161.81033325195312,96.73705291748047,-12.817784309387207,-1.8138805627822876,24.668481826782227,-1.8492827415466309,-3.683164596557617,0.33562877774238586,2.715362071990967
0.12462157330518922,-0.4583048468196629,1.5175081712520675,0.1173636107798049,-0.3185587848061757,1.4362538946385415,0.015639806685919893,-0.5250585018996371,0.06568127842188276,0.1332858063231241,-0.49225223607180135,0.9722431462924213,0.009542021894247722,-0.34688616262761174,1.6628465058393036,-0.24987504786706918,-0.5237027258667725,1.2226024769394603,0.0906586382316043,-0.2682506070527809,1.7054024052540988,-0.28246414419633664,-0.26702161833939964,1.427599153968672,-0.2657814629820009,-0.4102587134435477,1.3256928679958875,0.07678724719297807,-0.5888465513654103,0.08315065588234671,0.0613130722318264,-0.3693219385794456,0.510536129802268,0.12865551176252743,-0.49938996807234176,0.05414985973906043,-0.18312280671979417,-0.4765242523211517,1.1659792977453067,0.18632202824910746,-0.3425597237632764,0.4732726486708155,0.28051911837217824,-0.6300474147725579,1.0291971619555493,-0.014721350506910228,-0.4670164275248319,1.4798992570267608,0.07567146022045454,-0.40909576470291376,0.5793888419866562,0.023987608782897723,-0.3878496791550655,0.392970322723815,0.07440432182062935,-0.34535477231472533,0.07442310221789293,-0.14920925526626852,-0.5201317533751987,1.353460616623329,-0.22105180452398906,-0.29678825841636847,1.3699825652782491,-0.2994070959505656,-0.286304031726935,1.3347688812688487,0.6716169953740985,-0.3712760534704916,0.14121159425141006,0.3976560253279888,-0.3851987764930094,1.0494601574559874,0.30975900467065787,-0.4974324672131349,1.402307389587756,0.13036596326046432,-0.471160992535929,1.661988834276894,0.39253987095608617,-0.14945647670634535,1.2485836842991658,0.20748446042964,-0.3860963248456551,1.7005002656519808,0.16829925390663525,0.07642757927147759,1.36942723788173,0.27289756639114277,-0.02591433934867382,1.2951645387324275,0.6040619722265281,-0.43545828636316275,0.20982475938978573,0.5137781562986753,-0.2115200450335512,0.5644218948305837,0.547977729941046,-0.36568887531757355,0.14769144025662087,0.32721905972783927,-0.20207232046897047,1.1998586074405948,0.3899069761006248,-0.2373980244510616,0.5282864410750914,0.36653133161020596,-0.5795484923369048,1.0506202779858318,0.26535681758495355,-0.3579506551883868,1.5417158244461413,0.5056857939390157,-0.23520734425116058,0.6700781153527317,0.589724533210527,-0.2614498323952125,0.4330879134551579,0.5901074729218388,-0.24409470149618112,0.05617610778388203,0.3688619797987654,-0.2467558277117101,1.4115472706343164,0.17943126446758675,-0.01886650850219245,1.3501156550764248,0.173111092052515,0.029151262104856652,1.2742518774721006,0.1479873402130525,-0.3343214825881238,1.2357307654737637,0.27561079755129403,-0.5954278678886148,1.1799406555314726,0.9954934120178223,-19.526609420776367,4.901294231414795,-0.5914955139160156,-0.5264869928359985,-2.467074394226074,212.1373748779297,-3.370069742202759,-1031.5947265625,-161.6864013671875,96.51492309570312,-12.811941146850586,-1.970781922340393,24.56226921081543,-1.6577606201171875,-3.71732234954834,0.3150841295719147,2.6716394424438477
0.12451059220741127,-0.4584897318423189,1.5175951292972691,0.11724398892052126,-0.3186865837763477,1.4364378870717738,0.01565836417790971,-0.5250699072089416,0.06571022063395045,0.13365241263481165,-0.49251662105913985,0.9724133928485265,0.009401440299702007,-0.3470909623120794,1.662888358365621,-0.24996802097322135,-0.5228520683105419,1.2224326469250861,0.09044389609272117,-0.2684916756208369,1.7054678221412052,-0.28143928293755516,-0.26619214490549453,1.4275244541515577,-0.26542172960887683,-0.4094517927690847,1.3255468006955078,0.07678992000241942,-0.5888787044199887,0.08316566378174238,0.0616298026300424,-0.36975474527340063,0.5106906667845139,0.12868251755142843,-0.4994082364025495,0.05411048662780926,-0.1829286833966015,-0.4759462411632601,1.1658228367369696,0.18670972446534806,-0.3429945338246049,0.47341153558516347,0.2807864984929167,-0.630330325949271,1.029518414806846,-0.01482655642714524,-0.4672145823769222,1.479905405976125,0.07602536448875799,-0.4095253481572827,0.5795895159244537,0.024229537707981683,-0.3881619466061624,0.39310693849396233,0.07443456324619173,-0.3453685677801536,0.07445735037820228,-0.1494496494334265,-0.5197417909735875,1.353362074750938,-0.22023870514718114,-0.29624841041517574,1.3698947741495853,-0.29853351868146305,-0.2853660888427141,1.3347070347394374,0.6711461445353678,-0.3698463037314005,0.14303084522091,0.39783050672502707,-0.38540062071471815,1.0500113810135039,0.30968911491877193,-0.49748313653942766,1.4025236739228104,0.13012965516933542,-0.47142624035971054,1.6621287129572686,0.39201683338904225,-0.14937863794975723,1.2488313084406568,0.20722426069493324,-0.38635237899837116,1.7006137236854098,0.1674172367086474,0.07599614121463914,1.3699827458684808,0.272144776306405,-0.02607869729399681,1.2955725512757206,0.603446521901137,-0.4334415599013007,0.21216400816345846,0.5131736352348959,-0.20971511516547361,0.5658195510210581,0.5475946305603381,-0.3641164302825928,0.14922477995717762,0.32674955769090464,-0.2020693402120609,1.2001814471175338,0.38936346848279435,-0.23574104623881398,0.5297005804169257,0.36682314884583683,-0.5797943709701892,1.0509716011830512,0.2651316866969431,-0.3580759251551912,1.5420058168322834,0.5053283416277525,-0.23374840187908008,0.6712695040450191,0.5891644631000544,-0.2594955376047172,0.43450979848965904,0.589902931096538,-0.24324033473501142,0.05675587684705557,0.3685298968624595,-0.24674140247485496,1.411793982351063,0.1786895226563839,-0.01929752629817716,1.3505416780907586,0.17227629779387785,0.028815491038639816,1.2747194356476235,0.14796614617306664,-0.3343909260452978,1.2358932167489007,0.27576037570340745,-0.5956057312078034,1.1801983560157927,1.0116208791732788,-19.390399932861328,4.9370036125183105,-0.6039625406265259,-0.5322527885437012,-2.4537925720214844,211.14329528808594,-4.18376350402832,-1027.498046875,-161.548583984375,96.3009262084961,-12.742076873779297,-2.0238239765167236,24.518503189086914,-1.575440764427185,-3.735079288482666,0.29203879833221436,2.649906635284424
0.12442320348411207,-0.4586661806860507,1.5176425745945104,0.11712983503493647,-0.3188260483327291,1.4366117595442083,0.01569469447327864,-0.5250733685217156,0.06572323815514709,0.1339724904407334,-0.4928182133084891,0.9725889756979532,0.009209611292755762,-0.3473036628191834,1.6629260316589811,-0.2500226815656716,-0.5219840893879631,1.2222095575948424,0.09022198277001349,-0.2687145938837765,1.7055259167358576,-0.2805216915362718,-0.2653579309780077,1.4274685090740784,-0.26505336145691527,-0.40861435678621,1.3254352379713628,0.07682635479711539,-0.5889053830247841,0.08315114937229268,0.06198148013690844,-0.3701552665292822,0.510831319042389,0.12870961400550723,-0.49942920741853336,0.05405717266612495,-0.18270843986742544,-0.4753557527499483,1.1656502114226486,0.1870439454962481,-0.34340065915063517,0.47351534802787354,0.2811019138883281,-0.6306230289651859,1.0298254030035032,-0.014948307932817087,-0.4673864184231158,1.479897532044657,0.07647283522054454,-0.4099314191088771,0.5798285628194051,0.024528374142994153,-0.3884889363551771,0.39323946137894067,0.07446472480004987,-0.34537978144670956,0.07449477181973442,-0.14964572128081163,-0.5193240936623504,1.3532838764174884,-0.21934526347067973,-0.2956057135632496,1.3698011804495427,-0.2976456681229421,-0.284410720974799,1.334630647242464,0.6707138220798101,-0.368363752319718,0.14490453415359092,0.39803370739647886,-0.38561078886322625,1.050514802435376,0.30961153157894183,-0.4975196448284269,1.402710289157779,0.12991097497920326,-0.471660247553658,1.6622452086565511,0.39148008379320437,-0.14923027031962446,1.249160064964105,0.20708903211434157,-0.38646563981345156,1.7006547186548346,0.16652474120654018,0.07551387669086851,1.3704925586056236,0.2714407554525413,-0.026227373941277235,1.29598809334616,0.6028062034126939,-0.431367265368929,0.21440346911549568,0.5125203794793577,-0.2079011058274484,0.5672602774883737,0.5471991143676619,-0.3624936272174317,0.1507476456710045,0.3263625523309834,-0.20210521645992008,1.200456035650329,0.38884385329800725,-0.23406265809243879,0.5311135972375112,0.3671360694809465,-0.5800771891873404,1.051357187182698,0.26491049326808247,-0.35816763173665433,1.5422602339296152,0.5049601821907309,-0.23235026993696264,0.6724676451343574,0.5886025969555836,-0.2575399994060693,0.4359428741975336,0.5897462432155546,-0.24242206566677188,0.05736813318625783,0.36819521485772355,-0.24670487220417583,1.412064007970671,0.1779396857400209,-0.019723556430035868,1.350946943096767,0.17143523468580468,0.028481682765587473,1.275191103977873,0.14795462740276824,-0.3344744873658711,1.2360583966141505,0.2759952482008776,-0.5958287198811967,1.1804610992109539,1.0875377655029297,-19.29320526123047,4.79564905166626,-0.6297582387924194,-0.49886271357536316,-2.4647903442382812,209.77890014648438,-5.148600101470947,-1022.8656616210938,-161.4129638671875,96.10353088378906,-12.600236892700195,-1.9712220430374146,24.511306762695312,-1.562267541885376,-3.734086036682129,0.29285094141960144,2.659330129623413
0.12433931991359257,-0.458841376154628,1.5176841494263402,0.11701649353401551,-0.31896724606191873,1.4367841284796101,0.015733665299435325,-0.5250756495835766,0.06573388972227147,0.1342856554400842,-0.4931253334939085,0.972765351368102,0.009010168384538584,-0.3475175371627934,1.6629630840377303,-0.2500716500132289,-0.5211135370052413,1.2219785554519553,0.08999900401428046,-0.2689348155299559,1.7055829234470594,-0.27962003737095964,-0.2645230127486172,1.4274153504150593,-0.2646837104235264,-0.40777238710037134,1.325328801641401,0.07686780565819204,-0.5889312482827547,0.08313224879124306,0.06233834978563106,-0.37055099109150713,0.510969908426929,0.128736723929841,-0.49945057997640396,0.05400178749237629,-0.18248431562193182,-0.4747634105729741,1.1654751845542959,0.18737022164246894,-0.343802522744564,0.473613949406226,0.28142446595311954,-0.6309171867686392,1.0301302718800425,-0.015072517639753834,-0.46755434424671904,1.4798875747137512,0.07693420725547714,-0.41033399677434507,0.5800733108394194,0.024835665408053143,-0.38881811341702543,0.3933713761781225,0.0744948744872548,-0.3453906115317187,0.07453266472019107,-0.14983520809783052,-0.5189022757359688,1.3532087005526814,-0.21843988522393815,-0.2949477363106431,1.3697067246531809,-0.29675569696142184,-0.2834527642521637,1.334552099373167,0.6702872238411809,-0.3668733560881078,0.14678631101223016,0.39824117493155775,-0.38582219370943033,1.0510111218256666,0.30953280519176,-0.49755404919188545,1.4028924964121636,0.1296949137915049,-0.47188961328260154,1.6623582303129285,0.39094129698165997,-0.14907142411399363,1.2495008754414438,0.20697237067664695,-0.386557685618369,1.7006849476833217,0.16563068892782098,0.07502406080629652,1.3709955823342532,0.27074398031297897,-0.026373720795705616,1.2964047540892039,0.6021621902257401,-0.4292844178660816,0.21662810444831845,0.5118598831410439,-0.20608574753960238,0.5687074029682487,0.5468017533914933,-0.3608633423877868,0.15226895524966005,0.32598780362021845,-0.202146865674202,1.2007234554417086,0.3883277878461295,-0.23238108904156465,0.5325264472835111,0.3674521254782645,-0.5803654955712375,1.0517478636558482,0.2646898848331527,-0.35825435175800957,1.5425093655554665,0.5045904319807394,-0.23096117268729685,0.6736667894369719,0.5880404639717759,-0.2555842764724959,0.4373776125197379,0.5895966650634412,-0.2416091596843391,0.05798521620647007,0.36786014670567796,-0.2466650577570429,1.4123374973701326,0.17718864612231983,-0.020148845537510136,1.3513491240558246,0.17059324020581532,0.028148166107519575,1.2756633829596817,0.14794454610110908,-0.33456014619757796,1.2362239818699312,0.2762427930010865,-0.5960584128929289,1.1807245916088684,1.1847666501998901,-19.396522521972656,4.460726737976074,-0.5716416239738464,-0.4727766215801239,-2.520951271057129,208.4264373779297,-5.940262317657471,-1019.1530151367188,-161.28794860839844,95.97135925292969,-12.499991416931152,-1.808259129524231,24.514314651489258,-1.8149348497390747,-3.7111034393310547,0.28962814807891846,2.6768128871917725
0.12425543634307305,-0.45901657162320536,1.5177257242581703,0.11690315203309454,-0.3191084437911084,1.4369564974150122,0.01577263612559201,-0.5250779306454374,0.06574454128939584,0.134598820439435,-0.4934324536793279,0.9729417270382509,0.008810725476321401,-0.34773141150640335,1.6630001364164795,-0.25012061846078626,-0.5202429846225195,1.221747553309068,0.08977602525854743,-0.26915503717613537,1.7056399301582614,-0.2787183832056475,-0.26368809451922676,1.42736219175604,-0.2643140593901375,-0.4069304174145326,1.3252223653114394,0.07690925651926868,-0.5889571135407252,0.08311334821019346,0.06269521943435369,-0.3709467156537321,0.511108497811469,0.12876383385417478,-0.49947195253427457,0.05394640231862763,-0.1822601913764382,-0.4741710683959999,1.165300157685943,0.18769649778868977,-0.3442043863384929,0.4737125507845784,0.28174701801791097,-0.6312113445720925,1.0304351407565817,-0.015196727346690581,-0.4677222700703223,1.4798776173828454,0.07739557929040974,-0.410736574439813,0.5803180588594335,0.025142956673112133,-0.3891472904788737,0.39350329097730435,0.07452502417445972,-0.3454014416167278,0.07457055762064772,-0.15002469491484938,-0.5184804578095872,1.3531335246878744,-0.21753450697719656,-0.29428975905803656,1.369612268856819,-0.2958657257999016,-0.28249480752952844,1.33447355150387,0.6698606256025517,-0.36538295985649755,0.1486680878708694,0.3984486424666367,-0.38603359855563435,1.0515074412159573,0.3094540788045782,-0.497588453555344,1.403074703666548,0.12947885260380657,-0.4721189790115451,1.662471251969306,0.39040251017011557,-0.14891257790836276,1.2498416859187826,0.20685570923895236,-0.3866497314232864,1.7007151767118087,0.1647366366491018,0.07453424492172453,1.3714986060628829,0.2700472051734166,-0.026520067650134004,1.2968214148322479,0.6015181770387864,-0.42720157036323425,0.21885273978114125,0.5111993868027301,-0.20427038925175636,0.5701545284481238,0.5464043924153246,-0.35923305755814183,0.15379026482831562,0.32561305490945347,-0.20218851488848397,1.200990875233088,0.38781172239425166,-0.23069951999069052,0.5339392973295111,0.3677681814755825,-0.5806538019551346,1.0521385401289984,0.264469276398223,-0.3583410717793648,1.5427584971813177,0.5042206817707479,-0.22957207543763106,0.6748659337395864,0.5874783309879682,-0.25362855353892244,0.4388123508419422,0.5894470869113277,-0.24079625370190633,0.05860229922668231,0.3675250785536324,-0.24662524330990993,1.4126109867695942,0.17643760650461873,-0.020574134644984407,1.351751305014882,0.16975124572582592,0.027814649449451674,1.2761356619414905,0.14793446479944994,-0.33464580502928487,1.236389567125712,0.2764903378012954,-0.5962881059046613,1.1809880840067832,1.1449393033981323,-19.467756271362305,4.135412693023682,-0.48599955439567566,-0.4777221977710724,-2.5568997859954834,207.00863647460938,-6.966163635253906,-1014.879150390625,-161.09912109375,95.76312255859375,-12.462483406066895,-1.726276159286499,24.550003051757812,-2.3696091175079346,-3.6913089752197266,0.2732594609260559,2.678978204727173
0.1241695008530522,-0.4591794899165236,1.5177494070387834,0.11683160444067804,-0.31930664882359916,1.4371208647229023,0.01583206712188113,-0.5251155150252462,0.06572016641892345,0.13503409181999054,-0.4937509667399703,0.973054707839789,0.008513021702255241,-0.34798059775339846,1.6630609189437715,-0.2501661999533508,-0.5193723978980488,1.221516345115687,0.08960019557779988,-0.26934935655814923,1.7056940521625494,-0.27770419971437643,-0.26286007039594333,1.4273493159685704,-0.2638896590234428,-0.4060191632501337,1.3250832699782011,0.07697949220506561,-0.5889786173965758,0.08306575939059258,0.06305925577681586,-0.3713826629894459,0.5112648075384809,0.12880439715867012,-0.49947389624766164,0.05388558041674412,-0.18202801828352821,-0.4735492009003431,1.1651127677879587,0.18792660415962043,-0.34446343976930277,0.4738363160794934,0.2821193570332811,-0.6315454590004801,1.0307773391142587,-0.015293755827607303,-0.4678589105606079,1.479881568460275,0.07781295310582546,-0.41116247015283597,0.5804919770221837,0.02544749845189369,-0.3894733596124396,0.39365052219652974,0.07454941303327384,-0.34541240048329563,0.07460673128729624,-0.15022015290347157,-0.5180524240266409,1.3530965025061803,-0.21666384394595165,-0.293648308772125,1.3695396200710575,-0.2948033676439563,-0.2815229509839948,1.3343194517868244,0.669430284113284,-0.36392588370683177,0.15045100771236103,0.39871475712353033,-0.38622853653320416,1.0519511147050669,0.30939372525309883,-0.4976451285430138,1.4032618217910362,0.1293539215397361,-0.47229910725789354,1.662495397179332,0.38997803845547685,-0.14878659246378387,1.2501778602600098,0.20672650447744406,-0.38681124200094613,1.7007424180081347,0.1638403907911667,0.07412334637630065,1.3720278325459816,0.2693232056123531,-0.026734518485501506,1.2971695981278324,0.6008823715298381,-0.4250948467594109,0.22101737578578343,0.5105683385141638,-0.20255318397520394,0.5716278738533425,0.5459733593542845,-0.3575941100223175,0.15535407232132967,0.32520500328761853,-0.20222445907971717,1.201270932788091,0.3873133343576595,-0.22905847849632732,0.5354706264094801,0.36811179672645417,-0.5809441860148449,1.052452565818433,0.26426357228234904,-0.3584472807432642,1.5429748324368964,0.5038096527784865,-0.22823690331929566,0.6760907828413099,0.5868727385208307,-0.2517558560762184,0.4402778593712295,0.589256985495422,-0.23992697573852856,0.059282311355534766,0.36718143354977995,-0.2465147492506646,1.4129154180848835,0.17570675983531586,-0.02096774402561764,1.352146617624144,0.16894115902335438,0.027473136529770514,1.2765901175555805,0.14795468150582536,-0.33472504195393316,1.2365714647122565,0.2766848589410845,-0.5964557090342439,1.181252778365912,0.9805952906608582,-19.33485221862793,3.843632221221924,-0.48482903838157654,-0.5262587070465088,-2.5065252780914307,206.2631378173828,-7.90470027923584,-1011.2897338867188,-160.99794006347656,95.58200073242188,-12.472604751586914,-1.850018858909607,24.61739158630371,-2.960967540740967,-3.7102339267730713,0.2716240882873535,2.6779942512512207
0.12408324696172941,-0.45934050313092223,1.5177703134666216,0.11676654210992601,-0.31951369981694694,1.4372839903989374,0.015894672972156312,-0.5251585775061159,0.06569035641158259,0.13548831074245718,-0.4940712476605611,0.9731578515065427,0.008200070552453895,-0.34823526343367744,1.6631253837354925,-0.25021125588393367,-0.5185018058446859,1.2212851049489533,0.08943168213282594,-0.2695396566233098,1.7057477265399024,-0.27667255477597386,-0.26203311604774554,1.4273426909715135,-0.26345676307054544,-0.4050971580459582,1.3249391068685923,0.077054194501595,-0.5889994444831318,0.08301371894776821,0.0634244041924445,-0.37182485179001135,0.5114238669738075,0.1288470480566388,-0.49947282514035307,0.053823914884632784,-0.18179459623153638,-0.4729227518897183,1.1649234594888245,0.18814178763438533,-0.3447003330023873,0.4739639861200819,0.282499421609948,-0.6318857735948057,1.0311253299776293,-0.01538656653207264,-0.4679906964302063,1.4798876777389982,0.07822349961131614,-0.41159198418358306,0.5806549043450134,0.025751613586252886,-0.38979894648127206,0.3938001301016239,0.0745729079704411,-0.3454233793332087,0.07464263817628487,-0.1504165374532046,-0.5176234257142276,1.35306540072359,-0.2157985677584907,-0.2930094230155282,1.3694703551317682,-0.29371425978197957,-0.28054893756939087,1.3341536285071973,0.6689993617747794,-0.36247397791470914,0.15221858767188146,0.39898997219587795,-0.3864209193070203,1.0523866190026139,0.30933622265888366,-0.4977052593171991,1.4034497019470922,0.12924313135691826,-0.4724715952052186,1.6625057512166483,0.38957130529035794,-0.1486657061028165,1.2505133152008057,0.20659535333810264,-0.3869835315950659,1.7007691956908497,0.16294380455024984,0.07372469362488251,1.3725611249737393,0.2685949815720912,-0.02695953717998025,1.2975071556126045,0.6002478396260975,-0.4229844182433672,0.22317270154984578,0.5099418597505582,-0.20085120933833503,0.573105287867666,0.5455371013145573,-0.3559538182734654,0.1569244743182959,0.3247917839726865,-0.20225951800875316,1.2015529513753802,0.38681768936826694,-0.22742372576073308,0.537020340167134,0.3684596884132221,-0.5812348924725261,1.0527546974207391,0.26406018090563893,-0.35855651385342047,1.543186078600536,0.503392218457942,-0.22691009889375297,0.6773196206187571,0.5862604023407627,-0.24989604187623557,0.4417481425878228,0.5890605959868589,-0.23904895039879723,0.05997208834607277,0.36683645765512984,-0.24639328766540186,1.4132246507319393,0.17497904655455754,-0.021356437586568636,1.3525408644549894,0.16813602352773907,0.02713038281087351,1.2770418074746794,0.1479795996272406,-0.334803282375762,1.2367558935225405,0.2768711522714981,-0.5966136775269414,1.1815176592362637,0.9500258564949036,-19.182109832763672,3.7847156524658203,-0.5669766068458557,-0.5919302105903625,-2.4313437938690186,205.34988403320312,-8.805651664733887,-1006.461181640625,-160.89352416992188,95.38206481933594,-12.423835754394531,-1.993733525276184,24.59881019592285,-2.9822967052459717,-3.720442771911621,0.2975907027721405,2.6697685718536377
0.12399699307040662,-0.45950151634532094,1.5177912198944596,0.116701479779174,-0.3197207508102948,1.4374471160749727,0.0159572788224315,-0.5252016399869855,0.06566054640424172,0.13594252966492382,-0.4943915285811519,0.9732609951732963,0.007887119402652546,-0.3484899291139565,1.6631898485272136,-0.2502563118145166,-0.517631213791323,1.2210538647822198,0.08926316868785202,-0.2697299566884704,1.7058014009172553,-0.2756409098375712,-0.2612061616995477,1.4273360659744565,-0.2630238671176481,-0.40417515284178274,1.3247949437589834,0.07712889679812437,-0.5890202715696878,0.08296167850494385,0.06378955260807315,-0.37226704059057675,0.511582926409134,0.12888969895460747,-0.4994717540330445,0.053762249352521455,-0.1815611741795445,-0.4722963028790935,1.1647341511896905,0.18835697110915026,-0.3449372262354718,0.4740916561606704,0.2828794861866149,-0.6322260881891314,1.0314733208409999,-0.01547937723653798,-0.4681224822998047,1.4798937870177211,0.07863404611680681,-0.4120214982143301,0.5808178316678433,0.02605572872061208,-0.39012453335010455,0.3939497380067181,0.07459640290760836,-0.34543435818312185,0.07467854506527351,-0.15061292200293763,-0.5171944274018142,1.3530342989409996,-0.21493329157102978,-0.29237053725893136,1.369401090192479,-0.2926251519200028,-0.2795749241547869,1.3339878052275702,0.6685684394362746,-0.36102207212258647,0.1539861676314019,0.3992651872682256,-0.3866133020808365,1.052822123300161,0.30927872006466844,-0.4977653900913845,1.4036375821031482,0.1291323411741004,-0.47264408315254364,1.6625161052539648,0.3891645721252391,-0.14854481974184908,1.2508487701416016,0.2064642021987612,-0.3871558211891856,1.7007959733735647,0.162047218309333,0.07332604087346437,1.373094417401497,0.26786675753182926,-0.027184555874459,1.2978447130973765,0.599613307722357,-0.4208739897273234,0.2253280273139082,0.5093153809869526,-0.1991492347014661,0.5745827018819897,0.5451008432748302,-0.35431352652461323,0.15849487631526213,0.32437856465775444,-0.20229457693778916,1.2018349699626696,0.3863220443788743,-0.2257889730251388,0.5385700539247879,0.36880758009999004,-0.5815255989302073,1.0530568290230453,0.2638567895289288,-0.3586657469635768,1.543397324764176,0.5029747841373974,-0.22558329446821024,0.6785484583962043,0.5856480661606946,-0.24803622767625266,0.44321842580441606,0.5888642064782957,-0.23817092505906592,0.060661865336610776,0.36649148176047974,-0.24627182608013912,1.4135338833789952,0.1742513332737992,-0.02174513114751964,1.352935111285835,0.16733088803212376,0.026787629091976496,1.2774934973937786,0.14800451774865586,-0.33488152279759087,1.2369403223328244,0.27705744560191176,-0.5967716460196387,1.1817825401066155,1.0923863649368286,-19.123226165771484,3.9381957054138184,-0.6152278780937195,-0.581019937992096,-2.400178909301758,203.98077392578125,-9.569364547729492,-1001.9368896484375,-160.8089599609375,95.1964111328125,-12.302242279052734,-2.0119102001190186,24.53443717956543,-2.4944770336151123,-3.6969141960144043,0.33082783222198486,2.6485321521759033
0.12390117021585932,-0.45967458252677856,1.5178100776593417,0.11662462483228042,-0.31989144657226587,1.4376210996646754,0.01598983761601594,-0.5252359273615262,0.06563261647196796,0.13628395261946102,-0.49468944493113765,0.9733626535594069,0.007728604095624082,-0.3486791741571679,1.663227339256678,-0.2502844577396153,-0.5167127342413593,1.2208204393749995,0.08908767271663574,-0.269953940187069,1.70584158826348,-0.2746435800036847,-0.26035547700544065,1.4272818095636683,-0.26259243937320265,-0.4032725928634997,1.3246057442087211,0.07719394690449664,-0.5890370525469054,0.08291942896383094,0.0641039176566514,-0.37268039446003387,0.5117761985158289,0.1289278214538334,-0.4994835895023599,0.05371202432260608,-0.18130339011056534,-0.4716679588552342,1.1645473354304863,0.18870881747528417,-0.3452944101284671,0.4742081439159564,0.2832134046301936,-0.6325337266093058,1.0317713926170047,-0.01556101072400759,-0.4682498720801429,1.4799248558401272,0.07908366446611502,-0.41244163107595694,0.5810146302182153,0.026324939759855236,-0.39044679967772883,0.39409243167433516,0.07462022221641035,-0.3454508257425384,0.07471537812064026,-0.1508493707176076,-0.516757729531124,1.3529444688203318,-0.2140067859694658,-0.2917084162499731,1.3693344202262676,-0.29160721802356226,-0.2785111536944149,1.3338739155538823,0.6680498001788626,-0.3594283476373218,0.15584726051877665,0.39950237403444894,-0.38688444740922245,1.0532801628902257,0.30923483254301626,-0.49781829079255363,1.403839154156628,0.12902450874842555,-0.472817492998199,1.6625453411348607,0.3886694732979433,-0.14845748450483706,1.2511094488844967,0.20631857384119603,-0.38732060755522835,1.700849281241562,0.16116384167643572,0.0728674220500995,1.3735887510887046,0.2671289986727253,-0.027341839049430872,1.2982256680924371,0.5989970089189264,-0.4187451744612479,0.22742267424203702,0.5086745957270363,-0.19743115672015196,0.5761008330725677,0.5446896472119338,-0.35263906478487106,0.16004540201350553,0.3239670354897613,-0.20234405760042715,1.2021297585490525,0.385819451007622,-0.22416226555969543,0.5401267160643015,0.3691556254364797,-0.581799745362326,1.0533381666963464,0.26364901059905427,-0.35876265395161333,1.543600034832165,0.5025311098588223,-0.22428455245711945,0.6797860200634066,0.5850417223197735,-0.24617914502687802,0.44471720250829166,0.5887015686919358,-0.23730035599888555,0.06142697763931475,0.36615295915414164,-0.24621030495853613,1.4138682121472643,0.17350429427248754,-0.022205765322097483,1.3533534640507983,0.16648921377907525,0.026412074892035384,1.2779139452027959,0.14809411813486492,-0.3349869165396848,1.2371038206365725,0.27726071722657475,-0.5969441770915164,1.1820383044268121,1.1806145906448364,-19.176193237304688,4.147592067718506,-0.5734071135520935,-0.48723524808883667,-2.425192356109619,202.47303771972656,-10.356674194335938,-998.0517578125,-160.6765899658203,95.00922393798828,-12.196026802062988,-1.8840327262878418,24.49971580505371,-1.9238998889923096,-3.6926259994506836,0.3431456685066223,2.6234359741210938
0.12380379862737971,-0.4598495994774711,1.5178286038487163,0.11654586125387262,-0.32005625825054596,1.4377968406045674,0.016017533302159104,-0.5252687944876437,0.06560499082930041,0.13660711957918886,-0.4949837415818347,0.9734640715532745,0.007595084185113774,-0.34885783088917766,1.6632604642419626,-0.25030986678521366,-0.515786504113911,1.2205866602872382,0.08891104662556522,-0.2701833753396344,1.7058795927376147,-0.27365180405954653,-0.25950095156170677,1.427219844022334,-0.2621612492578709,-0.4023731800894074,1.3244092555235554,0.07725743480668162,-0.5890531786624958,0.08287876407733026,0.0644100634319498,-0.3730890814042249,0.5119750079334966,0.12896521103303163,-0.4994975138973716,0.05366365093466462,-0.1810416630561778,-0.47103930812403066,1.1643609230881495,0.1890827826908882,-0.34567106303000295,0.474322821821598,0.28353985433546913,-0.6328360764001378,1.0320613850031468,-0.01564083518213685,-0.46837655035470493,1.4799599643574646,0.07953960658205265,-0.41286024559807305,0.5812169108169758,0.026588501581391748,-0.39076852857671823,0.3942340062746149,0.07464409402466768,-0.34546818164800175,0.07475236107576762,-0.15109230380579336,-0.5163197854891518,1.35284513353512,-0.21307037040492557,-0.29104253462213553,1.3692681702556988,-0.29060080361287327,-0.2774328560821268,1.3337684313193063,0.667516963963477,-0.3578116698375601,0.15772348844649775,0.399733405930317,-0.38716834043430176,1.053741849810872,0.3091931486169234,-0.4978700213084947,1.4040429422397487,0.12891715503488946,-0.4729910520528326,1.662577633036683,0.3881600725137635,-0.1483755795075404,1.251358025121373,0.20617060235004553,-0.38748417952597536,1.7009068830123801,0.16028260301477862,0.07239909773532129,1.3740767793150137,0.26638969660594763,-0.027488159250147293,1.2986136469619953,0.5983836611375114,-0.41661338330499387,0.2295075003181072,0.508031494964827,-0.19571047241719355,0.5776255543263542,0.5442825074227441,-0.350959072641979,0.1615927107385452,0.3235557798715617,-0.2023958724164805,1.2024266139560977,0.38531573304277383,-0.22253686021890073,0.541684502797411,0.3695036956411324,-0.5820712115590936,1.0536161388782477,0.26344052154496805,-0.35885756596034724,1.5438013633355399,0.5020831886506238,-0.22299035233969722,0.6810249936896444,0.5844363483372114,-0.24432250447817988,0.4462205908748488,0.5885443936120596,-0.23643099373539553,0.06220428294051956,0.36581548101065176,-0.24615848518365266,1.4142066027154985,0.17275412740888976,-0.022678043064198742,1.3537757183542314,0.16564162573869656,0.026031211943717197,1.2783293364853259,0.14819418732693654,-0.33509670503881595,1.2372639313438871,0.277466736783255,-0.5971190651126256,1.182292593236001,1.055947184562683,-19.228191375732422,4.244973182678223,-0.56924968957901,-0.4931764006614685,-2.4554643630981445,200.99012756347656,-11.345829963684082,-993.84716796875,-160.46522521972656,94.80952453613281,-12.12903118133545,-1.7140438556671143,24.522998809814453,-1.9796730279922485,-3.7143800258636475,0.3235366642475128,2.627474784851074
0.12370642703890011,-0.46002461642816367,1.517847130038091,0.1164670976754648,-0.3202210699288261,1.4379725815444593,0.016045228988302268,-0.5253016616137612,0.06557736518663286,0.1369302865389167,-0.49527803823253175,0.9735654895471422,0.0074615642746034645,-0.3490364876211874,1.663293589227247,-0.250335275830812,-0.5148602739864627,1.2203528811994768,0.08873442053449469,-0.2704128104921998,1.7059175972117493,-0.2726600281154083,-0.25864642611797284,1.4271578784809997,-0.26173005914253905,-0.4014737673153151,1.3242127668383896,0.07732092270886662,-0.5890693047780864,0.0828380991908296,0.06471620920724822,-0.37349776834841597,0.5121738173511644,0.12900260061222985,-0.49951143829238337,0.053615277546723156,-0.1807799360017903,-0.4704106573928271,1.1641745107458128,0.18945674790649225,-0.3460477159315387,0.4744374997272397,0.2838663040407446,-0.6331384261909699,1.032351377389289,-0.01572065964026611,-0.46850322862926697,1.479995072874802,0.07999554869799029,-0.4132788601201891,0.5814191914157362,0.026852063402928263,-0.3910902574757077,0.3943755808748946,0.074667965832925,-0.3454855375534651,0.07478934403089497,-0.15133523689397912,-0.5158818414471796,1.3527457982499078,-0.21213395484038536,-0.290376652994298,1.3692019202851302,-0.2895943892021842,-0.27635455846983864,1.33366294708473,0.6669841277480915,-0.3561949920377984,0.15959971637421885,0.399964437826185,-0.38745223345938107,1.054203536731518,0.30915146469083055,-0.4979217518244358,1.4042467303228694,0.12880980132135333,-0.4731646111074662,1.6626099249385051,0.3876506717295836,-0.14829367451024372,1.2516066013582494,0.206022630858895,-0.38764775149672237,1.700964484783198,0.15940136435312152,0.07193077342054308,1.374564807541323,0.26565039453916994,-0.027634479450863718,1.2990016258315535,0.5977703133560964,-0.4144815921487398,0.23159232639417743,0.5073883942026176,-0.19398978811423512,0.5791502755801409,0.5438753676335544,-0.34927908049908696,0.1631400194635849,0.32314452425336204,-0.20244768723253384,1.202723469363143,0.3848120150779257,-0.22091145487810604,0.5432422895305205,0.36985176584578505,-0.5823426777558611,1.0538941110601487,0.26323203249088184,-0.3589524779690812,1.544002691838915,0.5016352674424254,-0.22169615222227496,0.6822639673158822,0.5838309743546493,-0.24246586392948172,0.4477239792414059,0.5883872185321833,-0.23556163147190548,0.06298158824172438,0.3654780028671618,-0.2461066654087692,1.4145449932837328,0.17200396054529196,-0.023150320806300004,1.3541979726576647,0.16479403769831785,0.025650348995399003,1.2787447277678559,0.14829425651900816,-0.335206493537947,1.2374240420512017,0.27767275633993527,-0.5972939531337347,1.18254688204519,0.8567604422569275,-19.190229415893555,4.406982421875,-0.6969642043113708,-0.604447603225708,-2.4411044120788574,199.9129638671875,-12.052640914916992,-989.9102783203125,-160.25555419921875,94.59752655029297,-12.044137954711914,-1.5940755605697632,24.592283248901367,-2.396080255508423,-3.6956605911254883,0.29781490564346313,2.6672637462615967
0.12363797406487118,-0.4601695138887064,1.5178744824516852,0.11636213548728172,-0.3202574770182174,1.4380588042025535,0.016068492467138942,-0.5253193883706402,0.06556026948406207,0.13716724080755222,-0.49552833955019515,0.9736570119857788,0.007369841627825964,-0.34920837192345927,1.6633218937362266,-0.2503319402404179,-0.5141883918781154,1.2201640819082198,0.08861362667667945,-0.27056794411299245,1.7059460965213398,-0.271887558382868,-0.2580325680457993,1.427096456091925,-0.2613840420909275,-0.4008346772351802,1.3240645847573185,0.07736591797396047,-0.5890809329140265,0.08281091126977214,0.06499082244784626,-0.3738143485508218,0.5122683245614664,0.12903017526036067,-0.4995281208824638,0.05358675149398924,-0.18060209202450633,-0.4699439254422851,1.1640347755507918,0.18973879308890032,-0.3463527491155839,0.4745241883179999,0.2841202514061075,-0.6333729498433751,1.0325460126068418,-0.015769046774467096,-0.4686005257612822,1.4800187412476697,0.0802827508046927,-0.41358864050827276,0.5815309522957202,0.027055668428737596,-0.3913301316318133,0.39447272731768374,0.0746805438932204,-0.3454958155060446,0.07482963469841622,-0.1515288067771899,-0.5155297663827606,1.3526482282095398,-0.21143729856472143,-0.289857176360705,1.369125554103725,-0.28889682474515294,-0.2756151284603094,1.3335955174553473,0.6666009809007708,-0.3551346634002711,0.16096746043258944,0.3999794733445376,-0.3877853157109772,1.054536360778556,0.30912313891562404,-0.4979553800939724,1.4043852043467642,0.1287388430525925,-0.47325157132369794,1.6626386863506393,0.38727872241411776,-0.148223294524957,1.2517737047561746,0.20591726287311277,-0.3877741005641735,1.701015331097786,0.15875191591828075,0.07158404943958813,1.3748952876653102,0.2650986582238153,-0.027776132467270686,1.2992332107973414,0.5973145985445439,-0.4129118108196764,0.23307616722504823,0.5069261631428801,-0.19279412412090807,0.5802464497010439,0.543502734986362,-0.3480709349082795,0.1642603086714713,0.3228744033551374,-0.20247593008919268,1.2029108116958316,0.3843894474553746,-0.21969927383574428,0.5443984151676001,0.37009078126079986,-0.5825333840010182,1.0540923077539104,0.26309854088240114,-0.3590164727327839,1.5441503501096308,0.501323337981243,-0.2207380954595591,0.6831981306833936,0.58339214443371,-0.2411280313864449,0.44886595918642763,0.5882687769978252,-0.2349070180330845,0.06356743979730353,0.36522561291985167,-0.24609660046384824,1.4148110427603817,0.17150074125125708,-0.02345718587717868,1.3544607099318346,0.16418895865513,0.025355276522158788,1.2790671381729328,0.1483972536412296,-0.3353168251893378,1.2375403950545962,0.27781857086333217,-0.5974188371999374,1.1827387422915325,0.8374764919281006,-19.190095901489258,4.467305660247803,-0.7500185370445251,-0.6112817525863647,-2.40852952003479,198.75442504882812,-12.759044647216797,-985.4983520507812,-160.09999084472656,94.33509826660156,-11.871458053588867,-1.6502193212509155,24.614301681518555,-2.370622396469116,-3.6704068183898926,0.31827205419540405,2.6957859992980957
0.1235743969037438,-0.4603093330631193,1.5179033230077352,0.11625275609163654,-0.32027223449669134,1.4381299336619724,0.01609100865520882,-0.5253345623908453,0.06554494917836805,0.1373896592154803,-0.4957712230500796,0.9737468659877777,0.007285166194119695,-0.34937911436257774,1.6633493854904806,-0.25032375817069946,-0.5135593940288026,1.2199828664198618,0.08850224639307584,-0.2707105501499397,1.7059729932159777,-0.2711520646976319,-0.257459287611854,1.4270351252808475,-0.26105238561401306,-0.40023947877204974,1.32392454739438,0.0774077952944285,-0.5890918026696768,0.08278599562777195,0.06526011915643089,-0.37411539912815917,0.51234524593448,0.12905609506546267,-0.49954526851706155,0.053561571794284495,-0.18043839112417587,-0.46950449375127323,1.1639029103399112,0.19000534012617654,-0.34664570688214524,0.47460615778008836,0.284361974539741,-0.633596037693371,1.032724570162249,-0.01581213342963366,-0.46869286909600755,1.4800404807589702,0.0805415025610008,-0.41388007095515333,0.5816274511300965,0.027249164459918505,-0.3915562046975489,0.39456238296647733,0.07469121777508038,-0.3455049000828471,0.07487048306163178,-0.15171405379444558,-0.5151921692273475,1.3525509557976627,-0.2107810668203215,-0.2893623842900952,1.3690474822821206,-0.2882513338268198,-0.2749328331047336,1.3335345040093984,0.6662430723771354,-0.354168137819167,0.16224947174554627,0.39995809086900674,-0.38812669149495116,1.0548474579457416,0.30909706538678794,-0.49798595624056874,1.404512666116487,0.1286740212251019,-0.47332393057298977,1.6626668525057913,0.3869299480555863,-0.1481548577102999,1.2519270714545092,0.20581907803649144,-0.3878941736769992,1.701065038411033,0.1581415483937753,0.07125782784049875,1.3751992044464643,0.2645785463665495,-0.027916998574695245,1.2994384270235402,0.596885461384887,-0.41143678696147656,0.2344586791482982,0.5064944275562336,-0.19168698099373982,0.5812703687821003,0.543135920403809,-0.3469423448407887,0.16530860040262835,0.3226280784271411,-0.2025001986038606,1.2030796896148201,0.38398056215797827,-0.21855676433207186,0.545486818875698,0.3703114095310502,-0.5827104737427061,1.0542770539293227,0.2629776941920748,-0.35907525470517326,1.5442889593294915,0.5010343373611273,-0.21983671402990423,0.6840809016235617,0.5829813946161838,-0.23987767228622311,0.4499470039906091,0.5881568661193974,-0.23428861224493444,0.06412101136088766,0.36498756923817643,-0.24609357557746747,1.4150648951925189,0.17103915846604387,-0.023736161602327954,1.354696551892931,0.16362476775681736,0.025074668722042188,1.279373871569602,0.14850074442609257,-0.3354272484187259,1.2376493703055855,0.2779542345380941,-0.5975352903667664,1.1829200767918138,1.0045688152313232,-19.32424545288086,4.441833972930908,-0.6681650876998901,-0.5092246532440186,-2.403834342956543,197.62294006347656,-13.37099552154541,-981.5842895507812,-159.99131774902344,94.12950134277344,-11.720747947692871,-1.837541103363037,24.552082061767578,-1.8073241710662842,-3.709432601928711,0.3669740855693817,2.686012029647827
0.12351081974261643,-0.46044915223753213,1.5179321635637852,0.11614337669599135,-0.32028699197516536,1.4382010631213915,0.016113524843278704,-0.5253497364110504,0.06552962887267404,0.13761207762340835,-0.49601410654996403,0.9738367199897766,0.007200490760413424,-0.34954985680169615,1.6633768772447346,-0.250315576100981,-0.5129303961794898,1.2198016509315035,0.08839086610947224,-0.270853156186887,1.705999889910616,-0.2704165710123959,-0.2568860071779087,1.4269737944697702,-0.26072072913709854,-0.39964428030891924,1.3237845100314412,0.07744967261489653,-0.5891026724253269,0.08276107998577174,0.06552941586501551,-0.37441644970549653,0.5124221673074937,0.12908201487056467,-0.49956241615165936,0.053536392094579756,-0.18027469022384543,-0.4690650620602614,1.1637710451290308,0.19027188716345275,-0.34693866464870654,0.47468812724217674,0.28460369767337446,-0.633819125543367,1.032903127717656,-0.01585522008480023,-0.46878521243073296,1.4800622202702705,0.08080025431730889,-0.41417150140203385,0.5817239499644727,0.02744266049109942,-0.3917822777632846,0.39465203861527093,0.07470189165694034,-0.34551398465964966,0.07491133142484735,-0.15189930081170125,-0.5148545720719344,1.3524536833857859,-0.21012483507592158,-0.2888675922194854,1.3689694104605163,-0.2876058429084866,-0.27425053774915786,1.3334734905634495,0.6658851638535,-0.35320161223806296,0.16353148305850312,0.3999367083934759,-0.38846806727892513,1.0551585551129272,0.30907099185795184,-0.49801653238716503,1.40464012788621,0.1286091993976113,-0.4733962898222816,1.6626950186609433,0.3865811736970548,-0.1480864208956428,1.2520804381528436,0.20572089319987014,-0.3880142467898249,1.7011147457242801,0.15753118086926984,0.07093160624140936,1.375503121227618,0.2640584345092837,-0.028057864682119807,1.2996436432497391,0.59645632422523,-0.4099617631032767,0.2358411910715482,0.5060626919695873,-0.19057983786657157,0.5822942878631566,0.5427691058212558,-0.34581375477329784,0.1663568921337854,0.3223817534991448,-0.2025244671185285,1.203248567533809,0.38357167686058197,-0.21741425482839938,0.546575222583796,0.37053203780130045,-0.582887563484394,1.054461800104735,0.2628568475017484,-0.35913403667756266,1.544427568549352,0.5007453367410116,-0.21893533260024936,0.6849636725637297,0.5825706447986577,-0.2386273131860013,0.4510280487947906,0.5880449552409697,-0.23367020645678438,0.06467458292447179,0.3647495255565012,-0.24609055069108673,1.4153187476246563,0.17057757568083062,-0.024015137327477235,1.3549323938540276,0.16306057685850472,0.024794060921925584,1.279680604966271,0.14860423521095553,-0.33553767164811393,1.237758345556575,0.278089898212856,-0.5976517435335955,1.183101411292095,1.146271824836731,-19.428403854370117,4.507683277130127,-0.6104393005371094,-0.452559232711792,-2.4287209510803223,196.34959411621094,-13.920692443847656,-977.4873046875,-159.88119506835938,93.97953796386719,-11.615716934204102,-1.9692487716674805,24.513986587524414,-1.4803677797317505,-3.761138916015625,0.3603230118751526,2.660297393798828
0.12341462565425611,-0.4606460758195018,1.5180005587094667,0.116039085060062,-0.32035868511294685,1.438287548671495,0.016159584576153005,-0.5253657035480271,0.06551094414875996,0.13803053087252654,-0.49634115323917755,0.9739393482342461,0.007067057102092154,-0.3497533364011752,1.663407068970977,-0.25030914901305507,-0.5120159944161674,1.2195626222929419,0.0882106154466307,-0.27104457265493886,1.7060371477477598,-0.2693842238444366,-0.256055942533032,1.426844323115633,-0.2602406670123536,-0.3987860792618714,1.3235728896611574,0.07750990341682702,-0.5891148077928468,0.08272721435850029,0.06591608963709399,-0.37479693852118307,0.5125590955579518,0.12911463398116313,-0.4995630095830027,0.05350234256502216,-0.180015064381211,-0.4684478456512192,1.16358521422803,0.1905861140185634,-0.3472403045126934,0.47476314427639477,0.2849961214310286,-0.6341267393914279,1.0331602882075783,-0.01592295611314229,-0.46889505495890876,1.480055306328843,0.08118881144567042,-0.41458083625068726,0.5818730982526249,0.02770419212502261,-0.39210041987382815,0.39480951418545074,0.07472448549325893,-0.34553649315968255,0.07495462452832437,-0.1519859777578455,-0.514356225334256,1.352268358137434,-0.20918856139313308,-0.28824726832623515,1.3688588039764504,-0.28666471349482503,-0.27332919362365016,1.3333676238328416,0.6653573933421382,-0.3517609293887157,0.16531960833941073,0.39980164022240416,-0.3889704288927135,1.0556087683368203,0.3090704752514694,-0.498073137951213,1.4048308364997637,0.12848099572769064,-0.4736024833080784,1.6627506570310782,0.38615837791897606,-0.14798032369045233,1.2523161877464775,0.20554921006327434,-0.38822519083488854,1.7011810578652564,0.15669098244794946,0.0704867947007844,1.3759299204838986,0.2634202241897583,-0.02825605087845728,1.299992025490628,0.5957985838122716,-0.40787993741548617,0.23783128106633558,0.5054628831266568,-0.18898432043115826,0.5837998313224868,0.5421473463836884,-0.3441914242032348,0.16791553341395019,0.32206841020394633,-0.20255421573259183,1.203479274811334,0.38299605141807075,-0.21591325654395369,0.5480380786570492,0.37092489053476724,-0.5832114979526065,1.0547770899257913,0.26266376812331726,-0.3592601829510651,1.544623822171167,0.5003362886163573,-0.21770000682267923,0.6862357963394645,0.5819415347465616,-0.2368379637401625,0.4525405913097969,0.5878934728980854,-0.23273179070740346,0.06553784760319634,0.36447455132047074,-0.24599962062294908,1.415647423030525,0.16984292869733658,-0.024472125053455102,1.3552524411915154,0.1622880409342169,0.02444962040515037,1.2800612163464755,0.1486860502831983,-0.335633531903589,1.2378804831710082,0.27824984476068954,-0.597808949402626,1.183355172540968,1.044777274131775,-19.386123657226562,4.527881145477295,-0.67054682970047,-0.5181453227996826,-2.455778121948242,194.78768920898438,-14.48975658416748,-972.528076171875,-159.67324829101562,93.80563354492188,-11.508294105529785,-2.0209152698516846,24.517871856689453,-1.67143714427948,-3.75999116897583,0.3151988983154297,2.6502063274383545
0.12331270929796016,-0.4608530177185867,1.518075893256838,0.11593568601355647,-0.3204403669628876,1.4383767282725959,0.01620977475548422,-0.5253818098282972,0.06549166917603537,0.1384833761990465,-0.4966829654002032,0.9740442175738859,0.006925069369277024,-0.34996255936212095,1.6634377343765159,-0.2503030298166717,-0.5110515217907381,1.2193134509964494,0.08801828226111583,-0.27124455235651784,1.706076223329203,-0.26829979711810487,-0.2551808280265884,1.4267028972802573,-0.25973456880904194,-0.3978817374106275,1.3233487108685322,0.07757335412778602,-0.5891271651975366,0.08269177855837424,0.06632335587645208,-0.37519136386991336,0.5127065513307685,0.12914842840851537,-0.499560698768161,0.05346673692496407,-0.17973860960133028,-0.4677994389407682,1.163389915662096,0.19090870575399588,-0.34754346755166715,0.474836941586425,0.2854149838946513,-0.6344491823619565,1.033431238686012,-0.015995016592918642,-0.46900796752102325,1.4800433654658842,0.081600141446322,-0.41501085608210786,0.5820314832870533,0.027977659829602333,-0.392434714448373,0.3949788879874526,0.07474917054965796,-0.3455613567339664,0.07499834653360164,-0.1520553617090579,-0.5138296769154782,1.3520675850230337,-0.208203157545715,-0.2876049213062059,1.3687424896568652,-0.28567171767847427,-0.2723659111174527,1.3332538881049252,0.6647998224820523,-0.3502370610537119,0.16719652554452022,0.3996466271924657,-0.3895010336345395,1.0560833878864515,0.3090744423155753,-0.49813431007972614,1.4050326410508314,0.12834167243629102,-0.4738321564844902,1.6628111150880522,0.38572259592694164,-0.14786761939920337,1.2525663904796374,0.20536463248808653,-0.3884520771487659,1.7012502831339047,0.15581046281666155,0.07002117790725848,1.3763782780691487,0.26276129484176636,-0.028464293230744384,1.3003655245761998,0.5951007375654006,-0.4056916552663639,0.23992796370525232,0.504833587747536,-0.18730312329254406,0.5853898702867774,0.5414808597785747,-0.3424824724923696,0.16956370970271278,0.3217433093004669,-0.20258492576760173,1.2037208293447432,0.38239117331852185,-0.2143493654909513,0.5495666281276981,0.3713479580863422,-0.5835611946535426,1.0551152821408203,0.2624580163434641,-0.3593981475230084,1.5448301888459566,0.4999061795259943,-0.21640609431740465,0.687576227630211,0.581274115881383,-0.23495405458456636,0.45412883517757946,0.5877350481930158,-0.231737232859561,0.06645544440738411,0.36419309803981653,-0.24589326859309973,1.4159892252738902,0.16906037571414417,-0.024960342955016927,1.3555872614020543,0.16147895325098607,0.024093981166154348,1.280454788776423,0.1487640625988411,-0.33572683725136004,1.2380049299720108,0.27841405146169346,-0.597973304868534,1.183621640236962,0.9390860795974731,-19.34266471862793,4.412292003631592,-0.7177667617797852,-0.5697993636131287,-2.47994327545166,193.54742431640625,-15.034916877746582,-968.5161743164062,-159.43016052246094,93.64079284667969,-11.39044189453125,-2.017425775527954,24.517961502075195,-2.147991418838501,-3.684354782104492,0.2879071533679962,2.647150993347168
0.12321079294166423,-0.4610599596176716,1.5181512278042093,0.11583228696705095,-0.3205220488128283,1.4384659078736968,0.016259964934815435,-0.5253979161085672,0.06547239420331077,0.13893622152556648,-0.4970247775612288,0.9741490869135256,0.006783081636461893,-0.3501717823230668,1.6634683997820545,-0.25029691062028836,-0.5100870491653089,1.2190642796999571,0.08782594907560096,-0.2714445320580969,1.7061152989106463,-0.26721537039177307,-0.2543057135201448,1.4265614714448815,-0.25922847060573023,-0.39697739555938355,1.3231245320759073,0.07763680483874501,-0.5891395226022266,0.08265634275824818,0.06673062211581018,-0.37558578921864366,0.5128540071035852,0.1291822228358676,-0.4995583879533193,0.05343113128490598,-0.17946215482144956,-0.4671510322303172,1.163194617096162,0.19123129748942835,-0.34784663059064097,0.4749107388964552,0.28583384635827397,-0.634771625332485,1.0337021891644458,-0.016067077072694995,-0.4691208800831378,1.4800314246029254,0.0820114714469736,-0.4154408759135284,0.5821898683214819,0.02825112753418206,-0.39276900902291795,0.3951482617894545,0.074773855606057,-0.34558622030825015,0.07504206853887893,-0.1521247456602703,-0.5133031284967006,1.3518668119086334,-0.2072177536982969,-0.28696257428617666,1.36862617533728,-0.2846787218621235,-0.2714026286112552,1.3331401523770086,0.6642422516219664,-0.348713192718708,0.16907344274962974,0.39949161416252715,-0.39003163837636545,1.0565580074360827,0.30907840937968123,-0.49819548220823934,1.405234445601899,0.1282023491448914,-0.47406182966090193,1.6628715731450263,0.3852868139349072,-0.1477549151079544,1.2528165932127973,0.2051800549128987,-0.3886789634626433,1.7013195084025527,0.15492994318537365,0.06955556111373254,1.376826635654399,0.2621023654937744,-0.028672535583031494,1.3007390236617713,0.5944028913185296,-0.40350337311724166,0.24202464634416906,0.5042042923684151,-0.18562192615392983,0.5869799092510678,0.540814373173461,-0.3407735207815044,0.17121188599147544,0.3214182083969874,-0.2026156358026116,1.2039623838781521,0.38178629521897295,-0.2127854744379489,0.5510951775983469,0.3717710256379172,-0.5839108913544787,1.0554534743558492,0.262252264563611,-0.3595361120949518,1.5450365555207461,0.49947607043563136,-0.21511218181213007,0.6889166589209575,0.5806066970162045,-0.23307014542897017,0.455717079045362,0.5875766234879463,-0.23074267501171852,0.06737304121157191,0.3639116447591624,-0.24578691656325038,1.4163310275172556,0.16827782273095176,-0.025448560856578758,1.3559220816125932,0.16066986556775523,0.023738341927158322,1.2808483612063706,0.14884207491448384,-0.3358201425991311,1.2381293767730133,0.27857825816269743,-0.5981376603344418,1.183888107932956,1.036522388458252,-19.353191375732422,4.358992099761963,-0.6739381551742554,-0.5187709927558899,-2.487833261489868,192.35350036621094,-15.777697563171387,-964.2783203125,-159.14112854003906,93.46054077148438,-11.2378511428833,-1.9648860692977905,24.51598358154297,-2.3498549461364746,-3.5989041328430176,0.29019060730934143,2.637012004852295
0.12309890946015617,-0.4612903210106275,1.5182414595654468,0.11573975256934071,-0.320634162583888,1.438545726387706,0.016315407619275003,-0.5254132842386006,0.06546635560642015,0.13935856782640052,-0.4973805474721833,0.9743031271246095,0.006672676038983839,-0.35038922559346586,1.6634879258294768,-0.2502909507972515,-0.509116067396884,1.2188015868332212,0.08766562057449329,-0.2716370883169553,1.7061470265420067,-0.2660822005856116,-0.25335608778015667,1.4264217903282468,-0.2587362630477804,-0.39601967202511845,1.322914042614943,0.07770122437188957,-0.5891732863637785,0.08262406296978723,0.06705791648748695,-0.3760146308221564,0.5130287912112987,0.12922096203099812,-0.49955489442048484,0.05340673839858431,-0.1791583884828138,-0.46648902845698476,1.162980697012895,0.19163581551305506,-0.3481711915984059,0.4749922029032613,0.28619346387733685,-0.6350438237584979,1.033973441613431,-0.016131935869374416,-0.469241467730099,1.4799846229174278,0.08244764691354423,-0.415856946383091,0.5823625801809577,0.028554934366846717,-0.3931195680668812,0.39531794595007863,0.07482653584898702,-0.3456194887295464,0.07507264853411952,-0.15218756594602637,-0.5127492349668844,1.3517131126479598,-0.20626666964284632,-0.2863190277720129,1.3684932526373705,-0.2836542623919367,-0.2704009119643281,1.333014035856487,0.663613667353889,-0.3471143685824034,0.1709879133480274,0.3998290312211245,-0.3900513844379526,1.05709154479551,0.3090808414268178,-0.49823847738717564,1.405422292403038,0.12803305947030616,-0.4743133034335067,1.6629363258942862,0.3848103162468664,-0.14757867537389527,1.253090282544395,0.20497091287216604,-0.38893381560480356,1.7014074558453844,0.1540041028071713,0.0690284345965117,1.3772529493894008,0.26135815462923995,-0.028858885594600477,1.301067227164641,0.5936652185111646,-0.40133973512033755,0.24413025389049225,0.5035210952458792,-0.1839561588716823,0.5885910190493855,0.5401545970250439,-0.3390906559710471,0.17288058788965868,0.3211498192406648,-0.20264854351218964,1.2042072936399093,0.3810809196423221,-0.2111445137897864,0.5527343824999222,0.3721235998418947,-0.5841719764747367,1.0557826745589047,0.2620552699297469,-0.359637429185261,1.5452432577183703,0.49905010505227854,-0.21382123448990828,0.6902867001018776,0.5799528332735528,-0.2312023707276938,0.4573877692617328,0.5873040874667516,-0.22974485420430732,0.0683321338023571,0.3635926632494326,-0.2456488911777932,1.4166179046725595,0.16755619650052872,-0.02590865408076553,1.3562833745748002,0.1598523814255828,0.023367489873129407,1.2812238825078042,0.14890649855531604,-0.3359046153082753,1.238226679776678,0.27879413538026493,-0.5983472107262011,1.1841403159084698,1.101151466369629,-19.349956512451172,4.368223667144775,-0.654137909412384,-0.4891379177570343,-2.486067771911621,191.47862243652344,-16.432283401489258,-960.8197021484375,-158.92539978027344,93.3023681640625,-11.118875503540039,-1.8555442094802856,24.564077377319336,-2.3493447303771973,-3.589183807373047,0.3039112091064453,2.6472620964050293
0.1229852084440506,-0.46152495301717167,1.5183344078774483,0.11564919937229315,-0.32075182570526933,1.4386238378799514,0.016371808113493272,-0.5254285177647673,0.06546273070159338,0.13977535254019774,-0.4977388626198895,0.9744661337887215,0.006568029536773137,-0.3506081678614711,1.663505420582184,-0.2502850200364132,-0.5081438986670892,1.2185364282683822,0.08751112822171868,-0.2718282908892,1.7061774142530581,-0.2649401423354812,-0.25239287469758104,1.4262824273662063,-0.2582465884898672,-0.3950522141839495,1.3227060494438703,0.07776582057260914,-0.5892109536374641,0.0825923586893358,0.06737062775388064,-0.3764497483309531,0.5132085587212581,0.12926060291907646,-0.4995511852155458,0.05338439019088516,-0.17884964180111096,-0.46582454521924455,1.162763381241173,0.19205527303629363,-0.3484996545887151,0.4750750649547735,0.28654227790650943,-0.6353068599440405,1.0342447491276343,-0.016195481417959692,-0.4693634549513558,1.4799314642584087,0.0828883530239001,-0.41627047314549126,0.5825379045791184,0.02886427362875038,-0.39347309298467953,0.3954876867055103,0.07488432109651975,-0.34565428979941554,0.07510083204517697,-0.15224918932808157,-0.5121903549756436,1.3515679974429655,-0.20532184390240157,-0.28567526252656583,1.3683573013504609,-0.28262406543193275,-0.2693921867387974,1.3328856616620197,0.6629721335820015,-0.3455018760352735,0.1729092319181423,0.40025624435469015,-0.3899779739166727,1.0576358259908412,0.30908299355909524,-0.49827815794589503,1.405607593967425,0.1278583053376106,-0.4745687526089466,1.663001861793316,0.38432639393190676,-0.14739084976497074,1.2533682547262963,0.20475729142889282,-0.3891937673980037,1.7014988173317436,0.1530699980574728,0.06849009160026415,1.3776752433634751,0.260598392429336,-0.029041243473450277,1.3013871708847828,0.5929202832133564,-0.3991805910570732,0.24623748891993072,0.5028280689818969,-0.18229320526912515,0.5902059711762612,0.539496044548142,-0.3374125481836054,0.17455303269308922,0.3208917716382355,-0.2026818519741889,1.2044528152374243,0.3803572180551409,-0.20948949927427124,0.554393765744784,0.37246331937660443,-0.5844169030126357,1.0561102350421299,0.26185987218721024,-0.35973206349950754,1.5454500210995705,0.4986248952860864,-0.21253082787753733,0.6916621407333589,0.5793014413473622,-0.22933753819161695,0.45907349381225787,0.5870107429114398,-0.22874643838662187,0.06929879327187474,0.36326683835675383,-0.24550509006278404,1.416894766076511,0.16684568044266954,-0.026363618687313316,1.3566494949211347,0.15903336616442693,0.022993863717535673,1.2815961121328618,0.14896844426132985,-0.3359874773597875,1.2383190330290637,0.27901943486849995,-0.5985650025456157,1.184389923582014,0.9849770665168762,-19.281333923339844,4.228926658630371,-0.7329927682876587,-0.5776792168617249,-2.4678614139556885,190.51467895507812,-17.016510009765625,-957.1390991210938,-158.76010131835938,93.1182632446289,-11.001171112060547,-1.8287112712860107,24.616870880126953,-2.3243210315704346,-3.6689398288726807,0.34094393253326416,2.682020902633667
0.12287150742794505,-0.4617595850237158,1.51842735618945,0.11555864617524558,-0.3208694888266507,1.4387019493721969,0.01642820860771154,-0.525443751290934,0.0654591057967666,0.14019213725399496,-0.4980971777675957,0.9746291404528333,0.006463383034562433,-0.35082711012947637,1.663522915334891,-0.25027908927557485,-0.5071717299372944,1.218271269703543,0.08735663586894409,-0.27201949346144466,1.7062078019641094,-0.2637980840853508,-0.2514296616150054,1.4261430644041655,-0.257756913931954,-0.3940847563427805,1.3224980562727973,0.07783041677332872,-0.5892486209111498,0.08256065440888437,0.06768333902027433,-0.3768848658397498,0.5133883262312176,0.12930024380715477,-0.4995474760106068,0.05336204198318602,-0.1785408951194081,-0.46516006198150434,1.1625460654694513,0.1924747305595322,-0.3488281175790244,0.47515792700628573,0.28689109193568196,-0.6355698961295829,1.0345160566418377,-0.016259026966544965,-0.46948544217261257,1.4798783055993894,0.08332905913425596,-0.41668399990789146,0.5827132289772792,0.029173612890654052,-0.39382661790247786,0.39565742746094207,0.0749421063440525,-0.3456890908692846,0.0751290155562344,-0.15231081271013677,-0.5116314749844026,1.3514228822379712,-0.20437701816195683,-0.28503149728111876,1.3682213500635514,-0.2815938684719288,-0.26838346151326664,1.3327572874675524,0.662330599810114,-0.3438893834881435,0.17483055048825724,0.4006834574882558,-0.3899045633953928,1.0581801071861723,0.3090851456913727,-0.4983178385046144,1.4057928955318122,0.1276835512049151,-0.47482420178438656,1.6630673976923456,0.3838424716169471,-0.14720302415604622,1.2536462269081974,0.2045436699856196,-0.38945371919120386,1.7015901788181027,0.15213589330777427,0.06795174860401659,1.3780975373375495,0.25983863022943204,-0.029223601352300073,1.3017071146049246,0.5921753479155484,-0.39702144699380887,0.2483447239493692,0.5021350427179148,-0.180630251666568,0.5918209233031367,0.5388374920712402,-0.3357344403961636,0.17622547749651976,0.3206337240358062,-0.20271516043618815,1.204698336834939,0.3796335164679597,-0.20783448475875602,0.5560531489896459,0.3728030389113142,-0.5846618295505347,1.056437795525355,0.26166447444467356,-0.35982669781375404,1.5456567844807707,0.49819968551989424,-0.21124042126516634,0.6930375813648401,0.5786500494211715,-0.22747270565554006,0.46075921836278294,0.5867173983561282,-0.2277480225689364,0.0702654527413924,0.36294101346407504,-0.24536128894777487,1.4171716274804627,0.16613516438481035,-0.02681858329386111,1.3570156152674695,0.15821435090327104,0.02262023756194194,1.2819683417579195,0.14903038996734366,-0.33607033941129977,1.2384113862814492,0.2792447343567349,-0.5987827943650302,1.1846395312555578,0.9530567526817322,-19.242883682250977,3.97709321975708,-0.7446897625923157,-0.6363463401794434,-2.4447760581970215,189.06748962402344,-17.5978946685791,-952.2493896484375,-158.5445556640625,92.88111114501953,-10.846281051635742,-1.9095414876937866,24.59842300415039,-2.4300341606140137,-3.73188853263855,0.38390034437179565,2.6877267360687256
0.12277430041835008,-0.46194890437536684,1.518488483910529,0.11548920872541057,-0.3210099500338763,1.4387674527057748,0.016507446796738153,-0.5254678739025104,0.06545019413757798,0.14056606923803588,-0.4984280835121673,0.9747390294114485,0.006290323121800082,-0.3510338444978196,1.6635356403344514,-0.2502256527740434,-0.5061624872171326,1.2179761917780567,0.08722514173151641,-0.27220986216076165,1.7062252479673221,-0.2626258062803193,-0.2505052236235694,1.4259856230770516,-0.2572443912558208,-0.39314399077402834,1.3222884954206202,0.07790384994239996,-0.5892674760115857,0.08252810166272896,0.06808350062528193,-0.37732660429959264,0.5135345720494819,0.1293346688200701,-0.4995644635317341,0.053337309941254706,-0.17828959394369695,-0.46445137513986484,1.162316408378399,0.19281904779325257,-0.34912639436934956,0.47522009233173157,0.2873204080572981,-0.6358842655325567,1.03481818409945,-0.016320829720711274,-0.46958755820200143,1.4798266479116402,0.0837782770025217,-0.4171253780260781,0.5829020287619521,0.02950376562083399,-0.3941598797081322,0.3957940717998719,0.07497995785924773,-0.34571129211921564,0.07515625470620117,-0.15254765781049698,-0.5110459444143914,1.351286005697503,-0.20333549651681193,-0.28443928206006425,1.3681215221518712,-0.2804429267119888,-0.26733852118648443,1.332570342038641,0.66173679692461,-0.3423049674424904,0.17679291228387528,0.40081330319706177,-0.3903479873147232,1.058609680821564,0.30908438760713236,-0.498320845331972,1.4059696582374195,0.12752620000022136,-0.4750394666234389,1.663102380487303,0.3833871428046795,-0.14702725634965674,1.25389591412039,0.204416400253378,-0.3896290829146145,1.7016209344200741,0.15123650685742202,0.067422792932253,1.3785051551480956,0.25911236470503524,-0.029370345039576883,1.3019983063865181,0.5913810139855012,-0.39486737287794516,0.250511497505848,0.5014840269720318,-0.17903534626427867,0.5934924620468884,0.5382489682428094,-0.33407642060755105,0.17785068339859414,0.3202901043935327,-0.20269400031854776,1.204928348395998,0.3789635496522417,-0.20624097254102594,0.5577247568116283,0.37316152892562726,-0.5848832575493301,1.0567898718726556,0.2615054335617861,-0.3598856090117764,1.545817884980448,0.49779605638507185,-0.2099953606626056,0.6943995132548919,0.5779754758275897,-0.22567279012688737,0.4624255637064675,0.5864024564919882,-0.22677106647104617,0.07122528904567886,0.36262863060299133,-0.2452616747592064,1.4173979228300764,0.16543655186299458,-0.027268050593132805,1.357352483351499,0.1573396370999071,0.022198824233542018,1.2823406714477286,0.1491100387956133,-0.3361526344292211,1.2384887631760528,0.279480498950213,-0.5990048556138348,1.1849031479942878,1.1093248128890991,-19.360088348388672,3.892202615737915,-0.6243979930877686,-0.5521175265312195,-2.460728168487549,187.56231689453125,-18.187955856323242,-947.5961303710938,-158.25564575195312,92.66656494140625,-10.697630882263184,-2.003512382507324,24.529296875,-2.7840070724487305,-3.7392594814300537,0.36353909969329834,2.6578383445739746
0.12268021653424825,-0.46212964381603217,1.5185435864309602,0.1154237695235685,-0.32115472803842154,1.4388305686957,0.016591009283006584,-0.5254936796545193,0.06544028143614333,0.1409318870957324,-0.49875379931058317,0.9748388605796738,0.006104309190471739,-0.3512382673111972,1.663547462185487,-0.25016322110267664,-0.5051462245698006,1.2176754486481876,0.08709800228575208,-0.2724000729669798,1.7062402434696424,-0.2614478064293893,-0.24958812766122504,1.4258247586275568,-0.25672754230878214,-0.39220827936336694,1.3220786377294174,0.07797895638358514,-0.589282769043714,0.08249538826034558,0.06850022087428743,-0.37776959643063956,0.513674470565177,0.12936810621165282,-0.4995853699595723,0.05331212652242737,-0.17804917002355816,-0.4637343183850611,1.1620844144694853,0.19314913727984523,-0.3494189554295003,0.4752783387504666,0.28776496717866684,-0.6362083548346892,1.0351261472859918,-0.01638230247830121,-0.46968591163884726,1.4797752744314687,0.08422910656459284,-0.4175720297737627,0.5830933800991008,0.029837859362758543,-0.39448930471148713,0.3959244493617127,0.07501403493991751,-0.34573110760442466,0.07518331504223362,-0.152817680987696,-0.5104553675809443,1.3511506891408502,-0.2022756655879368,-0.283856827790374,1.3680285341692286,-0.2792691220313508,-0.2662867235624238,1.3323723061984738,0.6611520318400781,-0.340725867657472,0.17876304557781345,0.4008868426479251,-0.3908892733766543,1.0590175346822928,0.30908307847597744,-0.4983169080208469,1.4061448041176954,0.12737214402449842,-0.4752471225940629,1.6631315780791225,0.3829372281467678,-0.1468537716774751,1.254140245598673,0.2043054811409767,-0.38978842996208873,1.7016402143516287,0.15034369428623592,0.06689561474204854,1.378909994040104,0.2583924417464149,-0.029510345211289576,1.302284054014067,0.5905773264682845,-0.39271425875212185,0.25268954462957693,0.5008409658804635,-0.17745332572831224,0.5951747154163208,0.5376737042768112,-0.3324222044636872,0.1794669446566247,0.31993028176146626,-0.20266252662369746,1.2051554231454205,0.37830375746780676,-0.20465910572879364,0.5593986793464383,0.373523573113593,-0.5851002361206029,1.0571465902770592,0.26135327681800385,-0.3599377560694486,1.5459703392540383,0.49739651352364495,-0.20875888628675449,0.6957588872767442,0.5772965128058629,-0.22388516657597182,0.4640882396145372,0.5860834251965908,-0.2257981737520521,0.07218383338968484,0.3623187929786594,-0.2451704273259403,1.4176146435421824,0.16474019326516334,-0.027716476982151038,1.3576838125456248,0.15645437682701263,0.021768362446385903,1.2827130200847094,0.14919303969436923,-0.33623482207983535,1.2385633043106028,0.27971824510208027,-0.5992277252753049,1.1851694173370766,1.1743876934051514,-19.466672897338867,4.037350654602051,-0.5614098310470581,-0.45963162183761597,-2.4977290630340576,186.01974487304688,-18.885286331176758,-942.8938598632812,-157.8971405029297,92.41480255126953,-10.562459945678711,-2.024822235107422,24.508522033691406,-3.0324764251708984,-3.7231805324554443,0.2946638762950897,2.645632028579712
0.12258613265014642,-0.4623103832566975,1.5185986889513912,0.11535833032172642,-0.32129950604296675,1.438893684685625,0.016674571769275018,-0.5255194854065283,0.06543036873470869,0.14129770495342892,-0.499079515108999,0.974938691747899,0.005918295259143396,-0.35144269012457485,1.6635592840365228,-0.25010078943130987,-0.5041299619224687,1.2173747055183184,0.08697086283998774,-0.27259028377319805,1.7062552389719627,-0.26026980657845933,-0.24867103169888063,1.4256638941780622,-0.2562106933617434,-0.39127256795270554,1.3218687800382147,0.07805406282477031,-0.5892980620758423,0.08246267485796221,0.06891694112329293,-0.37821258856168644,0.513814369080872,0.12940154360323552,-0.49960627638741045,0.05328694310360002,-0.17780874610341937,-0.46301726163025725,1.1618524205605716,0.1934792267664379,-0.34971151648965104,0.47533658516920163,0.28820952630003555,-0.6365324441368216,1.035434110472534,-0.016443775235891144,-0.46978426507569304,1.479723900951297,0.08467993612666398,-0.4180186815214473,0.5832847314362495,0.0301719531046831,-0.39481872971484205,0.39605482692355354,0.0750481120205873,-0.34575092308963373,0.07521037537826608,-0.153087704164895,-0.5098647907474972,1.3510153725841978,-0.2012158346590617,-0.2832743735206838,1.367935546186586,-0.27809531735071286,-0.2652349259383631,1.3321742703583066,0.6605672667555462,-0.33914676787245357,0.18073317887175158,0.4009603820987885,-0.39143055943858546,1.0594253885430216,0.30908176934482245,-0.49831297070972175,1.4063199499979715,0.12721808804877546,-0.4754547785646868,1.6631607756709421,0.38248731348885606,-0.14668028700529345,1.2543845770769562,0.20419456202857542,-0.38994777700956296,1.7016594942831835,0.14945088171504983,0.06636843655184406,1.3793148329321123,0.25767251878779457,-0.029650345383002267,1.3025698016416158,0.5897736389510679,-0.39056114462629854,0.2548675917533059,0.5001979047888951,-0.17587130519234584,0.5968569687857533,0.537098440310813,-0.3307679883198233,0.18108320591465524,0.3195704591293998,-0.2026310529288472,1.2053824978948429,0.37764396528337174,-0.20307723891656132,0.5610726018812482,0.37388561730155884,-0.5853172146918758,1.0575033086814627,0.26120112007422164,-0.3599899031271208,1.5461227935276285,0.49699697066221804,-0.2075224119109034,0.6971182612985964,0.5766175497841362,-0.2220975430250563,0.46575091552260695,0.5857643939011934,-0.22482528103305804,0.07314237773369084,0.3620089553543274,-0.2450791798926742,1.4178313642542884,0.16404383466733213,-0.028164903371169267,1.3580151417397506,0.15556911655411818,0.021337900659229785,1.2830853687216903,0.14927604059312516,-0.3363170097304496,1.238637845445153,0.2799559912539476,-0.5994505949367751,1.1854356866798654,1.0528420209884644,-19.398441314697266,4.079907417297363,-0.6003894805908203,-0.48730024695396423,-2.4969379901885986,184.71754455566406,-19.550048828125,-938.6639404296875,-157.6136932373047,92.15608978271484,-10.451631546020508,-2.0002593994140625,24.513500213623047,-2.878873109817505,-3.682378053665161,0.25566408038139343,2.655036449432373
0.12252992919541353,-0.46241234035681417,1.5186143339864466,0.11530700380241635,-0.32138657333045606,1.4389267267770325,0.01672804688677093,-0.5255182180183613,0.06539800215438502,0.14166338189153482,-0.49935870257434467,0.9749963133540375,0.0058065363674714475,-0.35160191919629935,1.6635672596116728,-0.25004671346272855,-0.5033914766564275,1.217147837411489,0.08686032703775444,-0.2727589753289886,1.7062671508220648,-0.25941011092520705,-0.2479957952009921,1.4255743184626497,-0.255832393240455,-0.3905797604693482,1.321715820704075,0.07810741584032577,-0.5893034907366266,0.08244364308995127,0.06918319447940549,-0.37852319917141997,0.5139357325257055,0.12945199910773347,-0.4996656621528777,0.05331887356591541,-0.17757978226175372,-0.4625043890728856,1.161674539774459,0.1937356608987644,-0.3499340736708104,0.4753779626839998,0.28852297217640654,-0.6367616365287477,1.0356477072696813,-0.01648128337368665,-0.469848408209567,1.4796837015657236,0.08501811705480349,-0.4183159833712294,0.5834258159264823,0.030417543126652572,-0.39504389079990765,0.3961479768453055,0.07506620923414925,-0.34576136327737217,0.07522743249571087,-0.1532299132733945,-0.5094401508767084,1.350864737239105,-0.200466209196097,-0.28286174393647556,1.3678304556979248,-0.27725040241582505,-0.2644628951486373,1.3320680477761275,0.6600713141706606,-0.3379336942900096,0.1821515705214431,0.40113017791943834,-0.3916010611894115,1.059746402778373,0.3090649839268615,-0.4982870996787848,1.4064413806460552,0.1271358181703959,-0.4755444848379552,1.6631637124825787,0.38218623478681046,-0.14658902476954933,1.2545542377509817,0.20411989240851625,-0.39005641787257417,1.701659973883471,0.14881526812022886,0.06598118944278616,1.379577193828608,0.25716243338900685,-0.02980658653753483,1.3027765348257607,0.5891911122972602,-0.3890053554875961,0.2564446831381084,0.49972238051180806,-0.17470201741385935,0.5980541271879184,0.5366878864780956,-0.32957380003487036,0.18225959910462233,0.3193430428868098,-0.2026201244813717,1.205524059320917,0.37719542814406337,-0.20196937587087518,0.5622810089825004,0.3741876131651417,-0.5855004554552747,1.057725075854371,0.26110485867159255,-0.36002333274740256,1.5462191452253733,0.4967249600303094,-0.20667771472046706,0.6981024410550958,0.576166627817596,-0.22081214860575088,0.46696920564632544,0.5854826151140479,-0.224145082448492,0.07382169819825532,0.3617999332630082,-0.24502637449479261,1.417964229520583,0.1634514747273843,-0.02852641034945352,1.3582750164120403,0.15497539404606978,0.02104680264825063,1.283351513723664,0.14934510288649047,-0.33637587104412103,1.238690038390507,0.2801186355533979,-0.5995768434954005,1.1856147848217693,0.8581528067588806,-19.206682205200195,4.118314743041992,-0.6587429642677307,-0.5879598259925842,-2.443052053451538,183.4927978515625,-20.21396255493164,-934.237548828125,-157.30343627929688,91.89450073242188,-10.318496704101562,-1.898351788520813,24.512481689453125,-2.4149575233459473,-3.6555488109588623,0.29322704672813416,2.672638177871704
0.12248116653930667,-0.46249882235432305,1.5186222284440174,0.11525844941717504,-0.3214623045842379,1.4389538614955169,0.016775611985400812,-0.5255116326919455,0.06536122499070815,0.14202903114900683,-0.49962875054569433,0.9750456437961945,0.005709363287160581,-0.35175227092591344,1.6635744796683456,-0.24999427879290864,-0.5027075548045683,1.2169354804698995,0.08675305266550046,-0.2729234398891594,1.7062784569547667,-0.2586129393107844,-0.24736806681219317,1.425498745891432,-0.2554813080670818,-0.3899346662574257,1.3215740378329297,0.07815649586156109,-0.5893069817530399,0.08242729878583491,0.06941989183869977,-0.37880780626803834,0.5140534551530485,0.12950579745583976,-0.499732606359665,0.053362022826312396,-0.177353069506931,-0.4620316241257238,1.1615072883517537,0.19397762701507434,-0.3501428800900251,0.475416026664096,0.2888106636653673,-0.636972188456169,1.035842767811769,-0.01651408417545111,-0.4699058314625001,1.479645697091589,0.0853341705727064,-0.41858394863392345,0.5835570265717854,0.030645748489345145,-0.3952485714724522,0.39623381419489717,0.0750811675452436,-0.3457699618888217,0.07524252469521879,-0.15334701604697087,-0.5090481057664417,1.350711092846283,-0.19977751694965049,-0.28248247277262983,1.3677229879312958,-0.2764700908238525,-0.2637458185585129,1.331979859941053,0.6595928068982055,-0.33679251871164273,0.18346158434815754,0.4013188812412963,-0.39169873030769903,1.0600503592301678,0.3090451585239922,-0.4982569202385991,1.4065522600878153,0.12706764913256594,-0.4756110224206716,1.6631614909266794,0.38191439171895286,-0.14651391336953404,1.2547092309455998,0.20405234322445281,-0.3901550985922087,1.7016567605615451,0.1482301757529082,0.06562142879609635,1.3798115679759853,0.2566935660823291,-0.029966017885121286,1.3029677473156658,0.5886520279559079,-0.38756689804279254,0.2579037296456217,0.49927976525185125,-0.17361380214130642,0.5991559990786559,0.5363096864215585,-0.3284699743650607,0.18334958963836265,0.31914163504215265,-0.20261323170748768,1.2056488234870482,0.3767883875314763,-0.2009546207079035,0.563397975552161,0.37447781382214945,-0.58567706914927,1.057920334749664,0.2610195767109757,-0.3600530857281969,1.5463044767742915,0.49647800037205614,-0.20590997376288012,0.6990129219380435,0.5757604996297533,-0.21962540633729752,0.46810020570526056,0.5852081537838804,-0.22352237735461716,0.07444617111507235,0.36161071422281643,-0.24498112021100443,1.4180806231814505,0.162879543095235,-0.028870843872057874,1.3585208553746837,0.1544389378846876,0.02078307966473482,1.2835967972973326,0.14941142723951117,-0.3364301503987502,1.2387378415129833,0.28026652770326627,-0.5996841129088244,1.1857767600492137,0.8425585031509399,-19.144134521484375,4.397276878356934,-0.6398223042488098,-0.5810405015945435,-2.411550760269165,182.23095703125,-20.936901092529297,-929.1873168945312,-156.9376678466797,91.63671875,-10.124638557434082,-1.7432752847671509,24.511079788208008,-1.9438239336013794,-3.666520595550537,0.3481382727622986,2.674021005630493
0.12243240388319981,-0.4625853043518319,1.5186301229015882,0.11520989503193375,-0.32153803583801976,1.4389809962140014,0.016823177084030694,-0.5255050473655296,0.06532444782703128,0.14239468040647885,-0.499898798517044,0.9750949742383515,0.005612190206849715,-0.35190262265552746,1.6635816997250183,-0.24994184412308876,-0.5020236329527091,1.21672312352831,0.08664577829324646,-0.27308790444933023,1.7062897630874685,-0.25781576769636166,-0.2467403384233942,1.4254231733202145,-0.25513022289370857,-0.3892895720455031,1.3214322549617843,0.07820557588279642,-0.589310472769453,0.08241095448171856,0.06965658919799407,-0.3790924133646567,0.5141711777803913,0.12955959580394605,-0.4997995505664522,0.053405172086709383,-0.17712635675210828,-0.46155885917856204,1.1613400369290485,0.19421959313138432,-0.35035168650923976,0.4754540906441922,0.28909835515432797,-0.6371827403835902,1.0360378283538565,-0.016546884977215567,-0.4699632547154332,1.4796076926174542,0.08565022409060932,-0.4188519138966175,0.5836882372170884,0.030873953852037717,-0.3954532521449967,0.39631965154448884,0.07509612585633796,-0.3457785605002713,0.07525761689472672,-0.15346411882054728,-0.508656060656175,1.350557448453461,-0.19908882470320394,-0.28210320160878416,1.3676155201646667,-0.2756897792318799,-0.2630287419683886,1.3318916721059786,0.6591142996257504,-0.3356513431332759,0.18477159817487196,0.4015075845631543,-0.3917963994259866,1.0603543156819628,0.3090253331211229,-0.49822674079841334,1.4066631395295757,0.126999480094736,-0.475677560003388,1.6631592693707802,0.38164254865109526,-0.14643880196951872,1.2548642241402177,0.2039847940403894,-0.39025377931184324,1.7016535472396195,0.14764508338558754,0.06526166814940655,1.3800459421233626,0.25622469877565146,-0.030125449232707747,1.3031589598055706,0.5881129436145556,-0.38612844059798895,0.25936277615313497,0.4988371499918944,-0.17252558686875352,0.6002578709693934,0.5359314863650214,-0.32736614869525105,0.18443958017210296,0.31894022719749554,-0.20260633893360366,1.205773587653179,0.37638134691888925,-0.1999398655449318,0.5645149421218215,0.37476801447915714,-0.5858536828432651,1.0581155936449569,0.2609342947503589,-0.36008283870899127,1.5463898083232097,0.49623104071380286,-0.20514223280529315,0.6999234028209913,0.5753543714419106,-0.21843866406884416,0.46923120576419575,0.5849336924537129,-0.22289967226074234,0.07507064403188939,0.36142149518262473,-0.24493586592721622,1.418197016842318,0.16230761146308573,-0.029215277394662228,1.3587666943373269,0.15390248172330542,0.020519356681219004,1.283842080871001,0.1494777515925319,-0.33648442975337933,1.2387856446354595,0.28041441985313464,-0.5997913823222483,1.185938735276658,1.003482460975647,-19.275869369506836,4.711126327514648,-0.565766453742981,-0.5028632879257202,-2.446913242340088,181.0885009765625,-21.503950119018555,-924.690673828125,-156.6318359375,91.41826629638672,-9.958690643310547,-1.6839247941970825,24.50678062438965,-1.789493203163147,-3.6858177185058594,0.3759920001029968,2.6409852504730225
0.12236784299872569,-0.46270198611826296,1.5186140882653116,0.11513524648073493,-0.3216324472762891,1.4390046371529435,0.016872869144557722,-0.5255155848548901,0.0653144240329992,0.14282226597039116,-0.5002597671569577,0.9751944206408317,0.005531047878706742,-0.3520601267451482,1.6635710553617666,-0.2498474099383449,-0.5010492247560167,1.2164168630214716,0.08652143672552724,-0.2732817694939525,1.706315242099446,-0.25669128497112664,-0.24585390966755666,1.4252860970449763,-0.25462048387290626,-0.3883587789555259,1.321243273106632,0.07827385315141142,-0.5893075365499155,0.0823911102180252,0.06998691820101627,-0.37947735126247467,0.5143467949715671,0.12960359261722754,-0.49987303736983546,0.05344917110185947,-0.17679647862023076,-0.4609081174758886,1.1610946369092197,0.19463068207368156,-0.35072840034764335,0.47556695776269925,0.2895213646801892,-0.6374529996849844,1.0362665412441785,-0.016591378404382642,-0.4700346118863055,1.4795561085473623,0.08608756284692035,-0.4192513408546416,0.5838667622070439,0.031195376796142153,-0.3958024879461093,0.396483810532172,0.07511925005310813,-0.3457934627469802,0.07527545714960587,-0.15357534232123798,-0.5080934136316476,1.3503500130397594,-0.19805824058438767,-0.2815636368283373,1.3674880785263137,-0.27462769926383795,-0.2620688806602497,1.3317150191360752,0.6585028639297612,-0.33410820162651556,0.1866681096421567,0.4017333845725123,-0.3920478607645098,1.0608084387337136,0.3090146541694142,-0.498224231433,1.4068542110998898,0.12689174647560184,-0.4758520092297074,1.6631474564012312,0.38124959338579745,-0.14632970449940258,1.2550704704215194,0.20388369550866797,-0.3904211902559198,1.7016291734793327,0.1468181868657371,0.06476950438212085,1.3804067185777702,0.25554757254407895,-0.030315673632534925,1.303429474499052,0.5873673637181718,-0.3841133364877164,0.26145305963146764,0.49820031684558125,-0.17101757420806696,0.6018552662718375,0.5353510920575123,-0.3257912560705318,0.18601382997454396,0.3186680867971963,-0.20260222717527523,1.2059391894877352,0.3758795457762598,-0.19850804044908246,0.5660993005858351,0.37517554515244944,-0.58609753531336,1.0583997131972913,0.2607942988837002,-0.3601258746440837,1.5465082978175966,0.4958942233529312,-0.20401923462057744,0.7012925081892519,0.5747243447216931,-0.21674976927160428,0.4707878948442194,0.5845133823077411,-0.22209693863987923,0.07597326176450742,0.3611837422709591,-0.24488414732726993,1.4183361200702111,0.16159333303472065,-0.029726154183265782,1.3589987559429069,0.15316917086081788,0.020155322981615927,1.2841786641553539,0.14960692689710894,-0.3365503852533189,1.2388517736204412,0.28060801129862173,-0.5999443675113829,1.1861552925694068,1.050889492034912,-19.427608489990234,4.7357659339904785,-0.569206714630127,-0.48954468965530396,-2.5021612644195557,179.6801300048828,-22.182674407958984,-919.4003295898438,-156.26596069335938,91.15099334716797,-9.80001163482666,-1.8165066242218018,24.511737823486328,-1.9815421104431152,-3.6847984790802,0.35197916626930237,2.620401382446289
0.1223000657084762,-0.46282481634064226,1.5185931818374734,0.11505528534485016,-0.3217306618658912,1.4390275667834755,0.01692299423924345,-0.5255296084265045,0.065309847032787,0.14326246132124337,-0.500639246591669,0.9753040702927191,0.0054531692965141204,-0.3522190870038721,1.6635567739309853,-0.24974442495415541,-0.5000156756268432,1.2160914844235047,0.08639362039944984,-0.2734816202659481,1.7063436066078035,-0.2555001640556664,-0.24491481137591484,1.4251364990575424,-0.25407844406879504,-0.3873698196269029,1.32104468187749,0.0783460388416486,-0.5893032917913222,0.08237055338771138,0.07033630993389925,-0.379882715790477,0.5145341990799304,0.12964559390844888,-0.49994785619887294,0.05349334312097126,-0.176445596758893,-0.4602211409846679,1.1608333263965631,0.195076203208096,-0.3511392989300734,0.47569505426267916,0.2899719239860181,-0.6377354149786841,1.0365021055107875,-0.01663825236606282,-0.47010880590274634,1.4795017597691114,0.08654959440626056,-0.4196775324692,0.5840549200575873,0.03153577816999511,-0.3961811541326788,0.3966639152425804,0.07514403676552488,-0.3458096483685323,0.07529385688881211,-0.15368536884421544,-0.5074960332832589,1.350131626160729,-0.19695804973706504,-0.28099143741936083,1.3673565703512027,-0.27350825327911127,-0.2610595901280839,1.331520355300398,0.6578643649619147,-0.3324832227451123,0.1886840278147072,0.4019667372008823,-0.3923306330939792,1.0612931346261738,0.3090058373694388,-0.4982273554959834,1.407061609211347,0.12677595779201054,-0.47604842849125134,1.6631336906887837,0.3808319805473681,-0.1462136877096252,1.2552871514629844,0.20377576657083651,-0.3906025941798229,1.7016004916058471,0.1459420607579465,0.06425038429088151,1.3807932296336092,0.2548280462918692,-0.030512167276530864,1.303716134551345,0.5865797428105841,-0.38198083125992327,0.2636718584212246,0.49752394233318353,-0.1694240938156646,0.6035535465802577,0.534729532453398,-0.32412045759870517,0.1876866714843851,0.31838154575682637,-0.20259868161173056,1.2061131055781384,0.3753584520706278,-0.19699130291180897,0.5677788166810345,0.3756069633739674,-0.5863550771151157,1.0587019241408797,0.26064316365892526,-0.36017161489322486,1.5466335380314202,0.4955391116094905,-0.20282390861716493,0.7027549862072168,0.5740487338691358,-0.21495863982778513,0.4724312511500933,0.584063378390887,-0.2212575525045395,0.07693250778297714,0.3609361082118079,-0.24483111263900403,1.4184798468027684,0.1608500738214973,-0.030270917624827247,1.3592280125775873,0.15239578179571014,0.019770866741013058,1.284533835404756,0.14974889820379927,-0.3366187179325432,1.2389216336193463,0.28081090679231857,-0.6001066601039559,1.186382962378445,0.9399712085723877,-19.455543518066406,4.546690940856934,-0.648704469203949,-0.5494523644447327,-2.505993127822876,178.49046325683594,-22.800321578979492,-914.7898559570312,-155.91342163085938,90.87940979003906,-9.672361373901367,-2.038177967071533,24.514339447021484,-2.134988784790039,-3.684633493423462,0.28070464730262756,2.6184771060943604
0.12223228841822668,-0.46294764656302156,1.5185722754096354,0.11497532420896536,-0.3218288764554933,1.4390504964140078,0.016973119333929178,-0.5255436319981189,0.0653052700325748,0.1437026566720956,-0.5010187260263803,0.9754137199446066,0.005375290714321499,-0.352378047262596,1.663542492500204,-0.24964143996996596,-0.49898212649766976,1.2157661058255378,0.08626580407337242,-0.2736814710379436,1.7063719711161607,-0.25430904314020614,-0.24397571308427302,1.4249869010701084,-0.25353640426468377,-0.3863808602982799,1.320846090648348,0.07841822453188581,-0.5892990470327288,0.08234999655739755,0.07068570166678223,-0.3802880803184793,0.5147216031882936,0.1296875951996702,-0.5000226750279104,0.05353751514008306,-0.17609471489755524,-0.45953416449344714,1.1605720158839068,0.1955217243425104,-0.3515501975125035,0.475823150762659,0.290422483291847,-0.638017830272384,1.0367376697773965,-0.016685126327743,-0.47018299991918716,1.4794474109908602,0.08701162596560076,-0.42010372408375835,0.5842430779081307,0.03187617954384806,-0.39655982031924836,0.3968440199529888,0.07516882347794163,-0.34582583399008443,0.07531225662801834,-0.15379539536719292,-0.5068986529348702,1.3499132392816986,-0.19585785888974241,-0.2804192380103844,1.3672250621760917,-0.2723888072943845,-0.2600502995959181,1.331325691464721,0.6572258659940682,-0.33085824386370893,0.1906999459872577,0.40220008982925226,-0.3926134054234486,1.061777830518634,0.30899702056946343,-0.4982304795589668,1.407269007322804,0.12666016910841923,-0.4762448477527953,1.6631199249763362,0.3804143677089388,-0.1460976709198478,1.2555038325044492,0.20366783763300506,-0.390783998103726,1.7015718097323613,0.1450659346501559,0.06373126419964216,1.3811797406894482,0.25410852003965945,-0.030708660920526803,1.3040027946036383,0.5857921219029963,-0.37984832603213015,0.2658906572109816,0.4968475678207859,-0.16783061342326225,0.6052518268886781,0.5341079728492838,-0.3224496591268786,0.1893595129942262,0.31809500471645635,-0.2025951360481859,1.2062870216685415,0.37483735836499577,-0.19547456537453547,0.5694583327762338,0.37603838159548525,-0.5866126189168716,1.0590041350844681,0.26049202843415026,-0.360217355142366,1.5467587782452439,0.49518399986604983,-0.2016285826137524,0.7042174642251816,0.5733731230165785,-0.21316751038396597,0.47407460745596725,0.5836133744740328,-0.22041816636919975,0.07789175380144686,0.3606884741526566,-0.24477807795073814,1.4186235735353254,0.16010681460827392,-0.03081568106638871,1.359457269212268,0.15162239273060238,0.019386410500410185,1.2848890066541583,0.14989086951048958,-0.33668705061176757,1.2389914936182516,0.2810138022860154,-0.6002689526965287,1.1866106321874834,0.9078959822654724,-19.378515243530273,4.273735046386719,-0.6847484111785889,-0.6086423993110657,-2.4506614208221436,177.2998809814453,-23.3841495513916,-910.4075927734375,-155.5449676513672,90.61860656738281,-9.54259204864502,-2.128164291381836,24.519981384277344,-2.1595959663391113,-3.686155319213867,0.2324841171503067,2.6210691928863525
0.12217535562073158,-0.4630629167651499,1.5185335460088112,0.11490035121211943,-0.32192415058218093,1.4390562583279136,0.016980153132254715,-0.5255892389262748,0.06538661352253908,0.14421518413436335,-0.5013887615788062,0.9754990595855461,0.0052873421728685,-0.35255334797679194,1.663545509837321,-0.24949470433770427,-0.49792058154052454,1.2154332245422514,0.08613857952569494,-0.2738506640030059,1.7063773688891075,-0.2529795157001508,-0.24300658357459187,1.4247529715891705,-0.25309370951542004,-0.38540439179401526,1.3206651258152842,0.07854058033484497,-0.5892743418943014,0.0822900915826788,0.07111256313047662,-0.3807265762461732,0.5148555056148807,0.12972631201838816,-0.5000903679440353,0.053561023035586276,-0.17570215463638306,-0.4588327559809022,1.1603674178091896,0.19588917168165673,-0.3518730214494743,0.4759301807706719,0.29094665245899304,-0.6383002291846749,1.0369614394295295,-0.01673380429208871,-0.4702443509109762,1.4793880822642749,0.08744921236736884,-0.42052746667767205,0.5844236839291276,0.032160777647961054,-0.39690734544731926,0.39702568089725165,0.0752003224726939,-0.3458442392925553,0.07533818976768594,-0.1539050123549455,-0.5062885606131017,1.349710447504031,-0.1947685985375714,-0.27991155678073304,1.3671663202197346,-0.27117715854913194,-0.25895824199480727,1.331124802693626,0.6564677991219704,-0.329239694685336,0.19269290151975013,0.4024763863213015,-0.39284895015078664,1.0622107283958535,0.3090002441050991,-0.4982521555676366,1.4074717203512888,0.12653450653055645,-0.47645085832930556,1.6631127118274867,0.37997443520075436,-0.14590813027115057,1.2557142558476784,0.20348996417411905,-0.391021303585823,1.701638467659224,0.14414007458465777,0.06317709403618282,1.3815619925789486,0.25338989476494445,-0.03088167386240517,1.3043096037889947,0.5849451183878034,-0.37772676358554536,0.26810660563557354,0.4962147269027912,-0.16624390674347908,0.6069587074368206,0.5334380389444086,-0.3208340086684322,0.19106482655204685,0.31780204216376046,-0.2025785713598428,1.2064567768810601,0.37432343152579883,-0.1939617307079549,0.5711889588674962,0.37645604762415225,-0.586871159984576,1.0592989088683729,0.26034280983422764,-0.3602541757143096,1.5468739602739447,0.49480379999473395,-0.20041753045770505,0.7056781402881572,0.5727295050557876,-0.21147286743912477,0.47576027694127415,0.5831554747180433,-0.21964214761920323,0.07892518303054848,0.3604330507335284,-0.24471185213287935,1.4187370601868787,0.15933549813679512,-0.03138451801230576,1.3597192886649379,0.1507844322465903,0.018931377006830365,1.2851972615482001,0.14984459795107116,-0.33675520309549295,1.2390186636653167,0.28123463542256133,-0.6004322281736412,1.1868571406168653,1.0352160930633545,-19.348596572875977,4.146982669830322,-0.6272822618484497,-0.5635753273963928,-2.433018207550049,175.79212951660156,-24.029207229614258,-905.2623291015625,-155.07054138183594,90.35516357421875,-9.368118286132812,-2.0359864234924316,24.566312789916992,-2.303138494491577,-3.689868211746216,0.23636023700237274,2.656737804412842
0.12212070931267265,-0.46317659298710473,1.5184910587522367,0.11482642993133589,-0.322018804731748,1.4390584005425309,0.016978101416287437,-0.5256415049958703,0.06548607277850442,0.14474296234301384,-0.5017568059512322,0.9755792736217676,0.0051972704472341,-0.3527320939677441,1.663552174505019,-0.24933874417121046,-0.4968531338485661,1.215098761367482,0.08601147975057166,-0.2740133929726304,1.7063779242780825,-0.2516208061615363,-0.24203112218158926,1.4245012613716503,-0.25267196101266026,-0.38443055689729605,1.320487877391032,0.07867351417361901,-0.5892453228203666,0.08222189031245299,0.07155575857355895,-0.38117205770994655,0.5149781275663944,0.12976433632784332,-0.5001565584086425,0.05358017403755756,-0.17530080676078796,-0.45812830457229486,1.1601747771762065,0.19624015767842728,-0.3521772754310772,0.4760327690484508,0.2914863417776215,-0.6385826246430543,1.0371827222653571,-0.016782862618442206,-0.47030299403612186,1.479327703548583,0.08788164466964882,-0.4209506929118112,0.5846026976969069,0.032433610002430065,-0.39724830468956207,0.39720766996311035,0.07523323670769765,-0.34586311260003916,0.07536571127492071,-0.15401454299490971,-0.505675788055982,1.3495109438501447,-0.1936816428078721,-0.27941747878166223,1.3671229205384159,-0.26994606946280464,-0.2578487335056659,1.3309226014361477,0.6556845221495786,-0.3276225011672405,0.19468101553174832,0.40276173724243974,-0.3930745372511693,1.0626327050047994,0.3090060062657129,-0.49827774313111967,1.4076734455610742,0.12640676210751597,-0.4766588911710196,1.663106880243251,0.37952979673810355,-0.1457030876040064,1.2559233597967008,0.2032973433764565,-0.3912703955410332,1.7017252273512202,0.14320372844373944,0.06261553379725542,1.38194334645145,0.2526714594553638,-0.031049736053837054,1.3046206612855393,0.584085594443296,-0.375607508351866,0.27032195307955836,0.4955910647547008,-0.1646586282561157,0.6086674012885188,0.5327579056387706,-0.31922998580316836,0.19277698662600767,0.3175077256777429,-0.2025592616753073,1.2066256548000487,0.3738110157728985,-0.19244971893579757,0.5729303611627478,0.37687081409408557,-0.5871299117408841,1.0595921145764409,0.26019399534195464,-0.36028911563142246,1.5469870216009634,0.49441831045790224,-0.19920316254658416,0.7071384364208638,0.5720926325842245,-0.20979856803322472,0.47745486788007596,0.582695910176694,-0.21887948946250196,0.0799742532980363,0.3601759849794653,-0.24464284505275702,1.4188441709177384,0.15855826597833475,-0.03195843069709294,1.3599882159406775,0.14993285730678516,0.018461462767140956,1.2854956244396059,0.14975863663072617,-0.33682331758619144,1.2390368328189219,0.2814592505922381,-0.6005957108854458,1.1871076210445126,1.1079860925674438,-19.34632682800293,4.032510757446289,-0.5661101341247559,-0.5105805397033691,-2.4675984382629395,174.51148986816406,-24.589405059814453,-900.6838989257812,-154.67149353027344,90.1258544921875,-9.204373359680176,-1.8567074537277222,24.673940658569336,-2.67879319190979,-3.7004048824310303,0.2552918493747711,2.726300001144409
0.12206606300461371,-0.46329026920905964,1.5184485714956624,0.11475250865055237,-0.32211345888131504,1.439060542757148,0.016976049700320163,-0.5256937710654657,0.06558553203446975,0.14527074055166433,-0.5021248503236581,0.975659487657989,0.005107198721599699,-0.35291083995869615,1.663558839172717,-0.2491827840047167,-0.4957856861566076,1.2147642981927127,0.08588437997544839,-0.2741761219422549,1.7063784796670574,-0.2502620966229218,-0.24105566078858662,1.4242495511541304,-0.25225021250990054,-0.38345672200057684,1.3203106289667799,0.07880644801239305,-0.5892163037464319,0.08215368904222715,0.07199895401664128,-0.3816175391737199,0.5151007495179082,0.12980236063729847,-0.5002227488732496,0.053599325039528856,-0.17489945888519287,-0.4574238531636876,1.1599821365432235,0.1965911436751978,-0.35248152941268013,0.4761353573262297,0.29202603109625,-0.6388650201014335,1.037404005101185,-0.016831920944795704,-0.4703616371612675,1.479267324832891,0.08831407697192879,-0.4213739191459504,0.5847817114646862,0.03270644235689908,-0.39758926393180494,0.39738965902896906,0.07526615094270138,-0.34588198590752306,0.07539323278215547,-0.15412407363487396,-0.5050630154988623,1.3493114401962583,-0.19259468707817282,-0.2789234007825915,1.3670795208570974,-0.2687149803764773,-0.25673922501652446,1.3307204001786692,0.6549012451771868,-0.3260053076491451,0.19666912954374652,0.4030470881635779,-0.393300124351552,1.0630546816137452,0.3090117684263267,-0.4983033306946028,1.4078751707708599,0.12627901768447547,-0.4768669240127336,1.6631010486590152,0.3790851582754527,-0.14549804493686222,1.2561324637457234,0.20310472257879397,-0.3915194874962434,1.7018119870432165,0.1422673823028211,0.06205397355832802,1.3823247003239512,0.2519530241457832,-0.03121779824526894,1.304931718782084,0.5832260704987886,-0.3734882531181866,0.2725373005235432,0.49496740260661043,-0.16307334976875232,0.6103760951402172,0.5320777723331325,-0.3176259629379045,0.19448914669996853,0.31721340919172525,-0.20253995199077177,1.2067945327190375,0.3732986000199981,-0.19093770716364022,0.5746717634579993,0.3772855805640189,-0.5873886634971922,1.0598853202845087,0.26004518084968165,-0.36032405554853525,1.5471000829279817,0.49403282092107054,-0.19798879463546326,0.7085987325535704,0.5714557601126614,-0.20812426862732467,0.4791494588188777,0.5822363456353447,-0.2181168313058007,0.08102332356552412,0.35991891922540226,-0.24457383797263468,1.418951281648598,0.1577810338198744,-0.03253234338188012,1.3602571432164172,0.14908128236698,0.017991548527451547,1.2857939873310114,0.1496726753103812,-0.33689143207688993,1.2390550019725268,0.2816838657619148,-0.6007591935972504,1.18735810147216,1.048160195350647,-19.277915954589844,3.8602218627929688,-0.5875542163848877,-0.5676943063735962,-2.488220691680908,173.02651977539062,-25.24773406982422,-895.3115844726562,-154.20921325683594,89.82284545898438,-9.037141799926758,-1.820603847503662,24.695167541503906,-2.977055549621582,-3.719761371612549,0.2741195261478424,2.741223096847534
0.1220181475683356,-0.46340538645224855,1.51840269743212,0.11469374658749593,-0.32221615669743114,1.4390407032919246,0.017029999366757885,-0.5257006083300572,0.06563352159415649,0.1458124689856507,-0.5024716131734532,0.9757512461468084,0.0049874158553002,-0.353076478355373,1.6635501655127038,-0.24899867914666404,-0.49470769539968856,1.2144126404594902,0.08578319415844829,-0.274352699370179,1.7063712193476444,-0.24893236219488232,-0.2400960750532466,1.4240192690037734,-0.251704812987356,-0.3824955387818103,1.3200535626206178,0.07890297774694219,-0.5892073612734182,0.08209846917515164,0.07237865700577663,-0.382032539374781,0.5152736036785391,0.12986044933563037,-0.5002517007439342,0.05357904742095644,-0.17461656783984986,-0.45677603307544,1.1598034664889834,0.19692125521748272,-0.35273612108056907,0.476219179762515,0.29252463095630243,-0.6390862087935012,1.0375995612302362,-0.01689709255484161,-0.47041803327025167,1.4791974044398757,0.0887863856697122,-0.42179393768310547,0.5849810786397251,0.033012968759416346,-0.39792636416803134,0.3975547059186247,0.07530487200479634,-0.3459105555782255,0.07542233167845287,-0.1542501597363033,-0.5044340741950155,1.349075332974756,-0.19154008919533516,-0.278385318717025,1.367056344321232,-0.26746249578843845,-0.25571564047147105,1.3305512528545809,0.654194497016092,-0.3244416273094171,0.19873242090079957,0.40325595912159673,-0.3936235055031366,1.0634813476477238,0.30903299917645805,-0.4983086788299068,1.4080360589043195,0.1261511959184874,-0.4770690299422536,1.6631016324687478,0.37865782835033557,-0.14530107443103726,1.256361237227522,0.20299794838227184,-0.39168793111052735,1.70177916639688,0.1413451044370007,0.061482081929875525,1.3826585412025452,0.25123368107423877,-0.03142967928719047,1.3051998875788506,0.5823297801594071,-0.37144404496775557,0.27475099527085856,0.4943153759501628,-0.16145406073785776,0.6121112321386274,0.5313765040493958,-0.3160790598747746,0.1962186356648704,0.3169662474796472,-0.20250706658359394,1.2069398983819595,0.3728571606688942,-0.18947168187984567,0.5764270386356392,0.3777272623797126,-0.5876672150480826,1.0602166927018701,0.2598942251789649,-0.36036975020604417,1.547201388126967,0.49368290099876605,-0.1968258557138064,0.7100582959636158,0.5707557269476897,-0.20644048046296007,0.4809484383128337,0.5817231620779101,-0.21737543838900447,0.08212265657224008,0.35964727229037824,-0.24448837312740207,1.4190710603401362,0.1570223110499761,-0.03303619455052725,1.3605106344680913,0.14823891530861918,0.017542970255757406,1.2860846647758357,0.14963937639598027,-0.33691681255370576,1.238986481893931,0.28192497533283484,-0.6009583191958484,1.1876191331061305,1.0031638145446777,-19.177766799926758,3.6530849933624268,-0.6357277631759644,-0.6007524728775024,-2.4688539505004883,171.7624053955078,-25.804445266723633,-891.076171875,-153.806884765625,89.58731079101562,-8.900388717651367,-1.963343620300293,24.599327087402344,-2.9872775077819824,-3.737851619720459,0.3223330080509186,2.6818552017211914
0.12197170068590057,-0.46352081810007034,1.5183560844288757,0.11463829199012542,-0.3223206094953398,1.4390160678238268,0.017096167516629426,-0.5256975338553751,0.06567028140192789,0.1463572411051649,-0.5028137327819471,0.9758455234252854,0.004861150558310137,-0.3532392569132988,1.663538145308463,-0.2488084336286349,-0.4936274043376872,1.2140572311862414,0.0856876622959478,-0.2745322982799138,1.706362253782765,-0.24760894960915017,-0.2391399530977603,1.4237936620680702,-0.25113243506049476,-0.3815371159291425,1.3197790814551296,0.07899156476784226,-0.5892027991496964,0.08204608161421802,0.07274450709586901,-0.382440889118523,0.5154574175938865,0.12992291571880807,-0.5002725278304903,0.053550167194265405,-0.17435952192110732,-0.4561405689116345,1.1596278445610146,0.19724681233333435,-0.3529798773345568,0.4762989078333836,0.2930142658435746,-0.6392940432820099,1.0377895042596275,-0.016965779790420406,-0.47047393912116425,1.4791254022263534,0.08926739467196906,-0.42221325635910034,0.5851848865581664,0.03332684659059868,-0.39826262243930866,0.3977160563334724,0.07534486001098392,-0.3459412408190847,0.07545177473236393,-0.15437985793841597,-0.50380160516461,1.3488312395203192,-0.19049255120635822,-0.27783763576422305,1.367037580108011,-0.26620534309093524,-0.25471080296876414,1.3303893172977777,0.6535044460501892,-0.322889622572242,0.20081211458768275,0.40344814354220765,-0.39396822353861977,1.063909036828982,0.3090576048915749,-0.4983096110899717,1.408188037130217,0.12602335727767439,-0.47726984272729484,1.6631036160008008,0.3782342748334076,-0.1451058651240456,1.2565943022437442,0.20290990435327125,-0.39183877872315465,1.7017202554949071,0.14042589601301989,0.06090793618007212,1.3829820156097412,0.2505141399455386,-0.03165112080558246,1.3054586988411203,0.581425468061144,-0.36941621072639697,0.2769643294298096,0.4936571606737099,-0.15982735122473826,0.6138521385508657,0.5306706244977105,-0.31454461931392846,0.19795190547870484,0.31672937408188323,-0.2024712192005669,1.2070801340981034,0.37243120707818217,-0.18801569001169396,0.5781853406239819,0.3781748166344813,-0.5879500865541547,1.0605563924012595,0.2597428023420422,-0.3604177913523668,1.5473001283525631,0.49334074171963116,-0.1956741376625781,0.7115176995068986,0.5700419132677924,-0.20475462202402142,0.4827701934915505,0.5811982798260569,-0.2166386851609148,0.08323295599478758,0.3593724440067809,-0.24439931749705449,1.4191936029503678,0.1562676266921277,-0.03352475957019834,1.360760757859969,0.1473985572425735,0.01709904710435315,1.2863736653959514,0.149617567461058,-0.33693286924567445,1.2388990478010367,0.282169683682208,-0.6011652214242923,1.1878824668214811,1.060318946838379,-19.247303009033203,3.600277900695801,-0.6046665906906128,-0.5362936854362488,-2.4459118843078613,170.32440185546875,-26.310697555541992,-885.9443359375,-153.28709411621094,89.29932403564453,-8.684700965881348,-2.099943161010742,24.518714904785156,-2.630807638168335,-3.722991466522217,0.38134825229644775,2.6277449131011963
0.12192525380346554,-0.4636362497478921,1.518309471425631,0.1145828373927549,-0.32242506229324847,1.4389914323557291,0.01716233566650097,-0.525694459380693,0.06570704120969931,0.1469020132246791,-0.5031558523904409,0.9759398007037624,0.0047348852613200735,-0.3534020354712246,1.6635261251042222,-0.24861818811060576,-0.49254711327568584,1.213701821912993,0.08559213043344732,-0.2747118971896487,1.7063532882178856,-0.24628553702341802,-0.23818383114227398,1.423568055132367,-0.25056005713363355,-0.3805786930764748,1.3195046002896416,0.07908015178874234,-0.5891982370259746,0.08199369405328438,0.07311035718596139,-0.382849238862265,0.5156412315092339,0.1299853821019858,-0.5002933549170463,0.05352128696757437,-0.17410247600236475,-0.45550510474782907,1.159452222633046,0.197572369449186,-0.3532236335885446,0.4763786359042521,0.2935039007308467,-0.6395018777705186,1.0379794472890185,-0.0170344670259992,-0.4705298449720768,1.479053400012831,0.08974840367422593,-0.4226325750350952,0.5853886944766076,0.033640724421781024,-0.398598880710586,0.3978774067483201,0.07538484801717152,-0.3459719260599439,0.07548121778627499,-0.1545095561405286,-0.5031691361342044,1.3485871460658825,-0.1894450132173813,-0.27728995281142116,1.36701881589479,-0.2649481903934321,-0.2537059654660572,1.3302273817409742,0.6528143950842864,-0.321337617835067,0.2028918082745659,0.4036403279628185,-0.394312941574103,1.0643367260102405,0.30908221060669183,-0.49831054335003655,1.4083400153561143,0.12589551863686138,-0.4774706555123361,1.6631055995328536,0.3778107213164797,-0.14491065581705398,1.2568273672599666,0.2028218603242707,-0.39198962633578194,1.7016613445929345,0.13950668758903909,0.060333790430268715,1.3833054900169373,0.2497945988168385,-0.03187256232397445,1.30571751010339,0.5805211559628809,-0.3673883764850383,0.27917766358876067,0.492998945397257,-0.15820064171161874,0.615593044963104,0.5299647449460251,-0.31301017875308235,0.19968517529253926,0.3164925006841192,-0.20243537181753987,1.2072203698142474,0.37200525348747016,-0.18655969814354223,0.5799436426123246,0.37862237088925,-0.5882329580602267,1.0608960921006487,0.25959137950511957,-0.36046583249868935,1.5473988685781592,0.49299858244049627,-0.1945224196113498,0.7129771030501814,0.5693280995878952,-0.20306876358508277,0.4845919486702672,0.5806733975742037,-0.21590193193282514,0.08434325541733509,0.3590976157231836,-0.24431026186670687,1.4193161455605994,0.15551294233427934,-0.03401332458986943,1.3610108812518467,0.14655819917652782,0.016655123952948898,1.2866626660160672,0.14959575852613574,-0.33694892593764314,1.2388116137081424,0.2824143920315812,-0.6013721236527361,1.1881458005368315,1.1059759855270386,-19.391523361206055,3.832770586013794,-0.5724155306816101,-0.5034711360931396,-2.44370436668396,169.0623779296875,-26.623714447021484,-881.0900268554688,-152.83746337890625,89.0273208618164,-8.465502738952637,-2.1086854934692383,24.52608871459961,-2.1863961219787598,-3.6845457553863525,0.38790643215179443,2.627324104309082
0.12188770207545616,-0.4637401098052397,1.518248066207431,0.11455140396064481,-0.32251155080384764,1.4389502244279875,0.01722878349685906,-0.5257135732284445,0.06574723001150105,0.14743992331012196,-0.5035216168852041,0.9759923555203621,0.004673341215150246,-0.3536061157059196,1.6634991832126844,-0.2484417273508792,-0.4914760956701064,1.2133487107737964,0.08550495358294999,-0.2748921596451311,1.706336651416804,-0.24498267007979335,-0.2372440065177071,1.4233819372606593,-0.2499020615752959,-0.37954982917829855,1.319228565456062,0.07916006416279749,-0.5892000190469603,0.0819702921126852,0.07353110759463531,-0.3832734732438397,0.515808440596852,0.1300467520162759,-0.5002883037194511,0.05345248374224498,-0.1736901037345659,-0.45480621532099136,1.1592225460027228,0.1979770017972845,-0.35354101105241587,0.4764545526330834,0.29405119126995666,-0.6398018318296268,1.0381673834971246,-0.0170797071240793,-0.47059454685015395,1.4789718815822475,0.0902011108319491,-0.4230606088180416,0.5855426717278184,0.03402984995913032,-0.39893223394621286,0.3980188912508503,0.07542893260914758,-0.3460021743316524,0.07550928115055261,-0.1545564972406981,-0.502490704422755,1.3483856490116246,-0.18842737524714692,-0.2767000375993994,1.366921461970601,-0.26376427858081086,-0.25268042048081657,1.3300242092435723,0.652038503956321,-0.31972536799923473,0.20495331109754297,0.40400992185864226,-0.39445238930500104,1.064749331663776,0.3091112345654443,-0.4983047106802858,1.408490148601153,0.1258295313609357,-0.4775797128677368,1.6630606493413054,0.3774166146651009,-0.14471702040820722,1.2570329517718182,0.2027441133923878,-0.39213177502550034,1.7015791934057576,0.13856283896016758,0.059753309639281785,1.3836065333410603,0.24908092035757784,-0.03206543597263216,1.3059461543102138,0.5796143191539689,-0.36541546279231446,0.28137614079658557,0.49234679104476575,-0.15666787247389358,0.6173759489659442,0.5292549326719828,-0.3114642717980391,0.2014672885470043,0.3162813599141228,-0.20238796498207068,1.2073405696856265,0.3714837331250803,-0.18515526458917075,0.581730282859297,0.37903099442949356,-0.5884987068492056,1.0612005429552092,0.25943117682507494,-0.36050232633060175,1.547497285122903,0.49268860513011353,-0.19339025592961848,0.7144500364530955,0.5686669973348151,-0.20134291437682728,0.4863384318667532,0.5801266992328972,-0.21513947439904244,0.08549335544669864,0.35882984368216914,-0.2442630622165882,1.4194816406199475,0.15486531541836973,-0.03450797278656075,1.3612316467904098,0.1457564076840483,0.01622399985050129,1.2869602765468573,0.14956616506671275,-0.33692280701454114,1.238739522087653,0.28267898247731443,-0.6015721314790233,1.1883778343137525,1.011447548866272,-19.371604919433594,4.219845771789551,-0.6546065807342529,-0.555811882019043,-2.456098794937134,167.83750915527344,-26.887126922607422,-876.60498046875,-152.4500732421875,88.75981903076172,-8.260625839233398,-2.0323379039764404,24.628868103027344,-2.0869016647338867,-3.6652591228485107,0.3060399889945984,2.671595335006714
0.12185215718106718,-0.46384135919888286,1.5181833237212226,0.11452538993777028,-0.3225939863959685,1.4389052775916675,0.0172952944258635,-0.5257376929782084,0.06578819242780966,0.1479762852537316,-0.5038927158969917,0.9760354973425139,0.004626398914592304,-0.35381951400183687,1.6634688748429154,-0.24826837656711112,-0.4904071702467685,1.212996118116063,0.08541966170467288,-0.2750725718030077,1.7063182839099935,-0.24368443843347348,-0.23630785872999407,1.4232047285070482,-0.2492247498440032,-0.3785050730930259,1.3189521800998032,0.07923801945189372,-0.589203232368886,0.08195342961082,0.07396424405079409,-0.38370129135468145,0.5159719034733362,0.13010787455648776,-0.5002774141284804,0.053374673498930124,-0.1732426883270409,-0.45409301653603057,1.1589806741041853,0.1983994742892436,-0.3538749981794926,0.4765296094859673,0.29461148948661536,-0.6401225689625898,1.03835486694677,-0.01711965731918713,-0.4706612331977743,1.478888216200254,0.09064743281742989,-0.4234906088141416,0.5856854066943491,0.034435952113114836,-0.39926493177745515,0.39815589380974803,0.07547394143084422,-0.34603232401885736,0.07553703324338853,-0.15458476753128286,-0.5018019030820455,1.3481937621208215,-0.18741648301284836,-0.2761005943776756,1.3668063774408883,-0.2625968906263642,-0.25165020368549207,1.3298117332900596,0.6512432464503295,-0.3180995262813884,0.2070107098841509,0.4044195410628982,-0.3945455260525476,1.0651585343263008,0.3091412553230658,-0.49829735177636936,1.4086398656005101,0.12577749835635652,-0.47766806930303574,1.6630051104438226,0.3770291515138765,-0.14452374008613705,1.2572323364137814,0.20266868958607415,-0.392271961153343,1.7014917989835043,0.13761343126068054,0.05917139960119859,1.3839025159940024,0.24836856457373954,-0.032251864431166885,1.3061679925350165,0.5787069127457032,-0.3634549397111729,0.2835712661312905,0.4916960040958512,-0.1551562970787879,0.6191683280349567,0.5285442331374086,-0.3099157779125978,0.2032604213581969,0.3160760246760008,-0.2023379502213554,1.207456249274955,0.3709406519666413,-0.18376246309339606,0.583523316493887,0.3794308348207284,-0.5887605925861573,1.061497041326485,0.259268993326765,-0.3605362149757265,1.5475956286420884,0.4923858883858517,-0.19226250390442004,0.715926022324341,0.5680177872938825,-0.1996080428608601,0.488067932969687,0.5795750789689702,-0.2143712177231217,0.08665243488125847,0.3585636635983227,-0.2442253056839602,1.4196568261708644,0.15424184170582436,-0.03500399340733589,1.3614457889108469,0.14496331718682454,0.015795763338367082,1.2872598295574946,0.14953481534261578,-0.3368871728612098,1.2386708918786207,0.2829480585179582,-0.6017705838609215,1.188602806519199,0.9380544424057007,-19.255338668823242,4.356794357299805,-0.7079294323921204,-0.5941346287727356,-2.4475016593933105,166.01632690429688,-27.34685516357422,-871.205322265625,-152.01361083984375,88.44905090332031,-7.954294204711914,-2.0050275325775146,24.699007034301758,-2.413287878036499,-3.6977720260620117,0.25502195954322815,2.695275068283081
0.12181661228667821,-0.463942608592526,1.518118581235014,0.11449937591489577,-0.3226764219880894,1.4388603307553474,0.017361805354867945,-0.5257618127279724,0.06582915484411828,0.14851264719734128,-0.5042638149087793,0.9760786391646656,0.004579456614034362,-0.3540329122977541,1.6634385664731461,-0.24809502578334303,-0.4893382448234306,1.2126435254583297,0.08533436982639578,-0.27525298396088427,1.7062999164031831,-0.2423862067871536,-0.23537171094228101,1.4230275197534372,-0.2485474381127105,-0.37746031700775323,1.3186757947435441,0.07931597474098995,-0.5892064456908118,0.08193656710895482,0.07439738050695285,-0.38412910946552326,0.5161353663498203,0.1301689970966996,-0.5002665245375096,0.053296863255615265,-0.1727952729195159,-0.4533798177510697,1.158738802205648,0.19882194678120266,-0.3542089853065693,0.4766046663388511,0.29517178770327407,-0.6404433060955528,1.0385423503964153,-0.01715960751429496,-0.47072791954539467,1.4788045508182601,0.0910937548029107,-0.42392060881024163,0.5858281416608798,0.034842054267099354,-0.39959762960869744,0.3982928963686457,0.07551895025254085,-0.34606247370606225,0.07556478533622445,-0.1546130378218676,-0.501113101741336,1.3480018752300187,-0.1864055907785498,-0.2755011511559518,1.3666912929111759,-0.26142950267191756,-0.2506199868901676,1.329599257336547,0.6504479889443379,-0.3164736845635421,0.20906810867075884,0.4048291602671541,-0.39463866280009413,1.0655677369888255,0.30917127608068734,-0.4982899928724529,1.4087895825998673,0.12572546535177737,-0.47775642573833466,1.6629495715463398,0.3766416883626521,-0.14433045976406692,1.2574317210557444,0.2025932657797605,-0.3924121472811857,1.7014044045612513,0.13666402356119348,0.058589489563115396,1.3841984986469447,0.24765620878990124,-0.032438292889701605,1.306389830759819,0.5777995063374374,-0.3614944166300313,0.2857663914659955,0.49104521714693666,-0.1536447216836822,0.6209607071039692,0.5278335336028346,-0.30836728402715646,0.20505355416938956,0.3158706894378788,-0.2022879354606401,1.2075719288642832,0.37039757080820224,-0.18236966159762139,0.5853163501284769,0.3798306752119633,-0.589022478323109,1.0617935396977607,0.2591068098284551,-0.3605701036208513,1.5476939721612741,0.49208317164158977,-0.19113475187922158,0.7174020081955865,0.5673685772529501,-0.1978731713448929,0.4897974340726208,0.5790234587050431,-0.21360296104720097,0.0878115143158183,0.3582974835144763,-0.24418754915133217,1.4198320117217815,0.15361836799327902,-0.03550001402811103,1.361659931031284,0.1441702266896008,0.015367526826232877,1.287559382568132,0.1495034656185188,-0.33685153870787843,1.2386022616695884,0.28321713455860187,-0.6019690362428197,1.188827778724645,1.1059544086456299,-19.26736831665039,4.427740573883057,-0.6127649545669556,-0.5277771353721619,-2.451066493988037,164.19921875,-27.740690231323242,-866.2308349609375,-151.58901977539062,88.1830825805664,-7.676009654998779,-2.0097594261169434,24.645601272583008,-2.6878466606140137,-3.727905750274658,0.2807174324989319,2.680262327194214
0.12178307806221855,-0.46400708685450204,1.5180670609142606,0.11447875048743178,-0.3227262364712772,1.4388275444507599,0.017432556786753286,-0.5257696058379103,0.06586615020865637,0.14885521675182495,-0.5045256460739287,0.9761279738501997,0.0045183060400878754,-0.35416036651821325,1.6634191961477924,-0.24797148331506363,-0.48853282171566753,1.2123877023229537,0.0852727937999348,-0.2753772180009362,1.706282707042252,-0.2414068995623399,-0.23468017321548715,1.422876594477142,-0.2480963548978433,-0.3767448362727828,1.3184596008022889,0.07937153719908355,-0.5892092890494707,0.0819279785138487,0.07468305644116655,-0.3844356198381904,0.5162539349881229,0.13021975262275595,-0.5002456459383301,0.05323069076985121,-0.17252240376855363,-0.45282661199372337,1.158539717363206,0.19910692966339605,-0.35443705034177037,0.4766499089780233,0.2955488897613342,-0.6406481803845097,1.0386750149411081,-0.01717827024419379,-0.47075245420861717,1.4787345901625046,0.09144790566816235,-0.42422408136903056,0.5859411669685352,0.03510406779261022,-0.3998306705955638,0.39840232057879305,0.0755446023548281,-0.34607410914455816,0.07558390361238394,-0.15463549727635667,-0.500628890087273,1.3478331834275201,-0.1856237661266169,-0.2750311226935576,1.3665939344475602,-0.2605133921598757,-0.2498427043292696,1.3294493212605154,0.649845224934698,-0.31532281938175494,0.2105979116892578,0.4050761162741295,-0.39477925940065195,1.0658478063858108,0.3091979510835464,-0.4982887866185201,1.4089212518259389,0.12567760649797144,-0.4778849634015008,1.6628948369168288,0.3763445525473317,-0.1441657470403523,1.257558174678032,0.20253438174428529,-0.3925288568269338,1.7013469610782648,0.13598934977950639,0.05817994118871673,1.3844189444519825,0.24713505163098012,-0.0325951102121875,1.3065776323640583,0.5771603072123812,-0.36011754277328784,0.28735312829349213,0.4906306919573948,-0.15253059139216182,0.622300508499935,0.5273024592770647,-0.3072331329153863,0.20637834163394986,0.31571743055092577,-0.20224862148528858,1.207650708639069,0.37001417705554834,-0.18131168087981395,0.5866395786700659,0.3801855007248209,-0.5892248482301535,1.062027594703712,0.25899875356464197,-0.36058890419882655,1.5477607240345304,0.4918685302829111,-0.19032426748350756,0.7184872967715294,0.5668793361115929,-0.1966499670698548,0.49106142487352256,0.578596097842747,-0.21299287171059886,0.08869978063894028,0.3581061405653985,-0.24413496191730563,1.4199515419290556,0.15308340397102155,-0.03588130079604537,1.361809603031108,0.1435906733602088,0.015066703200179912,1.2877460485262586,0.14954697715722962,-0.33679267729552376,1.2385782522476272,0.28339695293974404,-0.6020908740577319,1.1889858358348442,1.2789827585220337,-19.338422775268555,4.521629810333252,-0.5379694700241089,-0.43170851469039917,-2.485452651977539,162.5741424560547,-27.957082748413086,-861.0279541015625,-151.08279418945312,87.93157196044922,-7.494935512542725,-2.0107312202453613,24.551387786865234,-2.598895788192749,-3.7041943073272705,0.3232424855232239,2.6579196453094482
0.12175001258289578,-0.4640629927054146,1.5180186230615276,0.11445938129693467,-0.3227684460333641,1.4387975931167603,0.017504296802132335,-0.5257735927373368,0.06590222073903937,0.14915260771252462,-0.504762003753359,0.9761787522707553,0.004453843107928109,-0.3542677846965411,1.6634023757959833,-0.24785955260131534,-0.4877888285955846,1.212154438953526,0.08521674662236346,-0.27548835530186333,1.7062657676785198,-0.24050194281615958,-0.2340456611470671,1.4227317966372761,-0.24769801207330844,-0.3761061191164105,1.3182574392154516,0.07942187924258756,-0.5892120461590242,0.08192131880498091,0.07493435507578565,-0.3847138498792585,0.516362037485009,0.13026809129888647,-0.5002224386133105,0.053167231380939484,-0.17229022638292502,-0.4523107052244098,1.1583506074172771,0.1993598597531287,-0.3546404218831599,0.4766882010643056,0.2958832835124818,-0.6408260437036981,1.038794899618389,-0.017191970252142048,-0.4707671620987898,1.478667824473602,0.09178056878759372,-0.4244980567338451,0.5860472660980477,0.03533249010412109,-0.4000404786984652,0.3985053154806428,0.07556574184768247,-0.34608142837783357,0.07560100909692562,-0.15465660205740012,-0.5001923741883789,1.3476698990689209,-0.18489534373314964,-0.2745912645431544,1.3665007084410712,-0.25965586166508153,-0.2491243880316122,1.3293139650332217,0.6492873367094836,-0.3142826849261657,0.21200471692132633,0.4052851507995302,-0.39493092026142096,1.0660977710951243,0.30922384609449777,-0.49828901472470616,1.409048713595662,0.12563072075906967,-0.4780228684674825,1.6628402897853725,0.37606847463854104,-0.14400769424754262,1.257667625976714,0.20247935360630617,-0.3926400933044636,1.7012965000228377,0.13537872439583407,0.05781057528806049,1.3846217804397178,0.24665846838461641,-0.03274502432504237,1.3067574990506203,0.5765836349386253,-0.35887673437990103,0.28879803221746786,0.49027124619641843,-0.15150911701436076,0.6235348009905278,0.5268132607668441,-0.3061955770514659,0.2075939442937737,0.31557631216301824,-0.20221180217155557,1.2077208860031028,0.3696680110416665,-0.18033175653969216,0.5878532820979491,0.38052983197155377,-0.5894133432811459,1.0622470923606924,0.258903315919914,-0.3606041873132946,1.547820110984196,0.49167442183620885,-0.18958774732043412,0.7194815025424326,0.566427388333327,-0.19554604718227261,0.49221689180033096,0.5781977054299108,-0.21241965574144528,0.08952491261706447,0.3579322443103159,-0.24407891721914934,1.4200580972709402,0.1525690741096901,-0.03623583979460577,1.3619442451868626,0.14306090170184507,0.014795583191740989,1.2879063972574196,0.1496079410148772,-0.33672840093934775,1.238564645217744,0.28355596278676926,-0.6021948508079479,1.1891282931068876,1.1982593536376953,-19.358840942382812,4.557228088378906,-0.6103476881980896,-0.4588911831378937,-2.506403923034668,161.6002960205078,-27.911340713500977,-856.9428100585938,-150.6470947265625,87.71186065673828,-7.374876976013184,-2.011373281478882,24.514047622680664,-2.2166855335235596,-3.6894350051879883,0.33148032426834106,2.6469576358795166
0.121716947103573,-0.4641188985563272,1.5179701852087943,0.11444001210643756,-0.322810655595451,1.4387676417827606,0.01757603681751138,-0.5257775796367633,0.06593829126942237,0.14944999867322428,-0.5049983614327892,0.976229530691311,0.0043893801757683435,-0.3543752028748689,1.6633855554441743,-0.24774762188756702,-0.48704483547550165,1.2119211755840984,0.08516069944479213,-0.27559949260279043,1.7062488283147874,-0.23959698606997928,-0.23341114907864705,1.4225869987974105,-0.24729966924877356,-0.3754674019600382,1.3180552776286145,0.07947222128609158,-0.5892148032685779,0.0819146590961131,0.07518565371040477,-0.38499207992032664,0.5164701399818951,0.13031642997501702,-0.500199231288291,0.05310377199202776,-0.1720580489972964,-0.45179479845509624,1.1581614974713483,0.19961278984286138,-0.35484379342454947,0.4767264931505879,0.29621767726362935,-0.6410039070228867,1.0389147842956694,-0.017205670260090306,-0.4707818699889625,1.4786010587846996,0.09211323190702507,-0.4247720320986596,0.5861533652275603,0.03556091241563195,-0.4002502868013666,0.3986083103824925,0.07558688134053684,-0.34608874761110897,0.0756181145814673,-0.1546777068384436,-0.49975585828948493,1.3475066147103214,-0.1841669213396824,-0.27415140639275115,1.3664074824345822,-0.2587983311702874,-0.24840607173395474,1.329178608805928,0.6487294484842692,-0.3132425504705764,0.21341152215339487,0.405494185324931,-0.39508258112218997,1.0663477358044378,0.3092497411054491,-0.49828924283089226,1.4091761753653849,0.12558383502016793,-0.47816077353346426,1.6627857426539163,0.37579239672975034,-0.14384964145473297,1.2577770772753962,0.20242432546832703,-0.39275132978199334,1.7012460389674104,0.13476809901216172,0.05744120938740425,1.3848246164274531,0.24618188513825273,-0.03289493843789724,1.3069373657371823,0.5760069626648695,-0.3576359259865142,0.29024293614144353,0.489911800435442,-0.15048764263655967,0.6247690934811206,0.5263240622566235,-0.3051580211875455,0.20880954695359757,0.3154351937751107,-0.2021749828578226,1.2077910633671363,0.36932184502778465,-0.17935183219957038,0.5890669855258323,0.38087416321828665,-0.5896018383321383,1.0624665900176724,0.25880787827518603,-0.3606194704277626,1.5478794979338615,0.49148031338950654,-0.1888512271573607,0.7204757083133356,0.565975440555061,-0.19444212729469043,0.49337235872713936,0.5777993130170747,-0.2118464397722917,0.09035004459518864,0.3577583480552332,-0.24402287252099308,1.420164652612825,0.15205474424835863,-0.036590378793166164,1.3620788873426173,0.14253113004348136,0.014524463183302066,1.2880667459885806,0.14966890487252482,-0.3366641245831717,1.2385510381878606,0.2837149726337944,-0.6022988275581638,1.1892707503789308,0.9182231426239014,-19.34796905517578,4.554712295532227,-0.7594433426856995,-0.6089609861373901,-2.4876532554626465,160.43161010742188,-27.877086639404297,-852.8663330078125,-150.29486083984375,87.47489166259766,-7.118736743927002,-2.0119845867156982,24.513673782348633,-1.822763442993164,-3.709419012069702,0.3121366798877716,2.651029586791992
0.12168072225735677,-0.4641916383773286,1.5179029150514414,0.11441057930324251,-0.3228639838908682,1.4387204887851184,0.017650988656065323,-0.5257702159960538,0.0659997406483486,0.1499684533930772,-0.5053729079417045,0.9762917076120313,0.004183765071357866,-0.35454163586856513,1.66335111777514,-0.2475856129104728,-0.4860150725241528,1.2115773163883892,0.08506390023113086,-0.2757436583768453,1.7062048075214917,-0.23824546949950276,-0.23250698174861884,1.422382858415313,-0.2466930320227383,-0.3745062735104403,1.3177805365316126,0.07954372769061303,-0.5892186154987639,0.08190039172768593,0.07551190587661125,-0.38537184933558205,0.5166166105017757,0.1303835210223861,-0.5001714677605408,0.053015743080057846,-0.17162555056494594,-0.45107453400330827,1.157875028667071,0.19996071675952698,-0.3551550990106254,0.4768422646633047,0.2967293232876733,-0.6412902239537397,1.0390831725486855,-0.01726836043823239,-0.4707878651405802,1.4784819527177622,0.09255547769713086,-0.4251555721491378,0.5862982000736211,0.035867253787174126,-0.4005688842361336,0.39874626015195785,0.07561398985863521,-0.3460945960701696,0.07564372897444181,-0.15471445058552635,-0.4991320344983347,1.3472513430165929,-0.18315250530148183,-0.2734715482651793,1.366194580169703,-0.25759067647899225,-0.2474354896817776,1.3289526720710148,0.6480142673514536,-0.3117742048983542,0.2153184185951751,0.40573050111334846,-0.39539726611399495,1.0667278960051125,0.30928306992085564,-0.49826714554369844,1.409326050455207,0.12548207501504596,-0.4783470542817716,1.6627307159221725,0.375430502342862,-0.1436570854179117,1.257923489769563,0.20234086902331042,-0.3929070971462111,1.7011790157153905,0.1339141284393159,0.05689295557703798,1.385079057406116,0.24555912372094907,-0.033071308501607534,1.3071652563991925,0.575188491912867,-0.3558531293016396,0.29221954093074165,0.48933065144826243,-0.14916737328301993,0.6264218532091734,0.525598388831347,-0.30372063855066994,0.2105354123458957,0.3152227907978146,-0.20209181017630937,1.2078849649587213,0.36881943323359584,-0.17806017566595647,0.5907949483552516,0.3812577337618695,-0.5897960246398749,1.0627675557768108,0.25868181015876746,-0.36063258734759907,1.547937925682952,0.4912086695630029,-0.1877795783001066,0.7218885411884611,0.5653324999556636,-0.19285308771970255,0.49501084709009585,0.5772010072177609,-0.21094948561578397,0.09162730575594681,0.35752270326314384,-0.2439199269113951,1.4202909355131996,0.15137294595999434,-0.03707918788719651,1.3622841266606818,0.14172360587199004,0.014084878078482996,1.2882813215255737,0.1498206290878997,-0.33662177395346937,1.2386118970959392,0.28393008772111095,-0.6024591573421528,1.1894525988212485,0.8180344104766846,-19.34952163696289,4.518252372741699,-0.7789126038551331,-0.63800048828125,-2.4645185470581055,158.4074249267578,-28.147050857543945,-847.614501953125,-149.88914489746094,87.1969985961914,-6.723278522491455,-2.0134522914886475,24.459095001220703,-1.6676493883132935,-3.701491355895996,0.3147953152656555,2.663648843765259
0.12164373682281435,-0.46426843082075875,1.5178311111911242,0.11437872377847204,-0.3229199889183834,1.438669194646229,0.017726713711309513,-0.5257601198179043,0.06606729975007228,0.15054012716605963,-0.5057807221317923,0.9763566286161246,0.003944168888442591,-0.3547222761326278,1.6633124389001075,-0.24741154805516566,-0.4849165131319438,1.2112068322715381,0.08495729034211462,-0.2758957754499865,1.7061542671247822,-0.23678644778614014,-0.23153789741116645,1.4221644318656417,-0.2460362498481937,-0.3734675275272881,1.317488322589571,0.07962032921908312,-0.5892226817394723,0.08188429288566113,0.0758562024115332,-0.38577606341499365,0.5167723177679328,0.1304551265294978,-0.5001426073691703,0.05292179928290726,-0.17114482669542166,-0.4503050723316654,1.1575651216191172,0.2003315132826764,-0.3554923887185703,0.47697668863053355,0.2972836411551924,-0.6416026500874008,1.039263237588453,-0.01734284454623595,-0.4707917627810642,1.4783502461894458,0.09302410450054714,-0.42556548888320167,0.5864523601847769,0.03619235345094606,-0.4009136716952387,0.39889262498214545,0.07564253536429232,-0.3461000904539563,0.07567139180833535,-0.15475495926887783,-0.49846311806645616,1.3469739262236664,-0.18206923894140106,-0.272733912365326,1.3659528669537297,-0.2562987326292802,-0.24640417698499384,1.3287049289176007,0.647261219407549,-0.3102027714647205,0.21734570736521916,0.4059733846132329,-0.3957511976558641,1.0671393995648188,0.30931818835585323,-0.498239673624765,1.4094813213443125,0.1253671045384265,-0.4785449810276758,1.6626755737311003,0.37504794843346867,-0.14345622304456912,1.2580788003293095,0.2022505687265996,-0.39307358490907596,1.7011080052678949,0.13300157476537275,0.056301636158778576,1.3853459218085207,0.2449011712624932,-0.03325404759052376,1.3074047083886253,0.5743118104161016,-0.3539398539539994,0.29432414778020993,0.4886961294621821,-0.14777517180569125,0.628175355049948,0.5248157862598533,-0.30218700132030524,0.21238411876638202,0.31499322671566576,-0.20199747835070092,1.2079845779384208,0.36827940671451836,-0.17669347249316855,0.5926467143739296,0.3816507508028422,-0.5899915810649758,1.0630881342272096,0.25854836803990483,-0.36064518277613533,1.5479961225133858,0.4909183598117323,-0.18662725031277203,0.7234021546627512,0.564643579603031,-0.19114726007182078,0.49676561839138433,0.5765545741217026,-0.20997459448824657,0.09301341283104277,0.3572721930825158,-0.24380569034163527,1.4204219676406178,0.1506508311984555,-0.037600321263469606,1.3625063615918949,0.14084921535474576,0.013604736561572418,1.288508951663971,0.14999420301902372,-0.33658470173939964,1.2386906829890827,0.2841587096255347,-0.6026330535972355,1.1896439303230766,0.9581002593040466,-19.33638572692871,4.417605400085449,-0.6695868968963623,-0.5288535356521606,-2.458116054534912,156.53445434570312,-28.546663284301758,-843.177734375,-149.443359375,86.96543884277344,-6.472811222076416,-2.014437437057495,24.413475036621094,-1.9534289836883545,-3.6773247718811035,0.33401909470558167,2.6771693229675293
0.12160675138827191,-0.464345223264189,1.5177593073308073,0.11434686825370156,-0.3229759939458986,1.4386179005073396,0.0178024387665537,-0.5257500236397548,0.06613485885179596,0.15111180093904203,-0.50618853632188,0.9764215496202179,0.003704572705527315,-0.3549029163966905,1.6632737600250749,-0.2472374831998585,-0.4838179537397347,1.2108363481546869,0.08485068045309838,-0.27604789252312767,1.706103726728073,-0.2353274260727775,-0.23056881307371407,1.42194600531597,-0.24537946767364907,-0.3724287815441359,1.3171961086475297,0.07969693074755321,-0.5892267479801809,0.08186819404363632,0.07620049894645514,-0.38618027749440526,0.5169280250340897,0.13052673203660953,-0.5001137469777998,0.052827855485756664,-0.17066410282589742,-0.44953561066002246,1.1572552145711634,0.20070230980582585,-0.3558296784265152,0.47711111259776234,0.29783795902271143,-0.6419150762210618,1.0394433026282204,-0.01741732865423951,-0.4707956604215483,1.4782185396611296,0.09349273130396343,-0.4259754056172655,0.5866065202959326,0.036517453114718,-0.40125845915434377,0.39903898981233304,0.07567108086994942,-0.346105584837743,0.0756990546422289,-0.15479546795222932,-0.4977942016345776,1.3466965094307402,-0.18098597258132026,-0.2719962764654728,1.3657111537377566,-0.2550067887795682,-0.2453728642882101,1.3284571857641865,0.6465081714636443,-0.3086313380310867,0.21937299613526323,0.40621626811311734,-0.3961051291977333,1.067550903124525,0.3093533067908508,-0.4982122017058316,1.4096365922334178,0.12525213406180705,-0.47874290777358,1.6626204315400281,0.3746653945240753,-0.14325536067122654,1.2582341108890558,0.2021602684298888,-0.3932400726719408,1.701036994820399,0.13208902109142961,0.05571031674051917,1.3856127862109253,0.24424321880403735,-0.033436786679439987,1.3076441603780582,0.5734351289193362,-0.3520265786063592,0.29642875462967827,0.48806160747610183,-0.1463829703283626,0.6299288568907226,0.5240331836883596,-0.3006533640899406,0.21423282518686834,0.31476366263351696,-0.20190314652509248,1.2080841909181204,0.36773938019544083,-0.17532676932038063,0.5944984803926076,0.3820437678438149,-0.5901871374900768,1.0634087126776082,0.25841492592104226,-0.3606577782046716,1.5480543193438194,0.4906280500604617,-0.18547492232543744,0.7249157681370413,0.5639546592503983,-0.18944143242393902,0.4985203896926728,0.5759081410256442,-0.20899970336070914,0.09439951990613872,0.3570216829018877,-0.2436914537718754,1.4205529997680362,0.14992871643691663,-0.038121454639742695,1.362728596523108,0.13997482483750148,0.01312459504466184,1.2887365818023682,0.15016777695014777,-0.3365476295253299,1.238769468882226,0.2843873315299584,-0.6028069498523182,1.1898352618249046,1.06104576587677,-19.261869430541992,4.346592426300049,-0.5896748304367065,-0.4913803040981293,-2.4540205001831055,154.82574462890625,-28.771194458007812,-838.5828247070312,-148.9000244140625,86.69343566894531,-6.25815486907959,-2.0125250816345215,24.499876022338867,-2.3988537788391113,-3.701453447341919,0.3180752694606781,2.6782736778259277
0.12156151611333256,-0.46444616545707185,1.5177044718470794,0.11432732592355337,-0.3230267877116898,1.4385521800707508,0.017857641996260706,-0.5257336834803322,0.06620126408802357,0.15169404817140655,-0.506563843678165,0.976481005154698,0.0035994745901206026,-0.3549938371639378,1.6631716245057566,-0.24700163788353371,-0.4827036096264195,1.210462781767182,0.0847619604442688,-0.2761924866315545,1.7060531227793914,-0.23397085808266868,-0.22965302898098303,1.4217447060228183,-0.2446614293418578,-0.37140440625070736,1.3169001769151119,0.07977505156535976,-0.5892266197907214,0.0818533543250616,0.0766341733863417,-0.38658676355682464,0.5170723882732012,0.13055915378083457,-0.5000689509293891,0.05272268284951022,-0.1702058128025753,-0.44880796618611607,1.1569530290878371,0.20112131447192058,-0.3561431202568755,0.4772230391668168,0.2983900366832089,-0.6422154115920036,1.0396329004638243,-0.01746349440061099,-0.4707920748173006,1.4780900742833978,0.09395325523091863,-0.42638888126177504,0.5867820656457484,0.03681827493209318,-0.40157367111436576,0.39919835102084456,0.07570338587196457,-0.3461147334599337,0.07572578207053096,-0.15474244402043077,-0.49710731588254703,1.3464636743463427,-0.1798128437324865,-0.2712359366235354,1.3654262251806575,-0.253714018754217,-0.24430392485185964,1.3282123660014955,0.6456935575466283,-0.3070717729282695,0.22146994581088325,0.40661145391448444,-0.39627932781810005,1.0679177614237298,0.3093842625716664,-0.49818418165113754,1.4097763246653097,0.12513629768956577,-0.4789205137763592,1.6625469228289775,0.3743147039847658,-0.14308342636124977,1.2583738194396163,0.20207792404570327,-0.3933687787873066,1.7009699245951824,0.13117592325372412,0.05509735390371242,1.3858295398832157,0.24355194922413256,-0.03360593259729297,1.3078592719621216,0.5725657558993787,-0.35019455445523295,0.2985398199483259,0.48744958288819584,-0.14493360385200046,0.6317259712724497,0.5232295136380669,-0.29912175257869117,0.2161198653626126,0.31455256039930496,-0.20181244510589846,1.208168742080398,0.3672126598705519,-0.17395300790667534,0.5963473547965485,0.38253366192247695,-0.5904635002478859,1.0637603998184204,0.25829408298067696,-0.36067617275067515,1.5480842673225907,0.49035041892765374,-0.1844038733386046,0.7264155590573683,0.5632591294926523,-0.18775623533504687,0.5002968798804757,0.5752692070623108,-0.20793046138637902,0.09595659568856489,0.3567619100213051,-0.2435627869324179,1.420658388674654,0.14922685886653053,-0.03864751230086515,1.3628946197348715,0.1391265740408408,0.01263246256148825,1.2889420640784384,0.15040274605845774,-0.3366523338173399,1.238834336893448,0.2846219034877834,-0.602965244098215,1.1900312008447205,0.9839425683021545,-19.17500877380371,4.246506690979004,-0.5945796370506287,-0.5770653486251831,-2.443270206451416,153.73031616210938,-28.660024642944336,-834.92578125,-148.5365447998047,86.4990005493164,-6.015103816986084,-2.0102953910827637,24.62233543395996,-2.7208478450775146,-3.7404625415802,0.28931549191474915,2.6768667697906494
0.12151423118860516,-0.46455310758770696,1.517653852109088,0.1143108427721933,-0.3230762867540713,1.4384828754608205,0.01790774663577214,-0.5257157920212145,0.0662673826495938,0.15227892235020138,-0.5069310748024493,0.9765391028085292,0.0035277921436601234,-0.3550624673729701,1.663053723360529,-0.24675044338434737,-0.4815853438432643,1.210088449598148,0.08467768512616884,-0.2763352116804249,1.7060025030414,-0.2326397444337409,-0.22875048718507718,1.4215476619486778,-0.24392817208901146,-0.37038360131497416,1.3166033215080666,0.07985354984635548,-0.5892254495068102,0.08183882743218876,0.07709005351690267,-0.38699381408707195,0.5172139331205001,0.13058184042869025,-0.5000201957115274,0.052614720439575366,-0.16975309640563876,-0.448090711078107,1.1566527620056608,0.20155229631638685,-0.35645063714870556,0.4773293763201758,0.2989415577705333,-0.6425127430467417,1.0398248666959093,-0.017502624529185672,-0.47078663002181526,1.4779624141604695,0.09441176602086483,-0.4268032411076375,0.586962924098337,0.03711306498638841,-0.4018815351243051,0.39936094114322535,0.07573662491034198,-0.34612478996744217,0.07575227709992832,-0.15466618217182476,-0.4964159657031495,1.3462419154628222,-0.17861738879949052,-0.27046995605064544,1.3651305598928438,-0.25242104346783745,-0.24322563715723178,1.3279682725470587,0.6448636477356715,-0.30551515647907135,0.22358420254378916,0.40704447879696526,-0.3964088722964786,1.068273527732748,0.30941418415268523,-0.4981560254136458,1.4099121966109371,0.12502024618797744,-0.4790930711473061,1.662468851007373,0.3739719298106945,-0.14291867914776138,1.2585096517146028,0.20199755628574764,-0.39348809815795216,1.7009038333071778,0.13026269022005285,0.05447901382006162,1.3860338436846702,0.24285240209852624,-0.03377170132978862,1.3080683362405032,0.571698198650057,-0.3483827169367809,0.30065248985558946,0.48684314771598536,-0.14347003489140644,0.6335339210680778,0.522420609431551,-0.29759064435169397,0.21801642945270663,0.31434604495961144,-0.201722645651031,1.2082495511762354,0.36668924543241793,-0.17257749289274216,0.5981955107868902,0.3830476248303786,-0.5907599391132001,1.064119815826416,0.2581763702709943,-0.36069600807120467,1.548107196953123,0.4900759377621657,-0.18335301789226913,0.7279119158027977,0.5625619576466794,-0.18607616385087272,0.5020787660649281,0.5746321362375424,-0.20683777820787683,0.09755614816846436,0.3564998358488083,-0.24343053493278705,1.4207574065947375,0.1485300341386669,-0.039174793386794866,1.363046677302051,0.1382848175846978,0.012137350956261754,1.2891420437800174,0.1506529686269381,-0.33679226208601565,1.2388957470458075,0.2848579537197454,-0.6031196620685375,1.1902282845895023,0.8969228267669678,-19.189950942993164,4.0562334060668945,-0.6437161564826965,-0.6670527458190918,-2.447014570236206,152.6522216796875,-28.588253021240234,-831.4718017578125,-148.23008728027344,86.34306335449219,-5.730858325958252,-2.0100319385528564,24.597244262695312,-2.4769816398620605,-3.742805004119873,0.28560274839401245,2.666694164276123
0.12146694626387776,-0.46466004971834207,1.5176032323710966,0.11429435962083324,-0.32312578579645285,1.4384135708508903,0.01795785127528357,-0.5256979005620969,0.066333501211164,0.1528637965289962,-0.5072983059267334,0.9765972004623602,0.0034561096971996437,-0.35513109758200234,1.6629358222153012,-0.24649924888516103,-0.48046707806010913,1.2097141174291144,0.08459340980806887,-0.2764779367292954,1.7059518833034086,-0.23130863078481317,-0.22784794538917133,1.421350617874537,-0.24319491483616515,-0.36936279637924097,1.316306466101021,0.07993204812735122,-0.5892242792228989,0.08182430053931593,0.07754593364746365,-0.38740086461731926,0.5173554779677991,0.13060452707654593,-0.49997144049366576,0.05250675802964051,-0.16930038000870226,-0.44737345597009787,1.1563524949234842,0.2019832781608531,-0.35675815404053557,0.47743571347353475,0.29949307885785764,-0.6428100745014796,1.0400168329279944,-0.01754175465776036,-0.4707811852263299,1.4778347540375412,0.09487027681081105,-0.4272176009535,0.5871437825509255,0.03740785504068365,-0.40218939913424434,0.39952353126560614,0.07576986394871939,-0.3461348464749507,0.07577877212932568,-0.15458992032321872,-0.495724615523752,1.3460201565793017,-0.17742193386649455,-0.2697039754777555,1.3648348946050304,-0.25112806818145794,-0.2421473494626039,1.327724179092622,0.6440337379247147,-0.30395854002987316,0.2256984592766951,0.407477503679446,-0.3965384167748571,1.0686292940417663,0.30944410573370407,-0.4981278691761541,1.4100480685565646,0.12490419468638912,-0.479265628518253,1.6623907791857688,0.3736291556366232,-0.14275393193427302,1.2586454839895893,0.201917188525792,-0.39360741752859774,1.7008377420191734,0.12934945718638155,0.05386067373641083,1.3862381474861245,0.24215285497291988,-0.03393747006228428,1.3082774005188846,0.5708306414007351,-0.3465708794183289,0.302765159762853,0.48623671254377493,-0.14200646593081243,0.6353418708637061,0.5216117052250351,-0.2960595361246968,0.21991299354280064,0.31413952951991797,-0.20163284619616356,1.2083303602720727,0.3661658309942839,-0.171201977878809,0.6000436667772318,0.38356158773828025,-0.5910563779785144,1.0644792318344116,0.25805865756131163,-0.36071584339173424,1.5481301265836551,0.4898014565966777,-0.18230216244593364,0.729408272548227,0.5618647858007065,-0.1843960923666986,0.5038606522493805,0.573995065412774,-0.20574509502937463,0.09915570064836382,0.3562377616763115,-0.24329828293315622,1.420856424514821,0.14783320941080322,-0.03970207447272459,1.3631987348692307,0.13744306112855476,0.011642239351035259,1.2893420234815964,0.1509031911954185,-0.3369321903546914,1.238957157198167,0.2850940039517074,-0.6032740800388602,1.1904253683342838,1.0003752708435059,-19.29678726196289,3.97636079788208,-0.6514227986335754,-0.6339874267578125,-2.4728918075561523,151.08436584472656,-28.889232635498047,-827.2940063476562,-147.8046417236328,86.11463165283203,-5.4754638671875,-2.01068377494812,24.526952743530273,-2.0464508533477783,-3.7353217601776123,0.3177555501461029,2.6524107456207275
0.12144190452943575,-0.46478717058699653,1.5175513179096956,0.11427589293742021,-0.32317020857570977,1.4383347610764157,0.01802422334470891,-0.5257044193760448,0.06640409209475612,0.15343127483563707,-0.5076722159290945,0.9766494876501576,0.0034154767435759506,-0.3552283538098367,1.6628466576140448,-0.2462507938312379,-0.4793564858815528,1.2093173012828196,0.0845252810329791,-0.2766266143479884,1.7058922005015493,-0.22989750480809748,-0.22690116194699775,1.4211326687541228,-0.24246174047719565,-0.36831693380873726,1.3159914214090007,0.08001891079525285,-0.5892245299768764,0.08181014272156141,0.07793218686880654,-0.38780260204479394,0.5174993754222693,0.13065280819570782,-0.4999088617350092,0.05238486254057347,-0.16879113788241581,-0.4466224748961973,1.1561370164353326,0.20234563966460575,-0.3570464869208683,0.4774699566380078,0.3000747970003166,-0.6430949955586566,1.0401750100369485,-0.017561611466553828,-0.4707835719285422,1.477679967880249,0.0953490413379985,-0.42762070302142213,0.5873099727346408,0.03774832652894077,-0.4024930000305176,0.39967582675794894,0.0758097463392264,-0.3461420845906466,0.07580932106403325,-0.1545600119410761,-0.4950386179204019,1.3457423456457278,-0.17623527357909854,-0.26895728944153185,1.364562818546169,-0.2498573124013989,-0.24111005871106458,1.3275203483783646,0.6431592233133632,-0.3024554888144234,0.2277202893369245,0.407822092637321,-0.39674257363704657,1.0689776077965238,0.30948029567074303,-0.4980891104170818,1.4101757932182968,0.12482516911645598,-0.4793787075589035,1.662251476420472,0.37326168698190854,-0.1425332155646078,1.2587732005593002,0.201832344496487,-0.39374330777995636,1.700758829811551,0.12845110952459424,0.05326710017212969,1.3864770930334431,0.2414767076045472,-0.03412418726165563,1.3084797385512599,0.5699208951154292,-0.34482481227015815,0.30485011153663233,0.48558672256027624,-0.14055027452525715,0.6372343882030209,0.5207948905742721,-0.29458619308787465,0.2218028866494728,0.31394194293495836,-0.20154995851169358,1.2084093378079648,0.365645416525026,-0.1698589493699421,0.60191234887041,0.3840198933288751,-0.5912889648746971,1.0647586591985843,0.2579441579761884,-0.36072673406822003,1.54814143528212,0.489511351909069,-0.181251575417866,0.7309038871960924,0.5611906979257697,-0.18283565253611433,0.5057010220376071,0.5733446052532323,-0.2045917059017333,0.10085709220328867,0.3559659139210025,-0.2431434877463524,1.420936937363732,0.14712748740682538,-0.04024343764939845,1.3633340241893237,0.13662474785024756,0.011153810571213037,1.2895472452340537,0.1511608939494518,-0.33710416302775703,1.2389634310804456,0.2853540065667487,-0.6034704344162088,1.190642125559169,1.1069296598434448,-19.357892990112305,3.968411684036255,-0.6504904627799988,-0.5807656645774841,-2.4870221614837646,149.35691833496094,-29.326557159423828,-822.8796997070312,-147.41407775878906,85.86949920654297,-5.303679943084717,-2.011056661605835,24.502155303955078,-2.0798962116241455,-3.719613552093506,0.3624206483364105,2.6465790271759033
0.12142256261250436,-0.46491946225726843,1.5174990716754206,0.11425691797391863,-0.32321333056254103,1.4382535156035265,0.018094763943049687,-0.5257171933224659,0.06647582901086634,0.15399429545003845,-0.5080478373939628,0.9767002859060337,0.0033828002224916853,-0.35533294545498906,1.6627648567521809,-0.24600304076016344,-0.47824786006417497,1.2089147236173516,0.08446128980953567,-0.2767768173126985,1.705830195289574,-0.2284658756723862,-0.22594304158296807,1.420909362715601,-0.2417285873597821,-0.36726465021932364,1.3156717157127051,0.0801079168372991,-0.5892251448718128,0.08179607947930595,0.0783005981946623,-0.38820297798968306,0.5176438757323272,0.1307076478981419,-0.4998427406940239,0.05225939669997882,-0.16826741103798348,-0.44586285154353705,1.1559432650244,0.20269041720605055,-0.3573299038982549,0.47748572571782877,0.30066425313815376,-0.6433767364514584,1.0403245286831002,-0.017576529487153356,-0.4707879654520395,1.477518230676651,0.095832995885354,-0.42802092028374705,0.5874724041744573,0.03810050388465062,-0.4027955085039139,0.39982548425134445,0.07585133108871663,-0.34614860049344054,0.07584090881197658,-0.15454198163471475,-0.4943539919146639,1.3454501713743272,-0.17505086691963753,-0.268215547630329,1.3642967872272265,-0.2485922503698346,-0.2400832734261917,1.3273268349912783,0.6422732787219104,-0.30096616369012175,0.22971843506228054,0.40814401988951576,-0.39696584992258754,1.069324011834252,0.3095180918740121,-0.49804763476185454,1.410301430138531,0.12475563144150949,-0.4794765452774155,1.662096483225854,0.372887890366529,-0.14229815709867225,1.2588988374795345,0.20174635342316122,-0.3938834443194977,1.7006766322432765,0.1275565762393522,0.05267987302843704,1.3867249155281396,0.24080655642396567,-0.034316272505663874,1.3086803529830957,0.5690003378896524,-0.34309559877937207,0.30692796053870625,0.484925571656385,-0.13909597361818055,0.6391485759754054,0.5199760488721709,-0.2931276523810349,0.2236910703166431,0.31374664436902433,-0.20146884196838796,1.2084878460066208,0.3651257707977927,-0.16852424552799852,0.6037862907774401,0.3844639367319101,-0.5915051897037897,1.065017589472777,0.2578304817542335,-0.36073533267966956,1.5481497661167423,0.489217243693917,-0.18020105717197948,0.7323993116814569,0.5605225253184111,-0.18130586831676251,0.507556378249301,0.5726907140766548,-0.20342276087462507,0.10258458002118874,0.3556915616850979,-0.2429829158678355,1.421012708288155,0.14641948547584333,-0.04078840936182548,1.363465016646101,0.13581244188626082,0.010667094265400677,1.2897538102620485,0.15142051350103308,-0.33728434707944754,1.2389555762935158,0.2856201469799541,-0.6036775349978579,1.1908639241133305,1.020882248878479,-19.307167053222656,3.962278127670288,-0.652364194393158,-0.6242989301681519,-2.47556471824646,147.61090087890625,-29.589374542236328,-818.0139770507812,-147.03729248046875,85.62480926513672,-5.097503662109375,-2.0108556747436523,24.5305118560791,-2.468745231628418,-3.6849563121795654,0.31844955682754517,2.653397560119629
0.12140322069557297,-0.4650517539275403,1.5174468254411457,0.11423794301041704,-0.3232564525493723,1.4381722701306374,0.01816530454139046,-0.525729967268887,0.06654756592697655,0.15455731606443984,-0.508423458858831,0.97675108416191,0.0033501237014074204,-0.3554375371001414,1.662683055890317,-0.245755287689089,-0.47713923424679716,1.2085121459518837,0.08439729858609225,-0.27692702027740856,1.7057681900775985,-0.2270342465366749,-0.2249849212189384,1.4206860566770794,-0.24099543424236855,-0.36621236662991,1.3153520100164098,0.08019692287934536,-0.5892257597667492,0.08178201623705049,0.07866900952051806,-0.38860335393457224,0.5177883760423849,0.13076248760057602,-0.49977661965303866,0.05213393085938416,-0.16774368419355115,-0.4451032281908768,1.1557495136134672,0.20303519474749532,-0.3576133208756415,0.47750149479764975,0.30125370927599093,-0.6436584773442603,1.0404740473292522,-0.01759144750775288,-0.4707923589755368,1.477356493473053,0.0963169504327095,-0.4284211375460719,0.5876348356142739,0.03845268124036046,-0.4030980169773102,0.39997514174473997,0.07589291583820684,-0.34615511639623453,0.0758724965599199,-0.15452395132835336,-0.4936693659089259,1.3451579971029268,-0.17386646026017652,-0.26747380581912616,1.364030755908284,-0.24732718833827028,-0.23905648814131883,1.3271333216041918,0.6413873341304577,-0.29947683856582014,0.23171658078763654,0.4084659471417105,-0.3971891262081285,1.06967041587198,0.3095558880772812,-0.4980061591066272,1.4104270670587653,0.12468609376656299,-0.4795743829959276,1.6619414900312361,0.37251409375114947,-0.14206309863273672,1.2590244743997687,0.20166036234983545,-0.394023580859039,1.700594434675002,0.12666204295411015,0.05209264588474439,1.3869727380228358,0.24013640524338414,-0.03450835774967212,1.3088809674149318,0.5680797806638755,-0.3413663852885859,0.30900580954078016,0.48426442075249376,-0.13764167271110397,0.6410627637477899,0.5191572071700696,-0.2916691116741951,0.22557925398381337,0.3135513458030903,-0.20138772542508232,1.2085663542052767,0.3646061250705593,-0.1671895416860549,0.6056602326844701,0.38490798013494504,-0.5917214145328825,1.0652765197469698,0.2577168055322786,-0.36074393129111915,1.5481580969513646,0.488923135478765,-0.179150538926093,0.7338947361668214,0.5598543527110523,-0.1797760840974107,0.5094117344609949,0.5720368229000774,-0.20225381584751687,0.10431206783908879,0.35541720944919336,-0.24282234398931857,1.4210884792125777,0.14571148354486124,-0.0413333810742525,1.3635960091028783,0.13500013592227406,0.010180377959588316,1.2899603752900433,0.15168013305261435,-0.33746453113113806,1.238947721506586,0.2858862873931594,-0.6038846355795071,1.191085722667492,0.8993523120880127,-19.239744186401367,4.017351150512695,-0.6057118773460388,-0.6707660555839539,-2.4603514671325684,146.31436157226562,-29.609378814697266,-813.8935546875,-146.70028686523438,85.41670227050781,-4.847358703613281,-2.009840726852417,24.62944221496582,-2.6896121501922607,-3.6669445037841797,0.22718842327594757,2.6770739555358887
0.12138700905866576,-0.4651356713957345,1.517403209051549,0.11423391336883536,-0.32328290324534803,1.438108221584598,0.01822106113706697,-0.5257208371004521,0.06657175043758178,0.15496612135444257,-0.5086923212997171,0.9768043772274295,0.0033126428452727465,-0.3555214014274395,1.6626190795803701,-0.2455567443459634,-0.4763043157213571,1.2082406477817635,0.08434574414562705,-0.27704469657299535,1.7057194591358007,-0.22599309433671022,-0.22431238595124903,1.4205016947739961,-0.24046035959625875,-0.365460417325923,1.3151313749370197,0.08026386397761225,-0.5892322743373202,0.08177073023571874,0.07892267137075103,-0.38890120732468486,0.5178960347609805,0.13080808944654782,-0.4997080351836634,0.05204492513189055,-0.16740496160573518,-0.4445897201631243,1.155621317640835,0.20331706464389301,-0.357846574919508,0.47751023447671476,0.30169677186683314,-0.6438554574716959,1.0405907411843736,-0.0176082734104912,-0.47077112970565327,1.477270290946329,0.09667230068107709,-0.4287239317072938,0.5877476062206243,0.038730237898200945,-0.4033379198502231,0.4000747304483755,0.07592089877568728,-0.34616339749453084,0.07589536620340995,-0.154553981411536,-0.493147796895725,1.344940227783279,-0.17300656321921096,-0.2669169388168695,1.3638219639954978,-0.24641922143417477,-0.2383066267268547,1.326972884058163,0.6407700287585227,-0.29835924007837344,0.2332550813721505,0.4086717480657906,-0.3974376722479498,1.0699494129774587,0.3095862076969336,-0.49796433825761277,1.4105018977297852,0.12465472746369065,-0.4796014873693321,1.6618125432769195,0.372238473386954,-0.14186795712109432,1.259132475055606,0.20159966456673004,-0.39414347649015335,1.700524915133091,0.12597871531072435,0.051633868095101114,1.3871440216405502,0.23963885095636575,-0.03465914428357454,1.3090315287476344,0.5673906288004869,-0.3401083613172272,0.31054550927403746,0.4838047924124642,-0.13657581288096132,0.6424842030796784,0.5185374481393802,-0.29056140553477583,0.22699740531527443,0.31339190816445067,-0.20132968194832077,1.2086041922995587,0.3642205792843111,-0.16620601760531892,0.6070693868477612,0.38525772287158777,-0.5918976282639219,1.0654576558940458,0.2576316940962084,-0.36074716370824156,1.5481619402667544,0.4886976659100577,-0.17835708806254216,0.735022246837616,0.5593362923292134,-0.17862969641851273,0.5108081241514509,0.5714981636858933,-0.20137166409500387,0.10561837216481468,0.3552378953391353,-0.24271523792123953,1.421128130314366,0.14523753476952087,-0.04172856810299174,1.3637061644074142,0.13446947278467236,0.009873894734049081,1.2900986860919472,0.15184895487021136,-0.3375447580455155,1.2389243016179823,0.2860796625251012,-0.6040325197360373,1.191238294176708,0.9555442929267883,-19.269540786743164,4.339775085449219,-0.5005686283111572,-0.5982258319854736,-2.4678092002868652,145.09671020507812,-29.642887115478516,-809.8610229492188,-146.33143615722656,85.198486328125,-4.60443115234375,-2.008786678314209,24.701236724853516,-2.5469000339508057,-3.6914727687835693,0.23544776439666748,2.6935489177703857
0.12137162428818002,-0.46520681077281373,1.5173618722435653,0.11423383154813817,-0.3233049502041166,1.4380487156230093,0.018272912524492535,-0.5257059209394139,0.0665833739354121,0.15533419052101918,-0.5089329832437023,0.97685832929927,0.0032738929195021164,-0.3555997906141723,1.662559811642628,-0.24537119979889976,-0.4755416972352969,1.2080037743839998,0.08429747489311837,-0.27715378091824766,1.7056742346049933,-0.22505508698769752,-0.22371528825617784,1.4203276200010286,-0.23997760756521036,-0.36478780160676566,1.3149369094545478,0.08032497660016381,-0.5892403473127756,0.08176017784519701,0.07914602203874398,-0.38917197928523384,0.5179939617384348,0.13085125110402013,-0.499638799997355,0.05196555037766892,-0.16711510806683674,-0.4441412237306304,1.1555104381990748,0.20358231742650468,-0.3580665783771616,0.4775171173329385,0.3021011644641295,-0.6440300479629971,1.0406987643399774,-0.01762560328209637,-0.47074313215072583,1.47720404097576,0.0969936799825422,-0.42900099146445064,0.5878472588709648,0.038988083428302345,-0.4035612853947065,0.40016109343396117,0.07594528878169345,-0.3461721448708844,0.07591593295138403,-0.1545967066919567,-0.49266929954093025,1.3447421126018297,-0.17223238570011215,-0.26640890666980616,1.3636282919258471,-0.24560558154488243,-0.23762991501400804,1.3268211835267527,0.6402236846898566,-0.2973398335327376,0.23467216625908352,0.40884687411074605,-0.39769289331720364,1.0702106044781918,0.3096145523699704,-0.49792242622533384,1.4105633078821447,0.12463344416476244,-0.4796099074628969,1.6616904767143805,0.3719887863721279,-0.141683359710586,1.259235817075565,0.20154564803009792,-0.3942580254662116,1.7004587445038044,0.1253511778368855,0.051209020323508624,1.3872950874417034,0.23918688830160936,-0.03479902172424146,1.309168868506981,0.56676260288188,-0.33897480250194373,0.31194305637024883,0.4833983964477943,-0.1356125601277446,0.6437754824461527,0.517970276984158,-0.28954637267731675,0.2282913971618311,0.31324194322358695,-0.20127773324385384,1.208631287347402,0.3638704561239836,-0.16531525798980765,0.6083557668900648,0.3855825559982401,-0.5920632730256643,1.065618242649053,0.25755412807527756,-0.36074897864007005,1.5481645981997054,0.4884903273045622,-0.1776315417905517,0.7360525727272034,0.558857884233361,-0.17758458329747057,0.5120832774023346,0.570989943103285,-0.20056526905653493,0.10681342047373979,0.35508368563967824,-0.2426222548974271,1.4211582403309297,0.1448254113560481,-0.04208418936622853,1.3638108155585282,0.13401320586536106,0.009615020246695211,1.2902189674756386,0.1519937923807182,-0.3375985811877724,1.2388967701930873,0.28625381663935073,-0.6041647618180079,1.1913725792966932,1.1206061840057373,-19.335206985473633,4.788470268249512,-0.5064387321472168,-0.46885591745376587,-2.473926067352295,143.5745391845703,-29.93974494934082,-805.5093383789062,-145.90200805664062,84.94574737548828,-4.3993682861328125,-2.008960008621216,24.66169548034668,-2.2564098834991455,-3.6953883171081543,0.3113393783569336,2.683424711227417
0.12135623951769428,-0.465277950149893,1.5173205354355819,0.11423374972744099,-0.3233269971628852,1.4379892096614206,0.0183247639119181,-0.5256910047783757,0.06659499743324242,0.1557022596875958,-0.5091736451876874,0.9769122813711103,0.0032351429937314863,-0.35567817980090516,1.6625005437048854,-0.24518565525183614,-0.4747790787492367,1.2077669009862357,0.0842492056406097,-0.27726286526349997,1.705629010074186,-0.22411707963868482,-0.22311819056110668,1.4201535452280614,-0.23949485553416197,-0.36411518588760833,1.314742443972076,0.0803860892227154,-0.5892484202882312,0.08174962545467529,0.07936937270673694,-0.38944275124578287,0.5180918887158893,0.13089441276149244,-0.49956956481104653,0.05188617562344729,-0.16682525452793828,-0.4436927272981366,1.1553995587573147,0.20384757020911634,-0.3582865818348152,0.47752400018916225,0.3025055570614259,-0.6442046384542983,1.0408067874955815,-0.017642933153701537,-0.47071513459579833,1.4771377910051915,0.09731505928400731,-0.42927805122160756,0.5879469115213053,0.039245928958403745,-0.4037846509391898,0.4002474564195469,0.0759696787876996,-0.3461808922472379,0.07593649969935812,-0.15463943197237734,-0.4921908021861354,1.3445439974203806,-0.17145820818101334,-0.26590087452274286,1.3634346198561966,-0.24479194165559007,-0.23695320330116135,1.3266694829953427,0.6396773406211904,-0.2963204269871017,0.2360892511460165,0.40902200015570156,-0.3979481143864575,1.0704717959789252,0.3096428970430071,-0.49788051419305485,1.4106247180345042,0.12461216086583422,-0.47961832755646167,1.6615684101518415,0.3717390993573018,-0.14149876230007766,1.259339159095524,0.2014916314934658,-0.3943725744422698,1.7003925738745178,0.12472364036304667,0.05078417255191614,1.3874461532428564,0.23873492564685297,-0.034938899164908374,1.3093062082663278,0.5661345769632731,-0.33784124368666024,0.3133406034664602,0.48299200048312446,-0.13464930737452793,0.6450667618126269,0.5174031058289358,-0.2885313398198576,0.2295853890083878,0.3130919782827232,-0.20122578453938691,1.2086583823952455,0.3635203329636561,-0.16442449837429635,0.6096421469323682,0.3859073891248924,-0.5922289177874066,1.0657788294040604,0.2574765620543467,-0.3607507935718985,1.5481672561326563,0.4882829886990667,-0.17690599551856123,0.7370828986167908,0.5583794761375086,-0.17653947017642838,0.5133584306532184,0.5704817225206766,-0.199758874018066,0.1080084687826649,0.3549294759402212,-0.24252927187361464,1.4211883503474936,0.1444132879425753,-0.04243981062946532,1.3639154667096423,0.13355693894604975,0.009356145759341341,1.2903392488593297,0.15213862989122504,-0.3376524043300294,1.2388692387681923,0.28642797075360027,-0.6042970038999785,1.1915068644166782,1.1624882221221924,-19.356943130493164,5.006974220275879,-0.644798994064331,-0.41177499294281006,-2.4610695838928223,142.0712890625,-30.355134963989258,-801.8131713867188,-145.4889678955078,84.7154769897461,-4.225996494293213,-2.0099375247955322,24.553815841674805,-2.025728940963745,-3.6618151664733887,0.3684736490249634,2.6562469005584717
0.12134057214323259,-0.4653641747323093,1.5172296786150397,0.11424129821409452,-0.32337665745359384,1.4379058480262756,0.01836784483112444,-0.525705838045537,0.06659122973384447,0.156172705555199,-0.5095002499242492,0.9769496747989528,0.0031712760305377527,-0.3558180168369748,1.6624150501181747,-0.24492928430141991,-0.47374990819305773,1.2073975272526014,0.08419245047285068,-0.27741387634482606,1.7055520715302979,-0.22281377254337664,-0.22228365485241872,1.4199362807715965,-0.2387548676192366,-0.3631256873047115,1.314435810048059,0.08047271611181316,-0.5892497731360379,0.08173291619546366,0.07974561797269922,-0.3898088757368113,0.5182184425016113,0.13095479182257558,-0.4995098173223584,0.051792683338882116,-0.16635304151583982,-0.44294598037438676,1.155173049462552,0.20425721608250347,-0.3586064906704505,0.47757521873673064,0.30308581898544007,-0.6444182243962951,1.0408973788583515,-0.017592997432051116,-0.4706413668907241,1.4769788313385666,0.09776531964145749,-0.42963758456391216,0.5880680342778465,0.039548452228110355,-0.4040678037910272,0.40035876651473395,0.07599177093103232,-0.3461806820520502,0.07597752502619826,-0.154582980798175,-0.4915561593131514,1.344251488612977,-0.17033885621669276,-0.26518985865921374,1.3631573126016074,-0.24357004621565737,-0.235986134518456,1.3264178381060923,0.6388623161821176,-0.294921457964853,0.2379388799335783,0.409389795846497,-0.3981740537858167,1.0708135354597836,0.30969855880105734,-0.4978543266357965,1.4107512089590364,0.12456405747509161,-0.4797170951666421,1.6614028732508224,0.3714081627248928,-0.141267007056451,1.259475025909626,0.201430138619925,-0.3945008599205522,1.7002769767843335,0.12386703385126512,0.05019903862663847,1.3876509488813136,0.23813262157487552,-0.03511250197936762,1.3094685263191628,0.5652327253329044,-0.33634179652921414,0.315255732923154,0.4824496349751555,-0.1333532367913139,0.6468023647930449,0.516586557129361,-0.2871217216482226,0.23140997859026421,0.3129165984739531,-0.2011325756544309,1.2086836999615296,0.3630236065545619,-0.1632194636475961,0.6114366216375339,0.3864276282834691,-0.592487521716301,1.065999476325433,0.25737454786600655,-0.36074400954688624,1.5481692592039804,0.48799942887776737,-0.17594826571791378,0.738524087809569,0.5577450394630432,-0.17505535029417632,0.5151218144309442,0.5697428503178603,-0.19856449295550782,0.1096876177023973,0.3547230955978103,-0.24241339597875708,1.4212207991555827,0.14378408959369784,-0.042935346197706975,1.3640431315693635,0.13289663585408634,0.00896241387278335,1.2905631231156407,0.15230255194057693,-0.33768531088007997,1.2387935282378797,0.2866678605016494,-0.6044912395493084,1.1916843392201606,1.022523045539856,-19.348108291625977,4.710386276245117,-0.7235469222068787,-0.500760555267334,-2.4603912830352783,140.31431579589844,-30.735759735107422,-797.4871215820312,-145.02032470703125,84.44117736816406,-3.9718286991119385,-2.0135905742645264,24.51398277282715,-2.074429988861084,-3.667487144470215,0.3538060784339905,2.6481223106384277
0.12132482785756225,-0.4654545047820009,1.517125344829054,0.11425092330338149,-0.3234338327650203,1.4378159940242767,0.01840853885075213,-0.5257287676760692,0.06658327329089704,0.1566710134363727,-0.5098502441549932,0.9769825617603908,0.003100573417918745,-0.3559745770219146,1.6623224191713017,-0.24465363781085078,-0.4726481949848845,1.2069920933009772,0.08413338584714378,-0.27757629786698235,1.7054665019575335,-0.22141104842850706,-0.2213844999374933,1.4197072621607623,-0.23794487247009152,-0.3620499484487717,1.3140986492696978,0.08056628675699629,-0.5892492970883452,0.08171453133274782,0.08016347379380503,-0.3902009506000588,0.518352787127558,0.13101985663274265,-0.49945265192859223,0.051695348941628506,-0.16583119902685778,-0.44211806401314324,1.1549150712837446,0.20470615880970924,-0.3589535889443972,0.47763850332688024,0.3037139440806496,-0.6446424230242407,1.0409832261256036,-0.017524755251476704,-0.47055514275238214,1.4767946405521293,0.09825065522300486,-0.43001956324901014,0.5881950001645562,0.03986313462948167,-0.4043672278720811,0.4004768660131669,0.07601323770667544,-0.3461780340367595,0.07602411819412219,-0.1544995385635373,-0.4908790211409133,1.343933290401042,-0.16912556437171058,-0.2644236003918364,1.3628572438726363,-0.24223704325244919,-0.23494004450787773,1.3261389931700878,0.637974169870086,-0.2934191902939058,0.23990622636498204,0.40981002694723623,-0.39839202412311603,1.0711771962263725,0.3097616549556618,-0.4978324185242716,1.4108954117392862,0.12450865494543749,-0.4798404510250155,1.661225505814647,0.37105511385478723,-0.141022417719001,1.2596197444082096,0.20136661104709896,-0.39463288381399697,1.7001479281889682,0.12294808576586626,0.04957028252029459,1.3878703671970114,0.23748940180074302,-0.035295283218339975,1.3096376422619977,0.5642563515151573,-0.33474277216472376,0.31731172340200436,0.48187026509780756,-0.1319665892037335,0.64865889128865,0.5157021398575891,-0.28560471633412193,0.23337897135327193,0.3127343019606262,-0.20102813773301265,1.2087085337828327,0.3624869817929552,-0.1619288983526609,0.6133693752699341,0.3870010475646581,-0.5927714246590405,1.0662364687351202,0.25726588006248535,-0.36073488529944264,1.548171084053469,0.48769512530786313,-0.17492734672908752,0.7400770942304308,0.5570681393146515,-0.1734517538883039,0.51701807107357,0.5689412058386581,-0.19726452075981146,0.11149851552253921,0.3545025169158613,-0.24229128974557712,1.421253884470226,0.14309581388898243,-0.04346895970971576,1.364177059653579,0.13218080393032522,0.008531980288973612,1.2908151903689302,0.15247166788341193,-0.3377125249398465,1.2387047056725482,0.2869256403272515,-0.6047023468657046,1.1918735681780126,0.9255342483520508,-19.34636116027832,4.289072513580322,-0.6956037282943726,-0.596230685710907,-2.4824695587158203,139.00917053222656,-30.973302841186523,-793.6463623046875,-144.65093994140625,84.18956756591797,-3.7697012424468994,-2.0130608081817627,24.442495346069336,-2.2499125003814697,-3.707455635070801,0.31213685870170593,2.6665830612182617
0.1213090835718919,-0.4655448348316925,1.5170210110430686,0.11426054839266847,-0.32349100807644676,1.4377261400222778,0.01844923287037982,-0.5257516973066014,0.06657531684794962,0.1571693213175464,-0.5102002383857374,0.9770154487218289,0.003029870805299737,-0.3561311372068544,1.6622297882244288,-0.24437799132028162,-0.47154648177671116,1.206586659349353,0.08407432122143689,-0.27773871938913863,1.7053809323847688,-0.22000832431363745,-0.22048534502256786,1.419478243549928,-0.23713487732094646,-0.3609742095928319,1.3137614884913362,0.08065985740217942,-0.5892488210406525,0.081696146470032,0.08058132961491085,-0.3905930254633063,0.5184871317535047,0.13108492144290976,-0.499395486534826,0.0515980145443749,-0.16530935653787576,-0.4412901476518997,1.1546570931049371,0.205155101536915,-0.35930068721834396,0.4777017879170298,0.30434206917585915,-0.6448666216521863,1.0410690733928554,-0.017456513070902287,-0.47046891861404017,1.4766104497656918,0.09873599080455224,-0.4304015419341081,0.5883219660512659,0.04017781703085299,-0.4046666519531351,0.4005949655115999,0.07603470448231855,-0.3461753860214688,0.07607071136204611,-0.15441609632889955,-0.49020188296867523,1.3436150921891068,-0.1679122725267284,-0.26365734212445896,1.3625571751436651,-0.24090404028924098,-0.23389395449729947,1.3258601482340833,0.6370860235580545,-0.2919169226229586,0.24187357279638577,0.41023025804797547,-0.39860999446041534,1.0715408569929616,0.30982475111026636,-0.4978105104127467,1.411039614519536,0.12445325241578335,-0.4799638068833888,1.6610481383784717,0.3707020649846816,-0.14077782838155103,1.2597644629067932,0.20130308347427292,-0.3947649077074417,1.7000188795936029,0.1220291376804674,0.048941526413950706,1.3880897855127095,0.23684618202661048,-0.035478064457312324,1.3098067582048327,0.5632799776974103,-0.33314374780023337,0.3193677138808547,0.4812908952204597,-0.1305799416161531,0.650515417784255,0.514817722585817,-0.2840877110200213,0.23534796411627962,0.3125520054472993,-0.2009236998115944,1.2087333676041356,0.36195035703134854,-0.16063833305772568,0.6153021289023343,0.3875744668458471,-0.5930553276017801,1.0664734611448072,0.2571572122589642,-0.36072576105199905,1.5481729089029577,0.4873908217379589,-0.17390642774026127,0.7416301006512925,0.5563912391662598,-0.17184815748243146,0.5189143277161958,0.5681395613594561,-0.19596454856411513,0.11330941334268113,0.3542819382339124,-0.24216918351239716,1.4212869697848693,0.14240753818426702,-0.044002573221724545,1.3643109877377946,0.13146497200656412,0.008101546705163873,1.29106725762222,0.15264078382624696,-0.33773973899961307,1.238615883107217,0.28718342015285364,-0.6049134541821006,1.1920627971358646,0.9639705419540405,-19.347692489624023,4.197492599487305,-0.617775022983551,-0.5556246638298035,-2.5083703994750977,137.98385620117188,-31.31470489501953,-789.9408569335938,-144.32717895507812,83.98214721679688,-3.624444007873535,-2.0193376541137695,24.35243797302246,-2.3379929065704346,-3.716848134994507,0.28655242919921875,2.689666986465454
0.12130910174193367,-0.4656100735463054,1.5168715608830483,0.11428024991113224,-0.32351364116400283,1.4376216293960218,0.01849492346645882,-0.5257583280272832,0.06654896022172163,0.15778884072078775,-0.510556724292553,0.9769978896276841,0.0029428560893507735,-0.3562614285689316,1.6621116553710786,-0.2440512054507306,-0.47039450843207886,1.206177785893939,0.0840133877212046,-0.27786497964172174,1.7052814498642423,-0.21854610220584647,-0.21956630450802922,1.4192405487133177,-0.236327674831973,-0.35993927223792926,1.31344924087556,0.08075235707574333,-0.5892430927777133,0.08167682039175207,0.08097374550258087,-0.3909847904613476,0.5186258144923394,0.131137417345647,-0.4993741415589061,0.051531894225010415,-0.1648125046777804,-0.44047061314448616,1.1543236937349206,0.20550881106628488,-0.3595880977069305,0.47777547623148026,0.3049597208270963,-0.6451239758572042,1.0411820028791365,-0.01737094313115967,-0.4703690991397725,1.476416281319612,0.09920075520971752,-0.4308015547742117,0.5884369246612321,0.040494550352558396,-0.40497170783431324,0.4007308435262434,0.0760582202416382,-0.3461766887875582,0.07610546767909006,-0.15439989484402517,-0.48955900814162184,1.3432912854169379,-0.16670050676788714,-0.26288888381411696,1.3622678587373518,-0.23958724327632133,-0.2328616612350309,1.3256169068102805,0.6361930743353257,-0.29044171393115,0.2439267286500394,0.41056845233535133,-0.3988754671338378,1.071835882616359,0.30987205188598066,-0.4977967207696264,1.4111863272079568,0.12436009281074369,-0.4801300248464212,1.6609024391663785,0.3703523394189134,-0.1405181602285003,1.25988516685189,0.20125088922136666,-0.3948789594189221,1.6998878168743967,0.12110464107121853,0.04834777829761537,1.3882924401207475,0.23619213633683345,-0.03566365384971661,1.3099688711940058,0.5623343270148663,-0.3315952392109972,0.32138491698250865,0.480652991805645,-0.12918689531206295,0.6524294087823653,0.5139104372618214,-0.2825968815692213,0.23728514534254738,0.31238899804306347,-0.20081223569662365,1.2087642128104406,0.361353618419723,-0.1593393549224399,0.6172703930873744,0.38804361648512203,-0.5932847097614743,1.0667028928434612,0.2570551988107479,-0.3607291631055194,1.5481709843834504,0.48709355985486746,-0.17289318178860558,0.7431988017448526,0.5557195292600733,-0.17032864687359886,0.5208009785374269,0.5673592510997065,-0.19460117020058315,0.11517105933698202,0.35406816109324135,-0.24203099527501112,1.4213239594011118,0.14176177598585357,-0.044530289611526275,1.3644283690199948,0.13072589244570162,0.007655467712382065,1.291280591724724,0.1527668401253539,-0.3377250825233807,1.2384577746817609,0.2874495895789159,-0.6050883847356632,1.1922458597761116,1.0076017379760742,-19.352598190307617,4.439115524291992,-0.6037930846214294,-0.4779753088951111,-2.5178608894348145,136.8323974609375,-31.805513381958008,-785.7941284179688,-143.95835876464844,83.79335021972656,-3.459146022796631,-2.0175349712371826,24.39060401916504,-2.419790267944336,-3.7018802165985107,0.26804137229919434,2.703964948654175
0.12131353741548709,-0.4656682802943994,1.516709466643681,0.11430277539700862,-0.32352659362830866,1.4375130111808019,0.01854201437695729,-0.5257603909006182,0.0665174468562303,0.15844233023212445,-0.5109150295225989,0.9769661927854778,0.0028512698285195317,-0.35638435796791357,1.661986375486614,-0.24371008752592352,-0.4692284494441077,1.2057679485011574,0.08395193045995883,-0.27798110552576205,1.7051780681736421,-0.21706720550131325,-0.21864169095920413,1.4190004223229868,-0.2355212549993534,-0.35891576969860406,1.31314397529261,0.08084455660439485,-0.589235892556361,0.08165723053331407,0.08135903172737714,-0.39137646861818454,0.5187657130080343,0.13118639075203448,-0.49936283542620424,0.0514745218000862,-0.16432265656081257,-0.4396534276916491,1.1539691572157753,0.20583583103702557,-0.35985878040853714,0.47785208023936543,0.3055744372456279,-0.645390622071083,1.041302522286674,-0.017280517004134244,-0.47026546950766585,1.4762193165867534,0.09965975444443179,-0.4312066217724061,0.5885485181745315,0.04081185845448481,-0.4052783420543797,0.400871704054984,0.07608231023842135,-0.34617909877900255,0.07613690666212941,-0.15440253790048575,-0.4889257357807349,1.342965906818971,-0.16548916870197714,-0.2621198089312244,1.3619815557208281,-0.23827498805838707,-0.23183323457738422,1.3253836434408528,0.63529877907393,-0.2889740886475077,0.2460039330041961,0.41088365541388655,-0.39915425256388076,1.0721116729130018,0.30991492593130526,-0.497785206366059,1.4113337433101325,0.12425635160495903,-0.4803082551190395,1.6607656151253656,0.37000354522506135,-0.14025426616534492,1.2599991406036528,0.201201871185508,-0.39498797434055255,1.6997561896873625,0.12017858946165502,0.04776384133771556,1.3884903966196325,0.23553505663248087,-0.035850030240534944,1.3101290215719614,0.5613972866377294,-0.33006088790909344,0.32339124973641326,0.4799986840873365,-0.12779205573710387,0.6543595044818146,0.5129967430569479,-0.28111338802915536,0.23921341123367776,0.31223139650379583,-0.20069880245734525,1.208796742736109,0.36074003261446164,-0.15803801904845713,0.6192486092744284,0.3884835440591471,-0.5934988122112703,1.06693020561673,0.2569550502773942,-0.36073607571472394,1.548168009085371,0.4867982714381439,-0.17188208624227158,0.7447719013454108,0.555049273944059,-0.16883270171107048,0.5226849372813244,0.5665849198568735,-0.1932200219556196,0.11704692774951851,0.35385629011700487,-0.24188829997912148,1.4213620432165286,0.14112792840067126,-0.0450563533046585,1.3645411129818847,0.12998029762348592,0.00720500401899663,1.29148307067669,0.15288082875360717,-0.3376986916294161,1.2382802485630213,0.2877181102305848,-0.6052531765786228,1.1924271942763929,0.9898173213005066,-19.350265502929688,4.531684875488281,-0.663154125213623,-0.5107375979423523,-2.5141351222991943,135.6464080810547,-32.12577819824219,-782.2623901367188,-143.61663818359375,83.60906982421875,-3.27632474899292,-1.9665664434432983,24.602069854736328,-2.6089210510253906,-3.6767027378082275,0.2714379131793976,2.718350410461426
0.1213179730890405,-0.46572648704249336,1.5165473724043133,0.11432530088288499,-0.3235395460926144,1.437404392965582,0.018589105287455762,-0.5257624537739533,0.06648593349073896,0.15909581974346115,-0.5112733347526449,0.9769344959432715,0.00275968356768829,-0.35650728736689546,1.6618610956021491,-0.24336896960111642,-0.4680623904561365,1.2053581111083758,0.08389047319871305,-0.27809723140980236,1.7050746864830422,-0.21558830879678,-0.21771707741037902,1.4187602959326562,-0.2347148351667338,-0.35789226715927885,1.31283870970966,0.08093675613304636,-0.5892286923350087,0.08163764067487606,0.08174431795217343,-0.3917681467750215,0.5189056115237293,0.13123536415842196,-0.4993515292935024,0.05141714937516198,-0.1638328084438447,-0.4388362422388121,1.15361462069663,0.20616285100776627,-0.36012946311014377,0.4779286842472506,0.30618915366415944,-0.6456572682849618,1.0414230416942116,-0.01719009087710882,-0.47016183987555915,1.4760223518538949,0.10011875367914604,-0.4316116887706005,0.5886601116878307,0.041129166556411224,-0.4055849762744461,0.4010125645837247,0.07610640023520451,-0.3461815087704469,0.07616834564516876,-0.1544051809569463,-0.48829246341984794,1.342640528221004,-0.16427783063606713,-0.2613507340483318,1.3616952527043045,-0.23696273284045277,-0.23080480791973754,1.3251503800714253,0.6344044838125342,-0.28750646336386537,0.2480811373583528,0.41119885849242177,-0.3994330379939237,1.0723874632096448,0.3099577999766299,-0.4977736919624916,1.4114811594123082,0.12415261039917437,-0.4804864853916579,1.6606287910843527,0.3696547510312093,-0.13999037210218954,1.2601131143554156,0.2011528531496493,-0.39509698926218295,1.6996245625003283,0.11925253785209151,0.047179904377815746,1.3886883531185175,0.2348779769281283,-0.036036406631353275,1.310289171949917,0.5604602462605925,-0.3285265366071897,0.32539758249031786,0.47934437636902794,-0.12639721616214478,0.6562896001812638,0.5120830488520742,-0.2796298944890894,0.24114167712480813,0.31207379496452825,-0.20058536921806683,1.2088292726617775,0.36012644680920025,-0.15673668317447437,0.6212268254614823,0.3889234716331722,-0.5937129146610665,1.0671575183899986,0.2568549017440404,-0.3607429883239285,1.5481650337872916,0.48650298302142037,-0.17087099069593759,0.7463450009459691,0.5543790186280446,-0.16733675654854208,0.5245688960252218,0.5658105886140407,-0.19183887371065603,0.118922796162055,0.3536444191407684,-0.24174560468323184,1.4214001270319452,0.14049408081548895,-0.045582416997790726,1.3646538569437747,0.12923470280127022,0.006754540325611195,1.2916855496286557,0.1529948173818604,-0.3376723007354515,1.2381027224442818,0.2879866308822537,-0.6054179684215824,1.1926085287766741,0.9305726885795593,-19.35519790649414,4.332979202270508,-0.6909844279289246,-0.6034342646598816,-2.4980032444000244,134.02490234375,-32.34639358520508,-777.7805786132812,-143.16531372070312,83.32766723632812,-3.0615241527557373,-1.9093960523605347,24.69081687927246,-2.726560592651367,-3.657905101776123,0.29622048139572144,2.721792459487915
0.12132400979861518,-0.4657822922365555,1.5163887881285307,0.11435744413082173,-0.3235405446677808,1.4372942968709579,0.018633727292647426,-0.5257770632276472,0.06648610793794228,0.15961000757501614,-0.5116553784206214,0.976978263318144,0.0027063285364516522,-0.3566278921847312,1.6617258092425518,-0.24305338743111946,-0.4669382432043947,1.204958310979881,0.08382189209690157,-0.2781970929231075,1.7049516305228731,-0.2141677729341368,-0.21684515949906102,1.4184807286357248,-0.23395081969681164,-0.35684616538073055,1.3125183574411252,0.08102785879807757,-0.5892281579655527,0.08161302641132809,0.0821552188289876,-0.3921469550653799,0.5190289762635895,0.1312787647278893,-0.49935074535426716,0.05137853524246753,-0.16329903959833234,-0.43804419613042417,1.1532505395396655,0.2065250783763974,-0.36044980871756344,0.4780268714522684,0.3068088425311032,-0.6459282865587449,1.0415163127002338,-0.01714608565416952,-0.4700850275968084,1.475820891904515,0.10057289784909873,-0.43198732903461584,0.5887818656220342,0.04145753373768156,-0.405883805443909,0.40114434231196017,0.07613174104137926,-0.3461901535656278,0.07619576471925571,-0.15428073408193146,-0.4875834497394941,1.3423358707238506,-0.1631007608988427,-0.2605947137668433,1.361392754592643,-0.23562447618175025,-0.22977531133898046,1.3249023379079554,0.6335112199878061,-0.2860842905691917,0.2501017127605463,0.4114880139464574,-0.399820601505949,1.0726648853314633,0.30999221470182303,-0.4977453589834125,1.4116007113298834,0.12405410912257946,-0.4806493595735916,1.6605002493258343,0.3693245380919501,-0.13972164799046044,1.2601886632426684,0.2010950832966937,-0.3952004467414704,1.6994935510963793,0.11832836630525968,0.04655891748157558,1.3888822146598867,0.23424932331044154,-0.03617774426246321,1.310484883801037,0.5595436498818808,-0.3270280007889729,0.3273917997120232,0.47876498636030995,-0.12507805632834404,0.658242156568742,0.5111775753513866,-0.2781428217098413,0.24309715677965554,0.31189548771902426,-0.20042189975448002,1.208875442182781,0.3596401279730513,-0.15547700117755409,0.6231704808228853,0.3894494625906281,-0.5939838231004626,1.0674245799614104,0.25675889435193394,-0.36071649470076655,1.548159010362941,0.48614800982917383,-0.16984650186750272,0.7479771233552339,0.553684686193403,-0.16588577124851428,0.5264541017298667,0.5650037132351604,-0.1904203782215813,0.12086921792156649,0.35341372059670506,-0.24156445758232217,1.4214484636357287,0.1398504576738307,-0.046080955187019136,1.3647779621035847,0.12849821387142535,0.0062876745521874226,1.2918533292037762,0.15306293017027395,-0.337648396065693,1.2378290417968043,0.2882547512749173,-0.605586516541361,1.19276818771236,0.8899919986724854,-19.344085693359375,4.151144027709961,-0.6362757086753845,-0.6430588960647583,-2.449378728866577,132.75025939941406,-32.530006408691406,-774.1038208007812,-142.8454132080078,83.09917449951172,-2.9301669597625732,-1.8952844142913818,24.603078842163086,-2.604153871536255,-3.6436142921447754,0.2691294848918915,2.678379535675049
0.12133050834550368,-0.46583740467464685,1.516231216342244,0.11439236173319896,-0.3235380950056954,1.4371837744649671,0.018677637113615968,-0.5257952918872139,0.06649542310034597,0.160084012229711,-0.5120442697149239,0.9770437992171735,0.002664001744521153,-0.35674782645031317,1.6615876363997428,-0.24274517134424078,-0.46582618587656527,1.2045614062160845,0.08375125604108075,-0.2782922627910083,1.7048228992926364,-0.21276407192973112,-0.2159884422524086,1.4181897841541973,-0.2331990362545907,-0.3557935445908679,1.3121936532440563,0.08111864506014135,-0.5892295464379897,0.08158696280015225,0.08257350854773,-0.39252205089425407,0.5191475716450357,0.13132055774824508,-0.49935299666314725,0.051345332155608575,-0.16275260131189365,-0.4372594017560119,1.152883705121792,0.2068974617251892,-0.3607844801631984,0.47813128457953596,0.3074299657581658,-0.6462005660036542,1.041601723590434,-0.017115471076639677,-0.47001595109306427,1.475618135258062,0.10102564151960097,-0.43235448081761796,0.5889065504468829,0.041789091037993394,-0.40618038315646693,0.4012735000015884,0.07615744265795543,-0.34620059686188664,0.07622202420422178,-0.15411962664976026,-0.48685258760160166,1.3420371904673165,-0.1619335762564315,-0.25984245923575977,1.361085584818922,-0.23427871910744155,-0.22874550612655697,1.3246500326308193,0.6326182536928859,-0.28467522906941295,0.2521059528881351,0.4117696556626566,-0.4002395433108538,1.0729427781720824,0.3100241892385167,-0.49771217449216654,1.4117122255019006,0.12395711936402005,-0.4808078041139817,1.6603740966872664,0.3689996851299772,-0.1394515305954889,1.2602531280343896,0.20103478888111398,-0.39530230111238973,1.6993627173221664,0.11740473708421585,0.04592724310369879,1.3890748949635108,0.23362886952544681,-0.03630608994365725,1.310690853769416,0.5586329508104072,-0.32553979636028113,0.329382522068671,0.4782072072293585,-0.12378072718910825,0.6602011920008438,0.5102744732076758,-0.2766547164577522,0.24506048655865206,0.3117112076736444,-0.2002439967646504,1.2089255462024386,0.35919052076260777,-0.15422933472209419,0.6251041667153504,0.3900002795240737,-0.5942711178830128,1.0677031075322865,0.2566640815198027,-0.360680364664422,1.5481521076713967,0.48577581987475715,-0.16881814959230804,0.7496262715747025,0.5529834084360805,-0.16444775513959248,0.528339667134727,0.5641874501247279,-0.18899110948901304,0.12283599160808994,0.3531775910234609,-0.24137221861457983,1.4214997577746182,0.13920401466011212,-0.046571553327044504,1.3649053445320256,0.12776435164130287,0.005816077409521834,1.2920110993432683,0.15311780954334908,-0.337625208575994,1.2375276242660371,0.2885227562082524,-0.6057561482025298,1.1929215940813356,0.9410355091094971,-19.291637420654297,4.038586139678955,-0.5815795660018921,-0.6210857629776001,-2.4008913040161133,131.54205322265625,-32.94681930541992,-770.1141357421875,-142.48118591308594,82.87004852294922,-2.8017425537109375,-1.8979897499084473,24.51793098449707,-2.338282823562622,-3.6502749919891357,0.23162172734737396,2.6290392875671387
0.12133700689239217,-0.46589251711273827,1.516073644555957,0.11442727933557617,-0.32353564534361,1.4370732520589766,0.018721546934584513,-0.5258135205467805,0.06650473826274966,0.16055801688440588,-0.5124331610092264,0.9771093351162032,0.0026216749525906535,-0.35686776071589515,1.661449463556934,-0.24243695525736209,-0.46471412854873584,1.2041645014522881,0.08368061998525993,-0.2783874326589092,1.7046941680623995,-0.21136037092532545,-0.21513172500575617,1.4178988396726697,-0.23244725281236978,-0.3547409238010053,1.3118689490469875,0.08120943132220515,-0.5892309349104269,0.08156089918897641,0.0829917982664724,-0.3928971467231283,0.5192661670264819,0.13136235076860087,-0.49935524797202735,0.05131212906874963,-0.16220616302545499,-0.43647460738159966,1.1525168707039182,0.207269845073981,-0.3611191516088334,0.4782356977068036,0.30805108898522837,-0.6464728454485634,1.0416871344806342,-0.017084856499109836,-0.46994687458932005,1.4754153786116089,0.10147838519010322,-0.4327216326006201,0.5890312352717317,0.042120648338305235,-0.4064769608690249,0.40140265769121664,0.07618314427453161,-0.34621104015814547,0.07624828368918785,-0.15395851921758905,-0.4861217254637093,1.3417385102107824,-0.1607663916140203,-0.25909020470467625,1.3607784150452014,-0.23293296203313285,-0.22771570091413348,1.3243977273536833,0.6317252873979657,-0.2832661675696342,0.2541101930157238,0.4120512973788558,-0.40065848511575863,1.0732206710127015,0.31005616377521034,-0.4976789900009206,1.4118237396739177,0.12386012960546064,-0.4809662486543719,1.6602479440486984,0.3686748321680044,-0.13918141320051736,1.2603175928261106,0.20097449446553425,-0.395404155483309,1.6992318835479534,0.11648110786317202,0.045295568725821994,1.3892675752671348,0.23300841574045209,-0.0364344356248513,1.310896823737795,0.5577222517389335,-0.3240515919315894,0.33137324442531885,0.47764942809840705,-0.12248339804987246,0.6621602274329457,0.509371371063965,-0.27516661120566316,0.24702381633764858,0.3115269276282645,-0.2000660937748208,1.2089756502220963,0.35874091355216425,-0.15298166826663429,0.6270378526078154,0.3905510964575193,-0.5945584126655629,1.0679816351031626,0.2565692686876714,-0.3606442346280774,1.5481452049798523,0.48540362992034053,-0.16778979731711333,0.751275419794171,0.552282130678758,-0.16300973903067068,0.5302252325395874,0.5633711870142956,-0.18756184075644478,0.1248027652946134,0.35294146145021676,-0.2411799796468375,1.4215510519135077,0.13855757164639354,-0.04706215146706988,1.3650327269604663,0.1270304894111804,0.005344480266856246,1.2921688694827604,0.15317268891642424,-0.33760202108629495,1.23722620673527,0.2887907611415876,-0.6059257798636986,1.193075000450311,0.9960293769836426,-19.24078941345215,3.885134696960449,-0.5797411799430847,-0.6119434237480164,-2.3972861766815186,130.48486328125,-33.50931930541992,-766.5120849609375,-142.09664916992188,82.69513702392578,-2.650895833969116,-1.9275873899459839,24.533370971679688,-2.2140510082244873,-3.6908366680145264,0.2463119477033615,2.6262779235839844
0.12133334131775708,-0.4659476066069887,1.5159218852093677,0.11447100928484999,-0.3235339910680095,1.4369598540249249,0.018768618225631927,-0.5258452554806968,0.0665502358622701,0.1611250511660481,-0.512811727575119,0.9771590550608983,0.002584597460512343,-0.35698972168742427,1.6612733874889398,-0.24212339325555113,-0.4635917694363373,1.2037475896592171,0.08362428559027366,-0.27847470219758963,1.704547540636252,-0.20991957355414007,-0.21425387265765114,1.4176190611937187,-0.23166477051100984,-0.3536951326277872,1.3114884148370352,0.0812960991648254,-0.5892331646570307,0.08153617779249388,0.08338296071731097,-0.39326739375362335,0.5193836763994584,0.13140246888857013,-0.49935682626157407,0.051269859340757326,-0.16166522361288796,-0.4356564297186618,1.1521668617693794,0.20770089200000888,-0.36147192574494724,0.47830454023271207,0.30866010551223694,-0.6467428611011694,1.0417941737648666,-0.017074224573023468,-0.46987119790734044,1.4752350151538849,0.1019703188528683,-0.4330848609868264,0.5891623137802477,0.042413953475851494,-0.40676649482242316,0.4015207029138969,0.07621051123156058,-0.3462208869145406,0.07628303239529101,-0.15377796305627223,-0.48545407360752685,1.3414073414755183,-0.1595468758944644,-0.25834540692188884,1.3604575401505097,-0.23159522000724905,-0.22669446522629025,1.324108650747514,0.6308024941098611,-0.2818634156261059,0.2561516939409521,0.41253112799284475,-0.40079238028913144,1.073524046812626,0.31009700993038963,-0.49763145796115826,1.4119146655726906,0.12378768402071583,-0.481079799746046,1.6600955436561282,0.36837597457778376,-0.13892780772305482,1.2603815987410134,0.20092749600576248,-0.3955196155518885,1.6990534795435848,0.1155832273675906,0.04470258817964832,1.3894773869719725,0.23235459396282568,-0.0365913932316548,1.3110407841521383,0.5567595007403797,-0.32261289266363674,0.3333394780557677,0.4770125309560473,-0.1211455806793756,0.6640923573876059,0.508481499868513,-0.2736788807029756,0.24898452669480778,0.31138538431055496,-0.19990772364155346,1.2089982522244485,0.3581548516718757,-0.15170001433483812,0.6290185733741482,0.39103678347456533,-0.5947895409255628,1.0682357810190972,0.25646363401057704,-0.36060719448604334,1.5481288188340647,0.4850494967687209,-0.16676560552507047,0.7529689261060677,0.5515685244309192,-0.1616210521797076,0.5321522498170271,0.5625541132214843,-0.18605428763868792,0.12681483203508206,0.35272521653909555,-0.24097463592196142,1.4216029272963668,0.1379799869232225,-0.04748342096780902,1.3651228791830556,0.12631730531767899,0.00490848873880698,1.2923609636082554,0.15335944948705615,-0.33760102029075684,1.237000014410903,0.28904518332110335,-0.6060915110719125,1.193216476022013,1.002073049545288,-19.28251838684082,4.022402763366699,-0.6206532120704651,-0.6110933423042297,-2.462287425994873,129.41152954101562,-33.84614562988281,-763.113525390625,-141.7281494140625,82.50651550292969,-2.498983383178711,-1.9654409885406494,24.583772659301758,-2.2990431785583496,-3.7122414112091064,0.28605982661247253,2.677316188812256
0.12132665929415368,-0.4660026892920993,1.515771850844882,0.11451735451126731,-0.3235325728425916,1.4368456025786747,0.018816627759412424,-0.5258809987282911,0.06660647147538647,0.16171969424020374,-0.513187230028064,0.9772040812385003,0.002549077825164361,-0.3571122841329764,1.6610860627218587,-0.24180824472414736,-0.4624663530201312,1.203324740296168,0.08357219555914797,-0.2785596271224369,1.7043956020809956,-0.20846776693862007,-0.21336974795685698,1.4173425964961779,-0.2308731775804861,-0.352651368308541,1.3110913117200333,0.08138154476683661,-0.5892356440720968,0.0815118547306945,0.0837660724950942,-0.3936362017858897,0.519500863473147,0.13144208994132794,-0.49935820481635085,0.05122489886765449,-0.16112591612417967,-0.4348283447571938,1.1518218462040881,0.2081493487618617,-0.3618300722924289,0.47836282632208815,0.30926552908310034,-0.6470122049186403,1.0419076317982958,-0.017069522982204197,-0.46979356246278775,1.475061297416687,0.10247388309398234,-0.4334469250101127,0.589295289769078,0.042695906358641504,-0.4070539383698773,0.40163545024316044,0.07623837241865941,-0.34623055663329877,0.07632030048315099,-0.15359163501404768,-0.48480518093172287,1.3410665309981795,-0.15831182966169144,-0.2576028221095635,1.3601325979295946,-0.23025985664089785,-0.22567577275219344,1.3238086613598248,0.6298708489399083,-0.28046253619604555,0.25820425290935084,0.41306977595714545,-0.40084168097830764,1.0738349852972473,0.3101404889529904,-0.49757966793925557,1.411999481403275,0.12372252251336116,-0.48118002762068185,1.6599353536075314,0.3680848317430509,-0.13867910255659496,1.2604454684731186,0.20088444344255307,-0.39563911344041885,1.698860957922525,0.1146929884292432,0.044121090964173645,1.38969228283459,0.23169086942609574,-0.03675684211960691,1.3111663417310904,0.555781302073144,-0.3211888852498389,0.3352984440642477,0.47635215362965666,-0.11979574744669808,0.6660165024908963,0.5075955552770602,-0.27219126141623945,0.2509444596751636,0.3112565241507347,-0.1997551503560401,1.209012692337794,0.357528293566988,-0.15040827379716154,0.6310132528772417,0.39150314161319605,-0.5950040004111283,1.068482691089049,0.2563547876891711,-0.3605698842481272,1.5481096182437921,0.4847007224101894,-0.1657426484570598,0.754675596755072,0.5508512594052498,-0.16024700497949362,0.5340915689405227,0.5617367988390638,-0.18452350173564938,0.1288403405851086,0.35251487288253985,-0.24076540304335536,1.4216549751774366,0.13742283756369786,-0.047884115517534166,1.3652019824413275,0.1256102579614974,0.00448306403832128,1.2925632442070158,0.1535853489937372,-0.3376066039334859,1.2367961469865003,0.28929557448980825,-0.6062560847263463,1.1933544108409755,0.9980567693710327,-19.339876174926758,4.432998180389404,-0.6430928111076355,-0.5591459274291992,-2.5104684829711914,127.96226501464844,-33.90178680419922,-759.2804565429688,-141.38858032226562,82.25115966796875,-2.3182291984558105,-1.9314143657684326,24.526859283447266,-2.3592171669006348,-3.661559581756592,0.29480648040771484,2.7173993587493896
0.12131997727055029,-0.4660577719772099,1.5156218164803965,0.11456369973768461,-0.3235311546171738,1.4367313511324245,0.01886463729319292,-0.5259167419758853,0.06666270708850283,0.1623143373143594,-0.5135627324810091,0.9772491074161024,0.0025135581898163787,-0.35723484657852855,1.6608987379547775,-0.24149309619274362,-0.4613409366039251,1.2029018909331188,0.08352010552802228,-0.2786445520472842,1.7042436635257392,-0.20701596032310007,-0.21248562325606285,1.4170661317986368,-0.2300815846499623,-0.35160760398929486,1.3106942086030315,0.08146699036884782,-0.5892381234871631,0.08148753166889512,0.08414918427287742,-0.394005009818156,0.5196180505468356,0.13148171099408573,-0.4993595833711277,0.05117993839455164,-0.16058660863547136,-0.43400025979572576,1.151476830638797,0.20859780552371449,-0.36218821883991065,0.4784211124114643,0.3098709526539638,-0.6472815487361112,1.0420210898317248,-0.017064821391384925,-0.46971592701823506,1.4748875796794891,0.10297744733509638,-0.43380898903339904,0.5894282657579081,0.042977859241431514,-0.4073413819173314,0.4017501975724239,0.07626623360575824,-0.3462402263520569,0.07635756857101096,-0.15340530697182314,-0.4841562882559189,1.3407257205208405,-0.15707678342891845,-0.2568602372972381,1.3598076557086793,-0.22892449327454664,-0.22465708027809664,1.3235086719721358,0.6289392037699554,-0.2790616567659852,0.26025681187774957,0.41360842392144614,-0.4008909816674839,1.0741459237818687,0.31018396797559117,-0.49752787791735287,1.4120842972338594,0.1236573610060065,-0.4812802554953177,1.6597751635589346,0.36779368890831804,-0.13843039739013507,1.260509338205224,0.2008413908793437,-0.3957586113289492,1.698668436301465,0.11380274949089582,0.04353959374869897,1.389907178697207,0.23102714488936577,-0.036922291007559026,1.3112918993100424,0.5548031034059082,-0.31976487783604113,0.3372574100727277,0.4756917763032661,-0.11844591421402055,0.6679406475941866,0.5067096106856075,-0.2707036421295034,0.25290439265551945,0.3111276639909144,-0.19960257707052673,1.2090271324511395,0.3569017354621003,-0.14911653325948496,0.6330079323803351,0.39196949975182677,-0.595218459896694,1.068729601159001,0.25624594136776513,-0.3605325740102111,1.5480904176535195,0.4843519480516579,-0.16471969138904913,0.7563822674040762,0.5501339943795804,-0.15887295777927962,0.5360308880640181,0.5609194844566434,-0.1829927158326108,0.13086584913513516,0.35230452922598415,-0.24055617016474934,1.421707023058506,0.13686568820417322,-0.048284810067259314,1.3652810856995994,0.12490321060531583,0.004057639337835581,1.2927655248057763,0.1538112485004182,-0.337612187576215,1.2365922795620976,0.28954596565851315,-0.60642065838078,1.193492345659938,1.0429011583328247,-19.355295181274414,4.735538959503174,-0.6461313962936401,-0.49245667457580566,-2.508192300796509,126.64155578613281,-34.04727554321289,-756.0425415039062,-141.0563507080078,82.03765106201172,-2.164550542831421,-1.9141196012496948,24.44450569152832,-2.3648431301116943,-3.64026141166687,0.3115924596786499,2.7061500549316406
0.12131483966348977,-0.4660961225332803,1.515517069803958,0.11459859766510148,-0.32353371046236806,1.4366357010721371,0.01890051992770457,-0.525928488827699,0.06669320052625327,0.1626975339966894,-0.5138320064307839,0.9772532227023548,0.0024960679672843475,-0.3572817421117366,1.660747582549291,-0.2412421672746835,-0.4605049054748965,1.2025920480292365,0.08348157900749453,-0.2787051538363198,1.7041163444519043,-0.2059693645365191,-0.21184372689747652,1.4168725526885482,-0.2294717085677267,-0.3508357861578859,1.310401297562959,0.08153908712086298,-0.5892480039438664,0.08145452340114985,0.08442777723370008,-0.3942551276344337,0.5197036274221559,0.13151497581344568,-0.4993586443512645,0.05114656104552035,-0.16019449373152084,-0.4334214014920178,1.1512381347599407,0.20886629311651583,-0.3623988764570249,0.478446496539558,0.31036834685218256,-0.6474883104396971,1.0420640632016769,-0.017049267567348796,-0.4696579643630034,1.474753161929301,0.1033204910376214,-0.4340724763491296,0.5895233399031178,0.04320283113232511,-0.4075707569224945,0.401850484755655,0.07628885555444964,-0.34624745691848907,0.07639144578122145,-0.15332582291980454,-0.48368495979056453,1.3404862754392308,-0.156167968120796,-0.2563082331063732,1.3595685169396812,-0.2279545164463536,-0.22387319230875433,1.3232889238572279,0.6282329028410627,-0.27803304061194917,0.2617360560704541,0.41386970759227576,-0.4010712899119649,1.0743524878230315,0.3102220063967421,-0.4974965053480982,1.4121346457904538,0.12363559893326254,-0.4813259861721898,1.6596014175983453,0.367569117455293,-0.13821636466001044,1.2605636033001324,0.20081555295661585,-0.39582863469786994,1.6985183148984089,0.11313429294733812,0.04309242277942746,1.390052714489943,0.2305849196993752,-0.03704817680679015,1.3113670021492914,0.5540648231048457,-0.31869814924846424,0.3386762368165894,0.47520709393040234,-0.11744589797708373,0.6694332527009067,0.506036837369401,-0.2696206181846707,0.254371240735054,0.3110247150754297,-0.19949212665392074,1.2090319071384454,0.3564667533959774,-0.1481987504868318,0.6345159212090322,0.3923009902436212,-0.5953753067562911,1.0689224395530903,0.2561704833183857,-0.360497057043164,1.5480702748361803,0.48410047383497884,-0.16395434224052935,0.7576735070999095,0.5495822573734435,-0.15783464355974008,0.5375319956154223,0.560292925463607,-0.1818203561452051,0.1323989262644029,0.35215462487659704,-0.24041652531418578,1.421737126167247,0.13638543293176109,-0.0486687050503216,1.3653280012654943,0.1243139131377075,0.00371162505012425,1.2928782330443527,0.15396653796663348,-0.33729318919166035,1.2367134196868796,0.2897412973326563,-0.6065328776441663,1.1935933512567685,1.069441318511963,-19.34809112548828,4.705333232879639,-0.6603043079376221,-0.4934122860431671,-2.4802567958831787,125.41947174072266,-34.63185119628906,-752.302490234375,-140.62969970703125,81.83666229248047,-2.013794183731079,-1.9730836153030396,24.47258758544922,-2.335592269897461,-3.692192316055298,0.35613274574279785,2.668062686920166
0.12131017340433518,-0.46612936653048787,1.5154261446946504,0.11463000193632991,-0.3235374791732687,1.436545728058215,0.01893270149555625,-0.5259329121041771,0.06671583758580764,0.16301619833865702,-0.5140688599932273,0.9772448521970913,0.002484080227884458,-0.35730554449637203,1.6606074658450702,-0.24101083784900754,-0.4597571932322142,1.202316694109645,0.08344719199994147,-0.2787583323306595,1.7039965391159058,-0.205046436989939,-0.211275757370603,1.4167042698291754,-0.228917291523605,-0.35014696498185593,1.310140185403508,0.08160710987320405,-0.5892601431600305,0.08141886445366783,0.08467447159454128,-0.39446902181336424,0.519779557029143,0.13154630074339196,-0.49935699801966055,0.05111671880578363,-0.15984730123980156,-0.43291860586957426,1.1510318870970746,0.20907985505382745,-0.36256452121876726,0.47846183915998763,0.31083277104706164,-0.6476759724072273,1.04208552501849,-0.01703040169811012,-0.46960600574087624,1.4746307383309927,0.10361454470564198,-0.4343058785658009,0.5896068466025473,0.04341041272049708,-0.40778240971020513,0.4019463587774346,0.0763098785147959,-0.3462539430683022,0.07642428811318827,-0.15327894709856305,-0.4832678229998279,1.340277766549824,-0.1553587167961708,-0.25581439313114873,1.3593555649384756,-0.22709605369149455,-0.22316096545449945,1.323093664961935,0.6275953758039222,-0.27711803727592066,0.2630403275718752,0.4140463411215915,-0.40129158098176615,1.074527197326256,0.31025838437459324,-0.49747136407932696,1.4121744751140772,0.12362708214251016,-0.4813550845874066,1.6594235344438364,0.3673648632421399,-0.13801291377733874,1.260614937109663,0.20079496885273632,-0.39588355870041625,1.6983811338216264,0.11253352323855391,0.04268624748269849,1.3901770819496635,0.23021029495936357,-0.03716198815686616,1.3114267064640854,0.5533997646428102,-0.31774046030265607,0.33993021586280786,0.47477603274465396,-0.11655264407001585,0.6707941540424397,0.5054291228190163,-0.26866107463639305,0.2556876018643379,0.3109296741371123,-0.19939453191808518,1.2090337319879343,0.3560902393416853,-0.14739509768142606,0.6358753745721666,0.3925913198302124,-0.5955145705417292,1.069098775552598,0.2561052151961832,-0.3604620873730704,1.5480498444560349,0.48387869511613785,-0.16326761369081522,0.7588379594269178,0.5490810386589821,-0.15689879330183498,0.5388993632714479,0.5597245840244736,-0.18075738627685617,0.13378171588214027,0.3520231662897874,-0.2402981183682846,1.4217605318454718,0.13592864533528587,-0.04904747289290886,1.3653650933148844,0.123760552324404,0.0033898464078700426,1.2929636042639119,0.15410027761530404,-0.3368751300585191,1.236933750427322,0.2899198251350826,-0.6066291186193756,1.1936830862468442,0.9984253644943237,-19.34320831298828,4.534814357757568,-0.6760252118110657,-0.5419803261756897,-2.4654440879821777,124.57990264892578,-35.15522003173828,-748.6326293945312,-140.27471923828125,81.65078735351562,-1.8773322105407715,-2.0142314434051514,24.5235652923584,-2.0342259407043457,-3.7415060997009277,0.3791905641555786,2.6465094089508057
0.12130550714518061,-0.4661626105276954,1.515335219585343,0.11466140620755834,-0.3235412478841693,1.436455755044293,0.018964883063407923,-0.5259373353806552,0.06673847464536199,0.16333486268062464,-0.5143057135556707,0.9772364816918279,0.0024720924884845683,-0.35732934688100754,1.6604673491408493,-0.24077950842333157,-0.459009480989532,1.2020413401900538,0.08341280499238841,-0.2788115108249993,1.7038767337799072,-0.20412350944335889,-0.21070778784372948,1.4165359869698027,-0.2283628744794833,-0.34945814380582596,1.309879073244057,0.0816751326255451,-0.5892722823761947,0.08138320550618583,0.08492116595538246,-0.3946829159922947,0.5198554866361302,0.13157762567333828,-0.4993553516880566,0.051086876566046914,-0.1595001087480823,-0.43241581024713077,1.1508256394342082,0.2092934169911391,-0.36273016598050956,0.47847718178041726,0.3112971952419407,-0.6478636343747575,1.042106986835303,-0.01701153582887144,-0.46955404711874904,1.4745083147326843,0.10390859837366255,-0.4345392807824722,0.5896903533019767,0.04361799430866904,-0.4079940624979158,0.40204223279921425,0.07633090147514217,-0.3462604292181154,0.07645713044515509,-0.15323207127732158,-0.4828506862090913,1.3400692576604174,-0.1545494654715456,-0.25532055315592433,1.3591426129372703,-0.2262375909366355,-0.22244873860024458,1.322898406066642,0.6269578487667816,-0.2762030339398921,0.2643445990732963,0.4142229746509072,-0.4015118720515674,1.0747019068294803,0.31029476235244446,-0.4974462228105558,1.4122143044377005,0.12361856535175778,-0.4813841830026235,1.6592456512893272,0.36716060902898673,-0.13780946289466706,1.2606662709191936,0.20077438474885675,-0.3959384827029626,1.6982439527448439,0.11193275352976971,0.04228007218596952,1.3903014494093837,0.22983567021935192,-0.03727579950694217,1.3114864107788793,0.5527347061807746,-0.3167827713568479,0.3411841949090263,0.4743449715589056,-0.11565939016294796,0.6721550553839728,0.5048214082686316,-0.2677015310881154,0.2570039629936218,0.31083463319879495,-0.1992969371822496,1.209035556837423,0.35571372528739326,-0.14659144487602033,0.6372348279353008,0.39288164941680354,-0.5956538343271672,1.0692751115521058,0.2560399470739807,-0.36042711770297675,1.5480294140758892,0.48365691639729685,-0.1625808851411011,0.760002411753926,0.5485798199445207,-0.15596294304392985,0.5402667309274737,0.5591562425853401,-0.17969441640850725,0.13516450549987766,0.3518917077029778,-0.2401797114223834,1.4217839375236967,0.13547185773881065,-0.04942624073549611,1.3654021853642748,0.1232071915111005,0.0030680677656158358,1.293048975483471,0.15423401726397457,-0.33645707092537785,1.2371540811677642,0.2900983529375089,-0.6067253595945851,1.1937728212369199,0.9222508668899536,-19.370956420898438,4.418961048126221,-0.643645167350769,-0.5783937573432922,-2.492213726043701,123.67693328857422,-35.3527717590332,-745.1461181640625,-139.9923858642578,81.46134185791016,-1.6909931898117065,-2.01419734954834,24.51409149169922,-1.6196208000183105,-3.7596285343170166,0.3620014786720276,2.651728868484497
0.12130047852136441,-0.4662023468917569,1.5152113192918284,0.11472075219136595,-0.3235294802102032,1.4363057804818185,0.01902380742638415,-0.5259326542450102,0.0667351365755528,0.1638556585603992,-0.5145928603134408,0.9771910895969694,0.0024435084593784533,-0.3573749741872415,1.6602637582267357,-0.24046094725463565,-0.45798665847604636,1.2016641919976039,0.0833703497091666,-0.2788791914550674,1.7037160416312565,-0.20282082373140664,-0.20992630626389522,1.4162682350108167,-0.22764096191979402,-0.3484664008712137,1.3095962795990193,0.08175502659518592,-0.5892859767406982,0.08135339346350423,0.0853086333253131,-0.39501228371005975,0.5199309330902352,0.13161193633711102,-0.49936948331776043,0.05103213685435175,-0.15901245465440467,-0.43164605000950645,1.1505159064633956,0.209566180255042,-0.362947727029292,0.4785156326972886,0.3118874656640931,-0.6480809196533747,1.04215293846383,-0.016977736572210758,-0.4694635570542702,1.4743121197286821,0.1043280472004453,-0.4348577783005127,0.589792008431542,0.04392007097527878,-0.4082556385670277,0.40216129061007344,0.07635599915061565,-0.3462810777867867,0.07649240175274429,-0.1531244238826218,-0.48225960683151586,1.3397487780905717,-0.1534568185591145,-0.2546467764784169,1.3588473739608233,-0.22507015191363972,-0.22152620813013701,1.3226280772922845,0.6260575469558602,-0.2748900938113004,0.26617648107129216,0.41451329254354075,-0.4018431146511968,1.0749437443862688,0.310343830642716,-0.49740566594513835,1.41225552282586,0.12361090540244485,-0.4814248921855396,1.6589996737754897,0.3668728222120677,-0.1375030627017779,1.2607321295122438,0.20072818976759121,-0.3960118797539875,1.6980602380060992,0.11109566355481842,0.04171435452306902,1.3904484646604551,0.22928876373053386,-0.037401777439263484,1.3115832272744337,0.5517935711421714,-0.3155584726112568,0.3429935204469605,0.473804846159275,-0.1145327507660089,0.6740189037772993,0.5039658815852853,-0.2663540082262052,0.2588089124749828,0.31069835818169134,-0.19914719590682858,1.2090156398072147,0.3552291661698297,-0.14546583484340186,0.6391120098087172,0.39336079363988724,-0.5959253008199843,1.0695003969779868,0.25595586618642935,-0.3603696210297528,1.5479862453132276,0.48335360562959256,-0.1617055382357528,0.7615817263229003,0.5478723402449627,-0.15469859034711161,0.5421275335629254,0.558354040052717,-0.1782423990057004,0.1370967984791623,0.3517227066273721,-0.24002922388003362,1.4217887418159585,0.13490941819568344,-0.049968600180616836,1.3654887099929203,0.12246758658562275,0.002577396463186462,1.2931216035457636,0.15442993642379907,-0.3363373964432849,1.2371600128167513,0.29032138364993976,-0.6068665337878347,1.1938704074613307,0.9777385592460632,-19.441556930541992,4.537361145019531,-0.6082710027694702,-0.5451760292053223,-2.5267577171325684,122.3529052734375,-35.4251708984375,-741.5831298828125,-139.67625427246094,81.23335266113281,-1.4654802083969116,-2.0129880905151367,24.462751388549805,-1.4807076454162598,-3.7480247020721436,0.36093488335609436,2.664487600326538
0.12129533621451713,-0.4662441200767921,1.5150770738424844,0.11478886420264939,-0.3235128383762789,1.4361369819041119,0.01909112168587004,-0.5259251168232091,0.06672364944555112,0.16443986825595627,-0.5148957853285682,0.9771340828857674,0.002409717751148817,-0.3574274485277024,1.6600402538350085,-0.24011501926460013,-0.45687752685799504,1.2012551083470022,0.08332536320220556,-0.2789514217747758,1.703542522247264,-0.20139899820286708,-0.2090778405105831,1.4159692770597951,-0.22686650174737766,-0.3473796236593992,1.3093066839192877,0.08183864486829334,-0.5893001589948768,0.08132541574389729,0.0857402647765267,-0.3953778784204003,0.5200062279669654,0.13164718370169204,-0.4993885648961099,0.05096958617106179,-0.15848073417579892,-0.43079253616711954,1.1501737075136198,0.20985751648415002,-0.3631815755406752,0.47856133327578865,0.312517217255586,-0.6483074985197838,1.0422065731705419,-0.016939252331260816,-0.46936097869415155,1.4740927807542663,0.10478683568487894,-0.4352029723836886,0.589899357186248,0.044251793156692525,-0.4085328768420693,0.40228762176652616,0.07638237516808984,-0.34630616946725656,0.0765284350919013,-0.15299771089624886,-0.48161395723061845,1.3393931704641178,-0.15227526322697962,-0.2539165490707814,1.358526319462732,-0.2238057791594638,-0.22053770005505607,1.3223341971833185,0.6250748060002232,-0.27345231076739485,0.2681738879309585,0.41483927611878374,-0.40220916557390957,1.0752066417245676,0.3103968802074723,-0.49736027281410644,1.412297176998972,0.12360351426613252,-0.48146924396224366,1.6587323333253923,0.36655882908808474,-0.13716436468607543,1.2608025449001237,0.2006739600012634,-0.39609107227120177,1.6978619244714446,0.11018443388852063,0.041098584353134335,1.3906025851009698,0.2286878080656197,-0.03753157233856372,1.3116916868070894,0.5507658238442529,-0.3142505315755377,0.3449770723352369,0.4732305045356814,-0.11333289239185536,0.6760405394809925,0.5030326099190491,-0.2648847663639397,0.2607671445766032,0.31054914698300773,-0.19898109493271404,1.208988901795141,0.3547107105618281,-0.14423921862185396,0.6411516163128101,0.3938991738273608,-0.5962382426719792,1.0697410390866513,0.255865883254847,-0.36030505706142907,1.5479359429403645,0.48302471617989196,-0.16077101694432316,0.7632911937520993,0.5471001512167469,-0.15333117806161478,0.5441431393291777,0.5574784693339013,-0.17666832747443623,0.13920148466991272,0.35154192751606567,-0.23986867183683724,1.421787710379291,0.13431383294380264,-0.05056228248143432,1.3655907428817244,0.12166955213475701,0.002033739228153124,1.2931902337547958,0.15464536288124048,-0.33631133283210907,1.2370986820056737,0.2905583760596269,-0.6070218046769401,1.1939704568180818,1.0942481756210327,-19.441871643066406,4.664534568786621,-0.6244498491287231,-0.5062528848648071,-2.5169517993927,121.14530944824219,-35.750484466552734,-738.6400756835938,-139.36033630371094,81.05319213867188,-1.354254961013794,-2.0177512168884277,24.412656784057617,-1.854103684425354,-3.7016985416412354,0.3581753373146057,2.6777992248535156
0.12129019390766983,-0.4662858932618274,1.5149428283931403,0.11485697621393283,-0.3234961965423546,1.4359681833264053,0.01915843594535593,-0.5259175794014078,0.06671216231554944,0.16502407795151336,-0.5151987103436956,0.9770770761745655,0.0023759270429191807,-0.3574799228681634,1.6598167494432816,-0.23976909127456464,-0.4557683952399437,1.2008460246964006,0.08328037669524452,-0.27902365209448415,1.7033690028632713,-0.19997717267432752,-0.20822937475727096,1.4156703191087736,-0.22609204157496132,-0.3462928464475847,1.3090170882395562,0.08192226314140076,-0.5893143412490555,0.08129743802429035,0.08617189622774028,-0.3957434731307409,0.5200815228436957,0.13168243106627306,-0.4994076464744593,0.050907035487771826,-0.15794901369719316,-0.42993902232473263,1.1498315085638438,0.21014885271325806,-0.36341542405205846,0.47860703385428877,0.313146968847079,-0.648534077386193,1.0422602078772538,-0.01690076809031087,-0.46925840033403293,1.4738734417798502,0.10524562416931256,-0.4355481664668645,0.590006705940954,0.04458351533810626,-0.40881011511711096,0.40241395292297893,0.07640875118556402,-0.34633126114772644,0.07656446843105831,-0.1528709979098759,-0.48096830762972104,1.3390375628376638,-0.15109370789484475,-0.253186321663146,1.3582052649646406,-0.22254140640528788,-0.2195491919799751,1.3220403170743527,0.6240920650445863,-0.2720145277234892,0.27017129479062474,0.4151652596940268,-0.4025752164966223,1.0754695390628664,0.31044992977222857,-0.4973148796830746,1.4123388311720841,0.1235961231298202,-0.4815135957389478,1.658464992875295,0.36624483596410184,-0.13682566667037294,1.2608729602880036,0.2006197302349356,-0.39617026478841605,1.6976636109367902,0.10927320422222284,0.04048281418319965,1.3907567055414845,0.22808685240070553,-0.03766136723786395,1.3118001463397448,0.5497380765463343,-0.3129425905398186,0.3469606242235133,0.47265616291208773,-0.11213303401770183,0.6780621751846856,0.5020993382528128,-0.26341552450167427,0.2627253766782236,0.3103999357843241,-0.19881499395859953,1.2089621637830672,0.3541922549538265,-0.14301260240030605,0.643191222816903,0.3944375540148343,-0.596551184523974,1.069981681195316,0.25577590032326464,-0.36024049309310535,1.5478856405675017,0.4826958267301913,-0.15983649565289354,0.7650006611812983,0.5463279621885312,-0.15196376577611792,0.5461587450954298,0.5566028986150855,-0.17509425594317204,0.14130617086066313,0.3513611484047593,-0.23970811979364087,1.4217866789426234,0.13371824769192184,-0.05115596478225182,1.3656927757705284,0.12087151768389129,0.0014900819931197866,1.2932588639638283,0.15486078933868186,-0.3362852692209332,1.2370373511945965,0.2907953684693141,-0.6071770755660455,1.1940705061748327,1.0947321653366089,-19.302474975585938,4.4537672996521,-0.6481300592422485,-0.5492699146270752,-2.47322678565979,119.93663024902344,-36.42559814453125,-735.20361328125,-138.99710083007812,80.87232971191406,-1.2855937480926514,-2.0175366401672363,24.451549530029297,-2.3836114406585693,-3.6980738639831543,0.32147979736328125,2.667689085006714
0.1212981314651224,-0.46632996142305283,1.514819442831128,0.11492012140174575,-0.32345637244894015,1.435794224802232,0.019249312147892862,-0.5259268868048459,0.06670540013652763,0.16558099543022003,-0.5155142202282583,0.9770177144877958,0.002274987129001132,-0.3575509145165121,1.6595873951122462,-0.23945416421290264,-0.45467487095997033,1.2004380210345944,0.0832465613223859,-0.27909728489964214,1.703163923806702,-0.1985620033267318,-0.20740486750539566,1.4153901109632276,-0.2252662856847245,-0.34528204344755764,1.308700822836516,0.08199162593740501,-0.5893229135614357,0.08127879958279086,0.08654274643454331,-0.3960873030668852,0.520175192529792,0.13173995694972032,-0.4993888384459034,0.050880877239419926,-0.15742093818077188,-0.42910986072969753,1.1495093494061603,0.21049862833607275,-0.3636900421404681,0.47867900666022145,0.3137994452028085,-0.6487719211357319,1.0422897228342018,-0.016871215319199277,-0.46916571437128335,1.4735938334307135,0.10571042571636226,-0.43588734561244386,0.5901112797244495,0.0448705464206784,-0.4090816459513658,0.40253159166961316,0.07643266722855978,-0.34634561293961985,0.07659766117468575,-0.1526739506532025,-0.4802808234628463,1.3386935350910718,-0.1498692792575091,-0.25244279689346716,1.3578835204737076,-0.2212187217560825,-0.21856584760132214,1.3217674667472081,0.6231556736080852,-0.2706218267118694,0.2721949063784239,0.41561129452376966,-0.4028112862678553,1.0756645471054986,0.31050927177170257,-0.49726760407157294,1.4123846853016229,0.1235809451992938,-0.4815609324846836,1.658233142057002,0.365968132453249,-0.1365348669077387,1.2609528255778433,0.20057888032979523,-0.39622634254543987,1.6974681173728792,0.10837024509512036,0.0399105679367157,1.3909233358522124,0.22748644798007234,-0.03782355336361373,1.3119061458979222,0.5486873794865135,-0.3116994338319791,0.34892688129121896,0.47206064150822874,-0.11084394719426995,0.6801163305509959,0.5011370268878558,-0.26192019791003096,0.2647001161085849,0.3102607594815311,-0.19864953422783227,1.2089378857454718,0.35365016709100333,-0.14181801834643282,0.6452768338437112,0.3949378045978925,-0.5967842072051093,1.070150444049709,0.2557040447036162,-0.3601965614107271,1.5478244183079297,0.4823100278709109,-0.15885263987329623,0.7667244834615695,0.5455694980179238,-0.15063149437604362,0.5481852407487023,0.5557244479261487,-0.17347124741961625,0.14340539335809796,0.351172726872741,-0.23950874065326538,1.4217442179357769,0.1331193774741217,-0.051702619758465435,1.3658046485572461,0.12011520530017006,0.0009770861428634986,1.2933486139537482,0.15508059950064348,-0.336340069770813,1.236903571135161,0.2910227384788311,-0.6073135816498308,1.1941425958216585,0.9862139225006104,-19.170408248901367,3.99363374710083,-0.6306927800178528,-0.6154186129570007,-2.4407806396484375,119.04446411132812,-36.93046188354492,-732.3824462890625,-138.75233459472656,80.71514892578125,-1.1767898797988892,-1.9650540351867676,24.513608932495117,-2.812941551208496,-3.707251787185669,0.273516446352005,2.639371871948242
0.12131028555777688,-0.46637476941212913,1.5146995581538472,0.11498166544251884,-0.3234090751271374,1.4356186028742632,0.01934778397680809,-0.5259416244479994,0.06670016113249276,0.1661291147600736,-0.5158337870773101,0.9769575936312707,0.0021524004316703727,-0.35762787556016684,1.6593561549455125,-0.2391492308715716,-0.45358637799293,1.200030365527071,0.08321634717038925,-0.27917136982182006,1.7029486709083153,-0.19714897972167725,-0.20658808371779935,1.4151159471628683,-0.2244239936749272,-0.3442957321342254,1.3083759599568827,0.08205639321776416,-0.5893296774057363,0.08126317182962862,0.08689400268755607,-0.3964241167271374,0.520274785674171,0.13180466472411786,-0.4993578160045952,0.05086645076285727,-0.15689403768505483,-0.42828854953019035,1.1491936504446119,0.21086724297396395,-0.36397780305305066,0.47875944880262905,0.31445924730490377,-0.6490133963278587,1.0423114623455023,-0.016844541771917153,-0.46907621740505395,1.4732947961384097,0.10617716568491316,-0.4362245857320874,0.5902149589448575,0.04514317050428185,-0.4093513368869459,0.40264642825781904,0.07645579025346712,-0.3463565025305906,0.07662993820001747,-0.15245422984886645,-0.4795798531529919,1.3383532403320666,-0.1486310296204706,-0.2516949854741823,1.3575615535508718,-0.21987723919334792,-0.2175841678353335,1.3215013957576247,0.6222342237928845,-0.2692436587238154,0.27422696554305537,0.416096030086871,-0.40300545422051914,1.0758376697830807,0.310570642253421,-0.4972197216078146,1.412431893364483,0.12356325705221158,-0.4816092314901731,1.6580127319752775,0.36570344993610254,-0.13625950802931722,1.2610357372176568,0.20054234366937979,-0.3962749688337181,1.6972735328784843,0.10746995212867955,0.03935235242871259,1.3910939989500488,0.2268862212631876,-0.037996181397890016,1.3120113524380108,0.5476292841481847,-0.31047716154562716,0.35088756305492474,0.47145829241204734,-0.10952609593653127,0.6821809692295971,0.5001653540410743,-0.2604164624253646,0.26668017698044805,0.31012481811228176,-0.19848428121367037,1.2089144007259647,0.3531004609355074,-0.14063376045187578,0.6473772752758683,0.39542576340057994,-0.5969914664693227,1.0702960353023958,0.25563803275689384,-0.3601592809257918,1.5477596758217211,0.48190588321512107,-0.15785288021264487,0.7684529332925152,0.5448154583079925,-0.1493105512877174,0.5502152469576589,0.5548450688257912,-0.17183246315512438,0.14550285453334547,0.3509818416656248,-0.23929684488287825,1.4216884013438067,0.13251944828704493,-0.052234114610300156,1.3659196934163176,0.1193723427933573,0.00047397455480509027,1.2934451722940863,0.15530182283050967,-0.336420938372612,1.2367464357259257,0.2912470065303986,-0.6074440385529537,1.1942056721409424,0.8872522115707397,-19.19013214111328,3.6788570880889893,-0.5844964385032654,-0.6174185276031494,-2.450977325439453,118.14459991455078,-37.19943618774414,-729.6270141601562,-138.5233154296875,80.54560089111328,-1.024733304977417,-1.8678816556930542,24.516721725463867,-2.730822801589966,-3.707059144973755,0.24021781980991364,2.6125941276550293
0.12132243965043138,-0.4664195774012054,1.5145796734765666,0.11504320948329193,-0.3233617778053347,1.4354429809462945,0.019446255805723317,-0.5259563620911528,0.0666949221284579,0.16667723408992716,-0.5161533539263617,0.9768974727747456,0.0020298137343396135,-0.3577048366038215,1.659124914778779,-0.23884429753024058,-0.45249788502588967,1.1996227100195473,0.0831861330183926,-0.2792454547439979,1.7027334180099285,-0.19573595611662267,-0.20577129993020304,1.4148417833625087,-0.2235817016651299,-0.34330942082089305,1.3080510970772496,0.08212116049812329,-0.5893364412500369,0.08124754407646641,0.08724525894056882,-0.3967609303873896,0.5203743788185499,0.13186937249851544,-0.49932679356328696,0.050852024286294616,-0.15636713718933776,-0.4274672383306832,1.1488779514830634,0.21123585761185512,-0.3642655639656332,0.4788398909450367,0.315119049406999,-0.6492548715199856,1.0423332018568026,-0.01681786822463503,-0.4689867204388246,1.4729957588461062,0.10664390565346407,-0.4365618258517309,0.5903186381652655,0.045415794587885305,-0.4096210278225261,0.4027612648460249,0.07647891327837444,-0.3463673921215613,0.0766622152253492,-0.15223450904453037,-0.47887888284313757,1.3380129455730616,-0.14739277998343212,-0.2509471740548974,1.357239586628036,-0.21853575663061334,-0.21660248806934485,1.321235324768041,0.6213127739776839,-0.2678654907357614,0.2762590247076868,0.4165807656499724,-0.403199622173183,1.0760107924606626,0.31063201273513946,-0.4971718391440562,1.4124791014273435,0.12354556890512934,-0.48165753049566257,1.657792321893553,0.36543876741895615,-0.13598414915089577,1.2611186488574704,0.20050580700896434,-0.3963235951219963,1.6970789483840891,0.10656965916223875,0.038794136920709495,1.391264662047885,0.2262859945463029,-0.0381688094321663,1.3121165589780996,0.5465711888098559,-0.30925488925927525,0.3528482448186306,0.470855943315866,-0.10820824467879259,0.6842456079081983,0.4991936811942928,-0.2589127269406982,0.26866023785231125,0.30998887674303244,-0.1983190281995085,1.2088909157064578,0.35255075478001147,-0.13944950255731875,0.6494777167080253,0.3959137222032673,-0.5971987257335359,1.070441626555083,0.2555720208101715,-0.36012200044085646,1.5476949333355128,0.4815017385593313,-0.15685312055199352,0.770181383123461,0.5440614185980613,-0.14798960819939116,0.5522452531666155,0.5539656897254338,-0.1701936788906325,0.147600315708593,0.35079095645850855,-0.23908494911249112,1.4216325847518365,0.13191951909996816,-0.05276560946213488,1.366034738275389,0.11862948028654453,-2.913703325331811e-05,1.2935417306344241,0.15552304616037582,-0.336501806974411,1.2365893003166906,0.29147127458196603,-0.6075744954560767,1.1942687484602266,0.9421245455741882,-19.29259490966797,3.873359441757202,-0.5801628232002258,-0.5697715282440186,-2.4867753982543945,117.0009765625,-37.402286529541016,-726.2456665039062,-138.20872497558594,80.32986450195312,-0.8968648910522461,-1.8257273435592651,24.509090423583984,-2.319474935531616,-3.7239930629730225,0.2437775433063507,2.6031618118286133
0.1213607769459486,-0.46649517118930817,1.5144228041172028,0.1151133943349123,-0.3233339935541153,1.435269057750702,0.019536301959306,-0.5259632915258408,0.06673935055732727,0.16721650958061218,-0.5165021568536758,0.976920023560524,0.0019831462122965604,-0.35775482654571533,1.6588484644889832,-0.23844905942678452,-0.45136015862226486,1.1991992890834808,0.08317389525473118,-0.2793254628777504,1.7025032341480255,-0.19433103501796722,-0.20495516061782837,1.4145590662956238,-0.22272777929902077,-0.34227296710014343,1.3076890110969543,0.08218597806990147,-0.5893469899892807,0.08123335801064968,0.08755163475871086,-0.39707101136446,0.5205095559358597,0.1319052018225193,-0.4993229955434799,0.05080794543027878,-0.15581873804330826,-0.42667704820632935,1.1485618650913239,0.2115502692759037,-0.36450496315956116,0.4789184555411339,0.31573396921157837,-0.649496540427208,1.0423757433891296,-0.016793014016002417,-0.46885525435209274,1.4727130234241486,0.10708422586321831,-0.43687308579683304,0.5904238969087601,0.045681802555918694,-0.40989354252815247,0.40286658704280853,0.07649773359298706,-0.3463774546980858,0.07668929733335972,-0.1519874446094036,-0.47823429107666016,1.3376528322696686,-0.14612720906734467,-0.25016024708747864,1.3568874597549438,-0.21720730885863304,-0.21559295058250427,1.3209282159805298,0.6203268319368362,-0.26644057780504227,0.2782549634575844,0.41703949123620987,-0.403381384909153,1.076259195804596,0.3106948956847191,-0.49711406975984573,1.4125099778175354,0.12355676293373108,-0.48162876069545746,1.6575528383255005,0.3651464059948921,-0.13566823303699493,1.2612031698226929,0.20047355443239212,-0.3963698521256447,1.696879804134369,0.10569571889936924,0.038246975280344486,1.3914294242858887,0.22568092867732048,-0.03832537215203047,1.3122413754463196,0.5455253422260284,-0.30797603726387024,0.35479574650526047,0.47026587277650833,-0.10699655301868916,0.6863345354795456,0.4982268661260605,-0.2574259787797928,0.27063780277967453,0.3098701387643814,-0.19812459126114845,1.2088684737682343,0.35200008749961853,-0.13829979300498962,0.6515466719865799,0.39643237739801407,-0.5974724143743515,1.0706008076667786,0.25549503415822983,-0.3600582107901573,1.5476136803627014,0.4811672419309616,-0.1559334173798561,0.7719675898551941,0.543269470334053,-0.14676408842206,0.5542874783277512,0.5531000047922134,-0.16852470487356186,0.14972979575395584,0.3506092056632042,-0.23889702185988426,1.4216080009937286,0.1313350796699524,-0.0532538965344429,1.366112768650055,0.11794762499630451,-0.0004843974493269343,1.293658286333084,0.155806265771389,-0.33657148480415344,1.236407458782196,0.29173482954502106,-0.6077306568622589,1.1943315267562866,1.0562717914581299,-19.358308792114258,4.349006175994873,-0.6457862257957458,-0.536029040813446,-2.5017035007476807,115.86510467529297,-37.79623031616211,-723.0281372070312,-137.9427032470703,80.12136840820312,-0.8334612846374512,-1.9094786643981934,24.511180877685547,-2.036835193634033,-3.7202234268188477,0.30100587010383606,2.6240742206573486
0.12140778417618858,-0.46658095895059853,1.5142536881743678,0.11518644038217747,-0.32331267058454605,1.4350956970492736,0.019623558154169298,-0.5259676354610368,0.06680022515603248,0.16775285664773146,-0.5168606406016065,0.9769699490622968,0.001961617490017651,-0.3577958856592115,1.6585570439597628,-0.23802391908421422,-0.4502061297561949,1.1987706478068372,0.08316760993753837,-0.2794074323398388,1.7022681062584681,-0.1929287968684506,-0.20413923470784498,1.4142735170212803,-0.22187000582155014,-0.34121990993322915,1.3073145995866384,0.0822508122944674,-0.5893587920049957,0.08121964932474869,0.08784314950570365,-0.3973722404596821,0.5206565158256632,0.13193146874573056,-0.4993282122327792,0.05075404790556984,-0.15526322013889718,-0.42589716307374814,1.1482456504114416,0.21184673293536863,-0.36472834853936503,0.4789963984331548,0.31633402732823857,-0.6497382734785017,1.0424251730078893,-0.016768762237386197,-0.46870989120559187,1.4724356859725043,0.10751579780847031,-0.4371757430351333,0.5905296786731442,0.04594561975720702,-0.41016699225697295,0.4029687587788563,0.07651512916909148,-0.34638724342876714,0.07671465927007183,-0.15173132599189582,-0.4776083677020294,1.3372861565343592,-0.14485259137011522,-0.24936036795180366,1.3565253461433562,-0.2158831772425317,-0.21457418868478562,1.3206075185182078,0.6193195348543836,-0.26500018641648704,0.28023894180525216,0.4174896042473269,-0.403559039957476,1.0765325265214933,0.3107582794514713,-0.497053026560916,1.4125354463690953,0.12357752059666527,-0.48157447142316806,1.6573070390334983,0.36484487936986204,-0.13533888737492214,1.2612882236771237,0.20044272042662892,-0.3964153245979587,1.6966791500318918,0.10483050469728496,0.03770347386105172,1.3915922325967953,0.2250742604400938,-0.03847661523136082,1.3123726852682251,0.544483551521175,-0.3066784502654676,0.3567388839279579,0.46967986798444333,-0.10582001354323319,0.68843150573061,0.4972616595937716,-0.2559448555605301,0.272614541235349,0.30975709727268347,-0.19792049077172943,1.2088463772211644,0.3514491019659485,-0.13716152330108036,0.6536052013864581,0.39696119696099236,-0.5977680994974857,1.0707644887317884,0.2554144134979374,-0.35998564326999993,1.5475269603413462,0.480855807563327,-0.1550402229787498,0.7737729213885124,0.5424649695686947,-0.14557016576757495,0.5563337494995421,0.5522388543514226,-0.1668457342496771,0.15186987807419125,0.3504304795075726,-0.2387170312025689,1.4215937592335883,0.1307557692985661,-0.053727876394987106,1.366178542572931,0.11728597077115482,-0.000923813106465175,1.2937814636735727,0.1561100139523184,-0.33663745708023474,1.2362174364115228,0.2920113934191647,-0.6078953296932953,1.19439420636916,1.0608398914337158,-19.360767364501953,4.548098087310791,-0.6907662153244019,-0.534493625164032,-2.479013204574585,114.73828125,-38.51071548461914,-719.6368408203125,-137.67947387695312,79.90788269042969,-0.7779223918914795,-1.9931038618087769,24.513031005859375,-2.202087640762329,-3.6936120986938477,0.31344306468963623,2.6448159217834473
0.12145479140642858,-0.46666674671188885,1.5140845722315328,0.11525948642944263,-0.32329134761497674,1.4349223363478452,0.01971081434903259,-0.5259719793962327,0.0668610997547377,0.1682892037148507,-0.5172191243495373,0.9770198745640698,0.0019400887677387417,-0.3578369447727077,1.6582656234305426,-0.23759877874164392,-0.4490521008901249,1.1983420065301933,0.08316132462034558,-0.2794894018019272,1.7020329783689108,-0.19152655871893398,-0.2033233087978616,1.4139879677469367,-0.2210122323440795,-0.3401668527663149,1.3069401880763225,0.08231564651903332,-0.5893705940207109,0.0812059406388477,0.08813466425269645,-0.3976734695549043,0.5208034757154667,0.13195773566894184,-0.4993334289220785,0.05070015038086089,-0.1547077022344861,-0.425117277941167,1.1479294357315595,0.21214319659483352,-0.36495173391916896,0.4790743413251757,0.31693408544489876,-0.6499800065297954,1.042474602626649,-0.01674451045876998,-0.468564528059091,1.47215834852086,0.10794736975372232,-0.4374784002734336,0.5906354604375283,0.04620943695849535,-0.41044044198579344,0.40307093051490406,0.07653252474519591,-0.34639703215944845,0.07674002120678393,-0.15147520737438802,-0.47698244432739867,1.3369194807990497,-0.14357797367288577,-0.24856048881612866,1.3561632325317685,-0.21455904562643033,-0.21355542678706696,1.320286821055886,0.6183122377719311,-0.2635597950279318,0.28222292015291994,0.41793971725844387,-0.40373669500579895,1.0768058572383905,0.3108216632182235,-0.4969919833619863,1.4125609149206553,0.12359827825959945,-0.48152018215087866,1.6570612397414959,0.36454335274483196,-0.13500954171284935,1.2613732775315543,0.20041188642086571,-0.3964607970702727,1.6964784959294148,0.10396529049520067,0.03715997244175894,1.391755040907702,0.2244675922028671,-0.03862785831069117,1.312503995090131,0.5434417608163215,-0.30538086326706493,0.3586820213506553,0.4690938631923783,-0.10464347406777721,0.6905284759816744,0.4962964530614828,-0.25446373234126746,0.27459127969102354,0.30964405578098547,-0.1977163902823104,1.2088242806740943,0.35089811643227836,-0.13602325359717113,0.6556637307863361,0.39749001652397065,-0.5980637846206197,1.0709281697967985,0.25533379283764507,-0.35991307574984255,1.547440240319991,0.48054437319569243,-0.15414702857764354,0.7755782529218307,0.5416604688033363,-0.14437624311308989,0.5583800206713329,0.5513777039106319,-0.16516676362579236,0.15400996039442666,0.35025175335194103,-0.23853704054525357,1.4215795174734482,0.1301764589271798,-0.054201856255531304,1.366244316495807,0.11662431654600514,-0.0013632287636034157,1.2939046410140613,0.1564137621332478,-0.3367034293563161,1.2360274140408496,0.2922879572933083,-0.6080600025243317,1.1944568859820335,0.9678758978843689,-19.352018356323242,4.555063724517822,-0.6636229157447815,-0.5107734203338623,-2.4498510360717773,113.9280776977539,-39.188499450683594,-716.6213989257812,-137.4353485107422,79.72893524169922,-0.6704928874969482,-2.0158376693725586,24.513687133789062,-2.4268529415130615,-3.6780881881713867,0.25899508595466614,2.650327444076538
0.1215035157241174,-0.46669396106770494,1.5139437586266473,0.115324635354691,-0.32327764052034214,1.4347880541883558,0.0197703145099002,-0.5259849087686728,0.06692888711067226,0.16868029776590548,-0.5174740499613301,0.9770135802543716,0.0019247493604876546,-0.35787002535055806,1.6580833563741468,-0.23726049563939997,-0.44818294571330214,1.1980417323428274,0.08312809694287003,-0.27951979202939975,1.7018546031800328,-0.19046512912243407,-0.20271467308927055,1.4137859044485535,-0.22038754608654818,-0.3393815058153986,1.3066616374135807,0.08236444410898827,-0.5893785325896661,0.08119457629540108,0.0883746256694099,-0.3979304540433631,0.5208911960882856,0.13198754778563582,-0.4993333907316852,0.05066749718755681,-0.15432552874877753,-0.4244697935731206,1.1476920294445871,0.2123625800506958,-0.3651432495638235,0.47915497826819387,0.31739764251061625,-0.6501788568023025,1.0425068021610082,-0.016707136283400436,-0.46844549852096484,1.4719451946138546,0.10827958006535145,-0.4377236016933492,0.5907050353407071,0.04640778187440326,-0.4106452970315289,0.4031533261403343,0.07654283363495441,-0.34640343112266614,0.0767597063931803,-0.1513109159291975,-0.4765129461391083,1.3366212813270013,-0.14266404425663665,-0.2479725700636573,1.3558893712940594,-0.21354496671466638,-0.21280033772946982,1.3200627541699945,0.6175556650619634,-0.26252131312098725,0.2837271723920936,0.4182416204585145,-0.4039420084842783,1.0769747416704696,0.31087162853866224,-0.49693031105774127,1.412569627067111,0.12361287994199241,-0.48149245592537304,1.656865768874718,0.3643074973134805,-0.13475584781525152,1.2614298810232554,0.20039312013529784,-0.3964802763912062,1.6963227821501674,0.103341034730736,0.03677450412798007,1.3918817903821832,0.22404131436387434,-0.03874647210271943,1.3125890027608302,0.542644980727442,-0.30438585372160604,0.3601120456757135,0.46864495155037633,-0.10370150576068075,0.6921303181458782,0.49557351868673666,-0.25335615705575376,0.27608826243324786,0.3095712326220329,-0.197553026212367,1.2088013255833001,0.35045465609885207,-0.13514269503536602,0.6572218624171832,0.39786956049748606,-0.5982881514047156,1.0710396277193992,0.25527686354340307,-0.3598487606111741,1.5473573985478737,0.48029235597477843,-0.15345122892138185,0.7769538685186019,0.5410550169597398,-0.1434898234361055,0.5599202247250159,0.5507171862567497,-0.16390079324016507,0.15563483876700432,0.35013341390533953,-0.23839753096466823,1.4215901438763598,0.12973726141137004,-0.0545383793801464,1.3662987813254854,0.11612130047765788,-0.0016992222787565645,1.2939996048314681,0.1566602617304846,-0.33676255548631906,1.2358706084308246,0.2924853131076358,-0.6081670049010524,1.194488954070388,0.9707924723625183,-19.308244705200195,4.540946006774902,-0.6093555688858032,-0.45439815521240234,-2.419234275817871,113.1906509399414,-39.653263092041016,-713.7017822265625,-137.16346740722656,79.53174591064453,-0.5191860198974609,-2.011066198348999,24.513704299926758,-2.1657419204711914,-3.6984219551086426,0.25273597240448,2.6491386890411377
0.12155282385153882,-0.46670126046565985,1.5138125678166647,0.11538709925845364,-0.3232665228231853,1.4346670587331254,0.019820377619209274,-0.5260007571897759,0.06699902480406476,0.16902200579149834,-0.517693765806836,0.9769881712087732,0.0019115143203460273,-0.3579003932262888,1.6579382014985116,-0.236951743998867,-0.44741064759082355,1.197785102965816,0.08308570886289837,-0.2795326453171029,1.7016955239093856,-0.1895195744339599,-0.20217651604915296,1.4136122263819966,-0.21984210948379623,-0.33868718033792167,1.3064156794390143,0.08240778924317549,-0.5893851575867229,0.08118400902838896,0.08859705895382837,-0.3981723953655224,0.5209587750253298,0.13201856526811392,-0.4993315658821965,0.050642067066930384,-0.15400229236542784,-0.42386732546501604,1.1474814180112043,0.2125557562373332,-0.3653239294985272,0.47923653118855114,0.3178147892190131,-0.6503631269300221,1.0425331434666716,-0.016665300493134767,-0.468335422409686,1.4717538631120264,0.10857800742154879,-0.43794926813501395,0.5907622999110759,0.04658386621328182,-0.4108268298850154,0.40322899788815453,0.0765507330513553,-0.34640867756494625,0.07677746148446933,-0.1511778457225948,-0.4760966325141736,1.3363463637844617,-0.14187274885592083,-0.24745671784147522,1.355645515863469,-0.21263630572237716,-0.21213489743751407,1.3198715416800897,0.6168843386386405,-0.2616194804377903,0.2850683177543792,0.4184931323228293,-0.40415672582901074,1.0771081143657104,0.3109170315873544,-0.49686842485768906,1.4125726420358318,0.12362538859100136,-0.48147376113577395,1.6566874096725162,0.3640939700879798,-0.13452787551757517,1.2614768113916284,0.20037845687459635,-0.3964909180406703,1.6961823480808182,0.102798704835062,0.03644276707007593,1.3919962798522798,0.22367636926028112,-0.038853991937064965,1.3126582677001195,0.5419315042479939,-0.30349372051014806,0.3613676115475743,0.4682426515793958,-0.10283929165082657,0.6935638167605495,0.4949329568455551,-0.25237558806771476,0.2774221282328991,0.3095120836962138,-0.19740351252504532,1.2087780785876394,0.3500477543335087,-0.1343497582618764,0.6586098588065595,0.398198350770584,-0.5984882699535382,1.0711333297735808,0.25522798931361823,-0.35978725128221195,1.5472758753804972,0.4800605405837495,-0.15282254347836735,0.7781833806969473,0.5405172417495424,-0.14270795477147136,0.5612883659585423,0.5501248837504166,-0.1627752429355454,0.15708454779737832,0.35003560593980826,-0.2382717849501711,1.4216092254547095,0.12934570226645628,-0.05482816721454559,1.366349401063477,0.11567222138262348,-0.0020000522656347707,1.2940849760510273,0.15688729680926594,-0.33681935392665546,1.2357250965194198,0.29265573818162577,-0.6082543993233055,1.1945106142404063,1.0805368423461914,-19.247913360595703,4.615469455718994,-0.6162413954734802,-0.4422183632850647,-2.417609214782715,112.22837829589844,-40.014896392822266,-710.672607421875,-136.83584594726562,79.29663848876953,-0.37173381447792053,-2.011082172393799,24.51503562927246,-1.6283155679702759,-3.7479920387268066,0.30594491958618164,2.6493754386901855
0.12160213197896022,-0.4667085598636147,1.5136813770066824,0.11544956316221629,-0.3232554051260285,1.434546063277895,0.019870440728518346,-0.526016605610879,0.06706916249745729,0.16936371381709117,-0.517913481652342,0.9769627621631749,0.0018982792802044002,-0.35793076110201955,1.6577930466228763,-0.23664299235833403,-0.4466383494683449,1.1975284735888045,0.0830433207829267,-0.27954549860480604,1.7015364446387387,-0.18857401974548568,-0.20163835900903537,1.4134385483154397,-0.21929667288104432,-0.3379928548604447,1.3061697214644477,0.0824511343773627,-0.5893917825837799,0.08117344176137684,0.08881949223824684,-0.39841433668768167,0.5210263539623741,0.132049582750592,-0.4993297410327078,0.05061663694630396,-0.15367905598207815,-0.4232648573569115,1.1472708065778214,0.21274893242397055,-0.365504609433231,0.47931808410890847,0.31823193592741,-0.6505473970577417,1.0425594847723347,-0.016623464702869094,-0.46822534629840723,1.4715625316101983,0.10887643477774614,-0.4381749345766787,0.5908195644814447,0.046759950552160374,-0.41100836273850194,0.40330466963597483,0.07655863246775621,-0.3464139240072263,0.07679521657575834,-0.15104477551599213,-0.475680318889239,1.3360714462419219,-0.141081453455205,-0.24694086561929313,1.3554016604328787,-0.21172764473008795,-0.2114694571455583,1.3196803291901846,0.6162130122153174,-0.26071764775459344,0.28640946311666476,0.4187446441871441,-0.40437144317374324,1.077241487060951,0.31096243463604656,-0.49680653865763685,1.4125756570045522,0.12363789724001031,-0.48145506634617485,1.6565090504703144,0.3638804428624791,-0.13429990321989882,1.2615237417600014,0.2003637936138949,-0.3965015596901344,1.6960419140114689,0.10225637493938801,0.036111030012171794,1.3921107693223764,0.22331142415668792,-0.0389615117714105,1.3127275326394088,0.5412180277685456,-0.3026015872986901,0.3626231774194351,0.4678403516084153,-0.10197707754097239,0.6949973153752207,0.4942923950043735,-0.25139501907967576,0.2787559940325503,0.30945293477039465,-0.19725399883772363,1.2087548315919787,0.34964085256816535,-0.13355682148838677,0.659997855195936,0.398527141043682,-0.598688388502361,1.0712270318277624,0.2551791150838334,-0.3597257419532498,1.5471943522131206,0.4798287251927205,-0.15219385803535285,0.7794128928752925,0.539979466539345,-0.1419260861068372,0.5626565071920685,0.5495325812440834,-0.16164969263092574,0.1585342568277523,0.34993779797427704,-0.23814603893567396,1.4216283070330589,0.12895414312154252,-0.055117955048944775,1.3664000208014684,0.11522314228758908,-0.0023008822525129764,1.2941703472705866,0.15711433188804727,-0.33687615236699187,1.2355795846080149,0.2928261632556157,-0.6083417937455587,1.1945322744104245,1.08906090259552,-19.264366149902344,4.62651252746582,-0.6463500261306763,-0.49968865513801575,-2.4661712646484375,111.17813110351562,-40.4760627746582,-708.0489501953125,-136.5458526611328,79.10734558105469,-0.30951106548309326,-2.010868787765503,24.51499366760254,-1.400881290435791,-3.779428005218506,0.33735790848731995,2.6493821144104004
0.12167558006152807,-0.46670775747062354,1.5134821958494502,0.115564822879256,-0.323247250243528,1.4343585478548972,0.01991992901134866,-0.526024190499293,0.0671048014122524,0.16992362248187035,-0.5182166709410434,0.9769014023392406,0.001900257728145834,-0.3579766194255936,1.6575542873894142,-0.23622709416494464,-0.4455956117996317,1.1971288351033698,0.08299841284011768,-0.27956316003341547,1.7013053755886507,-0.18733910907874043,-0.20092152513020875,1.4131574149163353,-0.21853782540026878,-0.33710719625286706,1.3058156611903613,0.08251089813644129,-0.5893983928770419,0.0811584670318673,0.08915960734451053,-0.39870880731683694,0.5211038138495375,0.13208409606028867,-0.4993266516568645,0.0505815041590704,-0.15319472114672725,-0.4225218209703237,1.146949799052927,0.21300028417481492,-0.3657275848337357,0.4793672445692763,0.3187832621154406,-0.6507790428123726,1.042604176413934,-0.016546565416386192,-0.46807956937330447,1.4713104440281723,0.10925854326824085,-0.4384555196919978,0.5908786817299609,0.04702707067970803,-0.41124385851897943,0.40339666994794315,0.07656427301367782,-0.3464257209900989,0.07682180864773444,-0.1508198580550437,-0.4750871186126147,1.3357388898236862,-0.1399741146886191,-0.24626555441823228,1.3550749932298598,-0.2105097592567766,-0.2106054053450657,1.3194147743136677,0.6152681216893606,-0.2594186729251944,0.2882578820483574,0.4191431131287916,-0.4046468357278022,1.0774701403466282,0.31103525291018136,-0.49673101468788866,1.4125702614026354,0.12364935640566396,-0.48145207520944394,1.6562594660860024,0.36363211910653587,-0.13402779380612026,1.2615794355900871,0.20035769898962502,-0.39652361148437915,1.6958233145688544,0.10146369823310154,0.035611359994636466,1.3922434914980504,0.22279311847311772,-0.03908456340802229,1.31281629481063,0.5402171362117426,-0.30139508695397155,0.3643104320034286,0.46724913728158207,-0.10090907095678595,0.6969505931367938,0.4933731668437554,-0.2500466750996397,0.2805636234532129,0.30936731901389874,-0.19705398864303994,1.2087227035042465,0.3491688423993572,-0.1325145083547428,0.6619333326816559,0.3989626073482021,-0.5989061074935838,1.0713423778679196,0.2551273883178534,-0.35967071699780345,1.5470829803422588,0.4794952110048161,-0.15133424581873495,0.7810972081312281,0.5392701568587727,-0.14090471468027063,0.5645663215229842,0.5487058708407232,-0.1601063891357144,0.1605297192585784,0.349790761703687,-0.23791914184065843,1.421615981305672,0.12851013921645305,-0.0554901466254663,1.3664313785682451,0.11459807898627211,-0.0027235886633291298,1.294276421433253,0.15734624862670898,-0.3368260909784709,1.2353803156227465,0.2930528818080757,-0.6084828276113169,1.1945587280175545,1.045096516609192,-19.3320255279541,4.366301536560059,-0.6485808491706848,-0.5889037847518921,-2.503814458847046,109.94924926757812,-41.30475616455078,-704.9817504882812,-136.23648071289062,78.90668487548828,-0.2904244065284729,-2.011178970336914,24.519075393676758,-1.7455190420150757,-3.7530837059020996,0.3081662654876709,2.649751901626587
0.12175745282642889,-0.4667041276069666,1.513259286517339,0.11569850798079509,-0.32324012936345786,1.4341478174095912,0.01996921668359578,-0.5260288914702586,0.06712840048485244,0.1705596817052917,-0.5185489919011956,0.9768274959349474,0.0019075455813243097,-0.35802788381150225,1.6572828608632877,-0.23577380254371277,-0.44445849254431313,1.1966792873988878,0.08295262548209026,-0.2795824994709318,1.7010491825886909,-0.18600321511756507,-0.20014233423384611,1.4128387803273486,-0.21770449895535085,-0.33615476366699926,1.3054238739392616,0.08257639188541482,-0.5894049980387782,0.08114195412752644,0.08954079261678734,-0.39902161032158806,0.5211847221219776,0.13211982939022265,-0.49932312096981024,0.05054298520630953,-0.15265416403282558,-0.4217297271979566,1.1465902640330081,0.2132719388071275,-0.36596532106794266,0.479405100278507,0.31938141604132997,-0.6510272223428385,1.042655272199618,-0.016457429205048953,-0.4679213331037799,1.471037152981916,0.10966985591298696,-0.4387552710558405,0.5909384455507165,0.047325961686522755,-0.4114981869988094,0.40349436881921147,0.07656912522896236,-0.34643980406767483,0.07685148476666173,-0.15056288651875313,-0.47443218608170945,1.3353862178246707,-0.13875647890844092,-0.24553459310373724,1.3547194252740469,-0.20918395651492064,-0.20967203946105692,1.3191232744431654,0.6142277591275853,-0.25798109815215436,0.2902833360512525,0.41959286910413907,-0.40494340352269986,1.0777320459189004,0.3111176389140009,-0.49665073122804526,1.412561930568013,0.12366044930867012,-0.4814545645421704,1.6559850245911554,0.36337165159500195,-0.1337402808350443,1.2616381878094958,0.20035459476196213,-0.3965496453425742,1.69557743593557,0.10058365217009128,0.03505308250125671,1.3923825767656035,0.2222212909764012,-0.03921303553938471,1.3129118613849413,0.5391159387219031,-0.30007887458959165,0.3661483430507167,0.46659199311243776,-0.09976924418021513,0.6990852703321848,0.4923566860078976,-0.24856998011568526,0.28253659319798674,0.3092724665111264,-0.1968363555061896,1.2086874759749862,0.3486741098347089,-0.13138516454507185,0.6640598773956299,0.399435302871742,-0.5991299689210803,1.0714652775139208,0.25507466603588586,-0.35961795504519484,1.5469611914742072,0.4791262046193445,-0.1503940417079736,0.7829402466088731,0.5385009827992774,-0.13979975839719078,0.566665176129499,0.5477973536545078,-0.1584172925806993,0.16271564596338775,0.3496265450850228,-0.23765694369740833,1.4215926946393702,0.1280478324420405,-0.055891096554943266,1.3664560140363429,0.11391159837806462,-0.0031888291281370403,1.2943897207841177,0.15757986903190613,-0.3367387362268587,1.2351622857794857,0.29329924640671307,-0.608642581282862,1.1945868545020653,1.0813028812408447,-19.343421936035156,4.060312271118164,-0.6453920602798462,-0.6430163979530334,-2.486483573913574,109.13810729980469,-42.042266845703125,-702.2603759765625,-135.96791076660156,78.74020385742188,-0.26731643080711365,-2.011207342147827,24.519466400146484,-2.298966884613037,-3.7041304111480713,0.26145583391189575,2.6496918201446533
0.1218393255913297,-0.46670049774330974,1.5130363771852278,0.1158321930823342,-0.32323300848338776,1.4339370869642851,0.0200185043558429,-0.526033592441224,0.06715199955745249,0.17119574092871306,-0.5188813128613479,0.9767535895306543,0.0019148334345027852,-0.35807914819741093,1.6570114343371611,-0.2353205109224809,-0.4433213732889946,1.196229739694406,0.08290683812406284,-0.27960183890844814,1.7007929895887313,-0.18466732115638967,-0.19936314333748345,1.4125201457383616,-0.2168711725104329,-0.33520233108113145,1.3050320866881617,0.08264188563438836,-0.5894116032005146,0.08112544122318559,0.08992197788906413,-0.39933441332633923,0.5212656303944178,0.13215556272015666,-0.49931959028275597,0.050504466253548666,-0.15211360691892392,-0.42093763342558943,1.1462307290130893,0.21354359343944007,-0.3662030573021497,0.4794429559877377,0.3199795699672194,-0.6512754018733043,1.0427063679853021,-0.016368292993711717,-0.4677630968342554,1.4707638619356598,0.11008116855773309,-0.4390550224196832,0.5909982093714721,0.04762485269333747,-0.4117525154786394,0.40359206769047984,0.0765739774442469,-0.3464538871452508,0.07688116088558901,-0.15030591498246257,-0.47377725355080424,1.335033545825655,-0.13753884312826278,-0.2448036317892422,1.354363857318234,-0.20785815377306466,-0.20873867357704814,1.318831774572663,0.61318739656581,-0.2565435233791143,0.29230879005414756,0.42004262507948653,-0.4052399713175976,1.0779939514911727,0.31120002491782045,-0.4965704477682019,1.4125535997333905,0.12367154221167627,-0.48145705387489685,1.6557105830963084,0.3631111840834681,-0.13345276786396834,1.2616969400289042,0.20035149053429926,-0.39657567920076925,1.6953315573022856,0.09970360610708102,0.034494805007876946,1.3925216620331569,0.2216494634796847,-0.03934150767074713,1.3130074279592527,0.5380147412320636,-0.2987626622252117,0.36798625409800484,0.4659348489432935,-0.0986294174036443,0.7012199475275759,0.49134020517203986,-0.2470932851317308,0.28450956294276064,0.30917761400835403,-0.1966187223693393,1.2086522484457256,0.34817937727006065,-0.1302558207354009,0.6661864221096039,0.3999079983952819,-0.5993538303485769,1.071588177159922,0.2550219437539183,-0.35956519309258617,1.5468394026061556,0.47875719823387286,-0.14945383759721226,0.7847832850865181,0.5377318087397822,-0.13869480211411092,0.5687640307360137,0.5468888364682924,-0.1567281960256842,0.1649015726681971,0.34946232846635855,-0.23739474555415824,1.4215694079730685,0.12758552566762793,-0.05629204648442023,1.3664806495044406,0.11322511776985712,-0.0036540695929449503,1.2945030201349828,0.15781348943710327,-0.3366513814752465,1.2349442559362247,0.2935456110053504,-0.608802334954407,1.1946149809865763,1.100830316543579,-19.245498657226562,3.938693046569824,-0.6551413536071777,-0.5940779447555542,-2.411799192428589,108.5193862915039,-42.629302978515625,-699.6822509765625,-135.72853088378906,78.61795043945312,-0.20328283309936523,-2.0113513469696045,24.521894454956055,-2.5431439876556396,-3.688176155090332,0.24241627752780914,2.6498959064483643
0.12189621631278108,-0.4667096035369974,1.5128001187810836,0.11597293975534818,-0.32321461245713645,1.433715431895477,0.020061865091225168,-0.526045610573118,0.06715962976612003,0.1717647188744008,-0.5192021834139793,0.9766998381804157,0.001913436580548026,-0.3580807332960975,1.6566769137287771,-0.23489369471736302,-0.4422074542535062,1.195775167831522,0.08288009218032787,-0.27963547675025385,1.7005252877608041,-0.18329276381344198,-0.19856563763113214,1.4122188328117724,-0.21602645772971857,-0.3341907477931471,1.3046437462434075,0.0827076221933428,-0.5894185734900418,0.08111113003942351,0.09025485492897349,-0.39963047157060233,0.5213395866337202,0.1321801706063037,-0.49930130113039584,0.05046193454636643,-0.151544909406182,-0.4201089830588031,1.145837602236413,0.21389060679650465,-0.366484565055923,0.4794552892643884,0.3206087232425513,-0.6515176225182236,1.0427429755002458,-0.0162874036499404,-0.46760825625318564,1.4704423156005657,0.11051174717036304,-0.4393427099613164,0.5910777193031563,0.04789635090046371,-0.4120060187696621,0.4036878386870125,0.07657902317726059,-0.34646864205796196,0.07690833770478799,-0.15012930442165856,-0.47317643295850187,1.3345957552360384,-0.13628909070760212,-0.24407794657132484,1.3540013665395068,-0.20660034877969732,-0.2078011598413354,1.3185476064682007,0.6121230232005088,-0.25516144803028235,0.29431954401218335,0.4204421467733699,-0.40549479770344615,1.0782099385924686,0.3112986737134441,-0.49648313194710686,1.4125418220924226,0.12370007544361203,-0.4814679192391452,1.6554273201140346,0.36284792699561214,-0.13313940384530074,1.2617290817349163,0.20035300517319055,-0.396585815394951,1.6950779963802818,0.09879292582241907,0.033827925730027915,1.3926501147794408,0.22109088647049785,-0.03949126492667671,1.3130761795486046,0.5369392049233646,-0.29742834682496183,0.36987793386377243,0.46533773908551956,-0.09743832303396126,0.7033254144996997,0.49029788789370204,-0.24561768553114888,0.28647497454226406,0.30908880802179806,-0.196410896564951,1.2086014810776868,0.34761884137494675,-0.12915283550095086,0.668322766853484,0.40038641182002643,-0.5996190096368853,1.0717214464351832,0.25497980287532934,-0.35952151551941375,1.546703388359373,0.4784281441312752,-0.14858012325716335,0.7866182907527646,0.5368950276185346,-0.13759416894407464,0.570874029042705,0.5459978746262607,-0.15505392731025522,0.16708301560373492,0.34931068684881095,-0.23716238930525368,1.4215080895960726,0.12709672887198972,-0.056674174989098734,1.366470641647743,0.1125784872087422,-0.004086631862138272,1.2945766227924271,0.15808568924468083,-0.3366230459797461,1.2347204716789801,0.29378372371591477,-0.6089539535787721,1.1946225726841302,1.0402849912643433,-19.16549301147461,3.988206624984741,-0.6630826592445374,-0.5209080576896667,-2.367049217224121,107.75019073486328,-43.225704193115234,-696.9852294921875,-135.47865295410156,78.49056243896484,-0.12116693705320358,-2.0107839107513428,24.519746780395508,-2.468778133392334,-3.7060978412628174,0.2621241807937622,2.649688243865967
0.12194416076191608,-0.46672327007284226,1.5125590799660082,0.11611621523436332,-0.32319217870961753,1.433489864630415,0.020103103342459887,-0.5260602490396689,0.06716154139513607,0.17230967447062992,-0.5195189534828363,0.9766533045184533,0.0019089296625523107,-0.3580645278392249,1.656319798617963,-0.2344763595734211,-0.44110184340484887,1.1953187967767778,0.08286016512144086,-0.2796742349665686,1.700253464528267,-0.1819043607999947,-0.1977615732428254,1.4119237229129336,-0.21517766469361768,-0.33315798215913456,1.3042566401279525,0.08277344570452014,-0.5894256745347913,0.08109760730965249,0.0905704323991837,-0.3999205333803663,0.5214110532935882,0.1322007943808243,-0.4992777268519465,0.05041796583929006,-0.15096613458845,-0.4192672414791505,1.1454324459792762,0.21426460672391962,-0.36678174774575706,0.4794584827509937,0.32124897763626464,-0.6517577092379134,1.0427743946479646,-0.016209467576310928,-0.46745463169568424,1.4701034886552797,0.11094922508230272,-0.4396260773504017,0.5911643004772679,0.048158039523917714,-0.4122592265538822,0.403782919295971,0.07658413821054215,-0.34648363756028233,0.07693461950448964,-0.14998147177775176,-0.4725949902901586,1.3341274829889764,-0.13502783705757945,-0.2433541507663711,1.3536363966417628,-0.20536689433139682,-0.2068621607262962,1.3182660639286041,0.6110500513717828,-0.2537992474752546,0.2963250337649655,0.42082367916375596,-0.4057346761522704,1.078409481916996,0.31140314634667327,-0.4963932977804285,1.4125288101221551,0.12373485419874554,-0.4814817841281954,1.655140898085588,0.3625836709378571,-0.13281678235688746,1.26175169400032,0.20035617386564514,-0.3965902585067496,1.6948216843683988,0.09787127517459804,0.03312215527260541,1.3927747599336484,0.22053705456833175,-0.0396486445582959,1.3131353284744238,0.5358728580916954,-0.29608754858078545,0.3717888686435901,0.46476212800141203,-0.09622886932350153,0.7054204210540317,0.4892463183758275,-0.2441424781962341,0.28843767950866395,0.3090021673417249,-0.19620658284583628,1.2085451487673828,0.3470347407736526,-0.12805928948600562,0.6704626210675334,0.40086687287155365,-0.59989898518616,1.0718584291587603,0.25494145128308543,-0.3594810911361745,1.5465622798891256,0.47811339726511215,-0.14773021944311282,0.7884504198041183,0.536034035860308,-0.1364950839158715,0.5729880179987837,0.5451131994953219,-0.15338496856440773,0.16926285286514173,0.3491635484411227,-0.23694071968067562,1.421433151755112,0.12659844578496668,-0.05704956338895077,1.3664482277355448,0.11194612727259959,-0.004507491804523674,1.2946360097420926,0.1583717046490568,-0.33661584575839393,1.2344946267194306,0.294018881358453,-0.6091026589767823,1.1946228107079764,0.993697464466095,-19.20445442199707,4.255352973937988,-0.6615026593208313,-0.4880809187889099,-2.4075257778167725,106.98383331298828,-43.852046966552734,-694.8662109375,-135.29391479492188,78.36451721191406,-0.09421361237764359,-2.0081779956817627,24.519519805908203,-2.349400043487549,-3.690066337585449,0.2885170876979828,2.6504108905792236
0.1219921052110511,-0.46673693660868715,1.5123180411509332,0.11625949071337845,-0.3231697449620986,1.4332642973653529,0.020144341593694607,-0.5260748875062198,0.0671634530241521,0.172854630066859,-0.5198357235516934,0.976606770856491,0.0019044227445565954,-0.35804832238235224,1.6559626835071488,-0.23405902442947918,-0.4399962325561915,1.1948624257220337,0.08284023806255385,-0.27971299318288334,1.6999816412957298,-0.18051595778654744,-0.19695750885451868,1.411628613014095,-0.2143288716575168,-0.33212521652512206,1.3038695340124977,0.08283926921569748,-0.5894327755795409,0.08108408457988145,0.09088600986939392,-0.4002105951901303,0.5214825199534562,0.1322214181553449,-0.4992541525734971,0.0503739971322137,-0.15038735977071802,-0.4184254998994979,1.1450272897221394,0.21463860665133458,-0.3670789304355912,0.47946167623759894,0.321889232029978,-0.6519977959576032,1.0428058137956835,-0.01613153150268146,-0.4673010071381828,1.469764661709994,0.1113867029942424,-0.439909444739487,0.5912508816513794,0.048419728147371714,-0.41251243433810225,0.4038779999049294,0.07658925324382372,-0.34649863306260265,0.07696090130419131,-0.14983363913384495,-0.4720135476218154,1.3336592107419147,-0.1337665834075568,-0.24263035496141738,1.353271426744019,-0.20413343988309635,-0.205923161611257,1.3179845213890076,0.6099770795430569,-0.2524370469202269,0.2983305235177476,0.42120521155414203,-0.40597455460109455,1.0786090252415235,0.3115076189799025,-0.4963034636137501,1.4125157981518879,0.12376963295387906,-0.48149564901724556,1.654854476057141,0.36231941488010205,-0.13249416086847418,1.2617743062657236,0.20035934255809973,-0.39659470161854826,1.694565372356516,0.09694962452677702,0.032416384815182914,1.3928994050878563,0.21998322266616568,-0.039806024189915086,1.3131944774002429,0.5348065112600263,-0.29474675033660913,0.3736998034234078,0.4641865169173045,-0.09501941561304182,0.7075154276083636,0.48819474885795294,-0.24266727086131937,0.2904003844750638,0.30891552666165184,-0.19600226912672156,1.2084888164570788,0.3464506401723584,-0.12696574347106038,0.6726024752815827,0.4013473339230809,-0.6001789607354348,1.0719954118823374,0.2549030996908415,-0.35944066675293523,1.5464211714188785,0.47779865039894914,-0.14688031562906229,0.7902825488554721,0.5351730441020814,-0.1353959988876684,0.5751020069548626,0.5442285243643831,-0.15171600981856026,0.1714426901265485,0.3490164100334344,-0.23671905005609753,1.4213582139141512,0.12610016269794364,-0.0574249517888028,1.3664258138233463,0.111313767336457,-0.004928351746909068,1.294695396691758,0.1586577200534328,-0.3366086455370417,1.234268781759881,0.2942540390009912,-0.6092513643747923,1.1946230487318228,1.001232624053955,-19.30933952331543,4.577116966247559,-0.6479193568229675,-0.4953489899635315,-2.4796295166015625,105.98661041259766,-44.673587799072266,-692.3251953125,-135.08824157714844,78.20197296142578,-0.05679362639784813,-2.0075180530548096,24.51534080505371,-2.404470682144165,-3.629145383834839,0.2753385007381439,2.6502888202667236
0.12206975882564554,-0.4667487390684766,1.5120768282587165,0.11638308459559812,-0.32312409367585027,1.4330190303704597,0.020187330136186635,-0.5260939359270185,0.06716579077950377,0.17340102179950434,-0.5201603706111971,0.9765903380335561,0.0019051699302797605,-0.3580529118906583,1.655662085441564,-0.23362485457532453,-0.438880684804048,1.1944024860858917,0.08286943702360257,-0.2797263071237021,1.6996893349862257,-0.1791249327361584,-0.19618693255628183,1.41133654946523,-0.21350665802493793,-0.33114806128456103,1.3034859964784407,0.08289346763777812,-0.5894366997164606,0.08107474514141383,0.09119484185037628,-0.40052540496682487,0.5215378264520342,0.13226109612363063,-0.4992468109884799,0.05034612330749927,-0.14985972736647588,-0.417615650702786,1.1446096289236813,0.2149452387250417,-0.36732698710548956,0.4794536199889436,0.3224718016109719,-0.6522275250873818,1.0428306470248874,-0.01605776104064572,-0.4671127194699073,1.4694410955274342,0.1117868141598062,-0.4401885617450373,0.5913299339891269,0.0486890525920995,-0.412754044232779,0.40396045266792474,0.07659637560414162,-0.3465448971714405,0.07701486862258405,-0.14952772268593706,-0.4714260122535245,1.3332012670719071,-0.1325266723403868,-0.24192317264364258,1.3528967085263588,-0.20281382450303498,-0.20500347780569503,1.3176776216124857,0.608941722883294,-0.2510363426774938,0.3003918195007652,0.4216891520761496,-0.40618980838763,1.078786837936237,0.3116198888184219,-0.49623189304048654,1.4124846531460618,0.12380231371679842,-0.4815045962270522,1.6545710133400975,0.362055224101275,-0.13211706048802824,1.2617775959684359,0.2003523132313561,-0.3966085666556232,1.6943152400831514,0.09605433931265843,0.0317666381844227,1.3930090215821929,0.21942688840509253,-0.03989729168053889,1.3132668561888057,0.533711528738603,-0.2934766709311119,0.37565691216497227,0.46359321524370584,-0.09389905131958576,0.7096083742498561,0.48715406641462783,-0.24118425906790017,0.2923582950668619,0.30881199324565217,-0.19575384498530665,1.208430047066796,0.34586349322109033,-0.1259025231447836,0.6747919124680639,0.40178581337068253,-0.600425266864284,1.072097753254783,0.25487035483319237,-0.35937735847882085,1.546263409568774,0.47749199811985954,-0.14602865653716968,0.7921051181704792,0.5343505233920963,-0.13431379571557048,0.5772577163991549,0.5433127764637107,-0.15005246922373774,0.17361684812121828,0.3488956733255197,-0.2365060480225165,1.421284233497468,0.1255974297639945,-0.057839047873010294,1.3664253336309597,0.1106765169206242,-0.005373434704845601,1.29475472561571,0.1590006731894632,-0.3366971587305827,1.2340417472731988,0.2945261009974985,-0.6094102532855722,1.194607474748662,1.0731397867202759,-19.355249404907227,4.609004497528076,-0.6161542534828186,-0.5111623406410217,-2.4968788623809814,105.19390106201172,-45.181114196777344,-690.5107421875,-134.9564666748047,78.07618713378906,0.038125742226839066,-2.0501511096954346,24.516164779663086,-2.530775547027588,-3.622739315032959,0.24156628549098969,2.639378070831299
0.12215832601122509,-0.46675985676563336,1.511835551419795,0.11649944850348479,-0.32306991349782377,1.4327665267401184,0.020230961642814,-0.5261146043310102,0.06716828507106036,0.1739479410924659,-0.5204879112591018,0.9765849626616926,0.0019078471949200658,-0.3580651403657648,1.655382248739533,-0.23318450054190806,-0.4377614867608279,1.1939412355422974,0.08291668227768892,-0.279730274187808,1.699389504281101,-0.1777329444885254,-0.1954286580054176,1.4110456049837024,-0.2126942082548773,-0.33019133435179854,1.3031037698518362,0.08294339561896609,-0.5894394568260143,0.08106694242220051,0.09150119589654025,-0.40084930583341233,0.5215871965648323,0.13230777359166682,-0.49924543243370306,0.05032416188855045,-0.14935088197127083,-0.4168175170753176,1.1441873746202482,0.2152271234239174,-0.3675569974823503,0.47944143118447813,0.32303318085259947,-0.6524534493882135,1.0428530609370856,-0.015985520803277066,-0.46691169841400043,1.4691231353393455,0.11217319876547681,-0.4404661173852074,0.5914062206318836,0.04896118203239725,-0.4129913936782357,0.4040382666303622,0.07660423534990146,-0.3466026477071623,0.07707900613151639,-0.14916373463655938,-0.4708362387505588,1.3327471175730623,-0.1312946014056932,-0.2412220932395253,1.352518409293219,-0.20146255816844916,-0.20409088941994094,1.3173614069326034,0.6079201840407011,-0.24962149422295046,0.30247361573162457,0.4222107119118141,-0.40639601637985534,1.0789566679506113,0.31173502293643574,-0.49616703154235486,1.4124468470251323,0.12383422378870036,-0.4815117369424428,1.6542886377170385,0.36179105730246236,-0.1317199474533662,1.2617737875868942,0.20034153769347843,-0.3966258928081058,1.694067377917814,0.09516873935989986,0.031137471734885354,1.393113117344332,0.21886963491013509,-0.039964273078552146,1.3133440949269477,0.5326060269842084,-0.2922325698745172,0.3776309827700356,0.46299341498621255,-0.09281141375074324,0.711700564188673,0.4861173833048107,-0.2396983803305405,0.29431444445982674,0.3087022543348224,-0.19548921701529168,1.208370382422643,0.34527522720248494,-0.12485044286740538,0.6769995638076832,0.40220887100459723,-0.6006592046346096,1.0721873692329356,0.2548396695923332,-0.35930564387744623,1.5460995301505587,0.47718831936255196,-0.14517635264933504,0.793924175745604,0.5335421349039141,-0.1332377940416336,0.5794287517370768,0.5423856140761976,-0.14839091897010803,0.1757889198546378,0.34878463520119524,-0.23629623000195485,1.4212106047876623,0.125093062192399,-0.058267363106572864,1.3664329107234021,0.11003747000204807,-0.005827415913392768,1.2948140332240932,0.1593645422269177,-0.33682083195408447,1.2338142758173658,0.2948117196954639,-0.609572883078594,1.194586092273131,1.1696972846984863,-19.300485610961914,4.4686279296875,-0.577960193157196,-0.497809499502182,-2.4596705436706543,104.49302673339844,-45.50200653076172,-688.61669921875,-134.8308868408203,77.92118072509766,0.1703694760799408,-2.109893321990967,24.517271041870117,-2.5112979412078857,-3.682849407196045,0.24315831065177917,2.623302698135376
0.12224689319680464,-0.4667709744627902,1.5115942745808735,0.11661581241137145,-0.32301573331979727,1.432514023109777,0.020274593149441363,-0.526135272735002,0.06717077936261695,0.1744948603854274,-0.5208154519070063,0.9765795872898291,0.001910524459560371,-0.35807736884087127,1.655102412037502,-0.2327441465084916,-0.4366422887176078,1.193479984998703,0.08296392753177526,-0.27973424125191393,1.699089673575976,-0.17634095624089244,-0.19467038345455334,1.4107546605021748,-0.21188175848481672,-0.3292346074190361,1.3027215432252315,0.08299332360015405,-0.5894422139355678,0.0810591397029872,0.09180754994270422,-0.40117320669999973,0.5216365666776304,0.132354451059703,-0.4992440538789263,0.05030220046960163,-0.1488420365760658,-0.4160193834478492,1.1437651203168149,0.21550900812279308,-0.3677870078592111,0.4794292423800127,0.32359456009422705,-0.6526793736890452,1.0428754748492841,-0.015913280565908416,-0.46671067735809363,1.4688051751512565,0.11255958337114741,-0.44074367302537754,0.5914825072746404,0.049233311472694996,-0.4132287431236924,0.4041160805927997,0.0766120950956613,-0.34666039824288414,0.07714314364044872,-0.14879974658718173,-0.47024646524759317,1.3322929680742175,-0.13006253047099967,-0.24052101383540805,1.3521401100600792,-0.20011129183386336,-0.20317830103418685,1.3170451922527213,0.6068986451981083,-0.24820664576840717,0.30455541196248387,0.42273227174747857,-0.4066022243720806,1.0791264979649853,0.3118501570544496,-0.4961021700442232,1.412409040904203,0.12386613386060229,-0.48151887765783347,1.6540062620939797,0.36152689050364967,-0.13132283441870418,1.2617699792053525,0.20033076215560072,-0.39664321896058835,1.6938195157524765,0.09428313940714134,0.030508305285348016,1.3932172131064713,0.21831238141517767,-0.0400312544765654,1.31342133366509,0.5315005252298141,-0.29098846881792245,0.37960505337509887,0.4623936147287192,-0.09172377618190075,0.7137927541274898,0.48508070019499355,-0.23821250159318086,0.29627059385279153,0.30859251542399263,-0.1952245890452767,1.20831071777849,0.34468696118387954,-0.12379836259002719,0.6792072151473026,0.40263192863851194,-0.6008931424049352,1.0722769852110883,0.2548089843514739,-0.3592339292760716,1.5459356507323436,0.47688464060524444,-0.14432404876150043,0.7957432333207288,0.5327337464157319,-0.1321617923676968,0.5815997870749985,0.5414584516886843,-0.14672936871647838,0.17796099158805725,0.34867359707687073,-0.23608641198139318,1.4211369760778567,0.12458869462080349,-0.05869567834013542,1.3664404878158443,0.10939842308347195,-0.006281397121939925,1.2948733408324766,0.15972841126437218,-0.3369445051775863,1.2335868043615328,0.2950973383934293,-0.609735512871616,1.1945647097976002,1.180908203125,-19.196640014648438,4.5213212966918945,-0.5640109777450562,-0.4789707660675049,-2.430014133453369,104.05677032470703,-45.894775390625,-686.86572265625,-134.75535583496094,77.80976104736328,0.2638545632362366,-2.103116512298584,24.521879196166992,-2.3238844871520996,-3.727508544921875,0.27035343647003174,2.6235837936401367
0.12235747181520557,-0.4667658546310387,1.511321617672775,0.11670493847684354,-0.3230022190027679,1.432225615378247,0.020311271568254522,-0.5261586786105933,0.067182779164109,0.17503758342258188,-0.5211432663020709,0.9765120136816771,0.0019174737332308576,-0.35810410591545483,1.6548134120094855,-0.2322995529960323,-0.4355358415289431,1.1930067183955615,0.08298824105831172,-0.27972719359476833,1.6987679430980556,-0.17498185727375234,-0.19393513248061503,1.4104406059972499,-0.21101153725819874,-0.3282502680424823,1.3023180507666228,0.08304514619984374,-0.5894446540747257,0.08104934871492796,0.09213283936807651,-0.4014510748204806,0.5216997682258783,0.1323854745125139,-0.4992386771748398,0.05026246259445386,-0.14828475954516834,-0.4151625166468273,1.143341165899441,0.21574411087280868,-0.36795262281863106,0.4794262241054055,0.32415767546915847,-0.6529222414983029,1.0428896475311935,-0.015829220124279824,-0.4665107512908266,1.4684712511814193,0.11291802775682203,-0.441016099508235,0.5915635772888234,0.04946843281832357,-0.41345726782517717,0.40419864911117304,0.07662610514767912,-0.3467196904073488,0.07719697781055179,-0.1485226048242967,-0.46962435356039084,1.331870544430436,-0.1288444566608265,-0.2398362079795623,1.3517674010321004,-0.19877366963403906,-0.20226689048160781,1.3167527503525185,0.6058594424598265,-0.24682803999706612,0.30660633959912303,0.42315690347690454,-0.406881119439144,1.0792657835594077,0.31196206383752506,-0.49601942133035093,1.412345675443182,0.1239047957621268,-0.48150410419268325,1.6537341159700558,0.36129600559638825,-0.13091964491747862,1.2617576126231262,0.20035672276620045,-0.39662453295379285,1.6935541913998837,0.09341418580306289,0.0298885043204719,1.3933298382538044,0.21775668755864466,-0.04012959973504211,1.313492088917865,0.530368527631886,-0.2897367964911935,0.38159361817189397,0.461838492889278,-0.09068678183764814,0.7159791130893277,0.484039176082769,-0.23673900991480876,0.29827770344074195,0.3085020540763211,-0.19496069226833368,1.2082361843412286,0.34411017093437396,-0.12278040345536165,0.6813892639235944,0.4030935918258515,-0.6011633300623357,1.0723886162239984,0.2547924763319508,-0.3591509045946677,1.5457650573048372,0.476560293937361,-0.14348252907099315,0.7975701863402562,0.531918946480909,-0.1310770307846417,0.5837369930270492,0.5404831098010209,-0.14505747730368815,0.18013685616041647,0.34854519041563503,-0.235865190230458,1.421132043497452,0.1240621895486156,-0.059176499899846816,1.36645544167386,0.10875902317513694,-0.00672818481342385,1.2949338298759714,0.16003902567340839,-0.3370208777733986,1.233331497141857,0.29538094721093083,-0.6098706815021717,1.1945287466838659,1.0774025917053223,-19.17551040649414,4.714437961578369,-0.6055439114570618,-0.5243231058120728,-2.4513258934020996,103.70486450195312,-46.36793518066406,-685.246826171875,-134.67735290527344,77.73078918457031,0.3366129398345947,-2.0335092544555664,24.49613380432129,-1.9486908912658691,-3.7330515384674072,0.2874331474304199,2.6471986770629883
0.12247634241172414,-0.4667546179219587,1.51103713950574,0.11678380371126908,-0.3230040240169361,1.4319236821291463,0.020345330673165078,-0.5261831157254857,0.06719835980838498,0.17557872567843916,-0.5214711838210655,0.9764210092310874,0.0019260323253716188,-0.35813630855833456,1.6545209600435977,-0.23185336241954999,-0.4344341977443916,1.1925289251946456,0.0830039159203602,-0.2797159965563294,1.6984379627057258,-0.1736351481040582,-0.19320855477195703,1.4101178456615928,-0.21011955281164474,-0.3272555267179249,1.3019065472069165,0.08309768252568134,-0.5894469748072276,0.08103880872148157,0.09246526198424646,-0.4017116018379761,0.5217681802463847,0.13241060090479473,-0.499231794318616,0.05021602810909417,-0.1477092377200032,-0.41428352433522014,1.1429165710281852,0.21596159028592488,-0.36809397923038495,0.47942666048245713,0.3247214448669099,-0.6531714921360774,1.0429007156400492,-0.015740706865977967,-0.46631123771928007,1.4681313134581837,0.11326594671715569,-0.4412865937742966,0.5916464492579959,0.04968961275842608,-0.41368246813680953,0.4042830087293852,0.07664243209589001,-0.34677956332236726,0.07724693058589041,-0.14827817912824107,-0.4689900596804966,1.3314600723073973,-0.1276316557400274,-0.23915753256998315,1.3513967979033261,-0.19744118734799473,-0.20135592363330704,1.31646926395151,0.6048135855142645,-0.2454630872913149,0.3086456386557478,0.42354502119370646,-0.40718739662344094,1.079393562694259,0.31207275484374025,-0.49592993428178184,1.412272681463633,0.1239460011611119,-0.4814810753855484,1.653465823424573,0.3610776583879989,-0.13051416633638324,1.2617420220611901,0.200396522336843,-0.39659228072261177,1.6932822888260646,0.09255150308376117,0.02927223144913253,1.393445676525697,0.21720158123713457,-0.04023976014643316,1.3135604017617686,0.5292265487230376,-0.28848227197366044,0.38358764310941,0.46130020196074684,-0.08966886542046702,0.7182009466831257,0.48299582830525395,-0.23527018459427437,0.3003040103624198,0.3084188548243598,-0.19469707094083558,1.208156049646289,0.3435377037485704,-0.12177529817582756,0.6835616678986328,0.4035697982011252,-0.6014471734991137,1.0725085405719201,0.25478130904649265,-0.3590636192666774,1.545591934627255,0.4762281614127538,-0.1426450719205749,0.7994001136710313,0.5311017312750911,-0.12998896923582287,0.5858614550323675,0.5394896181016569,-0.14338169024874833,0.18231414954196537,0.3484102408124122,-0.23563967255369717,1.4211529895959312,0.12352734500702643,-0.059677101239956766,1.3664731744504133,0.10811949029120783,-0.007172262618342868,1.294994763980638,0.16032957840735548,-0.33707943163960186,1.233065703846761,0.2956637988816823,-0.6099955051742643,1.1944872908639592,1.0045006275177002,-19.264053344726562,4.681514739990234,-0.6621767282485962,-0.5625993609428406,-2.4919307231903076,103.15787506103516,-46.793357849121094,-683.697265625,-134.63575744628906,77.7032470703125,0.4578327536582947,-2.0093750953674316,24.41604232788086,-1.6858820915222168,-3.713740348815918,0.2962225079536438,2.674086809158325
0.12259521300824272,-0.4667433812128787,1.510752661338705,0.1168626689456946,-0.3230058290311043,1.4316217488800453,0.02037938977807563,-0.5262075528403781,0.06721394045266095,0.17611986793429646,-0.5217991013400602,0.9763300047804978,0.0019345909175123796,-0.3581685112012143,1.65422850807771,-0.2314071718430677,-0.4333325539598402,1.1920511319937295,0.08301959078240868,-0.27970479951789046,1.6981079823133962,-0.17228843893436407,-0.19248197706329903,1.4097950853259358,-0.20922756836509074,-0.32626078539336756,1.3014950436472104,0.08315021885151895,-0.5894492955397297,0.08102826872803517,0.09279768460041639,-0.40197212885547157,0.5218365922668912,0.13243572729707553,-0.49922491146239223,0.050169593623734465,-0.14713371589483806,-0.41340453202361305,1.1424919761569294,0.2161790696990411,-0.36823533564213884,0.4794270968595088,0.3252852142646613,-0.6534207427738518,1.0429117837489046,-0.01565219360767611,-0.4661117241477335,1.4677913757349481,0.11361386567748935,-0.4415570880403582,0.5917293212271684,0.04991079269852859,-0.41390766844844185,0.40436736834759746,0.07665875904410091,-0.3468394362373857,0.07729688336122904,-0.14803375343218544,-0.4683557658006024,1.3310496001843586,-0.12641885481922832,-0.23847885716040404,1.3510261947745519,-0.19610870506195044,-0.20044495678500626,1.3161857775505015,0.6037677285687023,-0.24409813458556373,0.3106849377123725,0.4239331389105083,-0.4074936738077378,1.0795213418291105,0.3121834458499555,-0.4958404472332127,1.4121996874840843,0.123987206560097,-0.4814580465784136,1.6531975308790903,0.3608593111796095,-0.1301086877552879,1.2617264314992538,0.20043632190748556,-0.39656002849143074,1.6930103862522454,0.09168882036445947,0.028655958577793173,1.3935615147975897,0.21664647491562447,-0.04034992055782419,1.3136287146056724,0.5280845698141894,-0.28722774745612745,0.385581668046926,0.46076191103221564,-0.08865094900328593,0.7204227802769237,0.48195248052773887,-0.23380135927374002,0.3023303172840977,0.3083356555723986,-0.1944334496133375,1.2080759149513498,0.3429652365627668,-0.1207701928962935,0.6857340718736712,0.40404600457639883,-0.6017310169358917,1.0726284649198419,0.2547701417610345,-0.35897633393868705,1.545418811949673,0.47589602888814664,-0.14180761477015666,0.8012300410018062,0.5302845160692733,-0.12890090768700405,0.587985917037686,0.5384961264022928,-0.14170590319380857,0.18449144292351424,0.3482752912091893,-0.23541415487693634,1.4211739356944104,0.12299250046543728,-0.0601777025800667,1.3664909072269666,0.10747995740727874,-0.007616340423261876,1.295055698085305,0.1606201311413026,-0.3371379855058051,1.232799910551665,0.29594665055243385,-0.6101203288463567,1.1944458350440523,0.9908347129821777,-19.351144790649414,4.630373001098633,-0.67465740442276,-0.5312790274620056,-2.517401695251465,102.59506225585938,-46.9493408203125,-682.2892456054688,-134.56686401367188,77.69302368164062,0.5858461856842041,-2.0169665813446045,24.306365966796875,-1.7551013231277466,-3.6693859100341797,0.32584667205810547,2.697869062423706
0.12269036812300714,-0.4667081553612324,1.510521241173839,0.11693950050467292,-0.3229854907717136,1.4314228981141224,0.02041002096830318,-0.5262208288868532,0.06722181030111202,0.17653554475662722,-0.5220265263161122,0.9762561712043965,0.0019641009668992294,-0.35815712128648697,1.6539711419320264,-0.2310669541803022,-0.43248603359752935,1.1916877254350295,0.08302436035052435,-0.2796895172422295,1.6978571882705815,-0.1712788154944679,-0.1919228153809017,1.4095561760940298,-0.20858548453312048,-0.3255182341333257,1.3011875097325307,0.08318723342227226,-0.5894455349208504,0.08101687376812988,0.09303180753740649,-0.4021702397442022,0.5218886633385096,0.13246188394182565,-0.4992181645422582,0.050140127897361254,-0.14670693319266206,-0.412742837128655,1.1421635954190563,0.21636083727048722,-0.3683552284607824,0.479425501349746,0.32571562320388703,-0.6536050159607502,1.0428958363485652,-0.015594625708320185,-0.46601525728670967,1.4674982286446931,0.11388212787789224,-0.441751966067892,0.5917833747453247,0.05007953886929529,-0.4140828585881271,0.4044418618675099,0.07667269816757827,-0.34687195022571954,0.07732772817280119,-0.1478666038258581,-0.4678686692422589,1.3307359431753096,-0.12552016106316982,-0.237998991859275,1.3507909553729935,-0.19513872855447778,-0.1997734628223031,1.3159671970550588,0.602959702543865,-0.2430245358472234,0.31224874663629276,0.4241890408937505,-0.4077934976050396,1.079652240339494,0.312268716807397,-0.49576715088837986,1.41211899522914,0.1240215293002247,-0.48144172156686027,1.6529930853685797,0.3607042815708956,-0.12981024095850274,1.2617197125558033,0.20046095387233015,-0.39653877992898423,1.6927961491985826,0.09103631272615977,0.02818132664033811,1.3936444136085888,0.21622871412642744,-0.040455753372254356,1.3136935932746787,0.5272220182695136,-0.28624336372148124,0.3870726364436528,0.4603409114855015,-0.08787873170233722,0.7221064786642593,0.4811498827196115,-0.23269796951223684,0.3038548340169799,0.3082834425943577,-0.19422907495735497,1.2080158129433134,0.3425729777047176,-0.11999276625794292,0.6874003213959814,0.40440154263120615,-0.6019275035487105,1.0726853435402675,0.25476867601966224,-0.3589002311427072,1.5452842092671932,0.4756819103529911,-0.1411942911907932,0.8026706902988698,0.5296449192509746,-0.12810812436586974,0.5895913893615963,0.5377515265286363,-0.1404441846226225,0.1861342463321638,0.3481823315486213,-0.23518109632446277,1.4212149144797925,0.12262559423087449,-0.06051445532195417,1.366475757778875,0.1070108704935044,-0.007934548787229892,1.2951016362929186,0.16084452234948707,-0.33715031394697975,1.2325912104142422,0.29615387167559554,-0.6102071905767681,1.1944197757749369,1.0293503999710083,-19.329681396484375,4.7090277671813965,-0.6535888910293579,-0.4922581911087036,-2.5037288665771484,102.14604949951172,-47.00306701660156,-680.893310546875,-134.4646759033203,77.69071960449219,0.7118322253227234,-2.017198324203491,24.303321838378906,-2.043691396713257,-3.67257022857666,0.3328230381011963,2.7064216136932373
0.12277636415516303,-0.4666636647372846,1.5103103123753276,0.11701554664416819,-0.3229566006273623,1.4312638585141162,0.020439328274239374,-0.5262297944517325,0.06722670218703762,0.17690276596325122,-0.5222151403790278,0.9761889691384423,0.0020017026135673286,-0.35812889562537337,1.653727326172077,-0.23076766398766183,-0.43173804366035967,1.1913684957864268,0.08302491821891425,-0.2796726572197794,1.6976369765420622,-0.17039937688814882,-0.19142831092243953,1.409349650736676,-0.20803991404195496,-0.3248730804154415,1.3009201296117923,0.08321825338416541,-0.5894394256421273,0.08100514861428185,0.09322796646036849,-0.40234424509354777,0.5219344234229714,0.1324884384771846,-0.49921147012157946,0.05011721562273455,-0.14633759456557155,-0.4121650639946098,1.1418723732430414,0.2165288126823918,-0.36846683189174195,0.47942312111128244,0.32609452741430295,-0.6537641944079999,1.0428694553722608,-0.015549009120005449,-0.4659585877759567,1.4672231524195891,0.11411962608825292,-0.4419176405826152,0.5918262983789507,0.0502280347567323,-0.41423873445450865,0.404512545032217,0.0766857150966758,-0.3468938980078855,0.07735119335698766,-0.14772929877832236,-0.46743842130465224,1.3304596768309738,-0.12474277766039041,-0.23759590839313355,1.3506079943764289,-0.1943087542787293,-0.19919445493955487,1.3157736836679723,0.6022435284608247,-0.24206346002043477,0.31362891799172027,0.4243938802488592,-0.40809082905977767,1.0797843435742207,0.31234417036669143,-0.49570010750498994,1.4120353298471464,0.12405319391003508,-0.4814279856073935,1.6528132980232997,0.3605737056558495,-0.12955313057496848,1.2617164198925952,0.20047972800321137,-0.3965217810592904,1.6926041829664975,0.09046497615362635,0.027761397408383178,1.3937145909726225,0.21586399712902032,-0.040559914838892736,1.3137571456416552,0.5264673834999666,-0.28536331022022576,0.38836932093497145,0.4599652106793511,-0.0872014050945541,0.7235823455235816,0.48044026421000624,-0.23173571348387675,0.30518555591832724,0.3082431967290032,-0.1940475817745095,1.2079634476971153,0.3422503165456633,-0.11930327068101491,0.6888710905779276,0.40471047774845403,-0.6020902523536555,1.072717873465936,0.25477095708152314,-0.3588284471177107,1.5451644832724767,0.47551336963445145,-0.1406675295423198,0.8039609977346382,0.5290739198788902,-0.12742937953266878,0.5909964242913076,0.5371030503945635,-0.13934238215550682,0.18757062602714197,0.34810558869349245,-0.23494512543378288,1.4212636300270132,0.1223235469286805,-0.060787928605217804,1.3664479089888515,0.10660761098889326,-0.008204145505037527,1.2951417829816705,0.16104336152013562,-0.33714478981021223,1.232404560048059,0.29633188375968805,-0.6102793911434957,1.1943996627599198,1.0919756889343262,-19.23619842529297,4.708957672119141,-0.6624512672424316,-0.4911363124847412,-2.451416015625,101.8367919921875,-47.05844497680664,-679.851806640625,-134.36251831054688,77.66846466064453,0.80402672290802,-2.014108419418335,24.452360153198242,-2.283214807510376,-3.7773475646972656,0.310507208108902,2.7026445865631104
0.12286236018731894,-0.46661917411333675,1.5100993835768164,0.11709159278366345,-0.32292771048301105,1.4311048189141102,0.020468635580175563,-0.5262387600166119,0.06723159407296322,0.17726998716987521,-0.5224037544419434,0.9761217670724881,0.0020393042602354274,-0.3581006699642598,1.6534835104121277,-0.23046837379502144,-0.43099005372319,1.1910492661378242,0.08302547608730414,-0.2796557971973293,1.6974167648135432,-0.1695199382818298,-0.19093380646397737,1.4091431253793223,-0.20749434355078944,-0.32422792669755734,1.3006527494910538,0.08324927334605858,-0.5894333163634041,0.08099342346043381,0.09342412538333049,-0.4025182504428933,0.521980183507433,0.13251499301254355,-0.4992047757009007,0.05009430334810784,-0.14596825593848103,-0.4115872908605645,1.1415811510670264,0.21669678809429635,-0.3685784353227015,0.4794207408728189,0.32647343162471887,-0.6539233728552496,1.0428430743959567,-0.015503392531690712,-0.4659019182652038,1.4669480761944853,0.11435712429861358,-0.44208331509733834,0.5918692220125766,0.05037653064416931,-0.4143946103208902,0.4045832281969241,0.07669873202577332,-0.34691584579005147,0.07737465854117412,-0.14759199373078663,-0.4670081733670456,1.3301834104866381,-0.12396539425761101,-0.23719282492699212,1.3504250333798642,-0.19347878000298085,-0.19861544705680664,1.315580170280886,0.6015273543777845,-0.2411023841936462,0.3150090893471478,0.424598719603968,-0.40838816051451576,1.0799164468089477,0.3124196239259859,-0.4956330641216,1.4119516644651526,0.12408485851984545,-0.4814142496479268,1.6526335106780197,0.36044312974080345,-0.1292960201914342,1.2617131272293873,0.2004985021340926,-0.39650478218959656,1.6924122167344124,0.08989363958109295,0.027341468176428258,1.393784768336656,0.21549928013161318,-0.040664076305531115,1.313820698008632,0.5257127487304195,-0.2844832567189703,0.38966600542629,0.45958950987320074,-0.08652407848677099,0.7250582123829039,0.479730645700401,-0.23077345745551667,0.3065162778196745,0.30820295086364874,-0.19386608859166404,1.2079110824509172,0.34192765538660896,-0.11861377510408692,0.6903418597598738,0.40501941286570187,-0.6022530011586006,1.0727504033916044,0.25477323814338404,-0.35875666309271426,1.5450447572777604,0.4753448289159118,-0.14014076789384647,0.8052513051704066,0.5285029205068058,-0.1267506346994678,0.5924014592210188,0.5364545742604906,-0.13824057968839115,0.1890070057221201,0.3480288458383636,-0.23470915454310298,1.4213123455742338,0.12202149962648651,-0.06106140188848143,1.3664200601988281,0.10620435148428213,-0.008473742222845157,1.2951819296704223,0.1612422006907842,-0.33713926567344477,1.232217909681876,0.29650989584378057,-0.6103515917102232,1.1943795497449028,1.1233196258544922,-19.136106491088867,4.595512866973877,-0.7045660614967346,-0.5206093788146973,-2.383815288543701,101.28291320800781,-47.212989807128906,-679.2118530273438,-134.31700134277344,77.6558837890625,0.9323371648788452,-2.0084238052368164,24.580265045166016,-2.2007882595062256,-3.8583614826202393,0.3185347020626068,2.687897205352783
0.12298657325719366,-0.46655116531233126,1.5098012030519397,0.1171995128030019,-0.3228922693539929,1.4308737042723902,0.02050098968015996,-0.52624876293915,0.06724302806206886,0.1778534583698045,-0.5226595125450993,0.9760372709754287,0.002078264996421751,-0.35810070164156277,1.6531577291867592,-0.2300379573312027,-0.42998727169257916,1.1905865685039798,0.08303772732122056,-0.2796348943220859,1.6971307590307778,-0.16833673151123604,-0.19025124540392138,1.4088977204253341,-0.20673694249415242,-0.32336453708591845,1.300268361110561,0.08329437401713125,-0.5894358469950443,0.08097839084089986,0.09369485149320388,-0.40276764185223357,0.5220349103409723,0.13254140899670835,-0.49919731391976213,0.05005126473623396,-0.14545716167680475,-0.41086616342430876,1.1412125960091093,0.2169603815931358,-0.368764962976342,0.4794169111757089,0.326976889806078,-0.6541505053343363,1.0428272091000286,-0.015442422295100249,-0.46575091315421047,1.4665839577352764,0.11470528761085294,-0.44232125649389054,0.5919329638512719,0.05057781631287359,-0.4146032706396469,0.4046700827728044,0.07669950848975718,-0.34693075943466845,0.07740949735736215,-0.14731873088325098,-0.46639068237203635,1.3297114956457883,-0.12290515148679154,-0.2366403193268555,1.3501478575712798,-0.19233109362867498,-0.19781811801803034,1.3152976430804524,0.6005084992244544,-0.23981000048830023,0.31686877572773303,0.4250388117815485,-0.4086186250314018,1.080045850071686,0.31253633021518884,-0.4955474193522472,1.4118415393576718,0.12411832962407182,-0.48142105479114106,1.6523782946416083,0.3602382406493686,-0.12891103416089192,1.2617094935170863,0.2005265201164397,-0.3964786744670363,1.6921324587815645,0.08911945517884187,0.026810833875904033,1.3938741297121868,0.21502390691381418,-0.04076679008982039,1.3138854440474352,0.5246975524536032,-0.2832822618105554,0.3914329610913005,0.4590895535140638,-0.08564236577575572,0.7270926323947527,0.47874444348133166,-0.22944900018489917,0.30831858535476075,0.3081697107150855,-0.19360977421138462,1.2078406416027752,0.3414410419811476,-0.11771698917774177,0.6924043349082896,0.4054477151655993,-0.6024843150416747,1.072812689850662,0.2547805212586131,-0.35864782550477037,1.544864352965197,0.4750830823222533,-0.13939063329965076,0.8069920389857513,0.5277061040038304,-0.1258669175849056,0.5942876149487021,0.535618691649658,-0.13676706213035333,0.19094975805835215,0.3479286984892081,-0.23442070472319396,1.4213256204365106,0.12161118167125627,-0.06142706678107084,1.3663859304213366,0.10563476482369254,-0.008868901182385461,1.2952128964544132,0.16153379100442722,-0.33709723507331696,1.2319499191069445,0.29678342298956106,-0.6104757312117823,1.194336188550027,1.1217464208602905,-19.130828857421875,4.526819705963135,-0.7064580917358398,-0.521260678768158,-2.3795297145843506,100.40206909179688,-47.40968322753906,-679.0194702148438,-134.4018096923828,77.65960693359375,1.0976394414901733,-2.0101447105407715,24.58242416381836,-1.968673825263977,-3.834251880645752,0.3335164487361908,2.663362741470337
0.12312591390449874,-0.466473847232907,1.5094684853853768,0.11732004956644497,-0.32285423512687744,1.4306140599266584,0.02053454980278844,-0.526259176482428,0.06725705163368326,0.17852252852541722,-0.522941848497517,0.9759459293243901,0.0021177637055423727,-0.3581119185153222,1.6527995032979952,-0.22955563671837578,-0.4288836344583145,1.1900670814593106,0.0830546071789912,-0.27961239115094505,1.6968187097682068,-0.16703328317561686,-0.18949424527240116,1.4086369256310116,-0.2058956918386829,-0.32241476243300154,1.299837656960582,0.08334504830225414,-0.5894417975912031,0.08096204901619858,0.09399509378122968,-0.40304687357698843,0.5220931865126881,0.13256777013769214,-0.4991895483917748,0.05000025944919973,-0.14488995580977163,-0.4100882915767613,1.1408134300187724,0.21726182391805365,-0.36898114813479366,0.47941250773455135,0.3275296506009355,-0.6544045362843582,1.0428155062609161,-0.015375374572733972,-0.46556256686812203,1.4661845933917343,0.11509725585925264,-0.4425878035311667,0.5920049462294736,0.05079999793666285,-0.4148328248041355,0.40476333853227414,0.07669543976963356,-0.34694288873317225,0.07744883823621747,-0.14699165140654868,-0.46569907433347196,1.3291621366084017,-0.1217329435494562,-0.23602866746534576,1.349833388399604,-0.19105764621535676,-0.19693437018832624,1.3149798812455689,0.5993698328141345,-0.23838647408102523,0.31891827013911,0.4255720248680241,-0.40882262138538805,1.0801741845955122,0.3126693657099806,-0.4954544115342841,1.411720940608852,0.1241525157990045,-0.48143599078749977,1.6520932214149575,0.3600039359256132,-0.12847543068674228,1.2617057248061856,0.20055819712332543,-0.396448961156883,1.6918179499392478,0.08826497684399419,0.026236378819071104,1.3939710847589353,0.21450473227544337,-0.04086893083317982,1.3139506625813364,0.5235792172468261,-0.28195422759513983,0.393386065762564,0.4585404126652029,-0.08467975023221101,0.72934814636281,0.4776487602105993,-0.2279811715892214,0.310307562203202,0.3081392436627521,-0.1933238431071209,1.2077630458288635,0.3408895308114835,-0.11673815082141896,0.6947010270017662,0.40592326697529546,-0.6027427692681748,1.0728867549375194,0.2547897843533004,-0.35852432088149305,1.5446599301518193,0.47478444173636025,-0.13855208024777324,0.808911066576345,0.5268199015532108,-0.12490206560897117,0.5963642143255827,0.5347086273084413,-0.13514640734882546,0.1930929495650806,0.34781928686116703,-0.2341114819937984,1.4213248666943303,0.12115800658253251,-0.06182922418568505,1.366349314419639,0.10499934033052812,-0.00931376186261163,1.295240229526103,0.16186209531217222,-0.33704075399810907,1.2316497313660502,0.297094758180593,-0.6106204298750454,1.1942836249506237,1.1017483472824097,-19.229272842407227,4.392502307891846,-0.6770305633544922,-0.49969324469566345,-2.445848226547241,100.04551696777344,-47.53428268432617,-678.8429565429688,-134.5817108154297,77.6595687866211,1.1224778890609741,-2.007779359817505,24.525924682617188,-1.9698487520217896,-3.732414484024048,0.28858044743537903,2.650224447250366
0.12326525455180383,-0.4663965291534828,1.509135767718814,0.11744058632988803,-0.32281620089976204,1.4303544155809265,0.02056810992541692,-0.5262695900257061,0.06727107520529765,0.17919159868102988,-0.5232241844499348,0.9758545876733514,0.0021572624146629932,-0.3581231353890817,1.6524412774092314,-0.2290733161055489,-0.42777999722404986,1.1895475944146416,0.08307148703676186,-0.2795898879798043,1.6965066605056358,-0.16572983483999773,-0.18873724514088094,1.4083761308366889,-0.20505444118321337,-0.3214649877800847,1.2994069528106034,0.08339572258737703,-0.589447748187362,0.08094570719149728,0.09429533606925547,-0.4033261053017433,0.5221514626844039,0.13259413127867592,-0.49918178286378745,0.0499492541621655,-0.1443227499427385,-0.40931041972921384,1.1404142640284356,0.21756326624297148,-0.36919733329324533,0.47940810429339376,0.3280824113957929,-0.6546585672343803,1.0428038034218037,-0.015308326850367699,-0.46537422058203365,1.465785229048192,0.1154892241076523,-0.44285435056844297,0.5920769286076755,0.0510221795604521,-0.4150623789686241,0.40485659429174387,0.07669137104950993,-0.3469550180316761,0.07748817911507278,-0.1466645719298464,-0.4650074662949076,1.328612777571015,-0.12056073561212087,-0.23541701560383602,1.3495189192279284,-0.18978419880203856,-0.19605062235862214,1.3146621194106853,0.5982311664038147,-0.23696294767375026,0.3209677645504869,0.42610523795449967,-0.40902661773937427,1.0803025191193385,0.3128024012047723,-0.49536140371632104,1.4116003418600322,0.1241867019739372,-0.48145092678385853,1.651808148188307,0.3597696312018578,-0.12803982721259263,1.261701956095285,0.20058987413021112,-0.3964192478467297,1.6915034410969312,0.08741049850914653,0.025661923762238192,1.394068039805684,0.21398555763707255,-0.04097107157653925,1.3140158811152376,0.522460882040049,-0.2806261933797243,0.39533917043382755,0.4579912718163421,-0.08371713468866633,0.7316036603308671,0.47655307693986704,-0.22651334299354364,0.31229653905164323,0.3081087766104187,-0.19303791200285716,1.2076854500549519,0.34033801964181937,-0.11575931246509616,0.6969977190952427,0.4063988187849916,-0.603001223494675,1.0729608200243768,0.25479904744798776,-0.35840081625821574,1.5444555073384418,0.47448580115046723,-0.13771352719589575,0.8108300941669389,0.5259336991025912,-0.12393721363303678,0.5984408137024633,0.5337985629672246,-0.1335257525672976,0.19523614107180903,0.347709875233126,-0.23380225926440285,1.4213241129521503,0.12070483149380874,-0.062231381590299256,1.3663126984179415,0.1043639158373637,-0.00975862254283779,1.2952675625977927,0.1621903996199172,-0.3369842729229011,1.2313495436251558,0.297406093371625,-0.6107651285383086,1.1942310613512204,1.0250321626663208,-19.309659957885742,4.22553825378418,-0.6772165894508362,-0.5232968926429749,-2.4946048259735107,100.475341796875,-47.58204650878906,-678.3125,-134.77230834960938,77.66301727294922,1.0391677618026733,-2.0099329948425293,24.515121459960938,-2.285769462585449,-3.6842105388641357,0.24576076865196228,2.6491894721984863
0.12340955369618554,-0.46633939785475764,1.508795429736573,0.11758729499696896,-0.32276764640350214,1.430048625990255,0.020602214230310837,-0.5262825295625143,0.06728242813850081,0.17972579983291245,-0.523509695533885,0.9757300976491132,0.002222121163928226,-0.3581157036569734,1.6521016225120089,-0.22858439121913438,-0.4266905492998117,1.1890460292235117,0.0831096949586213,-0.2795575912918476,1.6961460670098565,-0.16442855264966855,-0.1880268171330951,1.4080822017808623,-0.20420770813396436,-0.3205211964861447,1.2990002385433146,0.08344360981259914,-0.5894503119765528,0.08093037082511463,0.09456504064778617,-0.40356929575568,0.5222223406003801,0.13263288954433225,-0.49919381604486746,0.049904618541777926,-0.14372527801635251,-0.4084713666249585,1.1399885962735739,0.2178131832389642,-0.36937101402424816,0.47938708433054933,0.3286607496391069,-0.6549086045745193,1.042783548895097,-0.015221063241930002,-0.4651614046156012,1.4654085563113357,0.11586869468554754,-0.44310749149480405,0.5921391174690613,0.051234695554667746,-0.4152968016681292,0.40494443116006473,0.07667761641425012,-0.3469735117049407,0.07751633471112378,-0.14639861020722136,-0.46432571527578975,1.3281648251789295,-0.11940600853783408,-0.23475290351356104,1.349161014256888,-0.18847342948151743,-0.19519841416880787,1.3143476314892042,0.5971989021790738,-0.23552760624925034,0.3230842260138088,0.42653386220829376,-0.4092899114386925,1.0803890265771094,0.312942076252391,-0.49526170695459604,1.4114633170974176,0.12421658584564332,-0.4815126359956154,1.6515233289721787,0.3595305849483471,-0.12761287067998325,1.2617118757292134,0.2006358780361564,-0.3963900425576216,1.6912047373537986,0.08656057648804805,0.025095854580575082,1.3941708088710607,0.21349091265375253,-0.041069813165196915,1.3140258946955599,0.5213128134904319,-0.27929238042491955,0.3973163778813469,0.4574364580658098,-0.08272346812269547,0.7338549407902143,0.47545484650806086,-0.22508028561607105,0.3142932702768717,0.3080425364094854,-0.1926847245568866,1.207588662374888,0.33976203173596337,-0.11480311279660031,0.6992622929693058,0.40689403524264595,-0.6032858690283945,1.0730200678307489,0.25482416503279415,-0.35829520526508624,1.5442282800248126,0.47422304660673964,-0.13696944136295888,0.8127298592929019,0.5250773287766817,-0.12296817401140338,0.6005125727677187,0.5328357349957852,-0.13192835033235964,0.19739521529204793,0.3476255400883441,-0.233493096509714,1.4212306735926117,0.12021458498048072,-0.06267873434633607,1.3662835898383563,0.10377041719212439,-0.010177661686370893,1.295303757814382,0.16254577016001504,-0.33696608393397554,1.2310560448280234,0.2977247101976382,-0.6108892241258495,1.194171526574141,0.9306836724281311,-19.283010482788086,4.017635822296143,-0.6640378832817078,-0.5735711455345154,-2.480806827545166,101.07582092285156,-47.495792388916016,-678.0172729492188,-134.8619384765625,77.68911743164062,1.046098232269287,-2.062082052230835,24.520214080810547,-2.532764434814453,-3.72209095954895,0.2745448350906372,2.638127565383911
0.1235558639792417,-0.46629045420135096,1.5084520009969244,0.11774461884174915,-0.3227148249449319,1.4297241201463915,0.02063653925248724,-0.5262964936281671,0.067292697875705,0.18020529887139403,-0.5237964944334219,0.9755921628301507,0.002297265803601765,-0.35810070815465306,1.651769499905062,-0.22809278767629965,-0.4256068564803395,1.188551733035915,0.08315655342395732,-0.27952132240825933,1.6957657842446636,-0.16312814903575065,-0.18733527851815257,1.4077748336539364,-0.20335875145646912,-0.3195798320091323,1.298603254438236,0.08349036662191744,-0.5894515020957846,0.08091544226700106,0.09482235930218602,-0.4037978680718024,0.5222983297133288,0.13267667601440125,-0.4992138794715831,0.04986256642254772,-0.14311553034561358,-0.40760749874525515,1.1395521795512824,0.2180422018497985,-0.3695274551972648,0.4793593247994682,0.3292494619524242,-0.6551570221288314,1.0427598258517436,-0.0151256001831976,-0.46493866388371446,1.4650410871632051,0.11624309627820324,-0.44335519497757714,0.5921973341348156,0.051443291223601785,-0.4155331990182005,0.4050300701564511,0.07665993322599803,-0.3469945867330033,0.07753995361904435,-0.14615743750373258,-0.46364796220861526,1.3277580027548683,-0.11825837160380472,-0.23406751384798266,1.3487854919686222,-0.18714752260422865,-0.1943589982804873,1.3140344714486836,0.5962097940855469,-0.23408747271986197,0.3252278489387588,0.42692006581666453,-0.40957725580954396,1.0804585692108861,0.3130844442654919,-0.4951592971947019,1.4113196300355015,0.12424472472722957,-0.4815933161618694,1.6512386127812972,0.35928961555689376,-0.1271894212984881,1.2617273472792265,0.20068769285220975,-0.3963610433190074,1.690912444070475,0.08571250248231636,0.024533186662966847,1.3942759360698675,0.21300621676129222,-0.04116717607572379,1.3140135174555494,0.520152685263299,-0.2779562236457471,0.399303361280075,0.45687934341809605,-0.08171720743574054,0.7361045041621126,0.474355582961973,-0.22366133125017812,0.316293146633944,0.30796178681960956,-0.192304258314979,1.2074840905650561,0.33917611620284077,-0.11385609525323705,0.701513839873257,0.40739722757150004,-0.6035811376097976,1.0730733058310502,0.2548557131100964,-0.3581968518282404,1.5439918033334594,0.47397484724095323,-0.13626367090553637,0.8146218116709728,0.5242330581936615,-0.12199743590410182,0.6025823686296576,0.5318515063911085,-0.13034037920023434,0.19956073145203243,0.3475513758248841,-0.2331839580804307,1.4210996414651933,0.1197093025047258,-0.0631444180840688,1.3662575262271806,0.10319392343625328,-0.010586227759077452,1.2953435474673645,0.16291211861253574,-0.3369634260010246,1.23076525902906,0.2980462804140634,-0.6110049632211395,1.1941091643263961,0.9645637273788452,-19.169755935668945,3.7469613552093506,-0.6096614003181458,-0.5927072763442993,-2.4247562885284424,101.29446411132812,-47.5025520324707,-677.9854736328125,-134.92257690429688,77.72695922851562,1.145585298538208,-2.1184418201446533,24.517105102539062,-2.556387186050415,-3.7706329822540283,0.3194957375526428,2.623837471008301
0.12370217426229786,-0.46624151054794427,1.5081085722572756,0.11790194268652934,-0.3226620034863617,1.4293996143025278,0.02067086427466364,-0.52631045769382,0.06730296761290916,0.18068479790987557,-0.5240832933329589,0.9754542280111881,0.0023724104432753025,-0.35808571265233274,1.651437377298115,-0.22760118413346495,-0.42452316366086734,1.1880574368483183,0.08320341188929334,-0.279485053524671,1.695385501479471,-0.16182774542183279,-0.18664373990321004,1.4074674655270103,-0.20250979477897385,-0.31863846753212,1.2982062703331574,0.08353712343123575,-0.5894526922150164,0.08090051370888751,0.09507967795658585,-0.4040264403879248,0.5223743188262775,0.13272046248447025,-0.49923394289829875,0.04982051430331753,-0.1425057826748747,-0.40674363086555176,1.1391157628289912,0.21827122046063277,-0.36968389637028143,0.47933156526838705,0.3298381742657415,-0.6554054396831437,1.0427361028083901,-0.0150301371244652,-0.4647159231518278,1.4646736180150746,0.11661749787085893,-0.4436028984603503,0.5922555508005698,0.051651886892535824,-0.41576959636827177,0.40511570915283746,0.07664225003774593,-0.34701566176106596,0.07756357252696491,-0.14591626480024383,-0.46297020914144077,1.3273511803308071,-0.11711073466977538,-0.23338212418240428,1.3484099696803566,-0.18582161572693992,-0.1935195823921668,1.313721311408163,0.5952206859920198,-0.23264733919047365,0.32737147186370874,0.4273062694250353,-0.4098646001803954,1.0805281118446628,0.31322681227859284,-0.49505688743480786,1.4111759429735853,0.12427286360881581,-0.48167399632812335,1.650953896590416,0.3590486461654404,-0.12676597191699293,1.2617428188292397,0.20073950766826307,-0.3963320440803932,1.6906201507871514,0.08486442847658468,0.02397051874535862,1.3943810632686742,0.21252152086883191,-0.04126453898625066,1.314001140215539,0.5189925570361662,-0.2766200668665747,0.401290344678803,0.45632222877038237,-0.08071094674878564,0.7383540675340109,0.4732563194158851,-0.22224237688428522,0.3182930229910162,0.30788103722973376,-0.1919237920730714,1.2073795187552243,0.3385902006697181,-0.1129090777098738,0.7037653867772083,0.40790041990035414,-0.6038764061912006,1.0731265438313515,0.2548872611873987,-0.35809849839139457,1.543755326642106,0.4737266478751669,-0.1355579004481139,0.8165137640490437,0.5233887876106413,-0.1210266977968003,0.6046521644915965,0.5308672777864317,-0.12875240806810906,0.20172624761201685,0.3474772115614241,-0.2328748196511474,1.4209686093377751,0.11920402002897089,-0.06361010182180152,1.3662314626160046,0.10261742968038219,-0.010994793831784002,1.2953833371203467,0.16327846706505642,-0.3369607680680736,1.2304744732300967,0.2983678506304886,-0.6111207023164295,1.1940468020786512,1.1141189336776733,-19.12592124938965,3.7886664867401123,-0.6201434135437012,-0.5778355598449707,-2.4006428718566895,100.91757202148438,-47.86569595336914,-677.9154663085938,-135.03103637695312,77.7786865234375,1.231079339981079,-2.0675156116485596,24.514423370361328,-2.488664388656616,-3.7677268981933594,0.3237376809120178,2.620421886444092
0.12384764201297666,-0.46620822643602133,1.507764274710851,0.1180600214823587,-0.32261707135383655,1.4290983700594366,0.020713072492192123,-0.5263358984167212,0.06730063439698408,0.18130709655237512,-0.5244065400780431,0.9753046623918394,0.002510956793850815,-0.35805230405156974,1.6510540511434442,-0.22711353926666525,-0.4234426728147545,1.1875429899487275,0.08327479838140753,-0.2794360327996955,1.695009030253682,-0.1605332833252206,-0.1859798769879815,1.407173605944147,-0.2016951699821365,-0.3177209742219243,1.2977903126091357,0.08357903874473066,-0.5894538823342481,0.08088765031849311,0.0953904212211931,-0.4042712397725377,0.5224247061653643,0.13273887839538373,-0.4991742933033318,0.04972403301604537,-0.14193566380352374,-0.4059126024806736,1.138674301422195,0.2184749035448428,-0.3698028387218122,0.4792996508790957,0.3303967235696237,-0.6556484342016131,1.042708512173583,-0.014930889238634254,-0.4645177682503959,1.4642742272244385,0.11695725929658143,-0.44384332218312267,0.5923078679880559,0.05188804002639078,-0.4159815059789759,0.4051778203012138,0.07662034718110072,-0.3470308022783292,0.07759628062512701,-0.14560946215264844,-0.46233017209744615,1.326877936227432,-0.11596366701437939,-0.23274393734947738,1.3480695079493996,-0.18457443395395154,-0.19270306726954634,1.3134153540560742,0.5941352104114381,-0.23119035151028478,0.3294839718878664,0.42779576995514873,-0.4101065213711846,1.0805918811172839,0.31337664922736336,-0.49497094296461697,1.41102250285496,0.12432073106039439,-0.4817158254171839,1.650661108904327,0.3588182075528909,-0.12636876540468228,1.2617678192277617,0.20078401469829066,-0.39630680733563883,1.6903796495980774,0.08402043050586784,0.023464914442144887,1.3944692907743896,0.21203969764393688,-0.04131089978610838,1.3139947325188592,0.5178210782688975,-0.2752603402003547,0.40328824421427895,0.45577686403366113,-0.07979225863190678,0.7405931071335117,0.47217628872947187,-0.22077985606248807,0.3203099251582922,0.30785710339909356,-0.19152710927243266,1.2072611301150542,0.3380015455926491,-0.11198036116085307,0.7060156725100334,0.4083804487195236,-0.604194529996013,1.0731678707710166,0.25492072904741525,-0.3580052807236349,1.5435272857842857,0.4734831428685725,-0.1348566526904801,0.8183719030279197,0.5225305600671579,-0.12008474592045444,0.6067003943272773,0.5298560040676041,-0.12716830102418436,0.20390466975652616,0.3474277382260127,-0.2325963101639653,1.420816809925812,0.11873656743212252,-0.06402881744484237,1.3661968510671956,0.10200919995442133,-0.011396745105724256,1.2953826852192152,0.16364312694956923,-0.33709271913332656,1.2301754197537504,0.2986947808242002,-0.6112671018830987,1.1940066364427275,1.167967438697815,-19.189510345458984,4.251370906829834,-0.6795675158500671,-0.5468679666519165,-2.4310660362243652,100.30361938476562,-48.394535064697266,-677.9490966796875,-135.23219299316406,77.86234283447266,1.2694283723831177,-1.9322396516799927,24.512001037597656,-2.3218495845794678,-3.7506895065307617,0.29005300998687744,2.621973752975464
0.12399275969738598,-0.4661814487533064,1.5074196161813294,0.11821841395503244,-0.32257541718072447,1.428806790847652,0.020758556121873935,-0.5263661076098878,0.067293064742787,0.18198872742471314,-0.5247449306462775,0.9751502642568374,0.0026758461088151816,-0.35801124493807357,1.6506494502752822,-0.22662753920188014,-0.42236351236602326,1.1870201705702093,0.08335637609591547,-0.2793817137744253,1.6946341426956733,-0.15924128988720723,-0.18532751313108484,1.4068853590662116,-0.20089480983993865,-0.31681339921343404,1.2973664714800601,0.083618942450806,-0.58945507245348,0.0808756449907426,0.09572336203511188,-0.4045227813898333,0.5224644561477055,0.13274675301763394,-0.49908152350921503,0.04960493679275576,-0.14138201041924242,-0.40509521867463133,1.138230743984513,0.21866805989615964,-0.36990620057709167,0.4792660101754776,0.3309427403555011,-0.6558891754868804,1.0426793145817637,-0.01483006878379757,-0.46432982858837835,1.4638615732161415,0.11728262797688806,-0.44408072121688075,0.5923577339838673,0.052135643092853734,-0.41618324110642174,0.40523015579443106,0.07659669108195416,-0.3470434770481476,0.07763276521782607,-0.14527539072545947,-0.46170580579547693,1.3263770943840607,-0.11481683589024655,-0.2321253629611028,1.347743613633099,-0.18335996190739784,-0.1918960672538012,1.3131123893703056,0.5930096948186293,-0.22972636104912947,0.33158354056592015,0.42832818962880315,-0.4103295695505395,1.0806532515990024,0.31352958946630655,-0.4948918397063451,1.4108650104099552,0.12437679559387119,-0.4817415121572697,1.6503649675688208,0.3585921444048155,-0.12598246261970886,1.261796778795735,0.20082548539468784,-0.39628313388058684,1.6901606676594312,0.08317812609899518,0.022983019668855614,1.3945504965766375,0.21155906799218513,-0.041336069568152854,1.3139908051253943,0.5166448834321357,-0.2738908204120516,0.4052906793276995,0.45523638130221145,-0.07890995630118626,0.7428277741796923,0.47110424916081084,-0.21929923368506873,0.3223339014298079,0.30785677611630485,-0.19112368860584222,1.2071370006791804,0.33741175225436293,-0.1110592485461014,0.708265434235137,0.40885085326354237,-0.6045221499851997,1.0732042487488678,0.2549549945636301,-0.3579141969317632,1.543302749955891,0.47324158833516355,-0.1341572840827585,0.8202159927775529,0.5216665335048903,-0.11915475452035074,0.6087396636309214,0.5288334932943054,-0.12558579948169507,0.20608845424671834,0.34738852379732577,-0.23233052678652946,1.4206563818533688,0.11828483288355221,-0.06442801814699015,1.3661586879104968,0.1013877841563809,-0.011795947977360213,1.2953652301371492,0.16400708524596613,-0.33728059928938253,1.2298729311156746,0.29902393805072797,-0.6114262406597074,1.1939756933427015,1.077475905418396,-19.28912925720215,4.615670204162598,-0.6794576644897461,-0.5144966244697571,-2.482367515563965,99.84205627441406,-48.83012771606445,-677.757080078125,-135.44119262695312,77.93641662597656,1.3073590993881226,-1.8947980403900146,24.510839462280273,-2.190340995788574,-3.769902467727661,0.25685176253318787,2.622840642929077
0.12413787738179528,-0.4661546710705915,1.5070749576518079,0.11837680642770615,-0.32253376300761244,1.4285152116358675,0.020804039751555745,-0.5263963168030543,0.0672854950885899,0.18267035829705117,-0.5250833212145117,0.9749958661218353,0.002840735423779545,-0.3579701858245774,1.6502448494071202,-0.22614153913709503,-0.42128435191729213,1.1864973511916912,0.08343795381042342,-0.27932739474915513,1.6942592551376645,-0.15794929644919392,-0.18467514927418818,1.406597112188276,-0.20009444969774082,-0.31590582420494384,1.2969426303509846,0.08365884615688135,-0.5894562625727117,0.08086363966299209,0.09605630284903065,-0.4047743230071289,0.5225042061300467,0.1327546276398842,-0.4989887537150983,0.04948584056946616,-0.14082835703496113,-0.404277834868589,1.137787186546831,0.21886121624747648,-0.3700095624323712,0.47923236947185943,0.33148875714137854,-0.6561299167721477,1.0426501169899443,-0.01472924832896089,-0.46414188892636077,1.4634489192078446,0.11760799665719468,-0.44431812025063877,0.5924075999796785,0.052383246159316686,-0.4163849762338676,0.40528249128764826,0.07657303498280758,-0.347056151817966,0.07766924981052513,-0.14494131929827053,-0.46108143949350777,1.3258762525406895,-0.11367000476611372,-0.23150678857272824,1.3474177193167984,-0.18214548986084417,-0.1910890672380561,1.3128094246845372,0.5918841792258206,-0.22826237058797422,0.333683109243974,0.42886060930245756,-0.4105526177298944,1.0807146220807209,0.31368252970524974,-0.4948127364480732,1.4107075179649504,0.12443286012734799,-0.4817671988973554,1.6500688262333143,0.35836608125674013,-0.12559615983473543,1.2618257383637081,0.200866956091085,-0.3962594604255348,1.6899416857207847,0.08233582169212254,0.022501124895566355,1.3946317023788857,0.21107843834043338,-0.04136123935019733,1.3139868777319295,0.5154686885953739,-0.2725213006237485,0.40729311444112004,0.45469589857076176,-0.07802765397046577,0.7450624412258728,0.47003220959214975,-0.21781861130764943,0.3243578777013235,0.3078564488335161,-0.1907202679392518,1.2070128712433064,0.33682195891607675,-0.11013813593134976,0.7105151959602406,0.4093212578075611,-0.6048497699743864,1.073240626726719,0.2549892600798449,-0.35782311313989146,1.5430782141274964,0.4730000338017546,-0.13345791547503694,0.8220600825271859,0.5208025069426228,-0.11822476312024705,0.6107789329345652,0.5278109825210067,-0.12400329793920582,0.2082722387369105,0.3473493093686388,-0.23206474340909364,1.4204959537809259,0.11783309833498191,-0.06482721884913792,1.366120524753798,0.10076636835834049,-0.01219515084899616,1.2953477750550833,0.16437104354236298,-0.3374684794454385,1.2295704424775988,0.29935309527725573,-0.6115853794363161,1.1939447502426754,1.0448570251464844,-19.311662673950195,4.738855361938477,-0.6538727283477783,-0.48960086703300476,-2.4945333003997803,99.95683288574219,-48.92138671875,-677.4385375976562,-135.57322692871094,77.9823226928711,1.320740818977356,-1.8724181652069092,24.51007652282715,-2.1678271293640137,-3.7608158588409424,0.2690386474132538,2.614762544631958
0.12424454455640142,-0.4661400058115555,1.5068197404311983,0.11851558839248505,-0.3224735679906725,1.4282731952651446,0.020836675237395512,-0.5264161319922138,0.06727909423805625,0.18312693880685907,-0.525297860337409,0.9749029554081279,0.002970289462477287,-0.35793549251674817,1.6499410717692595,-0.22576734418703231,-0.42045656078501253,1.1860868761081569,0.08347978872179196,-0.27928979379057095,1.6939735306019814,-0.15696867787285357,-0.18416210611825748,1.4063730381971953,-0.19945397911383617,-0.3151989007825094,1.2966179705613496,0.08369126047519658,-0.5894520539321647,0.0808549476849125,0.09626917343660696,-0.4049686071592451,0.5225369711190659,0.1327665095889805,-0.4989666826282905,0.049439674564051315,-0.14040406169184785,-0.403640300726259,1.137444480168109,0.21901044158252658,-0.3700870436351031,0.4792091575580717,0.3319019546966679,-0.6563329084819516,1.0426387019110042,-0.01465061840305216,-0.4639921093125217,1.46312631873895,0.11788230148816345,-0.4444986931634265,0.5924341038165503,0.05255900954346585,-0.41653167323166174,0.4053202376065665,0.07655725961193344,-0.3470659184929551,0.07769251405107265,-0.14470520127095923,-0.4605821212691977,1.3254905100295087,-0.11283380408703493,-0.2310330310454037,1.3471654596312945,-0.18124766272819595,-0.1904799115924251,1.3125737775240514,0.5910315097167792,-0.22715793335378567,0.33528441970316775,0.4292170057529645,-0.41075206720671115,1.0807590727379779,0.3137953271040853,-0.4947436932499046,1.4105777706926232,0.12447542776137788,-0.4817656413806195,1.649850883428624,0.35817074094781814,-0.125244162828717,1.2618178249589656,0.2009122393137177,-0.3962149363479867,1.6897137707827108,0.08169781268629808,0.022106152067935435,1.3946952648115474,0.21070055557501238,-0.04135143807441588,1.3139996197049981,0.5145749685582736,-0.27149307846233545,0.40882742977300224,0.4542809578756623,-0.07728304610347117,0.7467935765223787,0.4692118176265268,-0.2167013477262677,0.3259152369388681,0.30785891833092205,-0.19042624520841026,1.2069138989148551,0.33637517009744583,-0.10943549046206555,0.71227712129915,0.40967054507195555,-0.6050802262018848,1.0732577751014407,0.25502667719165223,-0.3577295873832229,1.5428824253034907,0.4728272369267135,-0.1329197652440592,0.8234733428978762,0.5201439811101812,-0.11750386408622693,0.6123653882189302,0.5270162632331153,-0.12279852347707514,0.20993486897933558,0.34732321615250694,-0.23187934659076054,1.420377574811708,0.11747971026609276,-0.06509308027263903,1.3661013685709593,0.10030945993663855,-0.012502999843671814,1.2953385015986614,0.16464028352045065,-0.3375904404663092,1.2293245573312241,0.29956892724858214,-0.6116805262123512,1.1939134731987455,1.1013517379760742,-19.212778091430664,4.735213756561279,-0.654505729675293,-0.4800058901309967,-2.433485746383667,100.30909729003906,-48.96043395996094,-677.1913452148438,-135.68643188476562,78.03495788574219,1.296851634979248,-1.8295516967773438,24.509231567382812,-2.1081480979919434,-3.7081339359283447,0.34474891424179077,2.6043813228607178
0.12433484981194237,-0.46613049477536156,1.5066025833420407,0.11864602546028744,-0.3224054832529548,1.4280522694650866,0.02086384342798334,-0.5264315242009447,0.06727319075078364,0.183487753204952,-0.5254596967176096,0.974836209554546,0.003084807213402001,-0.35790350806239424,1.6496801976336548,-0.22544072588153233,-0.4197357353193081,1.1857242071075944,0.08350471180203735,-0.279259306902917,1.6937257477779262,-0.1561205592376507,-0.18370834836699315,1.4061762718175421,-0.1988815466398435,-0.31457736101371564,1.2963355155970087,0.08372048781999689,-0.589445547947031,0.08084766564286308,0.09643095031084603,-0.40513852643256154,0.5225667637705014,0.13278009678354327,-0.4989746960977845,0.049424542693902326,-0.14003481232369971,-0.4030792983557215,1.1371446891336252,0.2191409728681015,-0.37015351179419764,0.47919038342719045,0.33225863343043044,-0.6565198365426221,1.0426348538588215,-0.014581431255410641,-0.46385856801705644,1.4628420389251204,0.11813487702154166,-0.4446550847481418,0.5924506663091925,0.052704202850034694,-0.41665494974875295,0.40535177576620846,0.0765448377424518,-0.34707444768078277,0.07771015260985356,-0.14451076554146824,-0.46013601499282764,1.3251537459575577,-0.11212978657606422,-0.23062089771427066,1.3469445338312365,-0.1804845781121033,-0.18995494504045968,1.3123667761190048,0.5902949449242345,-0.22620649749277444,0.3366737053883786,0.42949849870425977,-0.4109414746824479,1.0807963234699325,0.31389104244330074,-0.49467893092837556,1.4104598298767546,0.124512252033941,-0.4817524905631084,1.649666216594494,0.357988474187472,-0.12490676402650921,1.2617942209275352,0.20095914488793998,-0.39616153966512113,1.6894820545682845,0.08114673789368561,0.021748167302286785,1.394751319427364,0.21036639488888104,-0.041326755497431915,1.3140194550255277,0.5138014505635824,-0.2706100893336416,0.41016254519784684,0.45391943932369055,-0.07659703162529612,0.7483104429892357,0.4684985097473031,-0.21573870490915728,0.32727403573642505,0.3078625779475597,-0.19017877479065334,1.2068256317384984,0.33598923426590216,-0.10882580973553342,0.7138314566864873,0.40996829306842475,-0.6052693361478136,1.0732667406663199,0.25506543540796695,-0.3576350224925982,1.5426988692473103,0.4726836986297014,-0.13245021857765338,0.8247032716179525,0.5195729023968148,-0.11687194052713597,0.6137591566865808,0.526318476492206,-0.12175448394275659,0.21137573145675342,0.3473027064310794,-0.2317281568188541,1.4202770890779053,0.11716817176302538,-0.06530220157756711,1.366090300462104,0.09992255465380404,-0.0127719748481516,1.2953327096850666,0.1648692178311727,-0.33768435079135645,1.2291027587770627,0.29973653570705694,-0.6117484423498444,1.1938820540510267,1.0835620164871216,-19.12848472595215,4.784614086151123,-0.6790438890457153,-0.49853917956352234,-2.3851943016052246,100.47318267822266,-49.48099899291992,-677.2291259765625,-135.87936401367188,78.11344909667969,1.2628546953201294,-1.8687976598739624,24.50958251953125,-1.8803595304489136,-3.688577175140381,0.41353747248649597,2.6139090061187744
0.12442515506748332,-0.46612098373916766,1.506385426252883,0.11877646252808981,-0.3223373985152371,1.4278313436650283,0.02089101161857117,-0.5264469164096757,0.06726728726351103,0.18384856760304494,-0.5256215330978103,0.974769463700964,0.003199324964326712,-0.3578715236080403,1.64941932349805,-0.22511410757603234,-0.4190149098536037,1.185361538107032,0.08352963488228274,-0.27922882001526306,1.693477964953871,-0.15527244060244783,-0.18325459061572885,1.4059795054378887,-0.19830911416585084,-0.31395582124492194,1.296053060632668,0.08374971516479719,-0.5894390419618973,0.08084038360081366,0.09659272718508512,-0.40530844570587804,0.5225965564219367,0.132793683978106,-0.4989827095672784,0.04940941082375334,-0.1396655629555516,-0.40251829598518396,1.1368448980991415,0.21927150415367638,-0.3702199799532922,0.47917160929630925,0.33261531216419293,-0.6567067646032927,1.0426310058066388,-0.014512244107769124,-0.4637250267215912,1.4625577591112908,0.11838745255491986,-0.4448114763328571,0.5924672288018347,0.05284939615660353,-0.41677822626584415,0.4053833139258505,0.07653241587297016,-0.3470829768686105,0.07772779116863447,-0.14431632981197723,-0.4596899087164576,1.3248169818856068,-0.11142576906509354,-0.23020876438313762,1.3467236080311782,-0.17972149349601063,-0.18942997848849424,1.3121597747139584,0.5895583801316899,-0.22525506163176323,0.33806299107358945,0.42977999165555497,-0.41113088215818466,1.080833574201887,0.3139867577825161,-0.49461416860684654,1.4103418890608856,0.12454907630650412,-0.48173933974559735,1.6494815497603637,0.3578062074271259,-0.12456936522430143,1.2617706168961051,0.20100605046216224,-0.39610814298225555,1.6892503383538582,0.08059566310107313,0.021390182536638144,1.3948073740431806,0.2100322342027497,-0.04130207292044794,1.3140392903460572,0.5130279325688911,-0.2697271002049478,0.41149766062269144,0.4535579207717188,-0.07591101714712106,0.7498273094560927,0.46778520186807937,-0.2147760620920469,0.3286328345339819,0.30786623756419745,-0.18993130437289643,1.206737364562142,0.33560329843435854,-0.10821612900900131,0.7153857920738246,0.41026604106489395,-0.6054584460937424,1.0732757062311993,0.2551041936242817,-0.35754045760197356,1.5425153131911298,0.4725401603326892,-0.13198067191124752,0.8259332003380289,0.5190018236834482,-0.11624001696804502,0.6151529251542313,0.5256206897512966,-0.12071044440843808,0.21281659393417124,0.3472821967096518,-0.23157696704694766,1.4201766033441026,0.11685663325995799,-0.06551132288249517,1.3660792323532482,0.09953564937096954,-0.01304094985263138,1.2953269177714721,0.16509815214189472,-0.33777826111640363,1.2288809602229012,0.2999041441655317,-0.6118163584873376,1.1938506349033078,1.0403339862823486,-19.144756317138672,4.9105682373046875,-0.7074754238128662,-0.5314998626708984,-2.423673152923584,100.24482727050781,-50.3332405090332,-677.42822265625,-136.11033630371094,78.17860412597656,1.266984224319458,-1.9751856327056885,24.513874053955078,-1.6343756914138794,-3.71347713470459,0.4039064943790436,2.640660285949707
0.12455457759811389,-0.4660817138011882,1.5060972014799814,0.11894644515601215,-0.3222992384670586,1.4275115254699,0.020920755995425165,-0.5264650993789268,0.06726524179542301,0.18441191246572708,-0.5258387978503246,0.9746267732405505,0.0033158419903565103,-0.3578260481752307,1.6490519583619982,-0.22465603339751036,-0.4180408435941532,1.1848715441116435,0.0836105959502277,-0.2791903822232556,1.6931397449101833,-0.15417320878300447,-0.18265596545295212,1.4057226133662344,-0.19755599721772782,-0.31312898788231097,1.2956617383767437,0.08378857028800131,-0.5894315550658876,0.08082981170802717,0.09679857597051077,-0.40551218568094516,0.5226403166916197,0.13280714337794197,-0.4989796221650989,0.04937632379448967,-0.13915682737006257,-0.4017456862705433,1.1364161241922948,0.2194538406583647,-0.3703004364541035,0.4791456026746737,0.3330524946680132,-0.6569017195543706,1.042611076342349,-0.014408197278613288,-0.463525957816484,1.4621470108726957,0.11870601852208573,-0.44501696872395397,0.592476607158484,0.05303187875558209,-0.41695728345422556,0.405435630817287,0.07651548319502383,-0.34708779655544963,0.07775796915324318,-0.14408325517414422,-0.4591030486372133,1.3243366456189694,-0.11046564574075853,-0.22965342842585204,1.346444463098286,-0.17862387337037272,-0.1887318708051909,1.3118688847055497,0.5885632693372815,-0.22395004193909124,0.3399746946941148,0.4302816023889756,-0.411167771808359,1.0809531385535436,0.31412320164655216,-0.4945115030601325,1.4101844354970565,0.12461276682994224,-0.48170480230786156,1.6491934313679373,0.35761512628454245,-0.12412026519609604,1.2617339156321343,0.20108782327333033,-0.3960425816229637,1.688913733753937,0.07985631386373218,0.020878811718414964,1.3948745640697857,0.2095350350765203,-0.0413562042873032,1.3140610045944618,0.5120191617517282,-0.2685119207726409,0.4133098441243961,0.45309913316309847,-0.0750976483158718,0.7518749177850634,0.4668054178061075,-0.213504719023673,0.330491421238476,0.3078563094928565,-0.18958883066445786,1.2066183161261856,0.3350741150758125,-0.10742911755643934,0.7174480596914986,0.41066711627884417,-0.6057176151812471,1.0732872967688454,0.25517047260770737,-0.3574237393227634,1.5422580644784385,0.4723686246287744,-0.1313334871206852,0.827643236577116,0.518259555298761,-0.11534278637526053,0.6170936964995024,0.5246803140798152,-0.11932864686511213,0.21477459331616655,0.3472572797971056,-0.23135289283382973,1.4200513047098324,0.11645979350371077,-0.06584061785841619,1.3660207489468403,0.09901744709504362,-0.013375593861256602,1.2952982195165774,0.16546991951023504,-0.33794900715745835,1.2285926531482216,0.3001680545854253,-0.6119450220209084,1.1937812503599963,1.1326407194137573,-19.243894577026367,4.915231227874756,-0.6968123316764832,-0.5200656056404114,-2.501945972442627,100.02012634277344,-51.192684173583984,-677.878173828125,-136.42945861816406,78.27030181884766,1.2830463647842407,-2.0169785022735596,24.51485252380371,-1.7030792236328125,-3.7040727138519287,0.3574824035167694,2.6503071784973145
0.12470104408431922,-0.4660294774845736,1.5057780115020196,0.11913365834941532,-0.3222741170336079,1.4271486184454911,0.020951622853437993,-0.5264844983224047,0.06726487732140829,0.1850635027451231,-0.5260802135364899,0.9744509926300176,0.0034332301291106694,-0.3577746945303797,1.6486381935757517,-0.22414068201717163,-0.416956436703142,1.1843260727970806,0.08371597356995604,-0.2791484801086369,1.6927621200779417,-0.15296456336185632,-0.18199421948944497,1.4054395236716366,-0.19672415346301944,-0.3122127051681083,1.2952229810866298,0.08383162037179565,-0.5894236407729964,0.08081780638027665,0.09702362751723914,-0.40573066181891804,0.5226901628521105,0.1328205470957898,-0.4989716979545473,0.04933541344589745,-0.13858731564701787,-0.4008808762131148,1.1359311506053469,0.21965874943709532,-0.3703869878752342,0.4791164447534953,0.3335247538145015,-0.6571001719362688,1.04258413997707,-0.01428896158822621,-0.463298337595747,1.4616811585347385,0.11905333746397337,-0.4452438550378313,0.5924828552844509,0.053230608831967736,-0.41716064507795486,0.40549700129900546,0.07649658509338929,-0.34709099995971515,0.07779361074481973,-0.14383334501196218,-0.45845486011528813,1.3237937528960753,-0.10939393345488618,-0.2290356970386,1.3461399512575163,-0.17738049134414718,-0.1879583230575189,1.3115414432342478,0.5874555063563467,-0.222490960719767,0.3421140232721701,0.43087912158460806,-0.4111382072631097,1.0811085681252133,0.31427739151068873,-0.4943923225367306,1.4100097656644732,0.12468816336269016,-0.4816609464141707,1.6488602376536818,0.3574202045896985,-0.12362249534799169,1.261691507716842,0.20118478823773908,-0.39597171994037184,1.6885314277860504,0.07903493076118807,0.020300608405855715,1.3949466059539493,0.20896679777281962,-0.0414446760154027,1.3140835375185833,0.5109078879190596,-0.2671520012794741,0.4153298930024469,0.45259796403693836,-0.07422878937364019,0.754153777925384,0.4657095262645096,-0.21209887084581994,0.33256777267385,0.30784046107175334,-0.18920496266507944,1.2064858558556892,0.3344825167233581,-0.10656484057325007,0.7197316406381051,0.41111321263755396,-0.6060073100375813,1.0733000310446252,0.25524874278251697,-0.35729736849566957,1.5419687068225532,0.4721848900547091,-0.13060890286174043,0.8295624625209151,0.5174426971287127,-0.11432995771779525,0.6192728048128797,0.5236342389457274,-0.1177996833321472,0.21695791663515646,0.3472304426084291,-0.2310970618284696,1.4199151947403585,0.11602578677286375,-0.06622227421955557,1.3659416060179275,0.09844203684355644,-0.013738850793116632,1.2952595406415446,0.16590392128225193,-0.3381532316176307,1.228275367361031,0.30047392514565135,-0.6121001540627701,1.1936953237514623,1.2888355255126953,-19.3198299407959,4.792778968811035,-0.6558327078819275,-0.46877941489219666,-2.530597686767578,100.19548797607422,-51.476158142089844,-678.19287109375,-136.6787872314453,78.34526062011719,1.2732659578323364,-2.006533622741699,24.52366065979004,-2.1314501762390137,-3.6582019329071045,0.30214592814445496,2.6497912406921387
0.12484751057052454,-0.465977241167959,1.5054588215240579,0.1193208715428185,-0.32224899560015724,1.4267857114210825,0.02098248971145082,-0.5265038972658826,0.06726451284739356,0.1857150930245191,-0.5263216292226551,0.9742752120194845,0.003550618267864826,-0.35772334088552865,1.6482244287895051,-0.2236253306368329,-0.41587202981213073,1.1837806014825176,0.0838213511896844,-0.2791065779940182,1.6923844952457,-0.1517559179407082,-0.18133247352593782,1.4051564339770386,-0.1958923097083111,-0.3112964224539056,1.2947842237965161,0.08387467045559,-0.5894157264801051,0.08080580105252613,0.09724867906396752,-0.40594913795689086,0.5227400090126012,0.13283395081363766,-0.49896377374399575,0.04929450309730524,-0.1380178039239732,-0.4000160661556863,1.1354461770183992,0.21986365821582593,-0.37047353929636495,0.4790872868323168,0.3339970129609897,-0.6572986243181671,1.0425572036117907,-0.014169725897839134,-0.46307071737501004,1.4612153061967812,0.119400656405861,-0.44547074135170867,0.5924891034104177,0.053429338908353385,-0.41736400670168416,0.4055583717807239,0.07647768699175475,-0.34709420336398067,0.07782925233639629,-0.14358343484978012,-0.4578066715933629,1.3232508601731812,-0.10832222116901387,-0.22841796565134795,1.3458354394167464,-0.17613710931792165,-0.1871847753098469,1.311214001762946,0.5863477433754118,-0.2210318795004428,0.34425335185022543,0.4314766407802405,-0.4111086427178604,1.0812639976968828,0.31443158137482524,-0.4942731420133288,1.40983509583189,0.12476355989543807,-0.4816170905204798,1.6485270439394262,0.3572252828948545,-0.12312472549988734,1.26164909980155,0.20128175320214783,-0.39590085825778,1.6881491218181635,0.07821354765864398,0.01972240509329648,1.3950186478381126,0.20839856046911898,-0.0415331477435022,1.314106070442705,0.5097966140863911,-0.2657920817863073,0.4173499418804977,0.45209679491077825,-0.07335993043140861,0.7564326380657044,0.4646136347229118,-0.21069302266796694,0.33464412410922395,0.30782461265065025,-0.18882109466570104,1.2063533955851928,0.33389091837090373,-0.1057005635900608,0.7220152215847117,0.4115593089962637,-0.6062970048939156,1.0733127653204053,0.2553270129573266,-0.3571709976685758,1.541679349166668,0.47200115548064375,-0.12988431860279565,0.8314816884647142,0.5166258389586644,-0.11331712906033,0.621451913126257,0.5225881638116394,-0.1162707197991823,0.2191412399541463,0.3472036054197526,-0.23084123082310948,1.4197790847708847,0.11559178004201674,-0.06660393058069494,1.3658624630890146,0.09786662659206928,-0.014102107724976654,1.295220861766512,0.1663379230542688,-0.33835745607780304,1.22795808157384,0.3007797957058774,-0.6122552861046318,1.1936093971429282,1.3208450078964233,-19.257061004638672,4.519001483917236,-0.6082736253738403,-0.4266490936279297,-2.466909646987915,100.6312484741211,-51.598262786865234,-678.5711669921875,-136.92425537109375,78.44377136230469,1.240839958190918,-1.9530231952667236,24.578153610229492,-2.537641763687134,-3.6436474323272705,0.24694375693798065,2.6496481895446777
0.12499541047935848,-0.4659065418192093,1.5051439935403155,0.11950033122291233,-0.32221940929526527,1.4264248893750424,0.02102440986967343,-0.5265073708153718,0.0672897407970089,0.1862540841842724,-0.5265282038229191,0.9741094585088704,0.003659063000355333,-0.35767455917123137,1.647808194949927,-0.22312299665433682,-0.41480327397584915,1.1832316186254388,0.08391204994443237,-0.2790578036809599,1.6919781745269598,-0.1505109945817894,-0.18065592010092263,1.4048341137683944,-0.19506627851665417,-0.3103901874150662,1.2943430797548483,0.0839144696191644,-0.5894121878983959,0.08079292469762808,0.09746233009986136,-0.4061570657503526,0.5227939153941262,0.1328489834208362,-0.49894395692656374,0.049253872231833196,-0.1374293902259789,-0.3992100812938829,1.1349728628499618,0.22009163892624395,-0.3705678888109346,0.4790448440325181,0.3344953069031633,-0.6575470064452152,1.042537153161914,-0.014047112190997267,-0.4628050805914481,1.4607497007641572,0.11973382458584197,-0.44569092692918333,0.592501071509936,0.053627769783484616,-0.4175708524340036,0.40561252028144745,0.0764536021635035,-0.3471074407266465,0.077859669479708,-0.14332187212756928,-0.4571319133141972,1.322732712851455,-0.10728605810725533,-0.22784212586895522,1.3455589101804013,-0.1748937410086591,-0.18636349938957897,1.31089597012823,0.5852429844093638,-0.2196402651634043,0.3464145727011541,0.43213553652660736,-0.4110904083840105,1.0814108953175956,0.3146001260406924,-0.49414250096737944,1.4096522506893865,0.12486058464952257,-0.4815771302442677,1.6481632888317108,0.3570396613008929,-0.12263615287544317,1.261606335245221,0.20137906109063042,-0.39586197081583224,1.6877681601126462,0.07742557393399296,0.01913807715677861,1.3950773842682112,0.20787899094997653,-0.041636309481614474,1.3140933507720367,0.5087196052271798,-0.26444920561960994,0.4193903535900526,0.4516030878124648,-0.07256835285845578,0.7586869859932274,0.4635226607125327,-0.20928513409187466,0.3367053868853493,0.30781036911421267,-0.18842668860953377,1.2061943792744187,0.3333633165091079,-0.10485688091212553,0.7243473742971357,0.41201656410433596,-0.6065640941953028,1.0732999860450922,0.2554102966820957,-0.35703012801164036,1.5413997854223314,0.4717995888547392,-0.12923428946674265,0.8334281288630125,0.5158715850075349,-0.11240608026797805,0.6235973188616581,0.521587766164186,-0.11480563959193153,0.22126197962966182,0.3471845251736262,-0.23054135807894713,1.4196221798855737,0.11515936276425195,-0.06703569157826189,1.365738602860874,0.09728107950495964,-0.014485595676899936,1.2951804545541472,0.16682548956661825,-0.33856823724626706,1.2276821112790646,0.301090940438359,-0.6124218306596706,1.1935203430668408,1.175153374671936,-19.173696517944336,4.127687454223633,-0.5849762558937073,-0.4723588824272156,-2.402871608734131,101.08088684082031,-52.148433685302734,-679.404052734375,-137.19851684570312,78.60618591308594,1.1710530519485474,-1.903175711631775,24.62420082092285,-2.652432918548584,-3.668017625808716,0.2276986837387085,2.649099349975586
0.12514394975655915,-0.4658276071611619,1.5048311111942823,0.11967633250138618,-0.3221878314649822,1.4260649973193542,0.021071260276910486,-0.5265037409517149,0.06732638407227219,0.18674285127627138,-0.5267192377949392,0.9739481775176446,0.003763518587605941,-0.35762692464897966,1.647390859805985,-0.22262646899318064,-0.41374149918556213,1.1826810694688203,0.08399620129177902,-0.2790059640707559,1.6915590542041703,-0.1492498896966707,-0.17997276190890382,1.404494295057082,-0.19424283997902017,-0.30948843407315135,1.2939008711189623,0.08395281873199324,-0.5894106010727534,0.08077965982702394,0.09767089601581459,-0.4063602885268382,0.5228496328094937,0.13286474258299694,-0.49891883549311306,0.04921336602789677,-0.13683254543124446,-0.3984303350085454,1.1345047492854643,0.22032991071410526,-0.3706657166117864,0.4789964756034068,0.3350052134880167,-0.6578176593938411,1.042520174127541,-0.013922991743002901,-0.46252248677986346,1.4602842054619694,0.12006068091518832,-0.445908123688982,0.5925155909645636,0.05382606720194122,-0.4177792522291474,0.40566344746690713,0.07642720383129373,-0.34712515366787944,0.07788775629357786,-0.14305511186059738,-0.4564453037764063,1.3222256030467963,-0.1062657515339504,-0.22728497155060043,1.345294862393512,-0.17365037881775408,-0.18552093464412436,1.3105821356868113,0.584139565363625,-0.2182787439681047,0.34858555845077466,0.4328218088639493,-0.4110772278135186,1.0815539873198958,0.3147750735677631,-0.4940067480336751,1.4094657590057675,0.12496725652391548,-0.4815389075816072,1.6477859020233154,0.35685818795336793,-0.1221516826097539,1.2615634116115948,0.2014765219380524,-0.3958373452653948,1.6873877980061713,0.07665250223401367,0.018551017373602915,1.3951301858914609,0.20738112936351474,-0.041746023598293595,1.3140649069223973,0.5076578800251942,-0.2631139315122011,0.4214398480014296,0.45111270910067275,-0.07181124611208771,0.7609304004157615,0.46243388013334463,-0.20787633541009284,0.33875991946814077,0.3077968414256115,-0.1880275821251585,1.2060235178233771,0.3328642598445842,-0.1040223841832963,0.7267011921137374,0.41247879649629654,-0.6068211004434042,1.0732758266246871,0.25549581666655885,-0.3568827912507468,1.5411245901853043,0.4715900683639855,-0.12861751513370615,0.8353867080827423,0.5151452552403836,-0.11154042968884209,0.6257276917924944,0.5206077426474616,-0.11336905410550288,0.2233548042987356,0.34716890485870916,-0.23022184081819674,1.419455999570177,0.1147276544511713,-0.06748980140646561,1.3655947967870345,0.09669101095160113,-0.014878107537052881,1.295139276428728,0.16733694826530304,-0.33878194298965253,1.2274245694773087,0.3014044376793287,-0.6125934656882128,1.193429894005226,1.0538767576217651,-19.19537925720215,3.8630881309509277,-0.5983108878135681,-0.5810683965682983,-2.4129066467285156,101.30741882324219,-52.943389892578125,-680.4804077148438,-137.4461669921875,78.75421142578125,1.1015808582305908,-1.945505142211914,24.585668563842773,-2.477055072784424,-3.7107434272766113,0.263301819562912,2.649945020675659
0.12529248903375984,-0.4657486725031145,1.5045182288482488,0.11985233377986002,-0.32215625363469913,1.4257051052636658,0.021118110684147536,-0.526500111088058,0.06736302734753549,0.18723161836827037,-0.5269102717669595,0.9737868965264188,0.003867974174856546,-0.3575792901267279,1.6469735246620432,-0.22212994133202446,-0.4126797243952751,1.182130520312202,0.08408035263912567,-0.2789541244605519,1.6911399338813806,-0.147988784811552,-0.17928960371688502,1.4041544763457696,-0.19341940144138622,-0.3085866807312366,1.2934586624830764,0.08399116784482208,-0.5894090142471111,0.0807663949564198,0.09787946193176784,-0.4065635113033238,0.5229053502248613,0.1328805017451577,-0.4988937140596623,0.049172859823960344,-0.13623570063651003,-0.39765058872320797,1.1340366357209666,0.22056818250196658,-0.3707635444126382,0.4789481071742955,0.33551512007287004,-0.6580883123424669,1.0425031950931676,-0.01379887129500854,-0.46223989296827883,1.4598187101597817,0.12038753724453465,-0.44612532044878067,0.5925301104191912,0.054024364620397815,-0.4179876520242912,0.40571437465236676,0.07640080549908394,-0.3471428666091123,0.07791584310744772,-0.14278835159362546,-0.45575869423861537,1.3217184932421375,-0.1052454449606455,-0.22672781723224564,1.3450308146066223,-0.1724070166268491,-0.1846783698986698,1.3102683012453926,0.5830361463178863,-0.21691722277280512,0.3507565442003951,0.43350808120129125,-0.4110640472430267,1.081697079322196,0.3149500210948338,-0.49387099509997084,1.4092792673221488,0.1250739283983084,-0.48150068491894676,1.64740851521492,0.356676714605843,-0.12166721234406462,1.261520487977969,0.2015739827854744,-0.39581271971495735,1.6870074358996967,0.07587943053403438,0.01796395759042723,1.3951829875147106,0.20688326777705293,-0.04185573771497272,1.314036463072758,0.5065961548232085,-0.2617786574047922,0.4234893424128065,0.4506223303888807,-0.07105413936571965,0.7631738148382957,0.46134509955415665,-0.20646753672831109,0.3408144520509322,0.30778331373701034,-0.18762847564078325,1.2058526563723355,0.33236520318006046,-0.10318788745446711,0.729055009930339,0.4129410288882571,-0.6070781066915057,1.0732516672042822,0.25558133665102206,-0.3567354544898532,1.5408493949482773,0.47138054787323175,-0.12800074080066967,0.8373452873024719,0.5144189254732322,-0.11067477910970616,0.6278580647233306,0.5196277191307371,-0.11193246861907427,0.22544762896780934,0.34715328454379213,-0.22990232355744633,1.4192898192547805,0.11429594613809065,-0.06794391123466934,1.3654509907131953,0.09610094239824261,-0.01527061939720582,1.2950980983033085,0.16784840696398784,-0.338995648733038,1.2271670276755529,0.30171793492029836,-0.612765100716755,1.1933394449436112,1.1347545385360718,-19.244972229003906,4.128000736236572,-0.6367320418357849,-0.5908056497573853,-2.4634768962860107,101.51036071777344,-53.61979293823242,-681.616943359375,-137.8214874267578,78.89644622802734,1.0781835317611694,-2.0064516067504883,24.523191452026367,-2.2899718284606934,-3.714709758758545,0.30520904064178467,2.650113105773926
0.1254191624605103,-0.46575884905871967,1.504199327222559,0.12003582681449043,-0.32209238686308955,1.4253671658749612,0.021149537963977713,-0.5265081112353217,0.0673878380399666,0.1878615899985989,-0.5271384836427423,0.97360012211547,0.003978472394985916,-0.35754305410464077,1.6465850330346468,-0.22162844980789337,-0.41161426586031125,1.181586644112669,0.08415449965769882,-0.27889994250622807,1.6907448089675399,-0.1467320820353679,-0.17863548991103836,1.403830591021784,-0.1925909547813681,-0.30773053500826,1.2929877465134425,0.08402791510749337,-0.5894080674806178,0.08074878925914007,0.09813111608490249,-0.40678634440267325,0.5229371130861193,0.1329036420149519,-0.4988886114974685,0.049142772455187826,-0.13561694743420116,-0.39681566797739626,1.1335717905436131,0.2207938369536242,-0.37085017798752185,0.4789090400302647,0.3360281724803495,-0.6583699143880251,1.0424631739294292,-0.013691333230486179,-0.4620057461869638,1.4593659070943366,0.12069572291232102,-0.4463377099558218,0.5925427914060504,0.05420301511686369,-0.41817958731919724,0.40576255775445347,0.07637452121996721,-0.3471561876551205,0.07793999253618007,-0.14247833967011497,-0.45507346014708083,1.3211883413081138,-0.10426187880386582,-0.22618324620439517,1.3446981034531498,-0.1712786335720132,-0.18388236605173705,1.3099552294276409,0.5819472171218191,-0.21545480714728504,0.35287621627185517,0.4338124084551603,-0.41159212520185684,1.0816568692788382,0.31513663267852454,-0.4937411593088251,1.4090820444340737,0.12519115614180534,-0.4814560412373764,1.6470402254174088,0.35646705141920126,-0.12116485617018695,1.2614817860110705,0.20165926208164517,-0.3957856633015816,1.686684461224158,0.07513580495948036,0.017387360476253454,1.3952235326861704,0.2064029329166507,-0.04187466642073053,1.3140101709113217,0.505535696121241,-0.2604428589936124,0.4255330490552826,0.45016148972590236,-0.0702505432167985,0.765495507132928,0.4602729196580041,-0.20506616000900207,0.3428942737792501,0.30778007465877283,-0.18720389616410466,1.2056823941256036,0.3318996134380631,-0.10238084517764731,0.731378064052948,0.4134037855839887,-0.6073569158055135,1.0732159594826352,0.2556690015145485,-0.3565800693256176,1.540574853388679,0.4711849316461197,-0.12740583742493827,0.8392780326454844,0.5136337919740488,-0.10975216667087664,0.6300348351333315,0.5186058738768495,-0.1104623123707361,0.2275530879959365,0.3471419403687218,-0.2295631721418425,1.4191075148961403,0.11383971981457527,-0.06835594568524929,1.3653392420699264,0.09555127587638156,-0.015631757506989676,1.2950476325110885,0.16840239214581368,-0.3391781277609187,1.226799586356081,0.3020690254225636,-0.61291732969663,1.193244175010959,1.217380166053772,-19.25157356262207,4.577615737915039,-0.6517645120620728,-0.5132591724395752,-2.489178419113159,101.77102661132812,-53.78946304321289,-682.447509765625,-138.1880340576172,79.02510070800781,1.097655177116394,-1.9797059297561646,24.506500244140625,-2.172997236251831,-3.6900439262390137,0.3399767577648163,2.639716148376465
0.1255358536511857,-0.46580970682055745,1.5038776776648515,0.1202227399986706,-0.3220137794878309,1.4250392483559666,0.021173924250861273,-0.5265214207353971,0.06740724690110478,0.18855602457033876,-0.5273836680398082,0.9734017094042128,0.004091729208386028,-0.3575120217456723,1.6462097090995864,-0.22112469217240416,-0.41054712561582096,1.1810458142631102,0.08422407948270144,-0.27884469122089295,1.6903606384795233,-0.14547738891761036,-0.17799463549887898,1.4035139796354912,-0.19176022180460936,-0.30689521015479865,1.2925037250218803,0.08406393109074492,-0.5894074129150403,0.08072920188011713,0.09840244095501126,-0.4070181300407214,0.5229579401726754,0.13293015192083965,-0.4988926479851963,0.049117441511164046,-0.1349881925675648,-0.39595555889093326,1.1331084374560425,0.22101373131701488,-0.3709317011548983,0.47887421912507505,0.3365426610242452,-0.6586565149343566,1.04241263353272,-0.013591365384505383,-0.46179371652816303,1.4589188983108823,0.12099538501722133,-0.4465479048474735,0.5925546330924065,0.0543726963663338,-0.4183640062118208,0.40580948812282636,0.07634828900856687,-0.3471675037054826,0.0779623444630018,-0.14214858242514117,-0.4543888539766634,1.320647670141119,-0.10329508544593458,-0.2256444197222097,1.3443340459801503,-0.17020274099233926,-0.183107618267173,1.3096425057641718,0.5808649028571237,-0.21394633102101207,0.3549724625337203,0.43394236947526993,-0.4123672994458123,1.0815329778668106,0.3153285691576288,-0.49361402482189093,1.4088799225178776,0.1253132028690237,-0.48140846622108624,1.646676088603127,0.35624451895818016,-0.12065433469039716,1.2614450113268088,0.20173898023485348,-0.3957574971464296,1.6863876851583948,0.07440562218131609,0.01681553979792836,1.3952584825209435,0.20593059938771047,-0.04185214961280689,1.313984861042326,0.5044758156040646,-0.25910682122636314,0.4275741134554345,0.449714133824339,-0.06942572364497264,0.7678529349778661,0.45920831833454157,-0.2036681715769089,0.34498564055226494,0.3077815325548317,-0.18676768771267885,1.2055124054286654,0.3314493020737408,-0.10158633645500569,0.7336870738804735,0.41386678163578966,-0.6076456784017829,1.073174979710421,0.2557576455619951,-0.3564210098902911,1.5403006102470373,0.47099566301762663,-0.12682091861667222,0.8411989842621695,0.5128218132928507,-0.10880354990479568,0.6322327870012119,0.5175649360907788,-0.10897683033978703,0.22966431488363157,0.34713254834445106,-0.2292150573077186,1.4189178495612365,0.11337230048629622,-0.06874877181126186,1.3652421283406138,0.0950200537602041,-0.015978572817692,1.294992926697068,0.1689757915916822,-0.3393463511143299,1.2263819735176515,0.30243727806585513,-0.6130606993934177,1.1931467042458768,1.116852045059204,-19.244213104248047,4.653161525726318,-0.6320380568504333,-0.5052849054336548,-2.488847255706787,102.24394226074219,-53.875850677490234,-683.401123046875,-138.52687072753906,79.18372344970703,1.083402156829834,-1.8808413743972778,24.540802001953125,-2.1712472438812256,-3.684424877166748,0.3255160450935364,2.6244704723358154
0.12565254484186109,-0.4658605645823952,1.5035560281071443,0.12040965318285077,-0.3219351721125723,1.4247113308369719,0.021198310537744833,-0.5265347302354724,0.06742665576224295,0.1892504591420786,-0.5276288524368741,0.9732032966929556,0.004204986021786137,-0.3574809893867038,1.645834385164526,-0.22062093453691495,-0.40947998537133073,1.1805049844135511,0.08429365930770406,-0.2787894399355579,1.6899764679915068,-0.14422269579985286,-0.1773537810867196,1.4031973682491985,-0.19092948882785066,-0.3060598853013373,1.2920197035303178,0.08409994707399646,-0.5894067583494629,0.08070961450109419,0.09867376582512002,-0.40724991567876956,0.5229787672592314,0.1329566618267274,-0.498896684472924,0.04909211056714027,-0.13435943770092845,-0.39509544980447026,1.132645084368472,0.22123362568040558,-0.3710132243222748,0.4788393982198854,0.33705714956814087,-0.6589431154806882,1.0423620931360105,-0.013491397538524592,-0.46158168686936235,1.4584718895274282,0.12129504712212165,-0.4467580997391252,0.5925664747787627,0.05454237761580391,-0.4185484251044444,0.4058564184911993,0.07632205679716654,-0.34717881975584475,0.07798469638982355,-0.1418188251801674,-0.4537042478062459,1.3201069989741243,-0.10232829208800336,-0.22510559324002424,1.3439699885071508,-0.16912684841266531,-0.182332870482609,1.3093297821007028,0.5797825885924283,-0.21243785489473913,0.35706870879558533,0.43407233049537963,-0.4131424736897677,1.081409086454783,0.3155205056367331,-0.4934868903349567,1.4086778006016814,0.12543524959624208,-0.4813608912047961,1.6463119517888454,0.35602198649715905,-0.12014381321060737,1.261408236642547,0.20181869838806177,-0.3957293309912776,1.6860909090926315,0.07367543940315184,0.01624371911960328,1.3952934323557165,0.20545826585877022,-0.041829632804883235,1.3139595511733302,0.5034159350868882,-0.2577707834591139,0.42961517785558634,0.4492667779227756,-0.0686009040731468,0.7702103628228042,0.4581437170110791,-0.20227018314481574,0.34707700732527974,0.30778299045089064,-0.18633147926125307,1.205342416731727,0.3309989907094185,-0.10079182773236409,0.7359960837079988,0.41432977768759066,-0.6079344409980522,1.073133999938207,0.25584628960944167,-0.35626195045496456,1.5400263671053955,0.4708063943891336,-0.12623599980840622,0.8431199358788547,0.5120098346116527,-0.10785493313871473,0.6344307388690923,0.5165239983047081,-0.10749134830883798,0.23177554177132662,0.3471231563201803,-0.2288669424735947,1.4187281842263328,0.11290488115801717,-0.06914159793727445,1.365145014611301,0.09448883164402666,-0.01632538812839432,1.2949382208830473,0.16954919103755067,-0.3395145744677411,1.2259643606792223,0.3028055307091467,-0.6132040690902053,1.1930492334807945,1.0083794593811035,-19.192916870117188,4.572854042053223,-0.6129955053329468,-0.5317320823669434,-2.475613832473755,102.90699768066406,-54.225257873535156,-684.8568115234375,-138.9353485107422,79.37861633300781,1.035394310951233,-1.8244600296020508,24.601686477661133,-2.0990374088287354,-3.689222574234009,0.27673134207725525,2.6257293224334717
0.12580206837283064,-0.4658850320917092,1.5032267264577726,0.12062537324744345,-0.3218471145393043,1.4243163561189411,0.02122013486107651,-0.5265500406358415,0.06743301821268158,0.18984173919191424,-0.5278167137444414,0.9729961908810976,0.004285031893376927,-0.3574364441909537,1.6454385655210508,-0.220112076633616,-0.40843572704405184,1.1799562861587827,0.08438764538443247,-0.27874697142878907,1.6895652312711376,-0.14304381381991682,-0.1767382083201645,1.4028934112053044,-0.19013182816422539,-0.30519271503813217,1.291565722582356,0.08413969784580319,-0.5894015071210482,0.08069146526915742,0.0989303340555619,-0.4074623142153222,0.5229971743379997,0.13297075736305572,-0.49889152087517924,0.0490572415477294,-0.13375824591181926,-0.394282666065835,1.1321800548509258,0.22140565391210532,-0.3710515050599907,0.47879532991063517,0.3375892406267836,-0.6591640243072383,1.0422693986371654,-0.013372190039148493,-0.4613968315996871,1.4579670168706123,0.12161721766537784,-0.44695723560077466,0.5925914575129945,0.05471937296702372,-0.41873096477314337,0.4059058702643344,0.07629481061602271,-0.34718830390087024,0.07800587042179329,-0.14154278805220363,-0.4530071968471767,1.319544209747125,-0.10129891144765528,-0.22453309620255665,1.3436010639793825,-0.16800816292991702,-0.1815967515653727,1.3090022139201891,0.5787137263263298,-0.21103280030240287,0.3591478933265667,0.4343738213970961,-0.4135890068202619,1.0813930273450763,0.3157259279134258,-0.4933569437719339,1.4084541554877301,0.12556623277679974,-0.48130539370491016,1.6459565215947611,0.35582460724557474,-0.11962143335466748,1.2613457206463972,0.2019092964366177,-0.395684968359423,1.6857566026267627,0.07286697985073982,0.015602502774521214,1.3953044525045433,0.20495981584913683,-0.04183606652308576,1.313906066465062,0.5023620910695846,-0.25642827656490125,0.4316755820386457,0.4487753819353533,-0.06780929877021849,0.7725230813618528,0.45707288991339157,-0.20089374156977166,0.34918505728047416,0.3078083780328959,-0.18586317190764756,1.2051795123033966,0.3304855225496734,-0.10000160810173742,0.7383279146145512,0.41479737040222875,-0.6082048034233762,1.073073065241441,0.25594086199998856,-0.35611936464807054,1.5397188387169742,0.4706435700915507,-0.12567401192588917,0.8450091840415601,0.5112424435599751,-0.10686394257705338,0.6366032874149992,0.5154486531453417,-0.1060270413460321,0.2338919263851169,0.34712446505660255,-0.22851339276164573,1.4185378429116002,0.11248161514221833,-0.06954784057294296,1.3649778423325116,0.09392916936649393,-0.016684566898925217,1.2948784317007127,0.169950749651091,-0.3395247942959236,1.225559970006248,0.30315192216476855,-0.6133016073545873,1.1929291579502308,1.043945074081421,-19.130393981933594,4.633959770202637,-0.6360942125320435,-0.5133265852928162,-2.4468345642089844,103.52886962890625,-54.72428512573242,-686.3270263671875,-139.36593627929688,79.5653305053711,0.9966281652450562,-1.8987969160079956,24.6032772064209,-1.778206467628479,-3.712888240814209,0.2693001925945282,2.644617795944214
0.12596692963941208,-0.4658971713078732,1.5028938501086455,0.12085455054084197,-0.3217546422749955,1.42389005541012,0.02124076235471972,-0.5265662857633553,0.06743328598950872,0.19038483026801356,-0.527977796382462,0.9727850240587399,0.004349563164414455,-0.35738558642911594,1.6450331712400676,-0.21960083612345702,-0.4074021580795579,1.1794039121526756,0.08449303292182107,-0.27871047443901464,1.6891413504714208,-0.14190034726202883,-0.1761344459573954,1.4025953656790273,-0.1893496173403121,-0.3043106680871635,1.2911257751730105,0.08418119333635103,-0.5893941085464907,0.08067398787235582,0.09918000867331264,-0.40766565600373095,0.5230144509021809,0.1329790534858672,-0.49888205942728664,0.049017916785072016,-0.13316993030491253,-0.3934919905188857,1.1317142421836095,0.22155532132316108,-0.37106958495465336,0.4787469416462033,0.33812955475800877,-0.6593542450311168,1.0421570117110448,-0.013243994672492838,-0.4612246709351508,1.4574351129152916,0.12194990309954479,-0.4471512052002332,0.5926225791309053,0.054899785124900326,-0.4189126265562133,0.4059564999199861,0.07626709075558265,-0.34719693226530063,0.0780264941963139,-0.14129184645335405,-0.4523043322642118,1.318971087995744,-0.10024029295274754,-0.22394486985459233,1.3432298657909925,-0.1668694866019369,-0.18087867825039175,1.3086677110747786,0.5776511482055614,-0.2096760594193509,0.3612191074139235,0.43475544304642455,-0.4138820141751245,1.0814273424495924,0.3159376501247583,-0.4932256835383295,1.4082204557412508,0.12570139065088815,-0.4812461951907897,1.6456051587269007,0.35563897839839886,-0.1190935138193582,1.2612711795118472,0.20200497706402215,-0.3956330394902766,1.6854047637112093,0.0720219530461245,0.014928868015771674,1.395304293821979,0.2044491654397636,-0.041856024574661095,1.3138394197880827,0.5013110670230246,-0.2550827475967786,0.4337450208648151,0.4482634124771649,-0.06703320962210366,0.7748149138017996,0.45599915442482525,-0.1995273656797725,0.35130090083902243,0.3078449444462921,-0.18537986944645446,1.2050199173144158,0.32994255048549725,-0.09921339213453381,0.7406704064631304,0.41526711046300974,-0.6084665701484049,1.0730028085361254,0.25603820383548737,-0.3559844745508093,1.5393957610161888,0.4704930993500135,-0.12512273630065635,0.8468836218316034,0.5104958817658835,-0.10585315695760267,0.6387639687156046,0.5143572344685232,-0.10457262638586247,0.23601072044759397,0.34713077268853093,-0.22815730412866897,1.4183471858106702,0.11207897549137374,-0.06996035077516606,1.3647779419722146,0.09335622117416749,-0.017049521300324933,1.2948162678061732,0.17027203225536852,-0.33946120225830584,1.2251617561112966,0.3034881010947638,-0.6133777353147797,1.192798522529223,1.150759220123291,-19.116918563842773,4.669187068939209,-0.6802276372909546,-0.4950312376022339,-2.4186558723449707,104.10762023925781,-55.16947937011719,-688.295654296875,-139.86654663085938,79.80268096923828,0.9787297248840332,-1.968977689743042,24.542463302612305,-1.4646178483963013,-3.7585980892181396,0.31687453389167786,2.6465394496917725
0.1261317909059935,-0.46590931052403733,1.5025609737595185,0.12108372783424048,-0.3216621700106867,1.4234637547012985,0.021261389848362927,-0.526582530890869,0.06743355376633588,0.19092792134411288,-0.5281388790204825,0.9725738572363822,0.004414094435451983,-0.35733472866727817,1.6446277769590845,-0.21908959561329805,-0.4063685891150639,1.1788515381465685,0.08459842045920969,-0.2786739774492403,1.6887174696717042,-0.14075688070414083,-0.1755306835946263,1.40229732015275,-0.18856740651639883,-0.30342862113619484,1.2906858277636648,0.08422268882689886,-0.5893867099719332,0.08065651047555421,0.0994296832910634,-0.40786899779213975,0.5230317274663622,0.1329873496086787,-0.49887259797939404,0.048978592022414634,-0.13258161469800583,-0.39270131497193644,1.1312484295162935,0.22170498873421687,-0.37108766484931605,0.4786985533817714,0.3386698688892339,-0.6595444657549953,1.0420446247849244,-0.013115799305837183,-0.4610525102706145,1.456903208959971,0.12228258853371174,-0.44734517479969177,0.5926537007488162,0.055080197282776924,-0.4190942883392833,0.4060071295756378,0.07623937089514259,-0.34720556062973096,0.07804711797083451,-0.1410409048545045,-0.45160146768124687,1.3183979662443628,-0.09918167445783979,-0.223356643506628,1.3428586676026022,-0.16573081027395678,-0.1801606049354108,1.3083332082293682,0.5765885700847929,-0.20831931853629898,0.36329032150128027,0.43513706469575303,-0.41417502152998714,1.0814616575541085,0.3161493723360908,-0.4930944233047252,1.4079867559947714,0.12583654852497655,-0.4811869966766692,1.64525379585904,0.355453349551223,-0.11856559428404893,1.261196638377297,0.20210065769142663,-0.3955811106211302,1.685052924795656,0.07117692624150919,0.014255233257022134,1.3953041351394149,0.2039385150303904,-0.04187598262623643,1.3137727731111033,0.5002600429764646,-0.253737218628656,0.4358144596909845,0.44775144301897646,-0.06625712047398881,0.7771067462417464,0.45492541893625893,-0.1981609897897733,0.3534167443975707,0.3078815108596884,-0.18489656698526136,1.2048603223254348,0.3293995784213211,-0.09842517616733021,0.7430128983117097,0.4157368505237908,-0.6087283368734334,1.0729325518308097,0.2561355456709862,-0.35584958445354803,1.5390726833154034,0.47034262860847625,-0.12457146067542352,0.8487580596216466,0.509749319971792,-0.10484237133815195,0.6409246500162099,0.5132658157917048,-0.10311821142569284,0.23812951451007103,0.3471370803204593,-0.22780121549569218,1.41815652870974,0.11167633584052918,-0.07037286097738917,1.3645780416119178,0.09278327298184105,-0.01741447570172465,1.2947541039116335,0.17059331485964604,-0.3393976102206881,1.2247635422163452,0.30382428002475903,-0.6134538632749722,1.1926678871082155,1.185953140258789,-19.164447784423828,4.442371845245361,-0.7116974592208862,-0.5495287775993347,-2.421283721923828,104.55733489990234,-55.2595329284668,-690.0484619140625,-140.2503204345703,79.99764251708984,0.9725504517555237,-1.9246325492858887,24.506546020507812,-1.4503669738769531,-3.775641918182373,0.3416690528392792,2.6292800903320312
0.12626735096340938,-0.4658921921490044,1.5022906657086303,0.12126068770885468,-0.3215947344603128,1.4231644963586567,0.021278171411511913,-0.5265907234703469,0.06743156682971298,0.19141152757682547,-0.5282681675146748,0.9724067646936075,0.004481331698152402,-0.35730015718384295,1.6442966271709922,-0.21870321321566374,-0.4055784084149544,1.1784333732743926,0.08468128099346792,-0.2786381313737655,1.6883879378931412,-0.13987472604047385,-0.17504836372192334,1.402035698985422,-0.1879757693074397,-0.30275000839043925,1.2903640917594859,0.08425254838553485,-0.5893841966098508,0.08064655046786694,0.09960115760170071,-0.40801297888061067,0.5230488027168425,0.1329995310859175,-0.4988639350758483,0.04896531809146041,-0.13211782839124567,-0.3920519415116468,1.1308844010561507,0.2218137626221638,-0.3710964708928241,0.4786635122157091,0.3391044664856614,-0.6597094551616947,1.0419598312567402,-0.013002469278378599,-0.4608874358483498,1.4564891943078957,0.12252681672770456,-0.4474897353064935,0.592667885174025,0.05520883071797573,-0.4192398478653257,0.40605144469153803,0.0762165513457052,-0.3472095118058438,0.07806552058418854,-0.14079913309473077,-0.45107253142540027,1.317978030798451,-0.09838020905161537,-0.22289474150597655,1.3425608012849921,-0.16491433652426235,-0.17959698284698639,1.308089699176763,0.5757892968638844,-0.20726323295508,0.36491192156905367,0.43543797968239184,-0.4143957102930309,1.0814502878694345,0.31630531723136146,-0.4929915348820339,1.4077957347528824,0.1259461697561062,-0.48115144581194746,1.6449724096336111,0.3553068158247613,-0.11813618425304527,1.2611377460277633,0.2021923724389234,-0.39554468290695294,1.6847670630903433,0.07056999986140144,0.013749056057819476,1.395280436174759,0.20356554306106062,-0.04188306834425358,1.3137288883032388,0.4994392345677938,-0.25270176644356834,0.43742621181816455,0.4474085300963446,-0.0656649112602733,0.778917224201935,0.45410076217935574,-0.19710379819206847,0.3550519984684243,0.30793253159680906,-0.18453446208246496,1.2047338233088816,0.3289779850978725,-0.09781465644868005,0.7448415704910328,0.41606467113589607,-0.6088670472435603,1.0728622414418403,0.25622011079693474,-0.35574928676055756,1.5388182670075372,0.47023038733873934,-0.12414289749418664,0.8502020216146052,0.5091783439876229,-0.10407771017180374,0.6425953337688319,0.5124266834448505,-0.10199175158281201,0.23979061180787367,0.34714512596067215,-0.227523135921813,1.418001517554782,0.11136249230792192,-0.07065025613402688,1.3644379985253543,0.0923645193411025,-0.01767550945430007,1.2946892289925884,0.17078029102837014,-0.33930206969873794,1.2244828686808908,0.30408869062038446,-0.6135136579835652,1.1925673950586888,1.0978440046310425,-19.25758934020996,4.209323883056641,-0.6803882718086243,-0.6172805428504944,-2.466620922088623,105.24061584472656,-55.20140075683594,-692.0853881835938,-140.72386169433594,80.22514343261719,0.9790107607841492,-1.9180378913879395,24.51276397705078,-1.8124791383743286,-3.748993396759033,0.3144253194332123,2.6215784549713135
0.12638890676644463,-0.46586109036641404,1.502050261623812,0.12141269072890282,-0.3215392649864519,1.4229259567939683,0.02129311484611587,-0.5265950674055427,0.06742850227269116,0.19186670355350766,-0.5283822602783608,0.972260737063869,0.004549862265691702,-0.3572733695834678,1.6440009618831786,-0.21837650565122138,-0.40490455298826394,1.178079352473581,0.08475337494534767,-0.2786025963970368,1.6881034993967474,-0.13911746309095663,-0.17462408621579606,1.401791486519062,-0.18747521507621603,-0.30216862522805765,1.2900988538533646,0.08427684665318357,-0.5893840180919659,0.08064018332997695,0.09973525676555586,-0.4081285890463172,0.5230657817512159,0.1330135695340223,-0.49885565382952723,0.048964494925658436,-0.1317135597647026,-0.391470102136893,1.1305690194597307,0.221902991811566,-0.37110084458100084,0.47863485017754387,0.3394885377970752,-0.6598623854829776,1.0418882257496285,-0.012896244008624498,-0.46072574823305307,1.4561315238081067,0.1227287675642612,-0.44761068117342245,0.5926739746174275,0.05531271696954176,-0.41936815263617117,0.40609274182888055,0.0761960738566735,-0.34721122756106965,0.07808286161316151,-0.140561743978633,-0.4506267226788382,1.3176313093955943,-0.0977016476951293,-0.2224932151124967,1.3422979832879756,-0.1642518566538956,-0.17910717935948972,1.307889679804543,0.5751158678965853,-0.20635084292253125,0.36631863258334973,0.4357003216317158,-0.41458183502322,1.081417083542868,0.3164346038505731,-0.492902206516029,1.4076251113256872,0.126043585974057,-0.48112719713260005,1.6447244681269917,0.355178967266288,-0.11775385597042297,1.2610863328769506,0.20228219172911138,-0.39551566383301817,1.6845127346105133,0.07007687147830102,0.013322913721635554,1.395245486339986,0.2032583732873399,-0.041884001844026,1.3136958823298777,0.4987284556919376,-0.25181451272096067,0.4388192166259746,0.4471464162532068,-0.06516058583873394,0.7804976430357686,0.4533951504044975,-0.196194378498769,0.3564575590341296,0.30799046065041563,-0.18423028248331405,1.2046231422203266,0.3286144036725657,-0.09728906508411794,0.746424667093138,0.41632466259973727,-0.6089469439146534,1.0727919053952426,0.2562985694072894,-0.35566552220196124,1.538596666806581,0.47013641750773055,-0.12377298364280076,0.8514402414986629,0.5086912876920195,-0.10343068201612954,0.6440318275169031,0.5117081291233467,-0.10102203499451776,0.24123295697550107,0.34715400226660914,-0.2272823400894143,1.4178635430651785,0.11109108809653102,-0.07086307424681865,1.3643265636946191,0.09201946162575524,-0.017886875249716813,1.2946230583633018,0.17090307662127824,-0.33919125968059954,1.2242583725231373,0.3043188001738479,-0.6135656463586732,1.1924813097675904,1.0346792936325073,-19.312742233276367,4.141269683837891,-0.5989484190940857,-0.6168412566184998,-2.4961888790130615,105.87110900878906,-55.24147415161133,-693.5269775390625,-141.09774780273438,80.40237426757812,0.9960936903953552,-2.0485856533050537,24.51551628112793,-2.2204647064208984,-3.7279200553894043,0.2865399718284607,2.6201632022857666
0.1265104625694799,-0.4658299885838237,1.5018098575389938,0.12156469374895096,-0.321483795512591,1.4226874172292798,0.021308058280719827,-0.5265994113407387,0.06742543771566935,0.19232187953018984,-0.5284963530420468,0.9721147094341304,0.004618392833231002,-0.3572465819830926,1.643705296595365,-0.21804979808677902,-0.40423069756157354,1.1777253316727696,0.08482546889722742,-0.27856706142030807,1.6878190609003534,-0.1383602001414394,-0.1741998087096688,1.401547274052702,-0.18697466084499234,-0.301587242065676,1.2898336159472434,0.08430114492083228,-0.5893838395740812,0.08063381619208695,0.099869355929411,-0.40824419921202376,0.5230827607855891,0.1330276079821271,-0.4988473725832061,0.048963671759856456,-0.13130929113815953,-0.39088826276213917,1.1302536378633108,0.22199222100096822,-0.37110521826917764,0.4786061881393786,0.33987260910848904,-0.6600153158042604,1.0418166202425168,-0.012790018738870396,-0.4605640606177564,1.4557738533083178,0.12293071840081783,-0.44773162704035147,0.5926800640608301,0.05541660322110779,-0.41949645740701663,0.4061340389662231,0.07617559636764179,-0.34721294331629543,0.07810020264213448,-0.14032435486253525,-0.4501809139322761,1.3172845879927377,-0.09702308633864323,-0.22209168871901683,1.3420351652909588,-0.1635893767835289,-0.17861737587199308,1.307689660432323,0.5744424389292863,-0.20543845288998247,0.36772534359764575,0.43596266358103974,-0.41476795975340913,1.0813838792163015,0.3165638904697848,-0.49281287815002417,1.4074544878984918,0.12614100219200777,-0.4811029484532527,1.6444765266203722,0.35505111870781475,-0.11737152768780065,1.2610349197261381,0.20237201101929936,-0.3954866447590834,1.6842584061306833,0.0695837430952006,0.012896771385451632,1.3952105365052128,0.20295120351361914,-0.041884935343798425,1.3136628763565164,0.4980176768160814,-0.250927258998353,0.44021222143378475,0.4468843024100689,-0.06465626041719458,0.7820780618696023,0.45268953862963923,-0.1952849588054695,0.3578631195998349,0.3080483897040222,-0.18392610288416314,1.2045124611317717,0.3282508222472589,-0.09676347371955583,0.7480077636952431,0.4165846540635785,-0.6090268405857465,1.0727215693486447,0.25637702801764406,-0.3555817576433649,1.5383750666056248,0.47004244767672176,-0.1234030697914149,0.8526784613827206,0.5082042313964161,-0.10278365386045533,0.6454683212649743,0.5109895748018429,-0.1000523184062235,0.24267530214312846,0.3471628785725461,-0.2270415442570156,1.417725568575575,0.11081968388514014,-0.07107589235961041,1.3642151288638842,0.09167440391040797,-0.018098241045133554,1.2945568877340152,0.17102586221418634,-0.3390804496624612,1.2240338763653837,0.3045489097273113,-0.6136176347337812,1.1923952244764922,1.11260187625885,-19.236282348632812,4.195911407470703,-0.5324145555496216,-0.5358680486679077,-2.457150459289551,106.50678253173828,-55.42117691040039,-695.0472412109375,-141.49044799804688,80.58670806884766,0.9871243834495544,-2.1234548091888428,24.520732879638672,-2.2235591411590576,-3.700305700302124,0.3106254041194916,2.6240103244781494
0.12665717407370244,-0.46576632060949374,1.5014669522149673,0.12177346112662989,-0.3214153635087392,1.422338303153878,0.021322403047603883,-0.5266066461998895,0.06743049971907344,0.19285815125269606,-0.5286601377244027,0.9719305935482315,0.004734539653526138,-0.3571643672439436,1.6433072100017245,-0.21758867588066896,-0.4033357730468377,1.1772242068060186,0.08494306659165597,-0.2785193632474009,1.6874412335702125,-0.1373709805112406,-0.17367681347771197,1.4012500391101206,-0.18626634976425707,-0.3008502685767136,1.2894220733089952,0.08434040571828157,-0.5893816493994353,0.08062296945429007,0.10003891054368177,-0.40840025566863697,0.5230993667975167,0.1330410802354481,-0.49883558759034075,0.048950051759301824,-0.1307480466730942,-0.3900869929336554,1.1298349823383307,0.22211570164423114,-0.37110636131652935,0.4785654894662219,0.34032183944784256,-0.6602013252231459,1.0417470663588568,-0.012663903379418103,-0.460340824298906,1.4553216216185234,0.12319098230426674,-0.447881522113519,0.5926794657446691,0.055570731765979174,-0.41965916017625504,0.4061931612475818,0.07614773836307573,-0.3472192619020576,0.07811802993250998,-0.14004234293636106,-0.44956510686716494,1.3167552987471323,-0.09609844840273557,-0.2215519408565878,1.341654818579061,-0.16263747812304274,-0.17798529429644938,1.3074195128402963,0.5735108251405867,-0.20417212783698213,0.36958606955626155,0.4364138881102303,-0.41493150996451345,1.0814014858757424,0.31674173661809885,-0.49268815261836085,1.4072177595650124,0.12625027852539986,-0.48106180052488845,1.6441185168477872,0.3548967522501156,-0.11686209367205765,1.2609818812632403,0.20250839483461633,-0.395440027019046,1.6838893199598552,0.06892759557690052,0.012352202332806803,1.3951305308878816,0.2025503618087595,-0.04187538591367717,1.3136191326656088,0.49710666482022264,-0.24976401529367395,0.442076560085183,0.4465097689273342,-0.06401222726539862,0.7841486321971906,0.4517613190491468,-0.19408910117105932,0.3597786551378421,0.3080869415737935,-0.18347617142543887,1.2043632521534597,0.32775026165096965,-0.09610740276707323,0.7501510600775283,0.41700045567079885,-0.6091814616460673,1.0726399360508319,0.2564750036952511,-0.35548688900589154,1.5380746787352277,0.4699507626081934,-0.12294379208508312,0.8543557553299216,0.5075687921007738,-0.10192399791485031,0.6474027866559313,0.5099579480704882,-0.09877287162258135,0.24461762394928774,0.34716716537017694,-0.226754740102599,1.4175283634504736,0.11046668767485003,-0.07133989614613404,1.3640877340013617,0.09120067843044831,-0.01840812306764801,1.2944682291801402,0.17130771190520155,-0.3389578761150505,1.2236677382560754,0.3048640484150672,-0.6136773366801787,1.1922798036344793,1.189544439315796,-19.163158416748047,4.340941429138184,-0.5726180076599121,-0.48763662576675415,-2.419843912124634,107.38304138183594,-55.64863586425781,-697.193603515625,-142.03903198242188,80.83525848388672,0.9440102577209473,-2.071248769760132,24.522014617919922,-2.0710980892181396,-3.663271903991699,0.35329413414001465,2.6359894275665283
0.12681618392072766,-0.4656867313858689,1.5010739351739946,0.1220099799680394,-0.32134059426800304,1.4219351304287942,0.021336455132491543,-0.5266152943996404,0.06743953470757466,0.1934340697842718,-0.528848216233664,0.9717278567370989,0.004873965530724122,-0.3570550547925052,1.6428590507696796,-0.21706183984974362,-0.4023327703112798,1.1766511643959197,0.0850829105602195,-0.2784657186230287,1.6870177494769065,-0.1362683598371531,-0.17310555624646068,1.400926882068053,-0.18545646866820506,-0.30003722870586724,1.2889390039128183,0.08438698153030004,-0.5893784757481505,0.08060993268987202,0.10022579893371127,-0.40857608586747124,0.5231157904429151,0.1330542756824304,-0.49882208965472036,0.04893017552842368,-0.13011005846475135,-0.3891784459944592,1.1293658373371656,0.22225592744271486,-0.3711059249394777,0.4785189062159583,0.34080292531196643,-0.6604035066453037,1.0416785154911066,-0.012528063976113371,-0.46008749750276273,1.4548231600136157,0.12347975481819633,-0.4480455701319587,0.5926755978571658,0.05574942320979984,-0.41983867974470784,0.40626099804379295,0.07611627210647065,-0.3472278307605263,0.07813609495068229,-0.13973851541414956,-0.44886618951298546,1.3161367541117384,-0.09505350636133296,-0.22094461805378365,1.3412170133843326,-0.16154408583183164,-0.17728365454452716,1.3071150803408087,0.5724529876614248,-0.20273276788509445,0.3716687583765447,0.43695745523402235,-0.4150840237440652,1.0814439334616757,0.31694332298064076,-0.49254612180570895,1.4069487132773495,0.1263653531374521,-0.4810123907414493,1.6437066959229527,0.35472942148612824,-0.11629051907567789,1.2609280482033232,0.20266754352888525,-0.3953848054866917,1.6834641300289837,0.06819174981472509,0.011749735774336668,1.3950284979990777,0.2021037249375653,-0.0418607114956079,1.3135701394239008,0.4960977610768072,-0.24846584315331566,0.4441713286156686,0.44608027473190764,-0.06329989255658838,0.7864588321439477,0.4507242689858999,-0.19275320720988395,0.3619435117734189,0.3081160201536899,-0.18295498350203432,1.2041952073179334,0.3271827334599779,-0.09538754179382956,0.7525682319079013,0.4174924311258935,-0.6093726146300107,1.072552779652425,0.2565825210501816,-0.3553865917076338,1.5377357724486598,0.46986019453465544,-0.12244082538300002,0.8562477077079924,0.5068608100051122,-0.10096039060527916,0.6495807048500768,0.5087732637165399,-0.09734200118788032,0.2468043787787292,0.3471692084081915,-0.22644544299075145,1.4173022011257954,0.11007380204287585,-0.07162892403981544,1.3639525364566323,0.09066404871001149,-0.018766168578965774,1.2943685765297996,0.17166732626640244,-0.33882955150888455,1.2232323529704516,0.3052207569018105,-0.6137408097058732,1.192150040967575,1.1303032636642456,-19.21964454650879,4.4704203605651855,-0.6626355648040771,-0.5200117230415344,-2.4471757411956787,108.21221160888672,-55.751834869384766,-699.10791015625,-142.5363006591797,81.05108642578125,0.9177646040916443,-1.9541232585906982,24.519800186157227,-1.950505256652832,-3.686830997467041,0.3411569595336914,2.635422706604004
0.12697519376775288,-0.465607142162244,1.500680918133022,0.12224649880944893,-0.32126582502726686,1.4215319577037104,0.0213505072173792,-0.5266239425993913,0.06744856969607586,0.19400998831584754,-0.5290362947429252,0.9715251199259664,0.005013391407922106,-0.35694574234106685,1.6424108915376348,-0.2165350038188183,-0.40132976757572186,1.1760781219858207,0.08522275452878302,-0.2784120739986565,1.6865942653836004,-0.1351657391630656,-0.1725342990152094,1.4006037250259855,-0.18464658757215305,-0.2992241888350209,1.2884559345166415,0.08443355734231851,-0.5893753020968658,0.08059689592545395,0.10041268732374077,-0.4087519160663055,0.5231322140883137,0.1330674711294127,-0.4988085917191,0.04891029929754553,-0.12947207025640847,-0.3882698990552631,1.1288966923360004,0.22239615324119857,-0.37110548856242603,0.4784723229656946,0.34128401117609036,-0.6606056880674614,1.0416099646233565,-0.012392224572808638,-0.45983417070661947,1.454324698408708,0.12376852733212591,-0.44820961815039845,0.5926717299696626,0.0559281146536205,-0.4200181993131606,0.40632883484000404,0.07608480584986557,-0.3472363996189951,0.07815415996885458,-0.13943468789193805,-0.4481672721588059,1.3155182094763447,-0.09400856431993034,-0.22033729525097948,1.3407792081896044,-0.1604506935406205,-0.17658201479260496,1.3068106478413208,0.571395150182263,-0.20129340793320677,0.3737514471968278,0.43750102235781435,-0.415236537523617,1.0814863810476087,0.3171449093431826,-0.49240409099305704,1.4066796669896864,0.12648042774950433,-0.4809629809580102,1.643294874998118,0.3545620907221409,-0.11571894447929812,1.2608742151434058,0.20282669222315416,-0.3953295839543374,1.683038940098112,0.06745590405254964,0.011147269215866536,1.3949264651102735,0.2016570880663711,-0.04184603707753862,1.313521146182193,0.4950888573333917,-0.2471676710129574,0.44626609714615423,0.4456507805364811,-0.06258755784777814,0.7887690320907049,0.44968721892265295,-0.19141731324870856,0.36410836840899574,0.3081450987335862,-0.18243379557862976,1.2040271624824068,0.3266152052689862,-0.09466768082058588,0.7549854037382745,0.4179844065809881,-0.6095637676139541,1.0724656232540182,0.25669003840511206,-0.3552862944093761,1.5373968661620916,0.4697696264611175,-0.12193785868091694,0.8581396600860633,0.5061528279094507,-0.09999678329570799,0.6517586230442224,0.5075885793625914,-0.09591113075317928,0.24899113360817066,0.34717125144620603,-0.2261361458789039,1.4170760388011174,0.10968091641090169,-0.07191795193349683,1.3638173389119028,0.09012741898957467,-0.019124214090283538,1.2942689238794591,0.17202694062760335,-0.3387012269027186,1.2227969676848278,0.3055774653885538,-0.6138042827315678,1.1920202783006706,1.0413960218429565,-19.321483612060547,4.444641590118408,-0.6602041125297546,-0.5634781718254089,-2.5013086795806885,109.02113342285156,-55.81077575683594,-701.0664672851562,-143.0547637939453,81.26362609863281,0.8876553177833557,-1.8996832370758057,24.516386032104492,-2.032205820083618,-3.7462453842163086,0.2862999141216278,2.624122381210327
0.12715598279671952,-0.46553374817039794,1.5002670872290402,0.12245355393515517,-0.32115029420284247,1.4211273568355485,0.021369964427111164,-0.5266313213386283,0.06745187558283079,0.19458427704525308,-0.5291694029672256,0.9713372860523249,0.005152409731268584,-0.3568639084203354,1.6419705606454256,-0.21599728150280897,-0.4003580715877331,1.1755034134087974,0.08539037125197467,-0.2783763274451755,1.6861723945630307,-0.13409412440085255,-0.1719743644460937,1.4002896657842674,-0.18388971306432952,-0.2984123390834063,1.288001401534933,0.08447743720368833,-0.5893697085364765,0.08058340129572035,0.10060125675718516,-0.40891706163914787,0.5231392357917811,0.13307665653576126,-0.4987986112469869,0.048895283546668805,-0.12887750487059157,-0.3874615204847412,1.1284346880502258,0.22254985383409537,-0.37111032838063523,0.4784145922652933,0.3417485676064396,-0.6608168879486868,1.0415444287243267,-0.012225095364604371,-0.45959983292399653,1.4538165042731936,0.12407946085791713,-0.44837374551012027,0.5926748044443446,0.05610800778727657,-0.42019631057385576,0.4063903772278337,0.07605424540623135,-0.3472419931793844,0.07817159356265668,-0.1391067604552831,-0.44749194561250955,1.3149310575415756,-0.09299456372561046,-0.21975787743827366,1.3403637772364332,-0.15937131159747675,-0.17587465585659673,1.3064673910077833,0.5702925774435335,-0.19991650940566666,0.3757957877307538,0.43796586309442453,-0.4154695893162923,1.0814583735750212,0.31735072724077085,-0.49226831491814543,1.4063935623263681,0.12660707957697231,-0.4809094057572598,1.6428705445978027,0.3543966905960184,-0.11513959443727077,1.2608122363785246,0.20297235620534973,-0.39526174715812634,1.6826285869869966,0.0667075174089694,0.010525632853194196,1.3948322076671171,0.20121460338894107,-0.04180627345841452,1.3134664668152665,0.4941246095082618,-0.2458998469130093,0.4483745189889377,0.44524939299024496,-0.06187603225475117,0.791084534679817,0.4486442182632472,-0.1901008545957654,0.36626298340740576,0.3081924324201432,-0.1819289420416813,1.203834733426176,0.32614024190713237,-0.0939798423193938,0.757369318347893,0.41842617883982247,-0.6097779956874468,1.0723899184473302,0.2568244590664541,-0.3551332616056038,1.5370448685639742,0.4696448821303071,-0.12144526419852744,0.860077762643233,0.505426623765996,-0.09903205363758354,0.6539346767182381,0.5063906450145292,-0.0945089917802653,0.2511711278991983,0.347182299719741,-0.22582073618244652,1.4168556419429401,0.10928672330071595,-0.07224009158891558,1.363629617438411,0.08963264510134199,-0.019446482055431955,1.2941477961887586,0.17239713052053324,-0.33856447228532754,1.2223801482592198,0.30595125869804657,-0.6139074131747745,1.1918853055562404,1.0755579471588135,-19.35590934753418,4.475971698760986,-0.6216548085212708,-0.5498768091201782,-2.5319628715515137,109.53955841064453,-55.97416305541992,-702.7440185546875,-143.47373962402344,81.45047760009766,0.8416768312454224,-1.9435611963272095,24.514942169189453,-2.406791925430298,-3.758356809616089,0.2669678330421448,2.632174253463745
0.12734766141665693,-0.46546345179444115,1.499842849393554,0.12264587720300978,-0.32101438258657394,1.4207220418958475,0.02139212419926528,-0.5266380653476084,0.06745231691871258,0.19515775087357357,-0.5292750260490455,0.9711569036474291,0.00529122427768931,-0.3567958137649574,1.6415341439231341,-0.21545411604425765,-0.3994020289735289,1.1749278717483116,0.0855718743524804,-0.27834952992714,1.6857513303788292,-0.13303801259457673,-0.17142009120804585,1.3999801554427243,-0.18315934185062024,-0.29760108439140764,1.2875611367604591,0.08451996908973385,-0.5893629050215349,0.08056967773332896,0.10079066671233698,-0.40907686489899425,0.5231415565242831,0.13308383692179296,-0.4987903895066274,0.0488826980357928,-0.12830465089603765,-0.3867032260985564,1.1279762541221467,0.22271029182419871,-0.3711178062964749,0.4783512878398232,0.34220485931990163,-0.6610325970594456,1.0414804003096574,-0.012042321253950336,-0.4593749896481337,1.453303443872376,0.1244014748896392,-0.44853791254048314,0.5926813501001194,0.05628850176585036,-0.42037371768067217,0.40644877241147276,0.07602413786908253,-0.34724609909073406,0.0781887114442737,-0.13876678306140647,-0.44682841447015476,1.314359601957119,-0.09199603385483195,-0.219192412120617,1.3399595334040408,-0.15829893482836668,-0.17516443732854547,1.306104722007221,0.56916763707502,-0.19857084159030033,0.3778209541215012,0.43839134063744384,-0.4157429101155294,1.0813951385731728,0.3175586609058822,-0.49213566621210403,1.406098928475222,0.12673952001214817,-0.4808537478478539,1.642439959459747,0.3542322557888284,-0.11455635667241963,1.260746184761161,0.20311127783150862,-0.3951876027299868,1.682225652285759,0.06595286032468675,0.00989441158842075,1.3947418379467844,0.20077419480839315,-0.041753965238763006,1.3134089443857306,0.49318268964227463,-0.24464719683326636,0.4504897674878701,0.44486205876860396,-0.06116491121961583,0.7934026885901065,0.44759824230576195,-0.18879411359693835,0.36841247758723245,0.3082488936600306,-0.1814322556979609,1.2036301122595932,0.32571156095984755,-0.09330801505422752,0.7597366043471342,0.41884284950052664,-0.6100037613057143,1.072319939436502,0.256972331381002,-0.3549538610490742,1.5366863253100818,0.4695030496708605,-0.12095785582598473,0.8620389402899521,0.5046913085986448,-0.09806676280518244,0.6561097981321891,0.5051860856694101,-0.09312121853824487,0.253347741921019,0.3471978506110362,-0.22550227019368418,1.416638127818013,0.10889187645142442,-0.07257878712520298,1.3634156340005381,0.08915879912921136,-0.019750861247495696,1.2940159309778783,0.17277260817932766,-0.33842350266232396,1.2219726117636194,0.3063335944189141,-0.6140303723267372,1.1917477277730475,1.1744407415390015,-19.286590576171875,4.525331974029541,-0.6583930253982544,-0.5286358594894409,-2.505385160446167,110.09505462646484,-56.300418853759766,-704.643310546875,-143.8872833251953,81.65737915039062,0.8011606335639954,-2.00227427482605,24.509567260742188,-2.7166907787323,-3.7349486351013184,0.282676100730896,2.6454808712005615
0.1275393400365943,-0.4653931554184844,1.4994186115580679,0.12283820047086437,-0.32087847097030536,1.4203167269561465,0.021414283971419396,-0.5266448093565884,0.06745275825459436,0.19573122470189402,-0.5293806491308655,0.9709765212425333,0.005430038824110034,-0.35672771910957946,1.641097727200843,-0.21491095058570636,-0.3984459863593247,1.174352330087826,0.08575337745298613,-0.2783227324091046,1.685330266194628,-0.1319819007883009,-0.170865817969998,1.3996706451011809,-0.18242897063691096,-0.296789829699409,1.287120871985985,0.08456250097577934,-0.5893561015065932,0.08055595417093757,0.1009800766674888,-0.40923666815884063,0.523143877256785,0.13309101730782463,-0.4987821677662679,0.0488701125249168,-0.12773179692148376,-0.38594493171237165,1.1275178201940677,0.22287072981430206,-0.37112528421231455,0.47828798341435314,0.3426611510333636,-0.6612483061702046,1.041416371894988,-0.011859547143296302,-0.4591501463722709,1.4527903834715585,0.12472348892136124,-0.44870207957084607,0.5926878957558941,0.05646899574442414,-0.4205511247874885,0.4065071675951118,0.07599403033193373,-0.3472502050020837,0.0782058293258907,-0.13842680566752985,-0.44616488332779997,1.3137881463726624,-0.09099750398405343,-0.21862694680296035,1.3395552895716485,-0.15722655805925664,-0.17445421880049425,1.3057420530066586,0.5680426967065066,-0.197225173774934,0.3798461205122486,0.43881681818046314,-0.4160162309147664,1.0813319035713247,0.3177665945709936,-0.49200301750606257,1.405804294624076,0.12687196044732402,-0.48079808993844797,1.6420093743216913,0.3540678209816383,-0.11397311890756849,1.2606801331437976,0.2032501994576675,-0.39511345830184735,1.6818227175845215,0.0651982032404041,0.009263190323647304,1.3946514682264517,0.2003337862278452,-0.04170165701911149,1.313351421956195,0.4922407697762875,-0.2433945467535234,0.4526050159868025,0.444474724546963,-0.06045379018448049,0.7957208425003961,0.4465522663482767,-0.18748737259811127,0.37056197176705913,0.308305354899918,-0.1809355693542405,1.2034254910930102,0.3252828800125627,-0.09263618778906123,0.7621038903463755,0.4192595201612308,-0.6102295269239817,1.0722499604256737,0.2571202036955499,-0.35477446049254463,1.5363277820561896,0.4693612172114139,-0.12047044745344201,0.8640001179366711,0.5039559934312934,-0.09710147197278134,0.6582849195461399,0.5039815263242912,-0.09173344529622443,0.25552435594283973,0.3472134015023314,-0.22518380420492187,1.4164206136930857,0.1084970296021329,-0.0729174826614904,1.3632016505626654,0.08868495315708073,-0.02005524043955944,1.2938840657669977,0.17314808583812208,-0.3382825330393204,1.2215650752680192,0.3067159301397816,-0.6141533314787,1.1916101499898544,1.1138516664505005,-19.184751510620117,4.355090618133545,-0.7046614289283752,-0.5762618184089661,-2.444195508956909,111.03116607666016,-56.68828201293945,-706.78466796875,-144.3241729736328,81.8650131225586,0.7714599967002869,-2.018575668334961,24.538467407226562,-2.5061943531036377,-3.7444632053375244,0.3037898540496826,2.6562340259552
0.12779630501045297,-0.4652898106353962,1.4989676777495453,0.12304221471117822,-0.320770370940499,1.4198842435483112,0.021437187349140054,-0.526655123328531,0.06746821279409311,0.196364544628077,-0.5295116950739298,0.9707697316116055,0.005531480218228323,-0.3566858216824121,1.6406457443900455,-0.21435299668683122,-0.3974830138170167,1.1737770246748893,0.08591641387007884,-0.27826412678356993,1.6849023508315055,-0.13091104319750868,-0.1703121911314939,1.3993177702095334,-0.18170131298879913,-0.29600087415106247,1.2866759872594415,0.0846171635172225,-0.5893540885669506,0.08054363660958429,0.10117603264847734,-0.40939842046096625,0.5231490854593303,0.13310971804308575,-0.49881368811359467,0.04891287128360856,-0.12715460189821703,-0.3851471642982091,1.1270163892120715,0.22301369532942772,-0.3711465366727469,0.4782154522096084,0.3431305544857947,-0.6614712733306632,1.0413336536742204,-0.011664319382548726,-0.4589293783666282,1.4522458496472694,0.12504212330064632,-0.44885925104878593,0.592701896334326,0.05665761319340657,-0.4207102358341217,0.406538039939293,0.07593435575778516,-0.34724365352400094,0.0782438042567463,-0.13805591593811053,-0.44545887356364966,1.3132164807903846,-0.09002856411878636,-0.2180972500204645,1.3391667168266725,-0.15623790807775315,-0.1737356528590452,1.305409177446997,0.56699078308036,-0.19588904117314232,0.38194539644662906,0.43925032814014825,-0.41624164596101304,1.081290062097524,0.3180047351102166,-0.4918649744809858,1.4055237568766865,0.12702764829756408,-0.48069787967876093,1.6416057476539485,0.3538563269751751,-0.11338999598527585,1.2606118765493102,0.20337387327326845,-0.3950974898326476,1.681430309024078,0.06451819381917154,0.008700609430732413,1.3945657709576436,0.19986120860604262,-0.04169798216208914,1.313278674684613,0.4912569619073773,-0.2421508937679379,0.4547177773240386,0.44411327911923265,-0.059826175275178535,0.798070404209838,0.4454695013974676,-0.18621932369786381,0.3727183368131025,0.3083442025725415,-0.18041571762585482,1.203227196110795,0.324854901245493,-0.09198015301630197,0.7645124277926438,0.4197236175173955,-0.6104984339696682,1.0721850738620127,0.25728586676302334,-0.3545782141732854,1.5359760637314903,0.46922983214357833,-0.12002363756595068,0.8659597993489133,0.5032776532978411,-0.09617554424762331,0.6605325427079043,0.5027595896594572,-0.09036975125751352,0.2577074109915866,0.34723109830886323,-0.22480061951259903,1.4162023383260562,0.10812666882692978,-0.07328230816106134,1.362979293461667,0.08818412246490946,-0.020367774683735428,1.2937641179324775,0.173466627837609,-0.3381317394557378,1.2211662011825486,0.30705541318023444,-0.6142382810250023,1.1914584236034493,0.9550191760063171,-19.122459411621094,4.269120693206787,-0.6925366520881653,-0.6117919087409973,-2.4155030250549316,112.16639709472656,-56.92112731933594,-708.640625,-144.7505645751953,82.06179809570312,0.7371277809143066,-2.0183889865875244,24.639423370361328,-1.7875899076461792,-3.7871930599212646,0.3316505253314972,2.6794354915618896
0.12808664947353451,-0.465169568922346,1.498503094872102,0.12325220629079452,-0.32067649036843254,1.419437869495114,0.02146047091617292,-0.5266672625446951,0.06749134325724564,0.19702846255918213,-0.5296557391716155,0.9705494405418043,0.005613813534477688,-0.35665731832681113,1.6401858029776062,-0.21378748178087323,-0.39651649815357287,1.1732018400501731,0.08607000867459948,-0.2781892583662311,1.6844709326099876,-0.12983264640861789,-0.16975889478298212,1.3989427239689607,-0.18097504272760934,-0.2952233196686435,1.286228740452141,0.08467802819826745,-0.5893545249440023,0.08053203790590463,0.10137533546974327,-0.4095611692659113,0.5231557699623487,0.13313430888171227,-0.49886552772379866,0.048983926360575566,-0.12657518739139798,-0.3843292151855317,1.1264929747739376,0.22314772754907608,-0.37117483175748234,0.4781382035538061,0.34360666168446574,-0.661697951373675,1.0412413797631168,-0.01146272434205409,-0.45871069395778985,1.451685224147822,0.125359029737332,-0.4490128458533066,0.5927197084521616,0.05685038399568062,-0.4208599925041199,0.40655484045578155,0.07585956420231339,-0.34723165315508053,0.07829244294209986,-0.13766922140555665,-0.4447311454064009,1.3126447078407995,-0.08907475297814174,-0.21758584091008104,1.3387861563669925,-0.15529206577713126,-0.17301281906713714,1.3050915346240366,0.565976206435273,-0.19455778371814073,0.38408256297474663,0.43968794489933166,-0.41644256784031725,1.081259158668139,0.3182583197655267,-0.49172417345820674,1.4052504261597891,0.12719522204422792,-0.48057489077381743,1.6412159042642607,0.3536207726262263,-0.11280693177947936,1.260542492598098,0.20348975121580212,-0.3951112654627554,1.6810432822499055,0.06387635012040076,0.008173122863279078,1.3944824626114194,0.19937218365487674,-0.04171917248295238,1.313198143283263,0.49025173761592006,-0.24091184080041797,0.4568292670297307,0.44376507006733623,-0.059241255227204984,0.8004360240421547,0.44436792703653805,-0.1849710572239579,0.3748782147832264,0.30837404481227826,-0.17988402194139974,1.2030321355687073,0.3244272814878565,-0.09133219260056287,0.7669420562043096,0.42021196310883324,-0.6107893982865163,1.0721227909555497,0.25746062585454904,-0.3543733549828561,1.5356278348442733,0.4691037885992732,-0.11959758479863603,0.867918715769092,0.5026284432569087,-0.09526974202090542,0.6628172344324604,0.501528768349957,-0.08901836839041963,0.25989375919695723,0.347249892275065,-0.22438434555830544,1.4159836737525384,0.10776882724750121,-0.07366049334110802,1.3627526550892963,0.08766949507377006,-0.020684478428239457,1.2936502631926379,0.17375605987594617,-0.3379759230953179,1.2207717559984979,0.3073729865795729,-0.6143037970887114,1.1912994633447256,0.9385749697685242,-19.166728973388672,4.500112533569336,-0.6630210876464844,-0.556037187576294,-2.4497811794281006,113.2940444946289,-57.048667907714844,-710.1232299804688,-145.1886749267578,82.24740600585938,0.689598560333252,-1.963566541671753,24.72163963317871,-1.545812964439392,-3.794642210006714,0.33623600006103516,2.6998300552368164
0.12837699393661606,-0.4650493272092958,1.4980385119946587,0.12346219787041082,-0.32058260979636616,1.4189914954419167,0.02148375448320579,-0.5266794017608593,0.06751447372039816,0.19769238049028726,-0.5297997832693011,0.970329149472003,0.005696146850727054,-0.35662881497121013,1.6397258615651669,-0.21322196687491524,-0.395549982490129,1.172626655425457,0.08622360347912011,-0.27811438994889226,1.6840395143884697,-0.12875424961972712,-0.16920559843447036,1.3985676777283877,-0.18024877246641954,-0.29444576518622456,1.2857814936448406,0.0847388928793124,-0.5893549613210539,0.08052043920222497,0.10157463829100921,-0.4097239180708563,0.5231624544653671,0.13315889972033879,-0.4989173673340027,0.04905498143754258,-0.1259957728845789,-0.3835112660728543,1.1259695603358035,0.22328175976872444,-0.37120312684221773,0.4780609548980037,0.3440827688831367,-0.6619246294166868,1.0411491058520135,-0.011261129301559454,-0.4584920095489515,1.4511245986483745,0.1256759361740177,-0.44916644065782724,0.5927375205699971,0.057043154797954666,-0.42100974917411804,0.40657164097227005,0.07578477264684162,-0.3472196527861601,0.0783410816274534,-0.1372825268730028,-0.4440034172491522,1.3120729348912143,-0.08812094183749712,-0.21707443179969757,1.3384055959073125,-0.1543462234765094,-0.1722899852752291,1.3047738918010763,0.5649616297901862,-0.19322652626313913,0.3862197295028642,0.440125561658515,-0.4166434897196214,1.081228255238754,0.3185119044208369,-0.49158337243542766,1.404977095442892,0.12736279579089177,-0.4804519018688739,1.6408260608745726,0.35338521827727754,-0.11222386757368284,1.2604731086468854,0.2036056291583358,-0.39512504109286317,1.6806562554757327,0.06323450642162996,0.007645636295825742,1.3943991542651952,0.19888315870371087,-0.041740362803815614,1.313117611881913,0.48924651332446284,-0.23967278783289803,0.45894075673542273,0.4434168610154398,-0.058656335179231425,0.8028016438744715,0.4432663526756085,-0.183722790750052,0.3770380927533503,0.30840388705201494,-0.17935232625694464,1.2028370750266195,0.32399966173022,-0.09068423218482378,0.7693716846159752,0.420700308700271,-0.6110803626033644,1.072060508049087,0.2576353849460747,-0.3541684957924268,1.5352796059570566,0.46897774505496814,-0.11917153203132137,0.8698776321892706,0.5019792332159763,-0.09436393979418753,0.6651019261570166,0.5002979470404568,-0.08766698552332573,0.2620801074023278,0.3472686862412667,-0.22396807160401186,1.4157650091790206,0.10741098566807264,-0.07403867852115473,1.3625260167169255,0.08715486768263066,-0.02100118217274349,1.2935364084527983,0.17404549191428337,-0.33782010673489793,1.220377310814447,0.3076905599789114,-0.6143693131524206,1.1911405030860016,0.9904539585113525,-19.26581573486328,4.7253923416137695,-0.649551510810852,-0.495820552110672,-2.492680311203003,114.06499481201172,-57.33932876586914,-711.3421020507812,-145.58096313476562,82.38613891601562,0.6429537534713745,-1.8221876621246338,24.71921157836914,-1.8950010538101196,-3.752840280532837,0.3084466755390167,2.700212001800537
0.12859348646852353,-0.46494265877647906,1.4976593287575324,0.12364418478991022,-0.3204950469219132,1.4186470121737347,0.02149808458638507,-0.5266942634487783,0.06751764644652802,0.1981453557085517,-0.5298772635838843,0.9701501123163084,0.005824219870276204,-0.35659066572884063,1.639352700568193,-0.21278074127159372,-0.39481395206704045,1.1721822797067907,0.08634115647006509,-0.27806628381969123,1.6837019628246888,-0.12793528224458758,-0.16879533606254501,1.3983089292286248,-0.17967337142947495,-0.2938424684354012,1.2854249090548382,0.08478637804456104,-0.5893526361478085,0.08050981420554862,0.10176863457193437,-0.40987392075803897,0.5231483101055322,0.1331741279916258,-0.49894498476129495,0.04909234999722203,-0.12556753697379536,-0.3829286023481003,1.1255499906097817,0.2233965392933776,-0.3712103585928481,0.4780099800485649,0.344454132563231,-0.6621074743618239,1.0410787419767569,-0.011104393781267652,-0.4583098896291872,1.4506957199399835,0.1259102387144076,-0.4492749518511311,0.5927424628213541,0.05717643666148975,-0.42113831876129504,0.40659002416970713,0.0757277895085859,-0.34721729179091804,0.0783724459689974,-0.13701175232202012,-0.4434422744030984,1.3116295740304404,-0.08741746620824006,-0.21668670301800533,1.3381180163250854,-0.15358099894018365,-0.1717497915621625,1.3045169249275663,0.5641244306469595,-0.19214651452389775,0.38783463085724024,0.4405253047974694,-0.4167716278145645,1.0812101435187638,0.31871415941131037,-0.4914624428512245,1.4047579015327605,0.12749151569723294,-0.48037344947556,1.6404665163810679,0.3532452435288208,-0.11177692695563993,1.260424123694565,0.2037297331339476,-0.39510364603522596,1.680325345487784,0.06268663277590512,0.007190328609469719,1.3943375214835665,0.1985472206840452,-0.04172565541322658,1.313050002451764,0.48848179791936813,-0.23870481294117227,0.46060758473857344,0.44311093494592124,-0.05820137814970207,0.8046112802644438,0.4424096900500999,-0.18276485504693543,0.3787597244149012,0.3084598011923152,-0.17890414141661284,1.202683177215374,0.32366514008566244,-0.09018760830756056,0.7712508526858904,0.421073893640215,-0.6112871908194182,1.071991347319243,0.25776649330625473,-0.3540264162796223,1.5350074239124525,0.4689016178348996,-0.1188753242326888,0.8713957817349213,0.5014326043476333,-0.09367164155307986,0.6668508380454108,0.499317567080062,-0.08659077420929412,0.2638034335035362,0.34727379620469956,-0.22362058565316612,1.4155954533065391,0.10713690894328996,-0.07431312971162479,1.3623507275486624,0.08678393046192776,-0.021217227734575995,1.2934687966542529,0.17430507771621476,-0.33772763669096084,1.2200373411178589,0.3079553578073615,-0.6144352460539104,1.1910089499113576,0.9624078869819641,-19.34455108642578,4.70344352722168,-0.6640732288360596,-0.5057331323623657,-2.5045995712280273,114.7109146118164,-57.86427307128906,-712.7969360351562,-145.94873046875,82.52811431884766,0.5981560349464417,-1.8109022378921509,24.63547706604004,-2.0816311836242676,-3.7064476013183594,0.2721990644931793,2.6800413131713867
0.12877137458186275,-0.46484308546742065,1.497324786241481,0.12381153290980304,-0.32041078648030363,1.4183557899977197,0.0215077344698227,-0.5267105482469331,0.06751038671921421,0.1984880654178313,-0.5299199491936639,0.9699926397066243,0.0059762022801866065,-0.3565474743183875,1.6390249020611214,-0.21240448507646853,-0.3941984025650467,1.1718062813708325,0.0864398694220955,-0.2780321670683804,1.6834134779229069,-0.1272519256993635,-0.16845984145110807,1.3981109727297398,-0.1791768338506585,-0.2933302609533664,1.2851157160784235,0.08482686937200708,-0.589348867436908,0.08049969819207854,0.10195985697949958,-0.4100172607018458,0.5231232779310239,0.1331844621936217,-0.4989599405929742,0.04911210969559207,-0.12521832623821222,-0.382468928712488,1.1251847033469093,0.22350125490928327,-0.37120657996428724,0.47797273923427064,0.34477074394952384,-0.6622674065512537,1.0410198310747842,-0.010971107555627333,-0.4581468829650753,1.450335708872372,0.12610136194537017,-0.44935989661129894,0.5927406776425065,0.057278622034320374,-0.4212558132824519,0.40660923467764004,0.0756801153156931,-0.3472199695591895,0.07839478053991368,-0.1368015723068588,-0.442968210242442,1.3112533376706357,-0.08684484777811743,-0.21636362531721987,1.3378790403833452,-0.1529101882351945,-0.17130506879939938,1.3042916750276325,0.5633799515615237,-0.19119783577244015,0.389176529961706,0.44090525036221306,-0.41686171984040976,1.0811987183741387,0.3188895829860738,-0.49135190060991324,1.404567006407984,0.12759992564158723,-0.480318277531507,1.6401228099469318,0.3531552308442577,-0.11140114184937731,1.260385801855302,0.20385813708139572,-0.3950638662999039,1.6800237692744526,0.06218787983972704,0.0067727507927782,1.3942872191107036,0.19829130537857284,-0.041692183309832945,1.3129891476883793,0.4878428030685084,-0.23787853795270258,0.4620419759426685,0.4428271113444638,-0.05781435633435945,0.806130288945918,0.4416810494681068,-0.18195868315582245,0.3802522727787889,0.3085293438260918,-0.17849960997207276,1.20255079628616,0.3233792833638507,-0.08977009216631882,0.772842280122618,0.42138749005778736,-0.6114500388009658,1.0719185913635405,0.2578747842386858,-0.35391715341648516,1.5347749936264872,0.4688515832388638,-0.1186469899404128,0.8726835304143412,0.500939597455871,-0.09309094766808663,0.6683196832012657,0.4984680996430631,-0.08565840257072688,0.26528472532302333,0.347271753166685,-0.223309057067759,1.4154515678914177,0.10690661839252671,-0.07453335631663435,1.3622022800098192,0.08648810401213486,-0.02138065651910293,1.2934253573022931,0.1745490620763886,-0.33766827949427614,1.2197258472442627,0.3081925684055745,-0.6145013968478765,1.190891723167028,0.8916734457015991,-19.352628707885742,4.479168891906738,-0.691084086894989,-0.5706608295440674,-2.491806983947754,115.59884643554688,-58.328060150146484,-714.7167358398438,-146.32974243164062,82.74932098388672,0.5695260167121887,-1.933380126953125,24.548988342285156,-1.888109564781189,-3.6941452026367188,0.2526986300945282,2.658200740814209
0.12894926269520196,-0.4647435121583623,1.4969902437254292,0.12397888102969586,-0.32032652603869405,1.4180645678217048,0.02151738435326033,-0.5267268330450879,0.06750312699190039,0.1988307751271109,-0.5299626348034435,0.9698351670969401,0.006128184690097009,-0.3565042829079344,1.6386971035540498,-0.21202822888134332,-0.39358285306305285,1.1714302830348742,0.08653858237412591,-0.27799805031706953,1.683124993021125,-0.12656856915413942,-0.16812434683967112,1.3979130162308548,-0.17868029627184207,-0.2928180534713316,1.2848065231020087,0.0848673606994531,-0.5893450987260074,0.08048958217860847,0.10215107938706479,-0.4101606006456527,0.5230982457565156,0.1331947963956176,-0.49897489642465354,0.04913186939396211,-0.12486911550262907,-0.3820092550768758,1.124819416084037,0.22360597052518894,-0.37120280133572636,0.4779354984199764,0.34508735533581664,-0.6624273387406835,1.0409609201728114,-0.010837821329987014,-0.4579838763009634,1.4499756978047604,0.12629248517633274,-0.4494448413714668,0.5927388924636589,0.05738080740715099,-0.4213733078036087,0.4066284451855729,0.0756324411228003,-0.347222647327461,0.07841711511082997,-0.13659139229169745,-0.4424941460817855,1.3108771013108311,-0.0862722293479948,-0.21604054761643443,1.337640064441605,-0.15223937753020536,-0.1708603460366363,1.304066425127699,0.5626354724760877,-0.19024915702098255,0.3905184290661717,0.44128519592695675,-0.416951811866255,1.0811872932295137,0.3190650065608372,-0.491241358368602,1.4043761112832076,0.12770833558594155,-0.48026310558745405,1.6397791035127955,0.35306521815969455,-0.11102535674311469,1.2603474800160388,0.2039865410288438,-0.39502408656458193,1.6797221930611212,0.061689126903548955,0.006355172976086682,1.3942369167378406,0.19803539007310048,-0.04165871120643932,1.3129282929249946,0.48720380821764864,-0.2370522629642329,0.46347636714676355,0.44254328774300633,-0.05742733451901683,0.8076492976273921,0.4409524088861137,-0.18115251126470946,0.3817448211426766,0.3085988864598685,-0.17809507852753267,1.2024184153569455,0.323093426642039,-0.08935257602507707,0.7744337075593455,0.4217010864753597,-0.6116128867825136,1.0718458354078382,0.25798307517111696,-0.3538078905533481,1.5345425633405219,0.46880154864282797,-0.11841865564813678,0.8739712790937613,0.5004465905641089,-0.0925102537830934,0.6697885283571204,0.4976186322060642,-0.08472603093215965,0.2667660171425105,0.3472697101286705,-0.22299752848235188,1.4153076824762962,0.10667632784176347,-0.07475358292164391,1.362053832470976,0.08619227756234195,-0.021544085303629862,1.2933819179503334,0.17479304643656243,-0.33760892229759143,1.2194143533706665,0.3084297790037875,-0.6145675476418425,1.1907744964226983,0.938412606716156,-19.351240158081055,4.16204833984375,-0.6556904911994934,-0.6183214783668518,-2.4870336055755615,116.55030059814453,-58.32076644897461,-716.0643920898438,-146.6219940185547,82.94353485107422,0.5679783821105957,-2.0187716484069824,24.509164810180664,-1.631757140159607,-3.7138452529907227,0.279669851064682,2.6480326652526855
0.12918439376729213,-0.4646114068019469,1.4965504196700672,0.12421804301391375,-0.32022237664224296,1.4176970992656732,0.02155322049873949,-0.5267290010160168,0.06752463256237128,0.19936777219571025,-0.5300503210318799,0.9696412001619276,0.006342849000326254,-0.35642858530511917,1.6382832337688926,-0.21155742096979888,-0.39277977728291064,1.1709235359896097,0.08670095032364722,-0.2779375808621874,1.6827292357454238,-0.12568103248216458,-0.16766839057503158,1.3975948857155858,-0.1780540377197676,-0.29214959779125177,1.284401356384454,0.08492152770327417,-0.5893330176342402,0.08048206620806495,0.10235281669787619,-0.4103013744812138,0.5230845251422844,0.13323215553105272,-0.4990342452826089,0.049189383040694215,-0.12440548348703132,-0.38142883861499116,1.1243619816192727,0.22372936314304934,-0.3711858819059978,0.4778894151974198,0.34554660226532957,-0.6626228215481271,1.0408332608393487,-0.010659369054120897,-0.4577475707262557,1.4495154469218474,0.1265369989718033,-0.4495495781302452,0.5927224992126818,0.057501290844667034,-0.42150903009618357,0.4066584242988896,0.07558200206138835,-0.347227083235387,0.07844044025123909,-0.1362297504844255,-0.44187506125462767,1.3104122598834385,-0.08546106303912519,-0.215579148924706,1.3372945400658032,-0.1513468020700461,-0.17028792868584197,1.3037160887623465,0.5616713293538188,-0.18903187719105885,0.39235784937411744,0.4417246532262556,-0.41713624876856015,1.0811461606957264,0.31929413742379636,-0.49107882819625714,1.4040803482990392,0.12785667210619972,-0.4802290830292449,1.6393343557585154,0.35292236432926544,-0.1104723663494879,1.260290232320495,0.20413578087032236,-0.3949802023488165,1.6793103970044496,0.06106020457154473,0.005798305919091678,1.3941623106697538,0.19770089174244576,-0.04157987166664853,1.312834473043088,0.4864057857567901,-0.23599223296669936,0.4653526202140265,0.44222531615700944,-0.05689317758336959,0.8097265415041652,0.4400002777280397,-0.18007793543946662,0.3836878604742865,0.3086925647314021,-0.17758201427807083,1.2022256113046053,0.32272198342329617,-0.08881608974065212,0.7765539213521591,0.42209515656461777,-0.611818990170561,1.0717582128300571,0.2581418609086251,-0.3536259299082472,1.5342037397504642,0.4687444297781843,-0.11810189242542579,0.8756521400434292,0.4998616109916706,-0.09174097518109722,0.6717317221772592,0.4965106083561253,-0.08353563129211103,0.26871117342584183,0.34726782222062547,-0.22261317930375504,1.4151142847459048,0.10636091456804055,-0.07504367780261087,1.361864404765186,0.08578058518469334,-0.021783836821205174,1.2932583798241142,0.1751492770253033,-0.33753806609191644,1.2189382407444203,0.3087335274314249,-0.6146386496673356,1.1906270193343131,1.0938385725021362,-19.327470779418945,4.002182960510254,-0.578296422958374,-0.5683504343032837,-2.4738237857818604,117.57366943359375,-58.220333099365234,-717.4434814453125,-146.98423767089844,83.12100219726562,0.5699362754821777,-2.01142954826355,24.51858139038086,-1.7124354839324951,-3.7044734954833984,0.3188757300376892,2.6498053073883057
0.12945011267993622,-0.4644619179087759,1.4960543383036229,0.12449557881876333,-0.3201075995599987,1.417288888369175,0.021603049303324805,-0.5267236256441533,0.0675615089026508,0.20000858693722856,-0.530162053392423,0.9694277324423884,0.006591007455764029,-0.3563355179811945,1.6378233716977353,-0.21103608924032047,-0.3918764966213151,1.1703469232218155,0.08689733239396519,-0.27786302980997707,1.6822761573538876,-0.12468439192566651,-0.16714806548807004,1.3972125400770579,-0.1773584626170973,-0.29139765070763646,1.283944905988428,0.0849830023204254,-0.5893164948122391,0.08047593957343638,0.10256017265927712,-0.41044077711389554,0.5230768488732395,0.13328395547061567,-0.49911731560498673,0.049267070552963296,-0.12388071032944105,-0.3807839030856328,1.1238553081916658,0.22386273583829008,-0.3711619406741187,0.47783860702388337,0.34608206666068525,-0.6628373008690133,1.0406688657027996,-0.010456782247599782,-0.4574720977947412,1.4490016327788497,0.12681004207655294,-0.4496648907661438,0.5926983001216358,0.057631551873999716,-0.42165449241928704,0.4066941576288236,0.0755300855893173,-0.3472324586072505,0.07846429470359095,-0.13578717489510972,-0.4411784844682706,1.3099000722367242,-0.08452242839810074,-0.2150438382530844,1.3368920814122585,-0.15033572635903264,-0.16964727758571801,1.3032989123009688,0.5605898085019446,-0.18767107006729833,0.3944631207068235,0.4421959106890571,-0.4173710989636301,1.0810891539845247,0.3195519668376998,-0.4908885182134363,1.403728549054127,0.12802634343800956,-0.4802063616695783,1.6388356164591202,0.3527512747720377,-0.1098246861076513,1.2602228715719765,0.20429615439563398,-0.3949341248992263,1.6788397048482833,0.06036172607383192,0.005167009497049039,1.3940747178942952,0.19732440248230435,-0.04147678998527148,1.312723038212353,0.48552278671043597,-0.23480729571241418,0.46746498267382186,0.4418890975563731,-0.05628039882771227,0.8121020789967467,0.4389287241247316,-0.17885993766468883,0.385871620170328,0.3087991399086074,-0.17701095540002482,1.202000520087236,0.3223048069619185,-0.08821603162399191,0.7789566927398277,0.4225322278524866,-0.6120482071346005,1.0716626462557457,0.2583276286030447,-0.35340512312011213,1.5338080647765406,0.4686835254264983,-0.1177378771024824,0.8775430609848326,0.4992274857120009,-0.09087092611963386,0.6739283847493052,0.495264424590875,-0.08220735409401901,0.27090419621657064,0.3472660172064573,-0.2221899183578049,1.4148944300531552,0.10600001586983536,-0.0753711068768375,1.361653079260264,0.08530697971582413,-0.022064371478577323,1.2930920408261533,0.17556548651480516,-0.33746106537762066,1.2183741638992007,0.30907283042440353,-0.6147123973890646,1.1904633779399443,1.1965827941894531,-19.26639175415039,3.9760923385620117,-0.5683269500732422,-0.5094139575958252,-2.448429584503174,118.15222930908203,-58.42523956298828,-718.757080078125,-147.32151794433594,83.23257446289062,0.5749273896217346,-2.011319160461426,24.51488494873047,-2.1296932697296143,-3.6578874588012695,0.3060302436351776,2.648811101913452
0.12971583159258035,-0.4643124290156049,1.4955582569371786,0.12477311462361292,-0.3199928224777544,1.4168806774726768,0.021652878107910126,-0.5267182502722898,0.06759838524293031,0.2006494016787469,-0.5302737857529659,0.9692142647228493,0.0068391659112018045,-0.35624245065726984,1.637363509626578,-0.2105147575108421,-0.3909732159597195,1.1697703104540211,0.08709371446428314,-0.2777884787577667,1.6818230789623514,-0.12368775136916844,-0.16662774040110853,1.3968301944385302,-0.17666288751442702,-0.29064570362402115,1.2834884555924018,0.08504447693757664,-0.589299971990238,0.08046981293880781,0.10276752862067806,-0.4105801797465773,0.5230691726041945,0.1333357554101786,-0.49920038592736454,0.04934475806523238,-0.12335593717185078,-0.3801389675562745,1.1233486347640587,0.22399610853353083,-0.37113799944223946,0.4777877988503469,0.34661753105604093,-0.6630517801898994,1.0405044705662507,-0.010254195441078669,-0.4571966248632267,1.448487818635852,0.12708308518130257,-0.4497802034020424,0.5926741010305897,0.05776181290333239,-0.42179995474239057,0.4067298909587576,0.07547816911724624,-0.347237833979114,0.07848814915594281,-0.13534459930579396,-0.4404819076819136,1.30938788459001,-0.08358379375707631,-0.2145085275814628,1.3364896227587137,-0.1493246506480192,-0.16900662648559406,1.3028817358395912,0.5595082876500704,-0.18631026294353784,0.39656839203952954,0.44266716815185864,-0.4176059491587001,1.0810321472733226,0.31980979625160333,-0.49069820823061544,1.4033767498092147,0.1281960147698194,-0.4801836403099117,1.6383368771597249,0.35258018521481005,-0.10917700586581468,1.2601555108234583,0.2044565279209456,-0.3948880474496361,1.6783690126921167,0.0596632475761191,0.004535713075006401,1.3939871251188367,0.19694791322216293,-0.04137370830389443,1.312611603381618,0.4846397876640819,-0.233622358458129,0.4695773451336172,0.44155287895573686,-0.055667620072054946,0.8144776164893283,0.43785717052142353,-0.177641939889911,0.3880553798663695,0.30890571508581277,-0.17643989652197883,1.2017754288698663,0.3218876305005408,-0.0876159735073317,0.7813594641274964,0.4229692991403554,-0.61227742409864,1.0715670796814343,0.2585133962974643,-0.3531843163319771,1.5334123898026168,0.4686226210748123,-0.117373861779539,0.8794339819262359,0.49859336043233116,-0.0900008770581705,0.6761250473213511,0.4940182408256247,-0.08087907689592698,0.2730972190072994,0.3472642121922891,-0.2217666574118548,1.4146745753604055,0.10563911717163017,-0.07569853595106411,1.361441753755342,0.08483337424695492,-0.022344906135949468,1.2929257018281923,0.17598169600430702,-0.33738406466332493,1.217810087053981,0.30941213341738216,-0.6147861451107934,1.1902997365455754,1.1114541292190552,-19.255542755126953,3.949138879776001,-0.6244743466377258,-0.5571666359901428,-2.4548447132110596,118.57276916503906,-58.88445281982422,-720.2906494140625,-147.69296264648438,83.36260986328125,0.5994083881378174,-2.0116465091705322,24.5225830078125,-2.5519702434539795,-3.6375179290771484,0.24342350661754608,2.6502227783203125
0.12996367034533166,-0.4642016959703521,1.4950546578855703,0.12503141362146036,-0.31984801314129735,1.4164403688828677,0.021692023717409727,-0.52671916101942,0.067613147914607,0.20121341351641722,-0.5303708162923523,0.9689644786301038,0.0070430801916152004,-0.3561599735195274,1.6368864826019236,-0.2100076914228351,-0.3900853940193227,1.1692048844122729,0.08729169692918165,-0.2777212144720633,1.6813710012183285,-0.122748737846384,-0.16616594357206332,1.3964840517138803,-0.17593349245012993,-0.2898917809030078,1.283023230287413,0.08510700031029468,-0.5892857840124345,0.08046389477241118,0.10295979950009591,-0.41068773484782667,0.5230640492691899,0.1333489983484445,-0.4992622694629707,0.04941610092704264,-0.12275979411325709,-0.3794136979919396,1.1228580486695499,0.22414530236397356,-0.37114355165437357,0.47775559887191316,0.3471272544355582,-0.6632262977543256,1.040310235607703,-0.010040057089105745,-0.45694800263998525,1.4479621763260948,0.1273519236421743,-0.449895657154898,0.5926536607821256,0.057892799562472376,-0.4219358339412323,0.406767054701483,0.07543667926397545,-0.3472363715929701,0.07850918607995999,-0.13497882662032615,-0.43980842917565477,1.3088024187561693,-0.08269068537070264,-0.21399875266465132,1.3360555795644293,-0.14842057045524484,-0.16835458019119226,1.3025281389817498,0.558494695369771,-0.1849643693163695,0.39866815339650535,0.4431958922881954,-0.4177851030566045,1.0809690597041552,0.3200549700402266,-0.4905124460624543,1.4030343155987215,0.12835016965076623,-0.4801560824872642,1.6378898123242207,0.3524415846297283,-0.10854291294189479,1.2600734225961547,0.2046132773062251,-0.39485356724814863,1.6779482502811003,0.05895682082616337,0.003906478684407899,1.3938847278917073,0.19655075994943152,-0.0412794424233255,1.3125063263817338,0.48376199070191545,-0.23244571182506765,0.47169159342911066,0.4412474495093554,-0.05516223372607832,0.8168361173165555,0.43688525831857267,-0.17647597899302744,0.3902437066202921,0.3090150420436796,-0.17584434102307883,1.201560549388658,0.3214941488591251,-0.08705204934967276,0.7837977713307007,0.4234568710556093,-0.6125241523941621,1.0714510896348006,0.25869711138160023,-0.3529687116280297,1.5330124043470976,0.4685719669457303,-0.1170146203791069,0.8813050182055163,0.4979763103044586,-0.08914618729459531,0.6783119599945497,0.4927499594277894,-0.07957756220800989,0.2752852385604618,0.3472546585743001,-0.22136514451330072,1.4144232130998018,0.10530035619605456,-0.07603353242210995,1.3612068232321581,0.08439471126096139,-0.02260403471400603,1.2927721403292474,0.17631125326780295,-0.3371837469718314,1.2172883709534905,0.3097950992797384,-0.6148763137147916,1.1901277820795577,0.9621232748031616,-19.303682327270508,3.822983741760254,-0.6109746694564819,-0.6175720691680908,-2.4734532833099365,119.19988250732422,-59.294307708740234,-722.009765625,-148.1015625,83.55293273925781,0.6583389639854431,-2.0111706256866455,24.567947387695312,-2.7472774982452393,-3.6407909393310547,0.19735410809516907,2.6613943576812744
0.1302017437799877,-0.4641121295805009,1.4945469530212958,0.12527920636317588,-0.31968680157369334,1.4159825300144044,0.021725334658824053,-0.526723504954616,0.0676158331211237,0.20173547915275522,-0.5304598173755684,0.9686948571181455,0.007222830345669127,-0.3560832802526998,1.636400080871898,-0.20950841656978558,-0.3892060149189652,1.1686455680439805,0.08749055345573567,-0.2776579298819138,1.6809194699817935,-0.12184119754970471,-0.16573611217618778,1.396157681349887,-0.17518562648371358,-0.28913677918003095,1.2825532125321446,0.0851700964648992,-0.5892728712187697,0.08045809046174122,0.10314383160396917,-0.4107778962972938,0.5230603202289303,0.13334118323215585,-0.4993125817534939,0.04948397863360233,-0.12212467210873075,-0.37864455368542516,1.1223762487338869,0.2243031369682574,-0.3711652118243918,0.47773356183080484,0.34762291926027133,-0.6633789900517622,1.0400997035156023,-0.009819609816155298,-0.4567140450343391,1.447430074017569,0.12761846572062038,-0.4500111879793224,0.5926352734399947,0.05802418252712251,-0.4220664792799002,0.40680499966965605,0.07540088394866479,-0.34723117473899134,0.07852868420004055,-0.1346550001361907,-0.43914756588391124,1.30817693175859,-0.08182244132340746,-0.2135029241985438,1.3356042863517408,-0.14757492627627805,-0.16769631036760793,1.3022092663689164,0.5575182025401009,-0.18362662075272462,0.4007649054590439,0.44375600206930904,-0.4179338382075954,1.0809026510510225,0.3202932319104277,-0.4903291677007612,1.402696996137796,0.12849585016239556,-0.480125883211758,1.6374709696959187,0.3523207280217417,-0.10791624078391406,1.2599832908996682,0.20476804735348714,-0.3948254209283172,1.677554757192435,0.05824605310767496,0.0032783704802135027,1.3937742451563577,0.1961423209467471,-0.04118999132627486,1.312404412504853,0.4828870348780361,-0.2312735931466747,0.47380687168102387,0.44095883567799005,-0.05471550015769654,0.8191853135034738,0.43596776564981765,-0.17533843823714765,0.3924345276904421,0.3091258718971385,-0.17523540660048165,1.2013512470864303,0.32111360823476554,-0.08650785989269912,0.7862554865562362,0.42397202408274276,-0.6127804445707246,1.0713239452302061,0.2588797054247351,-0.3527559480623694,1.5326100647054761,0.46852691101514743,-0.11665798627481556,0.8831651944000989,0.4973685858364137,-0.08829988607063595,0.6804935477229932,0.4914696093229269,-0.07829066396795759,0.27747052557618407,0.34724087302653206,-0.22097550939447833,1.4141546428598315,0.1049736858228382,-0.07637266185603393,1.360959000737462,0.08397513224638457,-0.02285147227951331,1.2926255573105339,0.1765934850847879,-0.3369160792389453,1.2167897903366593,0.3102019117861394,-0.6149754506467984,1.1899512873974858,0.9782994389533997,-19.26815414428711,3.815823554992676,-0.5405930876731873,-0.5704218149185181,-2.4468488693237305,119.93251037597656,-59.25719451904297,-723.3773193359375,-148.40182495117188,83.73091125488281,0.7336633801460266,-2.010572671890259,24.6265869140625,-2.508516550064087,-3.669088363647461,0.2122964709997177,2.6756296157836914
0.1304398172146437,-0.46402256319064966,1.4940392481570213,0.12552699910489137,-0.3195255900060894,1.4155246911459411,0.021758645600238383,-0.526727848889812,0.06761851832764038,0.2022575447890932,-0.5305488184587845,0.9684252356061872,0.007402580499723054,-0.3560065869858723,1.635913679141872,-0.20900914171673607,-0.38832663581860777,1.1680862516756878,0.08768940998228969,-0.2775946452917642,1.6804679387452586,-0.1209336572530254,-0.16530628078031226,1.3958313109858935,-0.17443776051729723,-0.2883817774570541,1.282083194776876,0.08523319261950373,-0.589259958425105,0.08045228615107126,0.10332786370784242,-0.4108680577467609,0.5230565911886708,0.1333333681158672,-0.4993628940440172,0.04955185634016201,-0.12148955010420441,-0.37787540937891073,1.1218944487982239,0.22446097157254125,-0.37118687199441014,0.4777115247896965,0.3481185840849845,-0.6635316823491987,1.0398891714235015,-0.009599162543204849,-0.45648008742869295,1.446897971709043,0.12788500779906645,-0.45012671880374683,0.5926168860978638,0.05815556549177264,-0.4221971246185682,0.4068429446378291,0.07536508863335414,-0.3472259778850126,0.0785481823201211,-0.13433117365205527,-0.43848670259216765,1.307551444761011,-0.08095419727611229,-0.21300709573243629,1.3351529931390522,-0.14672928209731123,-0.1670380405440236,1.3018903937560833,0.5565417097104307,-0.18228887218907974,0.40286165752158254,0.44431611185042275,-0.4180825733585863,1.0808362423978894,0.32053149378062873,-0.4901458893390681,1.4023596766768702,0.12864153067402492,-0.48009568393625174,1.6370521270676164,0.3521998714137551,-0.10728956862593331,1.259893159203182,0.20492281740074916,-0.39479727460848574,1.6771612641037694,0.057535285389186556,0.0026502622760191073,1.393663762421008,0.19573388194406272,-0.041100540229224214,1.312302498627972,0.4820120790541567,-0.23010147446828177,0.475922149932937,0.44067022184662474,-0.054268766589314746,0.821534509690392,0.43505027298106264,-0.17420089748126785,0.39462534876059213,0.3092367017505974,-0.17462647217788446,1.2011419447842022,0.32073306761040593,-0.08596367043572548,0.7887132017817717,0.4244871771098762,-0.613036736747287,1.0711968008256116,0.25906229946786996,-0.35254318449670907,1.5322077250638546,0.4684818550845645,-0.11630135217052423,0.8850253705946814,0.49676086136836883,-0.0874535848466766,0.6826751354514368,0.4901892592180644,-0.0770037657279053,0.27965581259190636,0.347227087478764,-0.22058587427565596,1.4138860726198614,0.10464701544962184,-0.07671179128995793,1.3607111782427654,0.08355555323180774,-0.02309890984502059,1.2924789742918203,0.17687571690177284,-0.3366484115060592,1.2162912097198284,0.3106087242925404,-0.6150745875788051,1.1897747927154136,1.1288725137710571,-19.17316246032715,4.114430904388428,-0.5519341230392456,-0.5019394755363464,-2.413252353668213,120.83843231201172,-58.98480987548828,-724.8624877929688,-148.7304229736328,83.92589569091797,0.8174333572387695,-2.0105910301208496,24.590160369873047,-2.0120413303375244,-3.7040762901306152,0.25620388984680176,2.6674916744232178
0.13068266763098982,-0.4639228890767161,1.493565736424844,0.12575568073731386,-0.31936940047519885,1.4150666740556426,0.021788048789225863,-0.5267323837769742,0.06761977935074182,0.20281876512611938,-0.530634038693068,0.9681623483335735,0.007618363389270443,-0.3559500964370784,1.6354141399165651,-0.20850238154660786,-0.38745795002836264,1.1675201883379198,0.08789329013682359,-0.277531857176727,1.6800204556904093,-0.12005290751721685,-0.16485726825942268,1.395479633121301,-0.1737072711798134,-0.28765797728536935,1.2816340289763268,0.0852940912352295,-0.5892398785676388,0.08045515265093733,0.10350684990600639,-0.4109560868992711,0.5230562992838045,0.1333347950747471,-0.49938249489329506,0.049585488402833604,-0.1209398600093971,-0.37719351102579507,1.1213960742318867,0.22459108631638502,-0.37116559979734043,0.477679195437605,0.34860915049219765,-0.6637346332041633,1.0397405077684794,-0.009377170548410406,-0.45625265401522846,1.4463467742038878,0.12815031505479718,-0.4502471061731806,0.5926173902702647,0.058286911857295905,-0.42232254423842525,0.40688207350819316,0.07532148497388852,-0.3472307996441986,0.07855814238948537,-0.13388594945534965,-0.43780330060333605,1.3069756561951922,-0.08004660598489623,-0.21248745873866492,1.3347061300119818,-0.14576528907216937,-0.16640243671883811,1.301540052259205,0.555529827116341,-0.18096030841501343,0.404965322045301,0.44481307381628366,-0.41827889373957716,1.0807483707437453,0.32077134055215,-0.48997591396435997,1.4020222044543715,0.12881310427228346,-0.480030833243929,1.636564210748041,0.3520701037140082,-0.10661832668775359,1.2598308810335122,0.20509692133459823,-0.3947705922537292,1.6767171305536435,0.05690586320833852,0.0021382063973790625,1.393509207971838,0.19534714463234737,-0.04102519570868339,1.3122349051844995,0.48115084631158817,-0.22895453280664438,0.4780427875700376,0.44030543091083996,-0.05379088477706475,0.8239090006477785,0.4341065944326634,-0.17308755352205,0.39681032033550817,0.3093233061645994,-0.1740228653151468,1.2009274485884913,0.3203648815782654,-0.08547562403937443,0.7911620441059403,0.42500552539991227,-0.6132764161027819,1.0710497719562606,0.25925212422546173,-0.3523260035755619,1.5318148821000233,0.46846036262662205,-0.11603205949561485,0.8869155389781029,0.49613521924082016,-0.08661865322104352,0.6848805921756669,0.4888793688440165,-0.07571067268781315,0.2818580052217111,0.34721971791706335,-0.22021308748532606,1.4136102207449097,0.10434014361277716,-0.0770735771746825,1.3603865421370955,0.08312681329664805,-0.023346591669918093,1.2923260771280882,0.17718951626131865,-0.3363943841086318,1.2158485652989899,0.3110000060390163,-0.615141097184838,1.1895842185083605,1.1647530794143677,-19.129621505737305,4.467395305633545,-0.6527808308601379,-0.5040109753608704,-2.418797016143799,121.5588607788086,-58.9641227722168,-726.2424926757812,-149.05709838867188,84.10089111328125,0.8737204670906067,-2.011697292327881,24.520811080932617,-1.616787075996399,-3.728785514831543,0.28911229968070984,2.6509416103363037
0.13092818426967456,-0.46381757344236435,1.4931113092315118,0.12597369570408437,-0.3192160139415438,1.4146085574926919,0.021815270907091382,-0.5267370252419781,0.06762024548077425,0.20340183924957617,-0.5307171486860869,0.9679032197061753,0.007854257573046726,-0.3559048818239313,1.6349072681357528,-0.20799144352508697,-0.38659523259725004,1.1669503592497465,0.08809997417674159,-0.2774693461640781,1.6795752320858026,-0.11918711065259201,-0.16439754999433923,1.395113830140095,-0.1729864804259199,-0.28695159193301045,1.2811965014760858,0.08535376331762762,-0.5892157984885159,0.08046285867296307,0.10368301978470473,-0.4110429259325495,0.5230579257800879,0.13334138040116292,-0.49938495447304077,0.04960000661775371,-0.12043785284094463,-0.37656030808852997,1.1208884487088941,0.22470572951021572,-0.37112036534887277,0.47764112153984856,0.34909687127103867,-0.6639656353470506,1.0396263753341524,-0.00915431638328445,-0.4560288620113537,1.4457849189145675,0.12841493310715188,-0.45037020417238705,0.5926284385437997,0.058418237795399515,-0.4224450471780158,0.40692186316117546,0.07527352316884806,-0.34724121318747664,0.07856277889565916,-0.1333729683958142,-0.4371073188765949,1.3064276062889604,-0.07911705344125924,-0.211954533264337,1.3342617394908374,-0.14473524087706938,-0.16577948368345666,1.301172146734023,0.5544981920955987,-0.17963687103513062,0.4070728446868871,0.4452747904899105,-0.4185017733187075,1.0806485197401994,0.321012071919757,-0.4898133635126202,1.4016846469695994,0.12899912982586995,-0.4799466422259413,1.6360377416705454,0.3519353623816509,-0.1059222085931838,1.2597841490183446,0.2052818162749145,-0.3947447269957587,1.6762447325599115,0.05632184318803399,0.001690923909746137,1.393330055356815,0.19497251989233572,-0.04095772462619456,1.3121864673317662,0.48029727296323965,-0.22782164343342876,0.48016641649189373,0.43989812252142574,-0.05329561789846973,0.826297609616589,0.43314830050957914,-0.17198771475166674,0.3989920270758749,0.30939638940309055,-0.17342223197419124,1.2007100534754873,0.3200035911324798,-0.08501891330476628,0.7936059341130667,0.4255256570924986,-0.6135068231860533,1.070891644780999,0.2594459847306574,-0.3521063571536778,1.5314273396075166,0.4684520218743394,-0.11581151552547682,0.8888224471878532,0.4954995765591299,-0.08579006741773214,0.6870993711301033,0.4875529908778652,-0.07441412208490815,0.2840696335430966,0.3472159293708422,-0.21984970441322454,1.4133303047015966,0.10404432212181439,-0.07744800852031897,1.3600190333183237,0.08269296028953514,-0.023594409825638034,1.2921696557903921,0.1775209347143868,-0.3361479699216931,1.2154371410805658,0.31138261945437123,-0.6151893961903275,1.1893857859617827,1.0639921426773071,-19.187850952148438,4.565624713897705,-0.7068700194358826,-0.5308194160461426,-2.4593589305877686,122.19051361083984,-59.22830581665039,-727.848876953125,-149.400634765625,84.29032897949219,0.9708119630813599,-2.013144016265869,24.537925720214844,-1.6255254745483398,-3.748399019241333,0.2783486247062683,2.6556782722473145
0.1311737009083593,-0.4637122578080127,1.4926568820381796,0.12619171067085486,-0.3190626274078887,1.4141504409297412,0.021842493024956902,-0.5267416667069821,0.0676207116108067,0.20398491337303293,-0.5308002586791057,0.9676440910787771,0.00809015175682301,-0.35585966721078416,1.6344003963549405,-0.20748050550356606,-0.3857325151661374,1.1663805301615735,0.08830665821665959,-0.2774068351514292,1.6791300084811962,-0.11832131378796718,-0.16393783172925577,1.3947480271588888,-0.17226568967202643,-0.2862452065806515,1.2807589739758447,0.08541343540002573,-0.589191718409393,0.08047056469498881,0.10385918966340307,-0.41112976496582787,0.5230595522763714,0.13334796572757873,-0.4993874140527864,0.04961452483267381,-0.11993584567249216,-0.3759271051512649,1.1203808231859018,0.22482037270404645,-0.3710751309004051,0.47760304764209205,0.34958459204987974,-0.6641966374899377,1.0395122428998251,-0.008931462218158492,-0.45580507000747894,1.4452230636252472,0.1286795511595066,-0.45049330217159345,0.5926394868173347,0.058549563733503125,-0.4225675501176064,0.40696165281415775,0.07522556136380758,-0.34725162673075466,0.07856741540183294,-0.13285998733627877,-0.43641133714985375,1.3058795563827288,-0.07818750089762228,-0.21142160779000907,1.3338173489696932,-0.1437051926819694,-0.1651565306480752,1.3008042412088408,0.5534665570748563,-0.1783134336552478,0.40918036732847324,0.44573650716353724,-0.41872465289783795,1.0805486687366537,0.321252803287364,-0.4896508130608805,1.4013470894848274,0.1291851553794564,-0.47986245120795357,1.6355112725930498,0.3518006210492936,-0.105226090498614,1.2597374170031768,0.2054667112152308,-0.39471886173778814,1.6757723345661795,0.05573782316772946,0.0012436414221132113,1.393150902741792,0.1945978951523241,-0.040890253543705735,1.312138029479033,0.47944369961489114,-0.22668875406021316,0.48229004541374987,0.4394908141320115,-0.052800351019874715,0.8286862185853996,0.4321900065864948,-0.17088787598128352,0.40117373381624155,0.30946947264158176,-0.17282159863323565,1.2004926583624833,0.31964230068669414,-0.08456220257015813,0.7960498241201931,0.426045788785085,-0.6137372302693247,1.0707335176057373,0.259639845235853,-0.35188671073179373,1.53103979711501,0.4684436811220567,-0.11559097155533879,0.8907293553976033,0.4948639338774397,-0.08496148161442076,0.6893181500845398,0.4862266129117139,-0.07311757148200314,0.28628126186448216,0.3472121408246211,-0.219486321341123,1.4130503886582835,0.10374850063085161,-0.07782243986595545,1.3596515244995522,0.08225910728242224,-0.023842227981357975,1.292013234452696,0.17785235316745493,-0.3359015557347544,1.2150257168621417,0.3117652328697261,-0.615237695195817,1.189187353415205,1.0002570152282715,-19.28742790222168,4.639240264892578,-0.6821587681770325,-0.5197933316230774,-2.498250722885132,122.70108795166016,-59.42151641845703,-729.544189453125,-149.736083984375,84.47843170166016,1.087235689163208,-2.0163474082946777,24.604637145996094,-1.7626001834869385,-3.7784793376922607,0.24738164246082306,2.672677993774414
0.1314228269832813,-0.46359923067471837,1.4922257724976697,0.12642923175104406,-0.31890582406757684,1.4137049052888984,0.021874765748318457,-0.5267448176611338,0.06762401034303059,0.20462667951915436,-0.5308657225394091,0.9673962044400095,0.008306413611384808,-0.35579152020397564,1.6338895077736961,-0.20694705192616444,-0.3848907785699857,1.1658263388058998,0.0884946303454456,-0.2773354315994591,1.6786614419608716,-0.1173992217179166,-0.16351051944375827,1.3943588054732772,-0.17159878467487186,-0.28556266308620276,1.2803090171308706,0.0854787268978081,-0.5891686109517584,0.08047738335779961,0.10402707015441742,-0.4112187260823534,0.523061279824238,0.13336259728630648,-0.4993741222170015,0.049600953865327584,-0.1193767348859484,-0.37520333473256096,1.1198802207479415,0.22491731292364614,-0.3710229554713167,0.47755824118260515,0.35005324565811663,-0.6644053324958347,1.0393873989976794,-0.008670417067675011,-0.4555757264822524,1.444665730394275,0.1289338114245838,-0.45060313715050554,0.5926460256639695,0.05867700629084315,-0.4226870530883208,0.4069964972552874,0.07517854060163562,-0.34725296457871696,0.07857676343807321,-0.1324133024310434,-0.4357349846931483,1.305304020445868,-0.07735224842827843,-0.2109559416178836,1.3334018592013428,-0.1427587267776199,-0.1645348407574837,1.3004267863090464,0.5524697343245247,-0.17700744346277605,0.4112826289720093,0.44627478304288243,-0.4189168570057446,1.0804611207633619,0.3215272479894145,-0.48948927944069665,1.401032066503108,0.12936915042779304,-0.4797865716826837,1.6350021591249682,0.3516956583553592,-0.10452398036094693,1.2596595358374894,0.20568073427440314,-0.39465386425422516,1.6752950608335584,0.05514899530256822,0.0008990380871387263,1.3929986045850034,0.1942088452988113,-0.04083232473063943,1.3120150913465891,0.47864635515686693,-0.22559472849432208,0.48440084710026415,0.4391985340228933,-0.05231836216141847,0.8310603140205737,0.43121745807445605,-0.16976947845607407,0.40340674949797567,0.3095759092182513,-0.1721753752389491,1.200275061146313,0.3192946585203638,-0.08410073451648485,0.7984903794250741,0.42653246608790973,-0.613925827260049,1.0705680389277983,0.2598095923070087,-0.35167643684425104,1.530663749240092,0.4684143090090215,-0.11536962233039717,0.8926401919876502,0.494258360357474,-0.0842053292701576,0.6915632277135028,0.4849200031615251,-0.07186790407690782,0.2884863723587516,0.3472184953310632,-0.21907817241766595,1.4127859082443035,0.10352986676014023,-0.07806523731410109,1.3592546601958622,0.08185107295481575,-0.02406863188556093,1.2918285944603927,0.1782090850421135,-0.33566230989449863,1.214631825093402,0.31213934532064475,-0.6152704954147339,1.188987960878587,1.0460025072097778,-19.302379608154297,4.739820957183838,-0.6513025164604187,-0.487283855676651,-2.491532325744629,123.16287994384766,-59.34364700317383,-730.86669921875,-150.05030822753906,84.62770080566406,1.1755354404449463,-1.9928370714187622,24.5999698638916,-1.7119617462158203,-3.789558172225952,0.2613787055015564,2.6658811569213867
0.13167401156480738,-0.4634818055771834,1.491807961306035,0.12667787741154235,-0.31874707207971853,1.413266544705195,0.021909918895126966,-0.5267471185583152,0.06762892454369179,0.20530191845945173,-0.5309211225896482,0.9671547292478827,0.008511478903191467,-0.3557102945664071,1.6333763283609555,-0.2064007574457996,-0.3840610076062727,1.165281065844542,0.08867193083741412,-0.2772589565211574,1.6781795626839264,-0.11644502378852165,-0.16310168869349342,1.3939562278078093,-0.17096261139835744,-0.2848937169013434,1.2798519716752286,0.0855472232184268,-0.5891460581923162,0.08048369594855814,0.10419022310401825,-0.4113088974494808,0.5230630650030856,0.1333818177118996,-0.49935184715204683,0.04957136328622008,-0.11878505719221193,-0.3744279125470989,1.1193836236631634,0.22500415691575468,-0.37096682151421806,0.4775095950590064,0.3505110250206183,-0.6646013054626667,1.0392564462115432,-0.008387591120854817,-0.45534321685500495,1.4441109761497044,0.12918216451410425,-0.4507054080631559,0.5926499927280754,0.05880223410759146,-0.42280484513928557,0.4070285213802824,0.0751320565279746,-0.3472491264441945,0.07858879851880453,-0.13200442705130735,-0.4350698270545101,1.3047128088821638,-0.07657077647005488,-0.21052863426654544,1.3330028518935702,-0.141859928898464,-0.16391387125415519,1.300043885281544,0.5514927654471619,-0.1757114036193747,0.41338189020259486,0.4468567215942389,-0.41909156650896895,1.0803805893620118,0.32182091982751493,-0.48932832573225954,1.4007298952301606,0.12955198745360438,-0.47971543230560443,1.6345029437778802,0.35160767879115035,-0.10381845288620091,1.2595638899218957,0.2059113694638606,-0.39456654917325407,1.674815006406102,0.05455742546338713,0.0006129939564147617,1.3928616218614263,0.19381156862275492,-0.04077983799310315,1.3118496647733726,0.4778810787378558,-0.2245228674435458,0.4865043332541225,0.43897185597988153,-0.05184394592382262,0.8334261322060957,0.43023677999215415,-0.16864049664100278,0.40566902731033344,0.30970136762060074,-0.17150315126737223,1.2000573486681805,0.3189548001384104,-0.08363655330428225,0.8009290329075807,0.4270000639340735,-0.6140905794323674,1.0703983675959885,0.2599655871853134,-0.3514715082301999,1.5302942568892675,0.4683729424480571,-0.11514781385857538,0.8945532689820851,0.4936699356563044,-0.08349048663300791,0.6938233038052817,0.48362466747200256,-0.07064497474556336,0.29068776565474386,0.34723063454722725,-0.2186444929696077,1.4125302309626775,0.10335525395410346,-0.07823296230508396,1.3588410540921798,0.08145776334286527,-0.0242828229744456,1.2916278610166334,0.17858025347752285,-0.33542715225196046,1.214247932299873,0.31250860956528326,-0.6152944564819336,1.188788020847649,1.109299659729004,-19.20413589477539,4.691681861877441,-0.6740283966064453,-0.4930616617202759,-2.4532310962677,123.81729125976562,-59.12213897705078,-732.613525390625,-150.49122619628906,84.81523132324219,1.2863714694976807,-1.9092463254928589,24.55147361755371,-1.4805493354797363,-3.786400079727173,0.3214661478996277,2.633953094482422
0.13192519614633344,-0.4633643804796484,1.4913901501144005,0.12692652307204064,-0.31858832009186017,1.4128281841214918,0.02194507204193548,-0.5267494194554967,0.06763383874435298,0.2059771573997491,-0.5309765226398873,0.9669132540557558,0.008716544194998127,-0.35562906892883855,1.6328631489482148,-0.20585446296543478,-0.38323123664255965,1.1647357928831845,0.08884923132938265,-0.2771824814428557,1.6776976834069814,-0.11549082585912669,-0.16269285794322855,1.3935536501423413,-0.17032643812184303,-0.28422477071648405,1.2793949262195865,0.0856157195390455,-0.5891235054328742,0.08049000853931668,0.10435337605361907,-0.41139906881660815,0.5230648501819333,0.13340103813749277,-0.4993295720870921,0.04954177270711258,-0.11819337949847546,-0.37365249036163684,1.1188870265783852,0.22509100090786321,-0.3709106875571194,0.4774609489354077,0.35096880438312,-0.6647972784294988,1.039125493425407,-0.008104765174034622,-0.4551107072277574,1.4435562219051337,0.12943051760362473,-0.4508076789758063,0.5926539597921814,0.05892746192433976,-0.42292263719025036,0.40706054550527737,0.07508557245431358,-0.347245288309672,0.07860083359953583,-0.1315955516715713,-0.43440466941587186,1.30412159731846,-0.07578930451183132,-0.2101013269152073,1.3326038445857977,-0.1409611310193081,-0.1632929017508267,1.2996609842540412,0.550515796569799,-0.17441536377597333,0.41548115143318043,0.44743866014559536,-0.4192662760121933,1.0803000579606619,0.3221145916656153,-0.4891673720238225,1.4004277239572134,0.1297348244794157,-0.4796442929285252,1.6340037284307922,0.3515196992269415,-0.1031129254114549,1.259468244006302,0.20614200465331803,-0.3944792340922829,1.6743349519786457,0.05396585562420604,0.0003269498256907971,1.3927246391378492,0.1934142919466985,-0.04072735125556687,1.3116842382001561,0.4771158023188446,-0.2234510063927695,0.48860781940798087,0.43874517793686973,-0.05136952968622677,0.8357919503916178,0.4292561019098522,-0.1675115148259315,0.4079313051226912,0.30982682602295025,-0.17083092729579535,1.199839636190048,0.3186149417564569,-0.08317237209207966,0.8033676863900873,0.4274676617802374,-0.614255331604686,1.0702286962641785,0.2601215820636181,-0.35126657961614877,1.5299247645384428,0.4683315758870927,-0.1149260053867536,0.89646634597652,0.4930815109551348,-0.08277564399585821,0.6960833798970607,0.48232933178248,-0.06942204541421888,0.29288915895073614,0.34724277376339135,-0.21821081352154942,1.4122745536810515,0.10318064114806669,-0.07840068729606685,1.3584274479884975,0.08106445373091478,-0.024497014063330273,1.2914271275728744,0.17895142191293223,-0.33519199460942223,1.2138640395063438,0.3128778738099218,-0.6153184175491333,1.188588080816711,1.0816172361373901,-19.203834533691406,4.430158615112305,-0.7038754224777222,-0.5601809024810791,-2.439755439758301,124.3816909790039,-59.07792282104492,-734.3252563476562,-150.84535217285156,84.96575164794922,1.406223177909851,-1.8243030309677124,24.605058670043945,-1.4172111749649048,-3.7744028568267822,0.3594948649406433,2.6266467571258545
0.13213140690168798,-0.46329118350878457,1.4910449537615114,0.1271430817216832,-0.31846366975678514,1.4124759486968943,0.021976790036266017,-0.5267536754639733,0.06764349816305353,0.20642962331408696,-0.5310206933329437,0.9667361722087229,0.008836216906961424,-0.3555506067658892,1.6324663237230668,-0.20541526095954,-0.38259564206892294,1.1643030140178883,0.08900453838587596,-0.27712190417659205,1.677315890789032,-0.1148037700759654,-0.1623904961623893,1.3932582526806965,-0.16980124247685963,-0.28369930588843806,1.2790081143773944,0.08567177239090007,-0.5891035344229628,0.08049182813392569,0.1044843683623715,-0.41146935068613644,0.5230649935686036,0.1334198575146151,-0.4993061502741662,0.04950904345374234,-0.11774872993396607,-0.37308906615767257,1.1184872325682482,0.22515491934012102,-0.3708642414271437,0.47741423912395703,0.35131520506561986,-0.6649279180938834,1.039015871404812,-0.00787933429607517,-0.45493047176212664,1.4431215315465107,0.12961851289828882,-0.45088852512718036,0.5926432133905145,0.05902789601599736,-0.4230127318312001,0.40708817689624055,0.07504057664646219,-0.3472367065237058,0.07860782894225704,-0.1312518780002531,-0.43388000406966304,1.303665965203418,-0.07513610070065552,-0.20974859891348327,1.3322602571635846,-0.14024397676551578,-0.16284198306550254,1.299352577979991,0.5497606826933804,-0.17341575201674803,0.41714095126911505,0.4478557427099209,-0.41944482054141974,1.080209876330483,0.32236093351777817,-0.4889856765897858,1.4001587143796959,0.12987444539930648,-0.4795760799520063,1.6336085600963492,0.35145095119018427,-0.10257796729785322,1.2593933272835434,0.20631459434300858,-0.3943879711904273,1.6739564129453621,0.05350464768707752,-3.540727008437565e-06,1.3925782067096786,0.19312277927205262,-0.04066432289631161,1.3115555075620184,0.47647443107816556,-0.2225879913331657,0.49027925729751587,0.4385403257036051,-0.05103547728022203,0.8376561572022786,0.42848139981560357,-0.16666639699841176,0.4096917397040405,0.3099555241449779,-0.17031809502583467,1.1996635575562913,0.31833338579594694,-0.08283027567413469,0.8052913059067253,0.42785560137388723,-0.614387736711281,1.0700780246036732,0.26026945571038895,-0.3511228046275133,1.5295967305732878,0.46832043835461534,-0.11474595138716777,0.8979867589197411,0.4925911551378421,-0.0821791717548244,0.6978529611762786,0.48130865163163633,-0.06844493686314056,0.2946327867492145,0.3472421107604014,-0.2178167313436009,1.4120724414358077,0.10296181274812348,-0.07864648357823195,1.3581146805096935,0.08078205125369378,-0.024665989287024896,1.2912716374097282,0.1792401968199291,-0.33497423871068766,1.2135601558827407,0.3131589073909829,-0.6153458752576878,1.1884341861633276,1.0147875547409058,-19.383743286132812,4.202056884765625,-0.6646112203598022,-0.622668445110321,-2.453415870666504,125.17326354980469,-59.11975860595703,-736.4472045898438,-151.2095184326172,85.1524658203125,1.5387616157531738,-1.8654247522354126,24.69294548034668,-1.6594675779342651,-3.734125852584839,0.35375383496284485,2.6577818393707275
0.1323114124354937,-0.4632437572573984,1.490742068417025,0.1273409440027957,-0.3183588896760877,1.4121738964358703,0.022006506445688127,-0.5267590706711573,0.06765592251195024,0.20675228447314128,-0.5310583209359883,0.9665966108934769,0.008906133312559286,-0.3554737548164974,1.6321372954261224,-0.20503845929310022,-0.3820731896438346,1.163935782893604,0.08914703036973018,-0.27707059020238206,1.676992416381836,-0.11427237192131826,-0.16215017141885316,1.3930253066763973,-0.16934071096363446,-0.28325744437066136,1.278662226058,0.08572057471764798,-0.5890850677395498,0.08049102976227439,0.1045966214000784,-0.41152804339958343,0.5230641803204619,0.1334384432099513,-0.49928206027738303,0.04947448536654971,-0.11738975030302212,-0.3726491683366283,1.1181438434992406,0.22520547957215087,-0.3708234401728144,0.4773686575573801,0.35159670793457537,-0.6650204895347949,1.0389186783342172,-0.007687346214144831,-0.4547806952568079,1.4427567996726132,0.12977133908413893,-0.4509568875593855,0.5926238937883188,0.05911388337020053,-0.42308668782379455,0.4071132487413899,0.07499644801711404,-0.34722536072036286,0.0786118877447204,-0.13094619587557205,-0.43343720037416117,1.3032893321372025,-0.0745576358098068,-0.2094393265957864,1.3319489616431937,-0.13963266210445505,-0.16249014910877935,1.299087578097716,0.5491348386600318,-0.1725888621333419,0.41854468698533165,0.44817676745503154,-0.4196255996527261,1.0801140717323252,0.32257969726789865,-0.4887918954258723,1.3999090273648698,0.12998888528110175,-0.4795095721222707,1.6332740175802976,0.35139340892532805,-0.10214239605609944,1.2593304889881058,0.20645336224543337,-0.39429440798348936,1.6736370246141952,0.05311939865350723,-0.0003599291948743448,1.3924262681544222,0.19289289286594516,-0.04059515217479491,1.3114481588073124,0.47590525655556987,-0.22184666606369396,0.4916989505290985,0.43834819087129556,-0.0507832116737271,0.8392280865189256,0.42782671522620497,-0.16598668023450486,0.4111597616940934,0.31008610997768427,-0.1698981366607527,1.199511738012958,0.318085801325097,-0.08255931527804065,0.8069148268920696,0.42819712592276515,-0.6145012939213127,1.0699384236177862,0.26041259730099053,-0.3510146624599861,1.529292853462775,0.46832691458676823,-0.11459022676510526,0.8992783754866644,0.49215794181981626,-0.08165167124066132,0.6993367423284922,0.48044800699151907,-0.06761106246749297,0.2961096850452044,0.3472339881966446,-0.21744572159075579,1.4119015403141248,0.10271722093125843,-0.07893777021903865,1.357860669394992,0.08056427183135456,-0.02480861825856152,1.2911425094730806,0.179480962899347,-0.33476662241070476,1.2133028917754722,0.31338853097909336,-0.6153753703793153,1.1883071211000151,0.9901295304298401,-19.502744674682617,4.2396368980407715,-0.6005409359931946,-0.6156790852546692,-2.4602246284484863,125.98301696777344,-59.035552978515625,-738.0447998046875,-151.4976043701172,85.33267974853516,1.651753544807434,-1.973661184310913,24.655960083007812,-2.0881314277648926,-3.7016642093658447,0.3350846767425537,2.6747896671295166
0.13249141796929947,-0.4631963310060122,1.4904391830725385,0.12753880628390818,-0.31825410959539036,1.4118718441748461,0.02203622285511024,-0.5267644658783414,0.06766834686084694,0.20707494563219564,-0.5310959485390329,0.9664570495782309,0.008976049718157146,-0.3553969028671056,1.631808267129178,-0.20466165762666047,-0.38155073721874627,1.1635685517693197,0.08928952235358441,-0.2770192762281721,1.67666894197464,-0.11374097376667111,-0.16190984667531702,1.3927923606720982,-0.1688801794504093,-0.28281558285288466,1.2783163377386055,0.0857693770443959,-0.5890666010561368,0.08049023139062307,0.1047088744377853,-0.41158673611303037,0.5230633670723202,0.1334570289052875,-0.4992579702805999,0.04943992727935709,-0.11703077067207816,-0.372209270515584,1.1178004544302327,0.2252560398041807,-0.37078263891848506,0.4773230759908032,0.3518782108035309,-0.6651130609757063,1.0388214852636224,-0.007495358132214491,-0.45463091875148925,1.4423920677987156,0.12992416526998904,-0.4510252499915906,0.592604574186123,0.0591998707244037,-0.423160643816389,0.40713832058653926,0.0749523193877659,-0.34721401491702,0.07861594654718376,-0.13064051375089103,-0.4329943966786593,1.3029126990709874,-0.07397917091895809,-0.2091300542780895,1.3316376661228029,-0.1390213474433943,-0.16213831515205618,1.2988225782154412,0.5485089946266831,-0.1717619722499358,0.41994842270154825,0.4484977922001422,-0.41980637876403254,1.0800182671341676,0.3227984610180192,-0.48859811426195876,1.3996593403500437,0.13010332516289705,-0.4794430642925351,1.632939475064246,0.3513358666604718,-0.10170682481434566,1.259267650692668,0.20659213014785818,-0.39420084477655143,1.6733176362830282,0.05273414961993695,-0.000716317662740252,1.3922743295991657,0.19266300645983772,-0.04052598145327821,1.3113408100526065,0.47533608203297417,-0.22110534079422225,0.49311864376068115,0.438156056038986,-0.05053094606723217,0.8408000158355725,0.42717203063680637,-0.16530696347059795,0.4126277836841463,0.31021669581039063,-0.16947817829567077,1.1993599184696249,0.317838216854247,-0.08228835488194662,0.808538347877414,0.4285386504716431,-0.6146148511313445,1.069798822631899,0.2605557388915921,-0.35090652029245895,1.5289889763522622,0.46833339081892117,-0.11443450214304277,0.9005699920535877,0.4917247285017904,-0.08112417072649823,0.7008205234807059,0.47958736235140176,-0.06677718807184539,0.2975865833411943,0.3472258656328877,-0.21707471183791066,1.4117306391924422,0.10247262911439337,-0.07922905685984535,1.3576066582802906,0.08034649240901534,-0.024951247230098145,1.2910133815364333,0.17972172897876493,-0.33455900611072187,1.213045627668204,0.31361815456720377,-0.6154048655009428,1.1881800560367028,0.9976639151573181,-19.35255241394043,4.442847728729248,-0.6047512292861938,-0.564572274684906,-2.457287073135376,126.72798919677734,-58.835716247558594,-739.6494750976562,-151.8537139892578,85.5461654663086,1.7901768684387207,-2.0123648643493652,24.563350677490234,-2.512753486633301,-3.7161707878112793,0.30966320633888245,2.660756826400757
0.13274673051786737,-0.46311208122218683,1.4900244655988075,0.12779723808465415,-0.3181448656794251,1.411451693007488,0.022072683976630106,-0.5267625001092621,0.06767715755480015,0.20759900471824683,-0.531129547499663,0.9662347394504295,0.009099702727024915,-0.3552938212227348,1.6313681278797174,-0.20419553262705836,-0.38086090340519585,1.163105379271981,0.08948474883145054,-0.2769496219837113,1.676245074793203,-0.11299263042033904,-0.16159338183355648,1.3924675019371588,-0.16823177518236718,-0.28226948642967553,1.2778707280853727,0.08583272413800884,-0.589041730820738,0.08048889213642538,0.10486413385497023,-0.4116507692644928,0.523058997676862,0.13348429048100843,-0.49921381789327457,0.0493889663072414,-0.11656255141788761,-0.3716263931910723,1.117336056879814,0.22531742701269933,-0.37071373663990703,0.47726442620454246,0.3522842845182545,-0.6652728013250212,1.038669582234313,-0.007272400250288335,-0.4544168829128442,1.4419109031854087,0.13013267127291256,-0.45110295663606254,0.5925708807856831,0.05928982765913404,-0.4232519826549568,0.4071759259858668,0.07489339264714165,-0.3472016059997066,0.07861830809751884,-0.13023457251834555,-0.43244945943750296,1.3024386076737713,-0.07325402116834724,-0.20872377747336762,1.331240774385187,-0.13820038484224423,-0.16163793744038274,1.2984666603290482,0.5476358615799456,-0.17070729931853468,0.4218031860739979,0.4489944732149705,-0.4199224198298738,1.0799171904854428,0.32304870786256346,-0.4883794089816264,1.3993134632805326,0.13028990758570613,-0.47932670822996176,1.6324833023627072,0.35124255776010604,-0.10109360318704948,1.2592105818110586,0.20676359968469632,-0.3941265854811826,1.6729016600065674,0.05226014144965356,-0.0011820973063640153,1.3921027203269352,0.19240276846072532,-0.04048248788724277,1.3112362465321623,0.4745933588174795,-0.22014004352274322,0.49499568116191206,0.4379377474650642,-0.05018907502935028,0.8428392925404554,0.4262786987206794,-0.16441164905859146,0.41455508334352476,0.31031775069947276,-0.1688893588864251,1.1991822857730436,0.31750744216094745,-0.08193676102141671,0.8106707212151281,0.42894591400954896,-0.6148207438307882,1.0696351990005037,0.26074839921187093,-0.35071479622891405,1.5285950516233382,0.4683360311369233,-0.11422881893566902,0.9022538541563299,0.4912276350899248,-0.08051746511301458,0.7027501410601155,0.4784816419644072,-0.06570785569138086,0.2995179473169592,0.34720864753849456,-0.21658820811881135,1.4115205955821157,0.10212077158472396,-0.07967105389430822,1.3572942069824168,0.08003143339559733,-0.02514848707626197,1.2908364321222368,0.180042707318107,-0.33436910215987276,1.2126335095096108,0.31395931808364314,-0.615464637611086,1.1879793812107566,0.9974671006202698,-19.18421173095703,4.388837814331055,-0.6423748135566711,-0.5778027176856995,-2.46156907081604,127.4779281616211,-58.522979736328125,-741.6978759765625,-152.2906494140625,85.80718994140625,1.9562692642211914,-2.0150680541992188,24.51590347290039,-2.7260704040527344,-3.7324681282043457,0.2879564166069031,2.649369955062866
0.1330468686704604,-0.46300591266905233,1.4895431813814781,0.12809172317089623,-0.3180329647186576,1.4109612448720743,0.02211315980773197,-0.5267561528066925,0.06768381726366794,0.20824294352274855,-0.531160748458856,0.9659631740770592,0.00925534180926763,-0.35517512666468587,1.6308618511585211,-0.20367623897676437,-0.3800714378127989,1.1625850988144906,0.08971136488908568,-0.2768690509117202,1.6757614500080513,-0.11211515303133736,-0.1612315955047576,1.3920879332435052,-0.16747154189360064,-0.2816613454198995,1.2773657604953312,0.0859047288309462,-0.5890130489472521,0.08048723092833102,0.10504499230755875,-0.41171798124810716,0.5230525115270488,0.13351671627124415,-0.499157723606817,0.04932824171314769,-0.11602930857843123,-0.37095840901925864,1.1167996304714127,0.2253852588500803,-0.3706281075611809,0.47719799771608895,0.35276450754593536,-0.6654725231674333,1.0384851137533884,-0.007031007963602764,-0.4541645974710288,1.4413604333700722,0.13037432002409405,-0.4511862253116456,0.5925286315529552,0.05938214743941627,-0.4233536684256516,0.40722099183411,0.07482565750694828,-0.3471885642764584,0.0786196593787299,-0.12976895324540455,-0.4318437284191713,1.3019065053652454,-0.07244155900121133,-0.20825975990255938,1.3307929325182706,-0.13725463180056474,-0.16104914082695318,1.2980566245830611,0.5466155326919051,-0.16951704123951744,0.42392641828944344,0.4495957115332022,-0.4199999263448431,1.0798129757113804,0.3233176946442648,-0.48814586791771136,1.3989103302260897,0.1305194319972139,-0.4791806806002232,1.6319547307412356,0.3511279591957465,-0.10037463728264469,1.2591569471043467,0.20695453448011386,-0.39406381660936685,1.6724281909055267,0.05173330045989808,-0.0017129907450817443,1.391919402294601,0.1921244640372052,-0.04045427834232714,1.311133340889255,0.4737473328085925,-0.2190414295834027,0.49714494723555264,0.4377038592830399,-0.04979386742516662,0.8451567522145265,0.42524331482435695,-0.1633880027131924,0.41675576256797797,0.3104012276459214,-0.16820002695089145,1.198989288104291,0.31712714947809445,-0.08153717105110356,0.8131059828578241,0.4293923078980667,-0.6150815981310724,1.0694572761753538,0.2609705349664814,-0.35047332103678724,1.52814752712155,0.4683363881726928,-0.11399339847513383,0.9041711957446786,0.49069251781267836,-0.07986361360707822,0.7049451374652369,0.4772300431566523,-0.0644983697485253,0.30171982657830443,0.3471860154377704,-0.21603295799122743,1.411287252871406,0.10170506541648054,-0.08020275949642357,1.3569469698612264,0.07965846986368004,-0.025378233395418184,1.2906310175428328,0.1804114310502611,-0.3341897412739842,1.2121292163204673,0.31436687441456396,-0.6155424317382029,1.1877348910499093,1.012693166732788,-19.210067749023438,4.230254650115967,-0.6171468496322632,-0.6157181859016418,-2.4799551963806152,128.19873046875,-58.26140594482422,-743.6328125,-152.6051025390625,86.023681640625,2.071746826171875,-2.011554002761841,24.515661239624023,-2.349106550216675,-3.7327260971069336,0.2884809374809265,2.6485326290130615
0.13334700682305342,-0.4628997441159179,1.489061897164149,0.1283862082571383,-0.3179210637578901,1.4104707967366603,0.022153635638833834,-0.5267498055041231,0.06769047697253575,0.20888688232725028,-0.531191949418049,0.9656916087036891,0.009410980891510346,-0.355056432106637,1.6303555744373246,-0.2031569453264704,-0.37928197222040194,1.1620648183570004,0.08993798094672083,-0.27678847983972915,1.6752778252228997,-0.11123767564233568,-0.1608698091759587,1.3917083645498516,-0.16671130860483413,-0.28105320441012355,1.2768607929052895,0.08597673352388356,-0.5889843670737664,0.08048556972023667,0.10522585076014726,-0.4117851932317216,0.5230460253772357,0.13354914206147983,-0.4991016293203594,0.04926751711905397,-0.11549606573897483,-0.37029042484744495,1.1162632040630114,0.22545309068746125,-0.3705424784824548,0.47713156922763544,0.3532447305736163,-0.6656722450098455,1.0383006452724635,-0.006789615676917193,-0.45391231202921334,1.440809963554736,0.1306159687752755,-0.4512694939872287,0.5924863823202272,0.059474467219698506,-0.42345535419634633,0.40726605768235313,0.0747579223667549,-0.3471755225532102,0.07862101065994098,-0.12930333397246355,-0.4312379974008396,1.3013744030567194,-0.0716290968340754,-0.20779574233175116,1.3303450906513543,-0.13630887875888525,-0.16046034421352362,1.297646588837074,0.5455952038038646,-0.1683267831605002,0.426049650504889,0.45019694985143394,-0.42007743285981236,1.0797087609373182,0.32358668142596614,-0.4879123268537964,1.398507197171647,0.13074895640872172,-0.47903465297048453,1.6314261591197639,0.351013360631387,-0.09965567137823991,1.2591033123976347,0.20714546927553137,-0.39400104773755107,1.6719547218044861,0.05120645947014261,-0.0022438841837994733,1.3917360842622668,0.19184615961368512,-0.04042606879741151,1.3110304352463475,0.4729013067997055,-0.21794281564406215,0.4992942133091932,0.4374699711010156,-0.04939865982098297,0.8474742118885974,0.42420793092803455,-0.16236435636779334,0.4189564417924312,0.31048470459237004,-0.16751069501535784,1.1987962904355385,0.3167468567952415,-0.0811375810807904,0.8155412445005201,0.4298387017865844,-0.6153424524313567,1.0692793533502036,0.261192670721092,-0.3502318458446604,1.5277000026197622,0.46833674520846236,-0.11375797801459862,0.9060885373330274,0.49015740053543194,-0.07920976210114185,0.7071401338703585,0.4759784443488974,-0.06328888380566973,0.30392170583964967,0.34716338333704616,-0.21547770786364348,1.4110539101606963,0.10128935924823712,-0.08073446509853892,1.3565997327400359,0.07928550633176275,-0.025607979714574396,1.2904256029634287,0.18078015478241521,-0.33401038038809566,1.2116249231313239,0.3147744307454848,-0.6156202258653198,1.1874904008890619,1.0876473188400269,-19.316497802734375,4.2889018058776855,-0.5714184641838074,-0.5947467088699341,-2.484602928161621,129.18771362304688,-58.0081672668457,-746.0133056640625,-152.96669006347656,86.26394653320312,2.1990408897399902,-2.0107243061065674,24.565765380859375,-1.9226393699645996,-3.7167916297912598,0.31018275022506714,2.6610727310180664
0.13363912079902673,-0.4627572354792759,1.488589346408844,0.1286624400376879,-0.31775076702138444,1.4099692960843344,0.022187666224303428,-0.5267424220280932,0.06769875878628516,0.20949423434027772,-0.531223989184329,0.9654277652896792,0.009661401705261296,-0.3549367260459243,1.6298275627442542,-0.20263145005466132,-0.37851886737425594,1.1615277370869719,0.09015679949068076,-0.2766812519719269,1.6747794473013342,-0.11040606280628419,-0.16052398485261082,1.3913285244774345,-0.1659892564577772,-0.28043353597059945,1.2763717873206992,0.08604452876213765,-0.5889546490268202,0.08048804858020994,0.10542489621566226,-0.41185584679147264,0.5230214185272621,0.13355683537804527,-0.49902257268989325,0.049190763445780765,-0.11496850026660407,-0.36966304263926497,1.1157370653768248,0.22552602629590507,-0.3704274233109904,0.47705394636518905,0.35373908996779396,-0.6658663789168099,1.0380940470869178,-0.006544126881539377,-0.45365366152185477,1.4402663522208763,0.13086152476388097,-0.4513394774388004,0.592447216937084,0.05960671051670581,-0.4235417317377021,0.40728716818702143,0.07467208657142342,-0.34716532413927925,0.0786262722624256,-0.12891001246918907,-0.43063449292190814,1.3007852125246793,-0.07076395789025634,-0.20732292037037825,1.3298875531613432,-0.13543393090367317,-0.15983817417988713,1.2972713142436072,0.5445840524521884,-0.16712165475878493,0.42812948678897705,0.4507404153315437,-0.4202836530887528,1.0795561420601725,0.3238636738811897,-0.48769533372675344,1.398114524534996,0.13101554869223905,-0.4788841660942463,1.6308798491954803,0.35093898780101185,-0.09895049799110321,1.2590415856696122,0.2073566834658187,-0.39389516664853946,1.671443160993374,0.05063877983129774,-0.0027702866220038823,1.3915354966722577,0.1915204224997009,-0.04035869359180627,1.3109334012530498,0.4720654266559525,-0.21692168959323932,0.5014381319876539,0.43720493603818467,-0.049044204518100286,0.8497987644167136,0.4231778204145021,-0.16134613451381394,0.42118282181932437,0.31067016444458867,-0.16681978106498718,1.1985744032638752,0.3163967056582306,-0.08075175124732469,0.8179641830802753,0.4303064729204241,-0.6155578877949557,1.0690955835462406,0.2614121913712546,-0.34994788754065304,1.5272846241660465,0.4683635555059705,-0.11358199567096122,0.9080017095567375,0.4896089055186865,-0.07852794316332072,0.709343493675554,0.47468459680183045,-0.06209409471897297,0.30616243543806454,0.3471833268636899,-0.214990536799494,1.410823601957978,0.10092820483722434,-0.08122835036934606,1.3562958668794063,0.07893774093480299,-0.025798393845163435,1.2902189548441907,0.18118268984141728,-0.3338344240721488,1.2111355064325775,0.3151469730482196,-0.6156747430957705,1.1872410999228622,1.1742026805877686,-19.35744857788086,4.483774185180664,-0.5797496438026428,-0.5391055345535278,-2.472966432571411,130.14166259765625,-57.772518157958984,-748.150146484375,-153.36468505859375,86.47297668457031,2.322580099105835,-2.0093343257904053,24.67493438720703,-1.9323290586471558,-3.7034053802490234,0.33522388339042664,2.6874778270721436
0.1339263560756153,-0.46259263207186135,1.4881221055984497,0.12892757380837636,-0.31754496565323004,1.409461075501726,0.022217778100428597,-0.5267344085585992,0.0677080268398026,0.21007934158408878,-0.5312565389453181,0.9651686168269605,0.00996944981176924,-0.354816404991592,1.6292863361882848,-0.20210218419697112,-0.37777178986183063,1.1609804409229203,0.09037087714632615,-0.2765578167722715,1.674272099472829,-0.10960233561842647,-0.1601878654285772,1.3909485194067293,-0.1652904184448798,-0.2798068588537886,1.2758924866354229,0.08610976465194431,-0.58892430098641,0.08049304460156832,0.10563499936895655,-0.41192859282951483,0.522985794291591,0.13354949135061922,-0.4989295549542699,0.04910426409236643,-0.11444438663342141,-0.3690603464249744,1.1152171816257452,0.22560206499715516,-0.370294477075141,0.476969517323355,0.35424204427280176,-0.6660571153590221,1.037873994040963,-0.006296147408876692,-0.45339114105464606,1.4397269108437545,0.1311094563528402,-0.45140138347417313,0.5924099265344885,0.05976322731188196,-0.4236188018756197,0.40729371384279617,0.07457524557776798,-0.3471568544574131,0.07863391134024456,-0.1285606480098718,-0.4300323421789321,1.3001613123527427,-0.06986679146621401,-0.20684474533954203,1.3294241207324906,-0.13460203260183334,-0.15919571310676486,1.2969171744308725,0.543578481042622,-0.16590748520086934,0.4301829383467996,0.4512487549260752,-0.42056813125578774,1.0793740934883522,0.32414553378591476,-0.4874884017453288,1.3977282118323624,0.13130467824193814,-0.47873096799613624,1.6303227543830872,0.3508890722168992,-0.09825371045446554,1.258974938992633,0.20758022752818683,-0.39376307333147287,1.670908440422538,0.050046270293806566,-0.0032939585318961565,1.391324409191182,0.19116584630991448,-0.04026750566450176,1.3108399372227144,0.47123571519820107,-0.21594767617863536,0.5035787994498448,0.4369209636718232,-0.04871452661440862,0.8521276294000891,0.42215091611770605,-0.16033121075061774,0.4234248279341009,0.31091762990351546,-0.16612790524959564,1.1983349512744423,0.31606488058109156,-0.08037428757706225,0.8203796292377623,0.43078724141941954,-0.61574570844505,1.0689082587791594,0.26163012203791286,-0.3496380995046224,1.5268887905095587,0.46840644938661563,-0.1134421517023977,0.9099123468067473,0.4890522768363258,-0.0778291200269137,0.7115519384279946,0.47336506202126183,-0.06090824132082084,0.30842678604141766,0.3472291563717735,-0.2145447578059127,1.4105951387361186,0.10060021789460782,-0.08169924087871779,1.3560183707451978,0.07860529600389746,-0.025964894005103614,1.2900115567327335,0.1816057821871429,-0.3336605377347264,1.2106551346399925,0.31549822682181733,-0.6157151079730482,1.1869888739870085,1.1575348377227783,-19.35979652404785,4.6499199867248535,-0.6219649314880371,-0.49954959750175476,-2.475233554840088,131.24261474609375,-57.52799987792969,-750.4417724609375,-153.8217315673828,86.69088745117188,2.449627161026001,-2.008652925491333,24.69711685180664,-2.066404342651367,-3.7182884216308594,0.3222847282886505,2.6932449340820312
0.13421359135220381,-0.4624280286644468,1.4876548647880554,0.12919270757906484,-0.3173391642850756,1.4089528549191177,0.02224788997655377,-0.5267263950891052,0.06771729489332003,0.21066444882789984,-0.5312890887063071,0.9649094683642419,0.010277497918277187,-0.3546960839372597,1.6287451096323153,-0.2015729183392809,-0.3770247123494054,1.1604331447588687,0.09058495480197154,-0.276434381572616,1.673764751644324,-0.10879860843056875,-0.15985174600454355,1.3905685143360238,-0.16459158043198238,-0.2791801817369777,1.2754131859501465,0.08617500054175095,-0.5888939529459998,0.0804980406229267,0.10584510252225084,-0.41200133886755697,0.5229501700559199,0.13354214732319314,-0.4988365372186465,0.049017764738952085,-0.11392027300023876,-0.3684576502106837,1.1146972978746654,0.2256781036984052,-0.37016153083929165,0.47688508828152093,0.3547449985778095,-0.6662478518012344,1.0376539409950079,-0.0060481679362140075,-0.45312862058743736,1.4391874694666327,0.1313573879417994,-0.4514632895095459,0.592372636131893,0.05991974410705811,-0.4236958720135373,0.4073002594985709,0.07447840458411255,-0.347148384775547,0.0786415504180635,-0.12821128355055456,-0.429430191435956,1.2995374121808059,-0.06896962504217168,-0.20636657030870584,1.328960688303638,-0.13377013429999352,-0.1585532520336426,1.2965630346181376,0.5425729096330555,-0.16469331564295372,0.4322363899046222,0.45175709452060675,-0.42085260942282265,1.079192044916532,0.3244273936906398,-0.48728146976390424,1.3973418991297286,0.13159380779163726,-0.4785777698980262,1.629765659570694,0.35083915663278653,-0.09755692291782787,1.2589082923156536,0.20780377159055494,-0.3936309800144063,1.6703737198517024,0.049453760756315385,-0.0038176304417884303,1.3911133217101066,0.1908112701201281,-0.040176317737197244,1.3107464731923792,0.4704060037404496,-0.21497366276403138,0.5057194669120358,0.4366369913054618,-0.04838484871071696,0.8544564943834646,0.42112401182091,-0.15931628698742153,0.42566683404887745,0.3111650953624422,-0.1654360294342041,1.1980954992850095,0.3157330555039526,-0.07999682390679982,0.8227950753952493,0.43126800991841496,-0.6159335290951444,1.0687209340120782,0.2618480527045711,-0.3493283114685918,1.5264929568530707,0.4684493432672608,-0.11330230773383419,0.911822984056757,0.48849564815396507,-0.07713029689050668,0.7137603831804351,0.4720455272406932,-0.05972238792266871,0.31069113664477077,0.347274985879857,-0.2140989788123314,1.410366675514259,0.10027223095199131,-0.08217013138808951,1.3557408746109894,0.07827285107299192,-0.026131394165043797,1.2898041586212765,0.18202887453286853,-0.33348665139730405,1.2101747628474078,0.315849480595415,-0.6157554728503258,1.1867366480511545,1.0561047792434692,-19.354015350341797,4.643243789672852,-0.6207623481750488,-0.5105286836624146,-2.4700050354003906,132.6601104736328,-57.28270721435547,-753.1664428710938,-154.3118438720703,86.95030975341797,2.5889546871185303,-2.0097150802612305,24.614259719848633,-1.9101612567901611,-3.7360565662384033,0.2957278788089752,2.6734774112701416
0.1344967640393617,-0.46227300660499676,1.4871481238611486,0.1294526132132044,-0.3171514059534136,1.408440351486206,0.02228051802723218,-0.526722848020642,0.06772645587557989,0.21119560439460325,-0.5313184813947867,0.9646317935147822,0.010564502316298859,-0.3545761666945274,1.6281794096460405,-0.20106179035262556,-0.37629646102324227,1.1598794855029377,0.09079288350825278,-0.2763060149767541,1.6732490583760848,-0.10796769126164205,-0.15952342748641968,1.3901729931105051,-0.16389684477783986,-0.27858331937663605,1.2749511635066657,0.08624376978305791,-0.5888588937702558,0.08050037209956062,0.1060200251194815,-0.4120533742652034,0.5229254487334498,0.13356164453045422,-0.4987341400408587,0.048917903657385846,-0.11338817491041904,-0.3678320591023426,1.1141590101039962,0.22573162378459577,-0.36996516170880656,0.4767735671523391,0.355230007740046,-0.6663437659377294,1.0374073098037417,-0.005779578489257607,-0.4528847182823333,1.4386294527559091,0.13158857664525114,-0.45153477077452553,0.5923148859415622,0.0600729241029711,-0.42375907795318707,0.4072986677387692,0.07439462628388246,-0.3471451462894086,0.07864741058341715,-0.1278123420397967,-0.4288231827170644,1.2989702414203164,-0.06819014522610913,-0.20594916280531725,1.3285196245900843,-0.13297033902035646,-0.15799507745449118,1.2962052237908572,0.5415683293974163,-0.1635139993089714,0.4342988782765849,0.45244314181094136,-0.4208509931895907,1.0790901223555307,0.324730765740603,-0.48706915362781245,1.396972987036042,0.13185916752215252,-0.47847337793830214,1.6292095926423735,0.35075841064484703,-0.0968235093631492,1.2588557178610997,0.20802228024463779,-0.39351599974348056,1.6698636929720443,0.04885337459823944,-0.004353799909624626,1.3909227184901964,0.1904988218814332,-0.0400485603866593,1.3106363917028667,0.4695696416280128,-0.21403133020495738,0.5078288940404424,0.43643977113117444,-0.048084101460824744,0.8568016097245627,0.42015104696450645,-0.15832538083689104,0.427891353897701,0.31136263502354655,-0.16473191384448121,1.1978767518176148,0.3154297174996888,-0.07968081149044416,0.8252460814469696,0.4317713857486548,-0.6160823635707627,1.0685116810514437,0.2620574972092711,-0.34903594239658076,1.5260864038341093,0.46850104146445826,-0.11317515017970509,0.913731883693215,0.4879536239911389,-0.07648155251086154,0.7160255940544684,0.47075973520215775,-0.05856919814123225,0.3129531072070267,0.3473157249144371,-0.2136265237797175,1.4101141549104097,0.09998379307274788,-0.08256524145011081,1.3554654587183568,0.07796233586522917,-0.026292009229790293,1.2895995994277347,0.1824654211469044,-0.33332741852627684,1.2096995794220475,0.31625362145190206,-0.6157982361237735,1.186487187612925,0.9992538094520569,-19.293437957763672,4.5542449951171875,-0.6063551902770996,-0.537710964679718,-2.415621757507324,134.08499145507812,-56.954734802246094,-755.9798583984375,-154.7979736328125,87.22381591796875,2.7206413745880127,-2.011146306991577,24.521408081054688,-1.6261180639266968,-3.7359941005706787,0.28568872809410095,2.651193618774414
0.13477741398953444,-0.46212393425355686,1.486616854636085,0.1297092723431966,-0.31697485176538,1.4079251885414124,0.022314708541141242,-0.5267220744431413,0.06773555037004268,0.21169325771019948,-0.531345913643079,0.9643426143767818,0.010838439250179861,-0.35445650020577263,1.627598512449012,-0.2005619253987903,-0.3755799001514517,1.1593218749722107,0.09099699391533207,-0.2761745861429252,1.6727281828589786,-0.10711988999156764,-0.15919995307922363,1.3897678368533684,-0.16320465655615,-0.2780049710182954,1.2744998702939772,0.08631473312166747,-0.5888209091314417,0.08050104897987369,0.1061731017262533,-0.41209254902324927,0.5229074977683705,0.13359780927860973,-0.4986259185320494,0.048809745373660764,-0.11285111873059085,-0.3671922510033412,1.11360929403084,0.2257711605372413,-0.36972940900665247,0.4766452227108526,0.35570387354749716,-0.666380798481158,1.0371441744415966,-0.005498190913102689,-0.45265237725531027,1.4380599013622233,0.1318093685568958,-0.45161219794821267,0.5922444308830412,0.06022403205418034,-0.4238136746729447,0.4072920229063918,0.07431895949489234,-0.3471451562070689,0.07865216610151411,-0.12738261477935395,-0.42821315735183807,1.2984382977943547,-0.06748374499725981,-0.20556948997623084,1.3280924511271597,-0.13219047868192593,-0.1574892420691765,1.2958451333819636,0.5405643646488126,-0.1623563257027541,0.4363669782186186,0.4532395398478634,-0.4206717215626445,1.0790379554625378,0.325047496138819,-0.48685349410535483,1.3966148801592013,0.13210976696172297,-0.47839929301612427,1.628654163996905,0.35065851997066017,-0.09606735223275148,1.2588118818027294,0.20823766207260802,-0.39341164612217455,1.669369000078037,0.04824809731286489,-0.004897729957796965,1.3907448353356873,0.19021253374139996,-0.039898094603952196,1.3105159913072524,0.4687291496735535,-0.21310867043520443,0.5099189219293215,0.43629642126970736,-0.04780131921369509,0.8591568160136014,0.4192115767606047,-0.15734938884906424,0.4301050153394408,0.3115291723747127,-0.16402019774973,1.197670861190518,0.3151440690487426,-0.07940295832046611,0.8277191690459156,0.4322888000023286,-0.61620698888965,1.0682888113899736,0.2622616720811421,-0.34875438993932395,1.5256731944368376,0.4685582068582244,-0.11305587047970059,0.9156397043277096,0.48742066876383017,-0.07586390542372175,0.7183260548588455,0.4694948963179494,-0.05743629141211118,0.31521359984053676,0.3473533029291803,-0.21313750378738178,1.409846695448389,0.0997199138860829,-0.08291329429885803,1.3551913345886382,0.07766543830812768,-0.02644896984026329,1.2893968031106406,0.18291032242755226,-0.3331772849851886,1.2092276178053674,0.3166906034808285,-0.6158424887238749,1.186239444459511,1.0471323728561401,-19.242170333862305,4.542186737060547,-0.6497920751571655,-0.5385844111442566,-2.386824369430542,135.49314880371094,-56.42521286010742,-758.8980102539062,-155.3174285888672,87.48115539550781,2.8760573863983154,-2.011307954788208,24.501401901245117,-1.5975322723388672,-3.7192201614379883,0.2991929054260254,2.646475076675415
0.13505806393970715,-0.46197486190211695,1.4860855854110213,0.12996593147318883,-0.3167982975773464,1.4074100255966187,0.022348899055050303,-0.5267213008656407,0.06774464486450549,0.2121909110257957,-0.5313733458913714,0.9640534352387814,0.011112376184060866,-0.3543368337170178,1.6270176152519833,-0.20006206044495503,-0.37486333927966115,1.158764264441484,0.09120110432241137,-0.2760431573090964,1.6722073073418724,-0.10627208872149325,-0.1588764786720276,1.3893626805962316,-0.16251246833446012,-0.2774266226599548,1.2740485770812888,0.08638569646027704,-0.5887829244926276,0.08050172586018677,0.1063261783330251,-0.41213172378129515,0.5228895468032912,0.13363397402676525,-0.49851769702324017,0.04870158708993568,-0.11231406255076265,-0.36655244290433975,1.113059577957684,0.22581069728988684,-0.3694936563044984,0.47651687826936606,0.35617773935494834,-0.6664178310245867,1.0368810390794514,-0.005216803336947771,-0.4524200362282873,1.4374903499685376,0.13203016046854044,-0.4516896251218998,0.5921739758245202,0.06037514000538958,-0.4238682713927023,0.40728537807401444,0.0742432927059022,-0.3471451661247291,0.07865692161961108,-0.12695288751891118,-0.42760313198661176,1.297906354168393,-0.0667773447684105,-0.20518981714714443,1.327665277664235,-0.1314106183434954,-0.15698340668386182,1.29548504297307,0.5395603999002091,-0.1611986520965368,0.4384350781606522,0.45403593788478547,-0.42049244993569834,1.078985788569545,0.325364226537035,-0.4866378345828972,1.3962567732823605,0.13236036640129342,-0.47832520809394635,1.6280987353514362,0.3505586292964733,-0.09531119510235378,1.258768045744359,0.20845304390057823,-0.39330729250086854,1.66887430718403,0.047642820027490346,-0.005441660005969305,1.3905669521811783,0.1899262456013667,-0.0397476288212451,1.3103955909116378,0.46788865771909427,-0.21218601066545148,0.5120089498182006,0.4361530714082402,-0.04751853696656544,0.8615120223026401,0.41827210655670294,-0.15637339686123744,0.43231867678118063,0.3116957097258789,-0.16330848165497877,1.1974649705634213,0.3148584205977964,-0.07912510515048805,0.8301922566448615,0.4328062142560024,-0.6163316142085372,1.0680659417285034,0.26246584695301306,-0.34847283748206714,1.5252599850395658,0.4686153722519906,-0.11293659077969609,0.9175475249622042,0.4868877135365215,-0.07524625833658195,0.7206265156632227,0.468230057433741,-0.05630338468299011,0.31747409247404684,0.3473908809439236,-0.21264848379504603,1.4095792359863686,0.09945603469941791,-0.08326134714760526,1.3549172104589198,0.07736854075102617,-0.02660593045073629,1.2891940067935463,0.18335522370820012,-0.3330271514441004,1.208755656188687,0.31712758550975495,-0.6158867413239764,1.1859917013060968,1.109588623046875,-19.2745304107666,4.483453273773193,-0.7132114768028259,-0.549555242061615,-2.4249155521392822,136.6133270263672,-55.84748840332031,-761.3626098632812,-155.77001953125,87.71197509765625,3.0121569633483887,-2.01055645942688,24.530223846435547,-1.811864972114563,-3.6888375282287598,0.3290356695652008,2.6533796787261963
0.1352841868157813,-0.46186385441892197,1.4856659132518515,0.13019482485505918,-0.3166594137715188,1.4069897092336061,0.022378467254661367,-0.526717334985733,0.06775302928409829,0.21270626159199815,-0.5314240588849743,0.9638153450773251,0.011312333330364023,-0.35424279061374286,1.6265819131933301,-0.19966173038774768,-0.37430479737701794,1.1583260678692369,0.09136520170711523,-0.27594212210731,1.6717877601156172,-0.10562786197178806,-0.15861317855830223,1.389041689452746,-0.16196901348746376,-0.2769775382730345,1.2737031517834063,0.0864545675056265,-0.5887459108963707,0.08049884174537185,0.10643687500118815,-0.41215320128873484,0.522873392266943,0.1336660421891323,-0.49842654158737487,0.048608286515963786,-0.11191056113665467,-0.36608846026737957,1.1126358061042052,0.2258530045483286,-0.3693219499280121,0.4764256276535672,0.3565834379748793,-0.6664966305360099,1.0366835947463056,-0.004991728642844403,-0.45222004912546926,1.437047252591872,0.13220372329780597,-0.4517401058646227,0.5921223347155463,0.060491865463801565,-0.42390460644336725,0.4072790184853882,0.07419300047273668,-0.3471474094402711,0.07865808124573814,-0.12665866317831917,-0.4271454449915728,1.2974613674034345,-0.06615776181319691,-0.20486436794135743,1.3272982117356054,-0.13074142954602147,-0.15657323719748598,1.2951792338431276,0.5387747983466711,-0.16030708966863075,0.4400875597501433,0.45473138997886353,-0.4203563229433748,1.0788988583530021,0.32563818251060334,-0.48641639128820785,1.3959408339285693,0.13255107679114436,-0.4782580721950689,1.6276505826324816,0.35050565818485047,-0.09479099372710219,1.2587519572270627,0.20862197651472314,-0.3932120545415689,1.668470503873383,0.04721717575305937,-0.005870751469914143,1.390418952861369,0.18971014866568395,-0.03961473663294355,1.3102994665799552,0.46724827942863995,-0.21143995319178563,0.5136746563856176,0.4360315457282477,-0.04729099642016635,0.8633816951750131,0.417490867737508,-0.1555867369305219,0.43408968240417395,0.3118212812191603,-0.1627309120550061,1.1973067338498222,0.3146470022813374,-0.07891405667394202,0.8321601957674848,0.43319711987151216,-0.6164404964999647,1.067895799677893,0.2626139259101539,-0.34831790897427806,1.5249191668649382,0.46868126489074025,-0.1128640409855061,0.9190675233373579,0.48646621578773913,-0.07476372878677798,0.7224486044897939,0.4672244019460994,-0.05540290381759405,0.3192706209736944,0.3474354201199993,-0.21225528749606468,1.4093758896091917,0.09927476695831249,-0.08348557841501489,1.354702465581578,0.07712232251189008,-0.026737218364974523,1.2890187395329507,0.18369473349179652,-0.33291668499147653,1.2083518617595268,0.31747395713005633,-0.6159063173050912,1.1857955205124735,1.0810298919677734,-19.347339630126953,4.302438735961914,-0.6923461556434631,-0.5619497299194336,-2.4929165840148926,137.67190551757812,-55.220821380615234,-763.6314697265625,-156.2146759033203,87.97682189941406,3.1079373359680176,-2.0093977451324463,24.615055084228516,-2.103631019592285,-3.709958791732788,0.331749826669693,2.673661947250366
0.13547573154730513,-0.46177698563266273,1.4853170099637367,0.13040611068934005,-0.3165444185007487,1.4066295394834303,0.022405104230571266,-0.5267113447189331,0.06776096341231011,0.2132328348049265,-0.5314895352780424,0.9636096528034337,0.011465376465032432,-0.3541649964866259,1.626238286100476,-0.19932452002108492,-0.37384646262554144,1.1579635972218798,0.09150392498006883,-0.2758603609160872,1.6714324698542917,-0.10511273125939022,-0.1583880377526315,1.3887740713081613,-0.16151987736588283,-0.27661042616067344,1.2734248622363766,0.08652211173085977,-0.588709513083199,0.08049369943852457,0.106520696586331,-0.4121634561494486,0.522858376929302,0.13369551251660908,-0.4983462085392301,0.04852440790427442,-0.11159175298861321,-0.36573597670390906,1.1122919013168637,0.225897068712885,-0.3691908582946323,0.47635789995161903,0.35694590862223646,-0.6666019164173809,1.0365278081388662,-0.004802364556871306,-0.4520405791453178,1.4366843455674632,0.1323473359772701,-0.45177349862673427,0.5920826244038462,0.06058678739019577,-0.4239293609233881,0.40727283978304324,0.07415879942131358,-0.3471510690569088,0.07865696055012823,-0.12645036751860814,-0.4267843628166527,1.2970715240137467,-0.06559323371443528,-0.2045733044479067,1.3269692627799432,-0.13014242270134932,-0.15622373389092503,1.2949078469876423,0.5381276710143942,-0.15958428067087338,0.4414764784819243,0.4553628275726015,-0.420247555963251,1.0787898831020128,0.32588501323927316,-0.4861912802355179,1.3956516349552484,0.13270380875922197,-0.47819534299389416,1.6272704585498532,0.3504824409421706,-0.09442042283072377,1.258753464711423,0.20876145352985684,-0.3931225972459806,1.6681243378595012,0.046905445095324357,-0.006227018465812237,1.3902899042660037,0.189538563225443,-0.03949298867524065,1.3102187368254,0.4667348024860913,-0.2108058874180775,0.5150712811394244,0.4359238597730927,-0.04709848719618179,0.8649434688075489,0.4168099707720295,-0.15492014123114528,0.43557997945918153,0.3119208743635392,-0.16223841096391742,1.1971787166911245,0.3144826567330897,-0.07874537214932853,0.833807796831952,0.43350780049696663,-0.6165393954081251,1.0677590946488034,0.2627264318481976,-0.3482432785807856,1.5246242553193048,0.4687526918799672,-0.11282112479012534,0.9203415856456125,0.4861153983911931,-0.07436688352894309,0.7239673354767806,0.4663831066611587,-0.05464981496334076,0.32077292831528265,0.3474843736910662,-0.21192285744164954,1.4092132003102082,0.09914588696317167,-0.08363128867962502,1.3545253758398903,0.07690824237682961,-0.02685222603281997,1.2888609297228175,0.18396740964311636,-0.33283137327787893,1.2079912953029406,0.31776286849122964,-0.615910244698556,1.1856320378006688,0.9819420576095581,-19.326467514038086,4.170746326446533,-0.5914442539215088,-0.5229430794715881,-2.502774477005005,138.9561767578125,-54.49913024902344,-766.3258666992188,-156.75729370117188,88.2938003540039,3.176255226135254,-2.008852481842041,24.695289611816406,-2.255734920501709,-3.806825637817383,0.3063547611236572,2.6926708221435547
0.13566727627882894,-0.46169011684640354,1.4849681066756217,0.1306173965236209,-0.3164294232299786,1.4062693697332547,0.022431741206481164,-0.5267053544521332,0.06776889754052194,0.2137594080178548,-0.5315550116711105,0.9634039605295421,0.01161841959970084,-0.35408720235950897,1.625894659007622,-0.19898730965442216,-0.37338812787406495,1.1576011265745225,0.09164264825302244,-0.27577859972486435,1.6710771795929662,-0.10459760054699238,-0.15816289694696073,1.3885064531635765,-0.1610707412443019,-0.27624331404831237,1.273146572689347,0.08658965595609305,-0.5886731152700273,0.08048855713167727,0.10660451817147384,-0.4121737110101624,0.5228433615916612,0.13372498284408588,-0.4982658754910854,0.04844052929258504,-0.11127294484057174,-0.36538349314043855,1.1119479965295223,0.22594113287744144,-0.3690597666612524,0.47629017224967085,0.3573083792695936,-0.6667072022987517,1.0363720215314272,-0.004613000470898208,-0.45186110916516636,1.4363214385430545,0.13249094865673425,-0.4518068913888458,0.592042914092146,0.06068170931658998,-0.42395411540340905,0.4072666610806983,0.0741245983698905,-0.3471547286735465,0.07865583985451831,-0.1262420718588971,-0.4264232806417326,1.2966816806240586,-0.06502870561567364,-0.20428224095445596,1.326640313824281,-0.12954341585667717,-0.15587423058436406,1.2946364601321567,0.5374805436821174,-0.15886147167311598,0.4428653972137053,0.4559942651663395,-0.4201387889831271,1.0786809078510233,0.326131843967943,-0.4859661691828279,1.3953624359819274,0.13285654072729958,-0.47813261379271943,1.6268903344672248,0.35045922369949073,-0.09404985193434535,1.2587549721957831,0.20890093054499057,-0.39303313995039224,1.6677781718456193,0.04659371443758935,-0.006583285461710331,1.3901608556706384,0.18936697778520206,-0.03937124071753775,1.3101380070708446,0.46622132554354256,-0.21017182164436934,0.5164679058932311,0.43581617381793775,-0.04690597797219722,0.8665052424400848,0.4161290738065511,-0.15425354553176868,0.4370702765141891,0.3120204675079182,-0.16174590987282875,1.1970506995324268,0.31431831118484205,-0.07857668762471502,0.8354553978964193,0.4338184811224211,-0.6166382943162855,1.0676223896197137,0.26283893778624123,-0.34816864818729315,1.5243293437736714,0.4688241188691941,-0.11277820859474456,0.9216156479538671,0.4857645809946471,-0.07397003827110822,0.7254860664637672,0.465541811376218,-0.053896726109087474,0.3222752356568709,0.34753332726213315,-0.21159042738723438,1.4090505110112248,0.09901700696803087,-0.08377699894423517,1.3543482860982023,0.07669416224176916,-0.026967233700665415,1.2887031199126844,0.1842400857944362,-0.33274606156428127,1.2076307288463541,0.3180517798524029,-0.6159141720920209,1.1854685550888642,0.8890389204025269,-19.211084365844727,4.264602184295654,-0.5448699593544006,-0.4608997106552124,-2.443552017211914,140.0480194091797,-53.978302001953125,-768.7373657226562,-157.1747589111328,88.52745056152344,3.260615825653076,-2.009307384490967,24.659151077270508,-2.0892066955566406,-3.903602361679077,0.28928905725479126,2.6838183403015137
0.1359399270932406,-0.46155193033597325,1.484531099433141,0.13090790428270566,-0.3162981989170542,1.4058294994941611,0.02246436324365289,-0.5267020730388086,0.06777964737142948,0.21430732398633134,-0.5315834068699389,0.9631749239583679,0.011778674492402776,-0.35400710871677527,1.6254132536073393,-0.1985337811195298,-0.37280024371005055,1.1571161916713841,0.09181335104617061,-0.2756672458143424,1.6706186157978133,-0.10394092321099825,-0.15794244245780226,1.388142929566617,-0.16050258111085325,-0.2757677153641025,1.2727375358145758,0.08667700190023081,-0.5886276879452712,0.08048344040844614,0.1067182816170304,-0.41218592828472717,0.5228190759554604,0.13376237807289654,-0.4981722690609117,0.04834096867665155,-0.11079490276065884,-0.36488489402051005,1.1114793159314338,0.22604965571536134,-0.36888954714434036,0.47625803888238816,0.3577566784343972,-0.6668821478521587,1.0361721227500613,-0.004377017298787343,-0.45163382491133863,1.4358463729454192,0.13269011691113972,-0.45184126535788277,0.5919939575605835,0.06079671964888146,-0.42398187972062473,0.4072609458932813,0.07408156194138212,-0.34715802109004645,0.07866143561060855,-0.12596318949729401,-0.42599295415230937,1.2962143279069307,-0.06432683789325472,-0.20391643718378433,1.326219673188317,-0.1288913546117726,-0.15547662104991888,1.29429221113786,0.5366464211846029,-0.15792562037903743,0.44468384379187953,0.4566387774928516,-0.42015809057564135,1.0785110857313043,0.3264426096583044,-0.4857193391449404,1.394993343890108,0.1330511034127103,-0.4780505554170798,1.6264371074588093,0.35042138466771866,-0.09347096719587877,1.2587496172513393,0.20910062537288035,-0.39290180979975015,1.6673114678717607,0.04617338734894794,-0.007032968304335865,1.3900085229747343,0.18914442677174184,-0.03923394770318309,1.310033198618731,0.46547895048233057,-0.2093768349250421,0.5183247708721666,0.43567249020993315,-0.046690806931513826,0.8685377786885823,0.4153039394230243,-0.15344144527288464,0.4390115735941375,0.31217828294299294,-0.1611073564318632,1.1968773662649244,0.31410635603184733,-0.07835960040325361,0.8375877633394784,0.43428146552960606,-0.6167822685462749,1.0674065860691448,0.2630006425230708,-0.3479853807300921,1.5239394417661705,0.46892141239927304,-0.1127387582268936,0.9232615455491653,0.4853490460787388,-0.0734559673791295,0.7274135814992008,0.4644828025276298,-0.052940440135977145,0.324226658865316,0.34756945892675034,-0.2111216366587096,1.4088344633184522,0.09898306927736232,-0.08370197527357284,1.3541745673741725,0.07644222286955411,-0.027101484386386064,1.2884804180126317,0.18461276679638994,-0.33265665647209874,1.2071979503757906,0.3184282172792005,-0.6159487275887798,1.1852842202249743,0.92633056640625,-19.15007781982422,4.489434242248535,-0.6127456426620483,-0.4619273245334625,-2.392320156097412,141.20294189453125,-53.48966979980469,-771.6707153320312,-157.63670349121094,88.80569458007812,3.4238409996032715,-2.010423183441162,24.562271118164062,-1.9823179244995117,-3.8623528480529785,0.2910129129886627,2.659874200820923
0.1362650974203419,-0.4613805134959568,1.4840370412693908,0.13124971148490117,-0.31615646563421024,1.4053380199220797,0.022500860853281044,-0.5267005457191278,0.06779222048523016,0.21486906026372846,-0.5315877904757759,0.9629307709979695,0.011943599293995275,-0.3539255260434372,1.624842631106345,-0.19800493180357068,-0.3721284709920157,1.1565519561436002,0.09200476188928086,-0.27553672940525786,1.6700931781569854,-0.1031925886351344,-0.15772502255064763,1.3877173032586938,-0.15985734805168697,-0.2752218671784496,1.2722438346865952,0.08677717026890508,-0.5885764136417022,0.08047834025165498,0.10685143364433027,-0.4121994163026873,0.5227887874210118,0.1338049050001119,-0.49807006757188316,0.0482312533202649,-0.11021375018387837,-0.36429167908943255,1.110929837882124,0.226199918186033,-0.3686939907192395,0.47624895430558567,0.3582605550818096,-0.6671022008981137,1.0359436595282019,-0.004110846357783988,-0.451375578955704,1.435298680074957,0.1329252596771875,-0.45187627469861746,0.5919390137227166,0.060924738047286764,-0.424011593030778,0.40725553085077676,0.0740328042441054,-0.347161075729408,0.07867138054443906,-0.1256385993533182,-0.4255177891313635,1.2956967847236736,-0.06353603713584462,-0.2035022360204861,1.3257396584315015,-0.12820493846835682,-0.15504786076135194,1.2939007809225298,0.535691211653861,-0.15685181546684926,0.4467804272541936,0.45729175624468466,-0.4202603218176507,1.0783018627703584,0.32679477585664646,-0.48545844517401515,1.394572517729753,0.13327275320196783,-0.47795598060879485,1.6259365433099253,0.35037407742825566,-0.09275719070720753,1.2587398186029977,0.20933931370247277,-0.39274336525936,1.666766710628737,0.04568273962062125,-0.007543141736235728,1.3898411128694648,0.18888887346086913,-0.03908658862755394,1.3099127982231165,0.4645883545082137,-0.20847764529830576,0.5204796602591772,0.4355054966463948,-0.04646096143575497,0.8708751530244649,0.41438540539994145,-0.1525351248484179,0.4412449116738426,0.3123737996974528,-0.1603742281086003,1.1966746889597533,0.31386357170856555,-0.07811117045186608,0.8400340335850683,0.4348430728774197,-0.616955430894498,1.067139562984176,0.2631942054984585,-0.3477317663218012,1.5234880295415587,0.46903545557465776,-0.11270155212441027,0.9251482217319753,0.4848916039166861,-0.07286598808471337,0.729605800959448,0.4632828152238928,-0.0518525757006561,0.3264689030039389,0.34759728788145333,-0.21056454680514652,1.4085838638788817,0.09901061061991762,-0.08348401733334886,1.354003031522233,0.07616576808967339,-0.027248195714829178,1.288215695824844,0.18505020503768857,-0.33256460074952104,1.206718411666668,0.3188613314206237,-0.6160031160376719,1.1850863827380123,1.0741937160491943,-19.23349380493164,4.519387722015381,-0.6838346123695374,-0.5175774693489075,-2.3931820392608643,142.177978515625,-53.040672302246094,-774.1163940429688,-158.05239868164062,89.05098724365234,3.5749733448028564,-2.010847806930542,24.525272369384766,-2.196272134780884,-3.713192939758301,0.2914014756679535,2.6497390270233154
0.13659026774744323,-0.4612090966559404,1.4835429831056406,0.13159151868709665,-0.3160147323513663,1.4048465403499983,0.022537358462909197,-0.526699018399447,0.06780479359903083,0.21543079654112554,-0.5315921740816129,0.9626866180375712,0.012108524095587773,-0.3538439433700991,1.6242720086053508,-0.1974760824876116,-0.37145669827398087,1.1559877206158164,0.0921961727323911,-0.2754062129961734,1.6695677405161573,-0.10244425405927055,-0.157507602643493,1.3872916769507706,-0.1592121149925207,-0.27467601899279664,1.2717501335586143,0.08687733863757935,-0.5885251393381333,0.08047324009486381,0.10698458567163012,-0.4122129043206474,0.5227584988865631,0.1338474319273273,-0.49796786608285465,0.04812153796387824,-0.1096325976070979,-0.36369846415835505,1.1103803598328141,0.22635018065670467,-0.36849843429413853,0.4762398697287831,0.35876443172922196,-0.6673222539440685,1.0357151963063422,-0.003844675416780632,-0.45111733300006945,1.4347509872044948,0.13316040244323527,-0.4519112840393521,0.5918840698848497,0.06105275644569207,-0.4240413063409313,0.4072501158082722,0.07398404654682866,-0.3471641303687696,0.07868132547826956,-0.12531400920934235,-0.42504262411041766,1.2951792415404162,-0.0627452363784345,-0.20308803485718785,1.3252596436746862,-0.12751852232494104,-0.15461910047278501,1.2935093507071993,0.534736002123119,-0.15577801055466106,0.4488770107165077,0.4579447349965177,-0.42036255305966,1.0780926398094126,0.3271469420549885,-0.4851975512030898,1.3941516915693979,0.1334944029912254,-0.47786140580050995,1.6254359791610415,0.35032677018879266,-0.0920434142185363,1.258730019954656,0.20957800203206522,-0.3925849207189699,1.666221953385713,0.045192091892294554,-0.008053315168135592,1.3896737027641952,0.18863332014999643,-0.03893922955192478,1.3097923978275021,0.4636977585340967,-0.2075784556715694,0.522634549646188,0.43533850308285643,-0.046231115939996105,0.8732125273603476,0.41346687137685867,-0.15162880442395119,0.44347824975354777,0.31256931645191266,-0.15964109978533741,1.1964720116545822,0.3136207873852837,-0.07786274050047856,0.8424803038306583,0.4354046802252334,-0.6171285932427211,1.0668725398992072,0.2633877684738462,-0.3474781519135103,1.5230366173169472,0.4691494987500424,-0.11266434602192696,0.9270348979147853,0.48443416175463344,-0.07227600879029725,0.7317980204196954,0.46208282792015587,-0.05076471126533506,0.3287111471425618,0.34762511683615627,-0.2100074569515835,1.4083332644393112,0.0990381519624729,-0.08326605939312487,1.3538314956702933,0.07588931330979266,-0.02739490704327229,1.2879509736370567,0.1854876432789872,-0.3324725450269434,1.2062388729575455,0.3192944455620469,-0.6160575044865639,1.1848885452510505,1.1912299394607544,-19.41836166381836,4.2525715827941895,-0.6856251358985901,-0.602724552154541,-2.425865650177002,143.3792266845703,-52.512840270996094,-776.924560546875,-158.55239868164062,89.31573486328125,3.698673963546753,-2.0108160972595215,24.576162338256836,-2.3460919857025146,-3.643842935562134,0.2907007932662964,2.663206100463867
0.1369253159901559,-0.4610091058031613,1.4830231569855419,0.13188560501925203,-0.3158349979002744,1.4043155132934748,0.022581892886772655,-0.5267022315240064,0.06783405677816332,0.2159743382293262,-0.5316132387972825,0.9624116223379476,0.012294968402025519,-0.35370764856701653,1.62372161359187,-0.1969588753206051,-0.37080597694938544,1.1554445723034688,0.0924142858889324,-0.27528520135690043,1.6690222425571342,-0.10168658188291338,-0.15725068301455863,1.3868535845879688,-0.15855659206478012,-0.2741497534987153,1.271255572702711,0.08697201579266431,-0.5884768024383001,0.08047271769074414,0.10713691590045461,-0.41220601559277403,0.5227326403390493,0.13388120634666342,-0.4978912892621874,0.048043221333958455,-0.10909625088536976,-0.3631586598244724,1.1098302369875623,0.22649589970411843,-0.3682869609618029,0.4762205460312351,0.3592640395886851,-0.667471510783726,1.0354651204797605,-0.0035718547377661353,-0.4508439761321276,1.434199831541011,0.13344838862486233,-0.4519144237436206,0.5918298066649216,0.06117545453128436,-0.42406301940513763,0.40724612170497315,0.07393372163719295,-0.34717032540318193,0.07869116294610974,-0.12494615504875878,-0.42457562053440423,1.2946291242214227,-0.06198796351742468,-0.2027027987634504,1.3248018146745417,-0.12682278947719675,-0.15416433938489055,1.2931264938897644,0.5337996469033475,-0.15472323906342714,0.4509987889832219,0.4585647694519813,-0.4204883611458816,1.0779135789697534,0.3274918065363208,-0.48496106395263544,1.3937539825376295,0.13376285123410603,-0.4776798253323858,1.6249079275999638,0.35028606613740226,-0.09130429963747791,1.2586968892457469,0.2098199889705276,-0.39241377728072224,1.6657082418732296,0.04473507355602569,-0.00849868343612611,1.3894087135397046,0.1883691128417356,-0.03879270109884589,1.3096683913508789,0.4628103148956962,-0.2067087565036799,0.524791134607713,0.43517945006193703,-0.04605196304742666,0.8755276920582286,0.41253745343708836,-0.15073879494868367,0.44571638798082114,0.31279158626763237,-0.1588901679296762,1.196281943692277,0.3133945587948458,-0.07764599212007411,0.8449120661675535,0.4359298386913262,-0.6173029615981689,1.066630281754677,0.2635911347356853,-0.3472013964953012,1.5225918918650672,0.4692858829107506,-0.1126701949744035,0.9288911134596692,0.4839338824547679,-0.07168276670900796,0.7340096434615306,0.4608665057858884,-0.04969179131929448,0.33097437700096344,0.3476577101164306,-0.20946622131676074,1.4080934593614363,0.09893314146886993,-0.08325347045300813,1.3536004953037035,0.07564536699198729,-0.027528557522432103,1.2876942994578784,0.18592981300902683,-0.3323619155990367,1.2057487787000392,0.3197210460703894,-0.6161124422060733,1.1846645577064414,1.140625,-19.457035064697266,4.015505313873291,-0.6482694149017334,-0.6496237516403198,-2.4525253772735596,144.5010223388672,-52.14706802368164,-779.36181640625,-158.97665405273438,89.53755950927734,3.767321825027466,-2.0099759101867676,24.62944984436035,-2.2885546684265137,-3.702582836151123,0.27019187808036804,2.67494535446167
0.1372668950861653,-0.4607902230411176,1.4824862942000887,0.13214814036295114,-0.31563013870984513,1.4037583391397994,0.022631740906824734,-0.5267085788265758,0.06787435471123418,0.2165058504370664,-0.5316453323458994,0.9621162347446214,0.012495640480261765,-0.35353518045501203,1.6231845921238526,-0.19644936544216232,-0.3701691739014442,1.1549153659517402,0.09265005346757686,-0.27517047386295745,1.6684634815778163,-0.1009227360863954,-0.15696764786709225,1.3864072502054126,-0.15789426591814748,-0.2736364352387308,1.2707604434316522,0.08706306239331005,-0.5884304076235816,0.08047522189996101,0.10730192593194002,-0.41218565463625045,0.5227097107085171,0.1339091939839306,-0.4978316543710153,0.047985664192611806,-0.10858952786946138,-0.3626541682821236,1.1092796878309439,0.2266386148353286,-0.36806496405443606,0.47619445266707844,0.35976082510900814,-0.6675739602142612,1.0352007553277427,-0.0032946375377525565,-0.4505606285783629,1.4336463864275952,0.1337713126019137,-0.4518964926138619,0.5917759934403249,0.061294635054686214,-0.4240794430505361,0.4072430670656116,0.07388236055409672,-0.34717859673184276,0.07870092936205549,-0.12454969657967423,-0.4241140129550403,1.2940574702837608,-0.0612528578606465,-0.20233671312892673,1.3243586539432703,-0.1261208968249378,-0.15369238768587049,1.2927493054345744,0.5328757573437217,-0.15368105165216306,0.4531372249718533,0.4591630225544734,-0.4206297572282766,1.0777544600284652,0.32783184343615906,-0.4847407133768726,1.3933715575578196,0.13406224060334906,-0.47744072046106223,1.6243617025432209,0.3502497278301921,-0.09054843259864295,1.2586483323810906,0.21006415680741633,-0.39223423787694894,1.6652150564635826,0.04430028952855543,-0.008901205314755044,1.3890792091950674,0.18809918388230912,-0.03864672181770107,1.3095420006884644,0.4619249554461991,-0.2058585551598214,0.5269488406102388,0.43502564698655083,-0.04590632592556098,0.8778281726979262,0.41160083951934284,-0.1498595695720603,0.4479576998593791,0.3130315440577387,-0.15812746514350373,1.196100212485585,0.31317927614347824,-0.07745019023288165,0.8473342364987001,0.4364308987232233,-0.6174781273137655,1.0664043971244863,0.2638009825092278,-0.34690934123582395,1.522151587419952,0.46943703797084607,-0.11270451007891964,0.9307271897398084,0.48340528108031544,-0.07108736741325714,0.7362340953176385,0.459639383763667,-0.04862875202732371,0.3332514817154171,0.3476934533640249,-0.2089354678100308,1.4078607910516245,0.09874049339764165,-0.08337666266998708,1.3533301795555266,0.0754229138722483,-0.02765357272933848,1.2874429462761279,0.18637511099608528,-0.33223900603537526,1.2052517055675684,0.3201433400444637,-0.6161677430797097,1.1844232808675197,1.033449649810791,-19.303131103515625,3.8319969177246094,-0.6173813939094543,-0.6470780372619629,-2.4743833541870117,145.7720184326172,-51.858219146728516,-781.8170776367188,-159.396484375,89.78368377685547,3.832869052886963,-2.010559558868408,24.58617401123047,-2.088870048522949,-3.799358606338501,0.22537782788276672,2.6648242473602295
0.1376084741821747,-0.4605713402790739,1.4819494314146358,0.13241067570665024,-0.31542527951941585,1.403201164986124,0.022681588926876814,-0.5267149261291454,0.06791465264430505,0.2170373626448066,-0.5316774258945162,0.9618208471512952,0.01269631255849801,-0.35336271234300753,1.6226475706558354,-0.19593985556371954,-0.36953237085350304,1.1543861596000116,0.09288582104622134,-0.27505574636901453,1.6679047205984987,-0.10015889028987743,-0.15668461271962583,1.3859609158228565,-0.15723193977151487,-0.27312311697874636,1.2702653141605933,0.0871541089939558,-0.5883840128088629,0.08047772610917786,0.10746693596342541,-0.4121652936797268,0.5226867810779849,0.13393718162119783,-0.4977720194798432,0.04792810705126516,-0.10808280485355302,-0.3621496767397748,1.1087291386743254,0.2267813299665388,-0.36784296714706927,0.4761683593029218,0.3602576106293312,-0.6676764096447964,1.0349363901757247,-0.0030174203377389777,-0.45027728102459813,1.4330929413141793,0.13409423657896502,-0.45187856148410316,0.5917221802157282,0.06141381557808807,-0.4240958666959346,0.40724001242625,0.07383099947100048,-0.3471868680605036,0.07871069577800122,-0.12415323811058968,-0.42365240537567644,1.2934858163460992,-0.060517752203868326,-0.20197062749440306,1.3239154932119988,-0.12541900417267882,-0.15322043598685045,1.2923721169793843,0.531951867784096,-0.152638864240899,0.4552756609604848,0.4597612756569654,-0.42077115331067155,1.077595341087177,0.32817188033599726,-0.4845203628011097,1.3929891325780097,0.1343616299725921,-0.47720161558973867,1.6238154774864777,0.350213389522982,-0.089792565559808,1.2585997755164342,0.21030832464430504,-0.39205469847317564,1.6647218710539358,0.043865505501085165,-0.009303727193383977,1.3887497048504305,0.1878292549228826,-0.03850074253655625,1.3094156100260501,0.46103959599670197,-0.20500835381596294,0.5291065466127648,0.4348718439111646,-0.04576068880369529,0.8801286533376239,0.4106642256015973,-0.14898034419543696,0.45019901173793714,0.313271501847845,-0.15736476235733127,1.1959184812788932,0.3129639934921107,-0.07725438834568918,0.8497564068298465,0.43693195875512053,-0.617653293029362,1.0661785124942957,0.2640108302827702,-0.3466172859763468,1.521711282974837,0.46958819303094157,-0.11273882518343578,0.9325632660199474,0.48287667970586295,-0.0704919681175063,0.7384585471737464,0.45841226174144556,-0.047565712735352934,0.33552858642987066,0.34772919661161916,-0.20840471430330088,1.4076281227418128,0.09854784532641338,-0.08349985488696604,1.3530598638073499,0.07520046075250929,-0.027778587936244853,1.2871915930943774,0.18682040898314375,-0.33211609647171386,1.2047546324350975,0.320565634018538,-0.6162230439533462,1.1841820040285982,0.9967493414878845,-19.174091339111328,3.8008480072021484,-0.6173141002655029,-0.6348381638526917,-2.4720561504364014,147.2533416748047,-51.454341888427734,-784.4815063476562,-159.85044860839844,90.08041381835938,3.935328960418701,-2.0123748779296875,24.48016929626465,-1.904827356338501,-3.8067057132720947,0.2148430049419403,2.659813165664673
0.13795867720187105,-0.4603840223211326,1.4813971266841257,0.1326857161837698,-0.31521549406430577,1.4026352514494334,0.022727601624877247,-0.526710769593321,0.06794323145553766,0.21764405367784942,-0.5316775697746025,0.9615149320356103,0.012957568033690874,-0.3531906350164224,1.6220745021933751,-0.19544340147087907,-0.3689045262652517,1.153835471892199,0.09308379197752238,-0.2748966528879886,1.6673581094931293,-0.09934473383110881,-0.156390327688874,1.385508731500992,-0.1565548289098487,-0.2726360879197026,1.269724640625202,0.08724702810806943,-0.5883364811638333,0.08047952275994598,0.10762531300451582,-0.41215177738903375,0.5226526844580441,0.1339669396348347,-0.49772237330083025,0.047893308719854484,-0.10759001244969717,-0.3616461740029569,1.1081960209158084,0.2268886168468867,-0.3676555073813887,0.47608956319606854,0.360753105373572,-0.6677701078503337,1.0346988589558381,-0.0027451288935709914,-0.44998603486856875,1.432531893648059,0.13438618785103426,-0.45188101632705585,0.5916497987627194,0.06153194216505581,-0.42410418450437637,0.4072345538644601,0.07379435353129116,-0.34720207286986293,0.07870655970660266,-0.12377010483220714,-0.42320664236877137,1.2929204149751474,-0.059728741103055476,-0.20154889342405938,1.3234271434758673,-0.12464597377161318,-0.15279238547710394,1.2919598999402382,0.5310006587710602,-0.15160972373375042,0.4574085785853152,0.4603750003094705,-0.42090990863099004,1.0774303958905453,0.32852024807045793,-0.48426892702153185,1.3925749474013878,0.13465602202525992,-0.4770040819976504,1.6232382264358318,0.3501780341003115,-0.08899629959799597,1.2585800183529885,0.21055276188629352,-0.3918486152658399,1.6642080805949029,0.04342849148030314,-0.009727774280437957,1.38844198975342,0.18757710077904707,-0.0383277235688358,1.3093118849179604,0.46018841250842774,-0.20418578869854379,0.5312454475472305,0.4346961213263455,-0.04556483797580991,0.8824967398548758,0.4097157164125253,-0.14812791426450214,0.4524299914868462,0.31351720892040935,-0.1566032970583202,1.19573566060982,0.3127489180754352,-0.0770818100662421,0.85217959557148,0.4374089854837253,-0.6178109562949629,1.0659460437218875,0.2642237155247998,-0.346297982315354,1.521270173274918,0.4697564597556133,-0.11278821069081098,0.9343735859883542,0.48241747234830795,-0.0699873006107002,0.7407024554069468,0.45719350015880256,-0.0465425883253284,0.33781602919496445,0.3477810153503292,-0.20784362163764752,1.4073748967505448,0.0983752856980886,-0.08367467962748167,1.3527735376989605,0.07499468854523653,-0.027892029085597455,1.2869567002681708,0.18724395324852292,-0.33204496597612143,1.2042913089524832,0.32100337585866057,-0.6162402254856185,1.183902122327034,1.0059939622879028,-19.19721031188965,4.013776779174805,-0.6106339693069458,-0.6292262673377991,-2.4789669513702393,148.33689880371094,-50.97848892211914,-786.7611083984375,-160.2328643798828,90.31974792480469,4.06065034866333,-2.0138046741485596,24.441129684448242,-1.7633485794067383,-3.77681827545166,0.23739252984523773,2.6827032566070557
0.13831470137005608,-0.4602180106059605,1.4808343986407022,0.1329691976259481,-0.3150023833805362,1.4020634388292073,0.022771025480492816,-0.5266995229665806,0.06796389985952946,0.2183014904179715,-0.5316561476284305,0.9612019108423334,0.013259717301829458,-0.35301882146999536,1.6214771020096659,-0.19495576003332013,-0.3682827286372911,1.1532702842690297,0.09325625017186663,-0.2747076123656816,1.666819699552675,-0.09849661767532102,-0.15608844898690452,1.385052598470094,-0.15586773836553494,-0.2721668040712938,1.2691532247113866,0.08734121116877391,-0.5882881821583439,0.0804808418087612,0.1077792127770896,-0.41214288124777626,0.5226110501202527,0.13399789265252107,-0.49767946950252484,0.04787387258515058,-0.10710662320897675,-0.3611433387098723,1.1076746693510093,0.22697198965790255,-0.3674913601863463,0.4759751927378951,0.3612477288439574,-0.6678578989789975,1.03447944064014,-0.00247616233459878,-0.44968945715601083,1.4319657142588635,0.13465723254724055,-0.4518972317015888,0.5915648837555323,0.06164935734493053,-0.4241070308728723,0.40722747265503106,0.07376764031336797,-0.3472219577786938,0.0786930394562467,-0.12339596605754846,-0.42277157444827607,1.2923592340867252,-0.05890334382751922,-0.20108959665953718,1.3229082911614551,-0.12382492539010302,-0.1523939682701171,1.2915240386069216,0.5300310091269727,-0.15058938988687978,0.45953777131457985,0.46099916825823434,-0.4210468814369069,1.0772615179715568,0.32887423911828867,-0.48399650872937894,1.3921393240919175,0.13494704088923945,-0.4768346090190458,1.6226400328393014,0.35014334212470527,-0.08817276436317442,1.25857970098786,0.2107973809767243,-0.39162461499109963,1.6636803817275345,0.04298997221403565,-0.010166350883178847,1.3881489823985573,0.18733694463573544,-0.038136452812676795,1.3092234590590395,0.4593602977939789,-0.20338187803397118,0.5333716550607555,0.43450560307265906,-0.04533509289636123,0.8849104603394766,0.40875917791530786,-0.14729357125940704,0.45465399704824216,0.3137667967586328,-0.1558426670631431,1.1955521045536395,0.3125339825421769,-0.07692490772202315,0.854603471740192,0.43786978973260776,-0.6179568054068167,1.0657091306534825,0.2644386510580581,-0.3459602859833383,1.520828520028007,0.469936276853874,-0.11284776872011605,0.9361665204463415,0.4820051059521587,-0.06954387706143178,0.7429594966946848,0.45598038187287504,-0.045546406460617576,0.34011045014424035,0.3478436850455423,-0.20726205003972087,1.4071077943242938,0.09821628576872365,-0.08388435632138456,1.3524764045974276,0.07480017595387847,-0.027997657746101252,1.2867329181819562,0.1876528137517686,-0.3320087863514755,1.2038507664835216,0.32145154500836565,-0.6162316764624703,1.1835961823431862,1.0606600046157837,-19.297502517700195,4.270500183105469,-0.5817003846168518,-0.6041867733001709,-2.516350746154785,149.46116638183594,-50.403663635253906,-789.2970581054688,-160.60858154296875,90.55350494384766,4.238237380981445,-2.010056972503662,24.557706832885742,-1.8458937406539917,-3.7819771766662598,0.24553078413009644,2.702343225479126
0.13867072553824114,-0.46005199889078835,1.4802716705972785,0.1332526790681264,-0.31478927269676665,1.4014916262089812,0.022814449336108385,-0.5266882763398404,0.06798456826352126,0.2189589271580936,-0.5316347254822585,0.9608888896490565,0.013561866569968042,-0.3528470079235683,1.6208797018259566,-0.19446811859576119,-0.3676609310093305,1.1527050966458605,0.09342870836621088,-0.27451857184337464,1.6662812896122206,-0.0976485015195332,-0.15578657028493503,1.3845964654391965,-0.15518064782122115,-0.27169752022288496,1.268581808797571,0.0874353942294784,-0.5882398831528544,0.08048216085757641,0.10793311254966337,-0.4121339851065187,0.5225694157824611,0.13402884567020745,-0.4976365657042194,0.04785443645044668,-0.10662323396825633,-0.3606405034167877,1.1071533177862105,0.22705536246891841,-0.36732721299130394,0.4758608222797217,0.3617423523143427,-0.6679456901076614,1.034260022324442,-0.0022071957756265685,-0.44939287944345285,1.4313995348696678,0.13492827724344683,-0.4519134470761217,0.5914799687483453,0.06176677252480525,-0.42410987724136834,0.407220391445602,0.07374092709544479,-0.3472418426875247,0.07867951920589074,-0.1230218272828898,-0.4223365065277807,1.2917980531983029,-0.05807794655198296,-0.200630299895015,1.322389438847043,-0.12300387700859287,-0.15199555106313026,1.2910881772736051,0.5290613594828852,-0.14956905604000917,0.46166696404384455,0.46162333620699825,-0.4211838542428238,1.077092640052568,0.32922823016611946,-0.483724090437226,1.3917037007824475,0.135238059753219,-0.47666513604044125,1.622041839242771,0.3501086501490991,-0.08734922912835288,1.2585793836227317,0.2110420000671551,-0.39140061471635934,1.6631526828601662,0.042551452947768166,-0.010604927485919735,1.3878559750436947,0.1870967884924238,-0.0379451820565178,1.3091350332001188,0.4585321830795301,-0.20257796736939856,0.5354978625742804,0.4343150848189727,-0.04510534781691255,0.8873241808240776,0.4078026394180905,-0.14645922825431196,0.4568780026096381,0.3140163845968562,-0.15508203706796597,1.195368548497459,0.3123190470089186,-0.0767680053778042,0.8570273479089041,0.4383305939814902,-0.6181026545186706,1.0654722175850773,0.2646535865913164,-0.34562258965132253,1.5203868667810958,0.4701160939521347,-0.11290732674942111,0.9379594549043289,0.4815927395560094,-0.06910045351216336,0.7452165379824227,0.4547672635869475,-0.04455022459590675,0.34240487109351625,0.34790635474075543,-0.2066804784417942,1.4068406918980427,0.0980572858393587,-0.08409403301528746,1.352179271495895,0.07460566336252042,-0.02810328640660505,1.2865091360957417,0.18806167425501424,-0.3319726067268296,1.20341022401456,0.3218997141580708,-0.6162231274393221,1.1832902423593383,1.1615103483200073,-19.307491302490234,4.371429443359375,-0.5587038993835449,-0.572865903377533,-2.5186102390289307,150.62936401367188,-49.985626220703125,-791.7197875976562,-160.9513702392578,90.80441284179688,4.400348663330078,-2.0032799243927,24.677982330322266,-2.1948752403259277,-3.785346508026123,0.2577109634876251,2.7012882232666016
0.13902689649766645,-0.45986736230305486,1.4797175386488832,0.1335857260404833,-0.31460373527956326,1.4009475512615104,0.02285716896074892,-0.5266755148275009,0.06800793469050861,0.21956055093285265,-0.5316067975483193,0.9606010108594073,0.013845494820347784,-0.35270182817976997,1.6202810803391285,-0.19397821657310257,-0.3670677987747634,1.1521307022761036,0.09365890689490253,-0.27433903752178546,1.665724043419819,-0.09696954318525774,-0.15557634803336978,1.3841433856660956,-0.15451905197951177,-0.2712347950070899,1.2680481593340438,0.0875279200170806,-0.5881933221556493,0.08048609132255545,0.10807638463644398,-0.4121111555407379,0.5225227435693046,0.13405261178877179,-0.49759495366882806,0.047826043848219695,-0.10611074776789604,-0.3601635151252841,1.1066047217672235,0.2271466561352575,-0.36709645780309147,0.4757756574067059,0.3622834909929345,-0.668024732478407,1.033981511727074,-0.001933507217689484,-0.44910668867905407,1.4308570534582958,0.135176108372922,-0.4519070565996581,0.5913902859616753,0.0618822830883379,-0.42410259501428793,0.4072171033218207,0.07371479663874535,-0.34725557997921447,0.07867335760040789,-0.12255791979317633,-0.42189364692825354,1.2912421333079307,-0.05731358654204978,-0.20022367182748996,1.321862671548957,-0.1222825703389992,-0.15157291623732902,1.2906844925801486,0.5280799782828779,-0.14865336673247892,0.4637458778375032,0.4622366592189334,-0.42133737335734023,1.0769017082176462,0.3295890440707965,-0.48340842744569906,1.3912570387717114,0.13551781679324756,-0.4764840019657122,1.6214764799108567,0.3500705173868217,-0.08654436427137709,1.2585731946079937,0.21128464041166747,-0.3911951336244874,1.6625915155900235,0.04218351971728122,-0.010948644102927275,1.387562427497068,0.18686836390503195,-0.03777360187732423,1.3090525964237996,0.4576966172417268,-0.2018211678854677,0.5376017930491871,0.4342059182706258,-0.04492667948346067,0.8896887203715496,0.406833153933484,-0.1456464606257069,0.4590973871827915,0.3142700180016606,-0.15429669917123207,1.1951907466578957,0.3121167824955176,-0.07663966567311066,0.8594620631427955,0.4388254185682101,-0.6182233142536997,1.0652142605244719,0.26486971994109504,-0.34535531201307346,1.519929688892617,0.4702989114633459,-0.11295592534473005,0.9397490307787396,0.4811686592188892,-0.06861301460950975,0.747438361115803,0.45355331739842497,-0.04353825826913315,0.3446974600881141,0.34796950591123654,-0.20616074118590513,1.4066086784498582,0.09793332791486323,-0.08423522719188242,1.3518388525934408,0.07437903725153563,-0.028214083586677614,1.2862713325102597,0.1884954922049251,-0.33190628205308853,1.202909532366999,0.3223588456775969,-0.6162035044850103,1.1829991224191048,1.185046672821045,-19.200132369995117,4.288451671600342,-0.5425329208374023,-0.5450130105018616,-2.4419808387756348,151.73976135253906,-49.6180305480957,-793.6246948242188,-161.232177734375,91.02365112304688,4.5318450927734375,-2.026822090148926,24.63486671447754,-2.650960683822632,-3.7511696815490723,0.2612764239311218,2.6714258193969727
0.1393831686073581,-0.4596698917695229,1.4791693300600872,0.13395292741178677,-0.3144371979283971,1.400422589668375,0.02289940331698648,-0.5266617094444124,0.06803316025939209,0.22012371535332786,-0.531574386634574,0.9603304570873842,0.014116360688742422,-0.35257500114030393,1.6196816172820843,-0.1934867568363417,-0.3664944191642155,1.151549963761639,0.09392889288087554,-0.2741660536914472,1.6651538176252352,-0.09640714738345305,-0.1554292840081335,1.3836924098185357,-0.15387502391606767,-0.2707765891851968,1.2675405338110513,0.08761930381817533,-0.5881479587775982,0.08049182125077342,0.1082123334439385,-0.41207872479167207,0.5224725998790059,0.13407142559029409,-0.49755423175578084,0.0477914795624894,-0.10557821156173353,-0.3597043373726851,1.1060373522587958,0.22724340786997055,-0.36681980467000547,0.4757106173906895,0.3628566821679374,-0.6680977462932763,1.0336622820784713,-0.0016565648453396487,-0.4488276553075045,1.430330901745929,0.13540794359927147,-0.45188508898217156,0.5912973178143532,0.06199648122716424,-0.4240883334188272,0.4072164289209227,0.07368906774860344,-0.3472650810977481,0.07867226665777875,-0.12203215486955958,-0.42144541827258686,1.2906898386431056,-0.056591285824380964,-0.19985333647554285,1.321330450228508,-0.12162999325240685,-0.15113359364058007,1.290302980025083,0.5270905131535815,-0.1478097854268472,0.46579014564192056,0.46284250924918824,-0.4215022941298832,1.076695579566703,0.3299545594398549,-0.483062965585696,1.3908027702609436,0.13578981358483927,-0.4762948325138218,1.620933745870527,0.35003001366230035,-0.08575236471678248,1.2585629595826004,0.21152591725058903,-0.39100241365022215,1.662007286059146,0.041864225603886786,-0.011226995015479871,1.387268507717461,0.18664802324692933,-0.03761558999486317,1.308974286578349,0.456855917016402,-0.20109683156802954,0.5396903729596675,0.4341528091999079,-0.04478320689094777,0.8920193705337727,0.40585474699538276,-0.14484856006325475,0.4613135875455591,0.3145264391078065,-0.15349433566166076,1.1950169099087746,0.3119232492731107,-0.07653100778724974,0.8619042473123563,0.4393436857406667,-0.6183266166030177,1.064941802561678,0.2650866786770473,-0.34513655818061323,1.519461813351966,0.4704837964860019,-0.1129969720611509,0.9415362923350555,0.4807365070905117,-0.06809524579948148,0.7496359162772728,0.45233880072240007,-0.04251541525421553,0.34698878672738737,0.34803298885459144,-0.20568361246822686,1.4064008439613493,0.09783351658195849,-0.08432923173470212,1.3514686065004362,0.07413028249677443,-0.028328442267629483,1.286023867051333,0.18894650772312618,-0.33181918516064324,1.202367393386285,0.3228255310990163,-0.6161762507546027,1.182718214609765,1.0548275709152222,-19.16107940673828,4.181732177734375,-0.5221378803253174,-0.5353228449821472,-2.3881149291992188,153.09718322753906,-48.948265075683594,-795.9489135742188,-161.57296752929688,91.25540924072266,4.693289279937744,-2.1121110916137695,24.54058837890625,-2.6679415702819824,-3.7404816150665283,0.20050667226314545,2.629708766937256
0.13973944071704977,-0.45947242123599086,1.4786211214712914,0.13432012878309021,-0.3142706605772309,1.3998976280752398,0.022941637673224043,-0.5266479040613238,0.06805838582827556,0.2206868797738031,-0.5315419757208287,0.960059903315361,0.01438722655713706,-0.35244817410083795,1.61908215422504,-0.19299529709958083,-0.36592103955366756,1.1509692252471746,0.09419887886684856,-0.2739930698611089,1.6645835918306515,-0.09584475158164833,-0.1552822199828972,1.3832414339709755,-0.15323099585262356,-0.27031838336330377,1.267032908288059,0.08771068761927008,-0.5881025953995471,0.0804975511789914,0.10834828225143303,-0.41204629404260623,0.5224224561887072,0.13409023939181638,-0.4975135098427337,0.04775691527675911,-0.105045675355571,-0.3592451596200861,1.1054699827503685,0.22734015960468362,-0.3665431515369194,0.47564557737467306,0.36342987334294036,-0.6681707601081457,1.0333430524298688,-0.0013796224729898136,-0.44854862193595496,1.4298047500335618,0.13563977882562095,-0.4518631213646851,0.5912043496670313,0.06211067936599057,-0.4240740718233664,0.4072157545200247,0.07366333885846153,-0.34727458221628177,0.07867117571514963,-0.12150638994594284,-0.4209971896169201,1.2901375439782805,-0.05586898510671215,-0.1994830011235957,1.3207982289080589,-0.1209774161658145,-0.15069427104383115,1.2899214674700175,0.5261010480242849,-0.14696620412121547,0.46783441344633797,0.4634483592794431,-0.42166721490242626,1.0764894509157599,0.33032007480891334,-0.48271750372569294,1.3903485017501755,0.13606181037643097,-0.4761056630619314,1.6203910118301972,0.349989509937779,-0.08496036516218786,1.258552724557207,0.21176719408951059,-0.39080969367595697,1.6614230565282684,0.04154493149049235,-0.011505345928032467,1.3869745879378539,0.18642768258882675,-0.03745757811240211,1.3088959767328983,0.45601521679107715,-0.2003724952505914,0.5417789528701479,0.43409970012919,-0.044639734298434874,0.8943500206959958,0.40487634005728146,-0.1440506595008026,0.46352978790832666,0.31478286021395235,-0.15269197215208946,1.1948430731596535,0.3117297160507038,-0.07642234990138881,0.8643464314819171,0.43986195291312324,-0.6184299189523356,1.0646693445988837,0.2653036374129996,-0.344917804348153,1.5189939378113146,0.4706686815086579,-0.11303801877757176,0.9433235538913713,0.4803043549621342,-0.06757747698945321,0.7518334714387426,0.4511242840463752,-0.04149257223929791,0.34928011336666065,0.3480964717979463,-0.2052064837505486,1.4061930094728408,0.09773370524905375,-0.08442323627752184,1.3510983604074314,0.07388152774201324,-0.028442800948581357,1.2857764015924062,0.1893975232413273,-0.33173208826819794,1.2018252544055712,0.32329221652043577,-0.6161489970241951,1.1824373068004255,0.8596732020378113,-19.252643585205078,4.153257369995117,-0.5425418019294739,-0.5837040543556213,-2.412205457687378,154.1786651611328,-48.217098236083984,-797.8143920898438,-161.7969512939453,91.41574096679688,4.849603652954102,-2.19635009765625,24.510923385620117,-2.2714297771453857,-3.7607333660125732,0.15763749182224274,2.6009738445281982
0.14002746664333027,-0.4593063329426658,1.478186401310346,0.13458911946277743,-0.3141365476594066,1.3994482400401538,0.022980534755285605,-0.5266377550876693,0.06807340634678373,0.22114742892664788,-0.5315504956324368,0.9598571677871098,0.014601868762332474,-0.3523315419227082,1.6185955507865806,-0.19261141614803415,-0.3654655034573662,1.1505023012098097,0.09437785635622131,-0.2738349038046717,1.6641228720052352,-0.09539686456717403,-0.15517078266041168,1.3828595572749511,-0.1527303479463849,-0.26995752653144056,1.2666239359520919,0.08778408776647997,-0.5880647195096047,0.08050619226121744,0.10845187358212786,-0.41201532469285246,0.5223838290236643,0.1341061449504846,-0.4974796058523734,0.04772499140771414,-0.1046588584188594,-0.3589043202779151,1.1050011965612703,0.22740049280275573,-0.36630609592065116,0.4755704181873246,0.36388390516208496,-0.668230103143793,1.0330759207933944,-0.0011399363104750543,-0.4483268509637441,1.4293783461021272,0.1358172831847178,-0.4518430751088439,0.5911248426958425,0.06219668225046025,-0.4240617956349392,0.4072150510075866,0.0736346740695025,-0.3472836524840222,0.07867211675801813,-0.12112914045520176,-0.4206625192568002,1.2897064697663516,-0.05527116096769738,-0.19919116503947618,1.3203666869378248,-0.12036546714455877,-0.15035979365868285,1.2895726762860027,0.5253286501824461,-0.1462480906421775,0.4694671139417105,0.4639089893031594,-0.42179201415043005,1.0763163696851161,0.33060223801641275,-0.48244987447924964,1.389999337543715,0.1362857964161216,-0.4759206274487325,1.6199615566146295,0.34996483706875353,-0.08436388889981422,1.2585583029203857,0.21197421246806517,-0.39061596062009696,1.6609623996627252,0.04128048424639844,-0.011731843001499077,1.3867168596248753,0.18626076742908024,-0.03733355977529327,1.3088195533152447,0.45534563419834667,-0.1997976845364697,0.5434548941669085,0.4340371938533341,-0.04455104161868032,0.8961849013306447,0.4041151517866463,-0.143429727990501,0.4653027592510577,0.31499340153293104,-0.15205623436447802,1.194700467270731,0.31155691606714236,-0.07634647452081277,0.8663049681691933,0.44028223646397624,-0.6185148228083225,1.0644316341703302,0.26546726962983214,-0.3447291576704442,1.5186202672143645,0.4708229994142292,-0.11307639596576723,0.9447660416562036,0.4799689579483689,-0.06718020521054995,0.7536020505901994,0.4501746299843125,-0.040705898776650436,0.3511176842530042,0.3481664699039712,-0.20479921981790997,1.4060559742498082,0.09764516881562227,-0.08453528560846058,1.3507792807572725,0.07370843242434477,-0.028522221414705378,1.2855668277140484,0.18976479068102425,-0.33165145995995854,1.2014341926732601,0.32366482508893046,-0.6161411781579453,1.182233346613827,0.8045249581336975,-19.3641357421875,4.157590866088867,-0.6134414076805115,-0.6415567994117737,-2.465839385986328,155.27969360351562,-47.50579071044922,-799.9282836914062,-162.0516815185547,91.5784683227539,5.013265132904053,-2.154003143310547,24.51682472229004,-2.00553822517395,-3.7435569763183594,0.23105427622795105,2.6129415035247803
0.14026748889822832,-0.459162318597961,1.4778315077554312,0.1347890297407346,-0.31402524175825497,1.3990520096772554,0.02301708443263015,-0.526630177995227,0.06808124873663811,0.22153579954378652,-0.531587805870353,0.9597021349218507,0.014776963814599621,-0.35222208070636585,1.6181883316561085,-0.1923032050199856,-0.36509285729057744,1.1501154331182013,0.09449281939459557,-0.27368716041970725,1.6637391775649115,-0.0950295218692118,-0.1550844047983356,1.3825262842194135,-0.15233055218462124,-0.26966514398917457,1.266284355264626,0.08784483839443187,-0.5880321102426541,0.08051688101956782,0.10853270499270089,-0.4119853832765131,0.5223533024653694,0.13412000488070464,-0.49745049751949627,0.04769492478091393,-0.10437453893438871,-0.35864671897019773,1.104601752876446,0.2274352095725126,-0.3660968927950259,0.47548814127776795,0.3642541215021089,-0.6682798302923607,1.032845434368841,-0.0009264557870815787,-0.44814535778089865,1.4290221037454163,0.1359565717643065,-0.4518243803192448,0.5910548041790527,0.06226285287974686,-0.4240509159616287,0.4072143270183873,0.07360394419917207,-0.3472924196956963,0.07867448707882142,-0.12085635520961902,-0.42040772464693776,1.2893606607882393,-0.05476089238824435,-0.19895454454204894,1.3200059617986741,-0.11978209549129405,-0.15009906332915193,1.2892469009816252,0.5247089352631411,-0.14561822995642165,0.47081032217733115,0.4642674730510901,-0.42188859232608844,1.076166533673836,0.3308257721611206,-0.48223699190166613,1.3897241026360467,0.13647601218116995,-0.4757384995356301,1.6196117805724113,0.3499512994624921,-0.08390494173281636,1.2585750042602717,0.21215713379398876,-0.3904215149729457,1.6605886625533073,0.04105461573240576,-0.011921866611879783,1.3864845880214742,0.18613143122156725,-0.03723345215228812,1.30874445679172,0.45479641400820375,-0.19932804861112147,0.5448405896591034,0.43396807767894885,-0.044500880572476136,0.8976710627213219,0.40350675291770344,-0.1429332747117968,0.4667639678085087,0.31517167147619046,-0.1515376994151943,1.1945798288512703,0.3113986996329383,-0.07629365802107269,0.8679233121358795,0.4406335993318368,-0.6185867853512038,1.0642183648039962,0.26559339251541936,-0.34456168805921317,1.5183128594167974,0.47095581672049514,-0.11311289543495667,0.9459660190422803,0.4797016174982715,-0.06686768981794648,0.7550688923786807,0.4494112775913927,-0.04008534457534553,0.3526360879572022,0.34824105070916234,-0.20444109806457894,1.4059687385101192,0.09756456303182028,-0.0846600274598559,1.3504961910626747,0.07358855518530931,-0.028577066695823376,1.285383906388125,0.19007315057397678,-0.33157538158806743,1.2011493971410967,0.3239712609557916,-0.6161470295775016,1.182083510602547,0.8788740038871765,-19.446849822998047,4.210172176361084,-0.6663490533828735,-0.6427668929100037,-2.5125319957733154,156.2049102783203,-47.06339645385742,-801.6532592773438,-162.3170166015625,91.70185089111328,5.114512920379639,-2.050185203552246,24.513835906982422,-2.1355173587799072,-3.7049195766448975,0.31526508927345276,2.6398355960845947
0.14050751115312637,-0.45901830425325607,1.4774766142005162,0.13498894001869174,-0.31391393585710337,1.398655779314357,0.023053634109974696,-0.5266226009027848,0.06808909112649249,0.22192417016092514,-0.5316251161082691,0.9595471020565918,0.014952058866866767,-0.3521126194900235,1.6177811125256367,-0.19199499389193705,-0.3647202111237886,1.1497285650265927,0.09460778243296983,-0.2735394170347428,1.6633554831245878,-0.09466217917124958,-0.1549980269362595,1.3821930111638758,-0.15193075642285758,-0.26937276144690864,1.2659447745771597,0.08790558902238378,-0.5879995009757035,0.08052756977791818,0.1086135364032739,-0.4119554418601737,0.5223227759070744,0.13413386481092465,-0.49742138918661916,0.04766485815411372,-0.10409021944991802,-0.3583891176624803,1.1042023091916218,0.22746992634226945,-0.36588768966940066,0.47540586436821136,0.3646243378421329,-0.6683295574409283,1.0326149479442874,-0.0007129752636881032,-0.4479638645980532,1.4286658613887053,0.1360958603438952,-0.45180568552964573,0.5909847656622628,0.062329023509033465,-0.42404003628831827,0.40721360302918796,0.07357321432884166,-0.3473011869073704,0.07867685739962471,-0.12058356996403626,-0.4201529300370753,1.289014851810127,-0.05425062380879132,-0.1987179240446217,1.3196452366595237,-0.11919872383802933,-0.14983833299962102,1.2889211256772477,0.5240892203438361,-0.14498836927066577,0.4721535304129518,0.4646259567990208,-0.4219851705017469,1.0760166976625556,0.33104930630582846,-0.48202410932408263,1.3894488677283785,0.13666622794621827,-0.4755563716225277,1.619262004530193,0.34993776185623066,-0.0834459945658185,1.2585917056001574,0.21234005511991236,-0.39022706932579443,1.6602149254438894,0.04082874721841308,-0.012111890222260488,1.3862523164180731,0.18600209501405426,-0.03713334452928297,1.308669360268195,0.4542471938180608,-0.19885841268577326,0.5462262851512985,0.4338989615045636,-0.04445071952627195,0.899157224111999,0.40289835404876057,-0.1424368214330926,0.46822517636595967,0.31534994141944983,-0.15101916446591057,1.1944591904318096,0.3112404831987343,-0.07624084152133259,0.8695416561025657,0.4409849621996974,-0.618658747894085,1.0640050954376625,0.2657195154010065,-0.34439421844798207,1.5180054516192303,0.4710886340267611,-0.11314939490414613,0.947165996428357,0.47943427704817415,-0.06655517442534302,0.7565357341671621,0.4486479251984729,-0.039464790374040624,0.3541544916614002,0.34831563151435346,-0.2040829763112479,1.4058815027704301,0.09748395724801828,-0.08478476931125123,1.3502131013680767,0.07346867794627386,-0.02863191197694137,1.2852009850622013,0.1903815104669293,-0.3314993032161763,1.2008646016089333,0.32427769682265273,-0.6161528809970578,1.1819336745912665,0.9789785742759705,-19.44841194152832,4.285817623138428,-0.6228753328323364,-0.5907171368598938,-2.5345041751861572,157.2353973388672,-46.62908935546875,-803.3297119140625,-162.63543701171875,91.8595962524414,5.224372386932373,-2.0097198486328125,24.51935386657715,-2.500562906265259,-3.7120330333709717,0.3094500005245209,2.6501550674438477
0.14083081710812273,-0.458824365294927,1.4769959623450475,0.13522849325707417,-0.313702694134207,1.398190434997445,0.023096945735052325,-0.5266118371328771,0.0681030514175134,0.22244104989711813,-0.5316597592356979,0.9592645328171205,0.015139244856090835,-0.3519620778446166,1.6172576951270072,-0.1915625138886717,-0.36426591211991594,1.149225544850558,0.09477516977942937,-0.2733864606610987,1.662844829606694,-0.0941925842487654,-0.15490314549464262,1.381740422438312,-0.1513719673928441,-0.2690206113832676,1.2654850007287715,0.08798132049820281,-0.5879564310935949,0.0805465600619845,0.10871299861973485,-0.41190497177523494,0.5222777245652597,0.13415384985851925,-0.4973811043907475,0.047632589862244015,-0.10365487772058572,-0.3580207158102105,1.1036937333495411,0.2275119430280679,-0.36567700866437114,0.47530380927569027,0.36508527634949084,-0.6684087151723193,1.032337585032381,-0.0004045213244058211,-0.4477204332584577,1.4281723840741922,0.13627605327707254,-0.4517669931843581,0.5908976968945256,0.062420152837028176,-0.4240218307206173,0.4072194313568785,0.07353084760144452,-0.3473093825953686,0.07868331498065531,-0.12024677695324089,-0.4198227404857313,1.2885130803711367,-0.05359115579862468,-0.19838635268195576,1.3191256394844182,-0.11855997356111245,-0.14949389177047653,1.2884921759169623,0.5233162216200734,-0.1442191924727121,0.47390340372229256,0.4651886476882246,-0.4220944376576026,1.0757975398704707,0.3313378036416919,-0.4817766524505931,1.3891041724887114,0.13690079163932642,-0.47538110776650194,1.6188002791231042,0.3499501275503083,-0.08276233756729703,1.258620853455651,0.21256833752950297,-0.38999105832039915,1.659764430972914,0.040666028462498394,-0.01228854670929445,1.3858748893469375,0.18585065123162522,-0.036955754315813646,1.3085175294749785,0.45357495748641474,-0.19826807846494068,0.548010650158718,0.4338060549355501,-0.044373393064944554,0.9011398375231698,0.40209425739105176,-0.14178666292338182,0.470107239948598,0.3155806991734252,-0.15032361016072185,1.1943067545132922,0.3111412491624718,-0.07621474086695554,0.8716237540079268,0.4414527484814063,-0.6187553494576586,1.0637409777830769,0.2658614562145922,-0.3441685400163101,1.5176263435786923,0.47127412387866846,-0.1132177986722711,0.9486999976516559,0.479112826583796,-0.06624539397558234,0.7584042820512065,0.4476721334141611,-0.03866489608432875,0.3561027908562035,0.3483899525360556,-0.20355072168522323,1.4057439036716688,0.09740369062599362,-0.08491321019088195,1.3498724205604453,0.07331156074408664,-0.028694785650301452,1.284926827774932,0.1908014127306196,-0.3314473327520667,1.2004542094192758,0.3246753975156917,-0.6161772405469654,1.181731812606584,1.0028767585754395,-19.363670349121094,4.183566093444824,-0.5271756649017334,-0.5424177646636963,-2.5189108848571777,158.4951171875,-45.91536331176758,-805.112548828125,-162.94529724121094,92.05679321289062,5.427371978759766,-2.015037775039673,24.518476486206055,-2.7237017154693604,-3.731313467025757,0.2893912196159363,2.6499969959259033
0.1412139164888306,-0.4585945830242523,1.4764250224789246,0.13549650810806957,-0.31341970361621174,1.3976754704058565,0.02314511209183576,-0.5265987854919686,0.06812140404783337,0.22305019259058087,-0.5316924875145717,0.958890399001292,0.01533511151800191,-0.3517820425578301,1.6166508533307258,-0.19104081520576352,-0.3637529905663421,1.148639133434422,0.09498019509066809,-0.27322976162891516,1.6622430259818273,-0.09364957747277834,-0.1548021589189965,1.3812021711804219,-0.15069902934972815,-0.26862555130428034,1.2649389343545927,0.08806780745454182,-0.5879058510262445,0.08057151041579562,0.10882583679939738,-0.411839763158994,0.5222222451737385,0.13417823242628021,-0.49733279546759773,0.047598740887760324,-0.10311110976417333,-0.3575727648490312,1.1031068062150715,0.22755920067922958,-0.3654652666177181,0.47518755446206656,0.3656113487205758,-0.6685090025529167,1.0320265672064775,-2.7881342946978215e-05,-0.44743253349863144,1.4275803790976669,0.13648561343846732,-0.45171394361960177,0.5907984012799548,0.06252920123076203,-0.42399836553643083,0.40722996391207966,0.07348012620743537,-0.3473171679586764,0.07869270700492606,-0.11986402964947239,-0.4194384212328109,1.287899335883311,-0.05282457024845856,-0.19798661146732355,1.3184919803347808,-0.11788146427234278,-0.1490893504082762,1.2879891521883327,0.5224331729854179,-0.14334999385061642,0.47594524169994507,0.46589794883270136,-0.422212814850523,1.0755286125947308,0.33167294121735935,-0.48150437300568383,1.3887096082927375,0.1371671948705288,-0.4752107719514544,1.6182581798130313,0.3499810904856549,-0.08191735043332277,1.2586589372710677,0.21282918687095706,-0.3897252055193415,1.6592588286526155,0.0405486479944346,-0.012455606287258942,1.3853932480938387,0.18568333534412826,-0.036722535575857224,1.308310607411214,0.4528144018736896,-0.19759108905760658,0.5500812394334781,0.43369606808321365,-0.04427656322865692,0.903478878025977,0.4011496597567931,-0.14102615194012788,0.47229145585701165,0.31584914048381196,-0.14950096503590907,1.1941314896210928,0.31108436146319307,-0.07620782081950579,0.8740388034590033,0.44200412080382667,-0.61886964057455,1.063440353665131,0.26601475348930487,-0.3439010706366293,1.5171957584406366,0.47149742991719024,-0.11330910809091385,0.9504738108606527,0.47875252790403683,-0.06593757707452932,0.7605612343115522,0.4465438210411577,-0.037736244808068344,0.3583597329673388,0.3484640870465348,-0.2028934485864955,1.40557014626383,0.09732366750473219,-0.08504430678309194,1.3494903922870458,0.07312770715809816,-0.028763423297578927,1.284587167746184,0.19130139669637805,-0.33141267052944134,1.1999536452703918,0.32513862167367874,-0.6162148879853305,1.1814925986409976,1.0003776550292969,-19.25739288330078,4.067814826965332,-0.47884052991867065,-0.4994877576828003,-2.4921889305114746,159.53759765625,-45.168701171875,-806.7916259765625,-163.13648986816406,92.21539306640625,5.61717414855957,-2.0092060565948486,24.52292823791504,-2.5522053241729736,-3.7348434925079346,0.28709492087364197,2.6501710414886475
0.14159701586953852,-0.45836480075357766,1.475854082612802,0.13576452295906496,-0.31313671309821656,1.3971605058142682,0.023193278448619195,-0.5265857338510602,0.06813975667815335,0.2236593352840436,-0.5317252157934454,0.9585162651854635,0.015530978179912988,-0.3516020072710435,1.6160440115344445,-0.19051911652285533,-0.36324006901276823,1.1480527220182861,0.0951852204019068,-0.27307306259673164,1.6616412223569605,-0.09310657069679128,-0.1547011723433504,1.380663919922532,-0.1500260913066122,-0.26823049122529313,1.264392867980414,0.08815429441088082,-0.5878552709588941,0.08059646076960675,0.1089386749790599,-0.4117745545427531,0.5221667657822173,0.13420261499404118,-0.497284486544448,0.04756489191327663,-0.10256734180776095,-0.35712481388785194,1.102519879080602,0.22760645833039125,-0.3652535245710651,0.4750712996484428,0.36613742109166075,-0.6686092899335141,1.031715549380574,0.0003487586385118647,-0.44714463373880514,1.4269883741211418,0.1366951735998621,-0.4516608940548455,0.5906991056653838,0.06263824962449586,-0.42397490035224433,0.4072404964672809,0.07342940481342622,-0.34732495332198426,0.07870209902919681,-0.1194812823457039,-0.4190541019798904,1.2872855913954855,-0.05205798469829244,-0.19758687025269137,1.3178583211851436,-0.1172029549835731,-0.14868480904607584,1.287486128459703,0.5215501243507625,-0.14248079522852078,0.47798707967759757,0.4666072499771781,-0.4223311920434434,1.075259685318991,0.33200807879302674,-0.4812320935607746,1.3883150440967635,0.13743359810173117,-0.4750404361364068,1.6177160805029585,0.35001205342100156,-0.0810723632993485,1.2586970210864843,0.21309003621241115,-0.3894593527182838,1.658753226332317,0.0404312675263708,-0.012622665865223434,1.3849116068407399,0.1855160194566313,-0.03648931683590081,1.3081036853474497,0.4520538462609645,-0.19691409965027248,0.5521518287082381,0.4335860812308773,-0.044179733392369275,0.9058179185287841,0.4002050621225344,-0.14026564095687394,0.4744756717654253,0.3161175817941988,-0.14867831991109628,1.1939562247288937,0.3110274737639143,-0.07620090077205605,0.8764538529100797,0.4425554931262471,-0.6189839316914413,1.0631397295471847,0.26616805076401756,-0.3436336012569484,1.516765173302581,0.471720735955712,-0.11340041750955661,0.9522476240696497,0.47839222922427765,-0.0656297601734763,0.762718186571898,0.44541550866815427,-0.03680759353180793,0.3606166750784741,0.348538221557014,-0.2022361754877678,1.405396388855991,0.09724364438347075,-0.08517540337530193,1.3491083640136465,0.07294385357210968,-0.028832060944856398,1.2842475077174358,0.1918013806621365,-0.3313780083068159,1.1994530811215078,0.3256018458316658,-0.6162525354236956,1.1812533846754112,0.9990584254264832,-19.245410919189453,4.245850563049316,-0.5370293259620667,-0.4913415312767029,-2.4888486862182617,160.58731079101562,-44.29670333862305,-809.078857421875,-163.35427856445312,92.38139343261719,5.789791107177734,-1.913616418838501,24.566354751586914,-2.285478115081787,-3.7183680534362793,0.3177739679813385,2.661668062210083
0.14198426201643533,-0.4581312809558894,1.4752817232877213,0.1360432667448031,-0.3128837716105758,1.3966133973456376,0.023250101787957132,-0.5265621392932159,0.06817047090719867,0.22419132637661812,-0.5317558950146303,0.958185550787591,0.01576457336693015,-0.3514317994480891,1.6154416341655302,-0.19002504005337395,-0.3627794327720112,1.1474352198720768,0.09538069870693004,-0.27286153123868223,1.6610538422666639,-0.09272146442078597,-0.15464476135787586,1.380114450359976,-0.14940150930786766,-0.26782218667845065,1.2638166037616352,0.08824379628659873,-0.5878021381548698,0.0806168279308357,0.10904369325629923,-0.41170393710104836,0.5221129233473973,0.13423343663973525,-0.4972307916903338,0.04752984383939118,-0.10205054929516964,-0.3567478129800582,1.101915781071644,0.2276540593990427,-0.3650321439401993,0.47495858775858846,0.3666715637737552,-0.668659129284865,1.0314163451163185,0.000672652410028732,-0.44685166857100483,1.426427826186679,0.13694701703968426,-0.451575368642807,0.5906171755285452,0.0627748579872365,-0.42393940410866643,0.4072145065724455,0.0733823064739341,-0.34733006002887196,0.0787094577357469,-0.11908557246260296,-0.418663337925412,1.2867121870154576,-0.05135175119468709,-0.19722430684313869,1.3172772049114405,-0.11657870708909257,-0.14830770101768292,1.2869707874904406,0.5206771836375559,-0.14165840727209256,0.4800526935927915,0.4672763884462268,-0.42245837789497626,1.075034326275453,0.33238676743002127,-0.48091001857984933,1.3878739124891775,0.13770655774517565,-0.474848831331493,1.6171832076761108,0.3500356042621941,-0.08029062221973939,1.2587103101591401,0.21334768604758558,-0.38920889646801726,1.6582267671231403,0.04032966995377414,-0.01271291421911377,1.3845013277420144,0.18534623668683287,-0.03620923448674727,1.3079166586035924,0.4513205351024274,-0.19626093196947844,0.5541996265089275,0.43359395526102834,-0.04405207468184415,0.9081652124985954,0.3993503311217226,-0.13955064137645115,0.4766408051086577,0.3164032454916973,-0.14785198591008092,1.1937947194307845,0.31084503263037727,-0.07620744698292373,0.8788414976454728,0.4430869472342611,-0.6190984059643272,1.0628471642929986,0.26635385822776136,-0.3433062971033008,1.5163206912034395,0.47194962252844247,-0.11351028435080257,0.9540658297128235,0.4779987735858816,-0.06524870806182458,0.7649194053466746,0.4442723892777172,-0.035892749784995404,0.3628823686119736,0.3485920486465985,-0.2016276361926502,1.405231926614875,0.0972054022925579,-0.08522827089424954,1.3487723994728744,0.07278919905818851,-0.028892854722031694,1.2838989875174516,0.192256668841602,-0.33127534942121695,1.1989393526355163,0.32606985494001023,-0.6162599048867131,1.1809876359851155,1.0004302263259888,-19.307842254638672,4.463550090789795,-0.6408500671386719,-0.5200497508049011,-2.5052237510681152,161.42425537109375,-43.640289306640625,-810.9794311523438,-163.54991149902344,92.49771881103516,5.938138484954834,-1.795395016670227,24.622831344604492,-2.0728065967559814,-3.6789393424987793,0.37517067790031433,2.676367998123169
0.14237454674200506,-0.4578950224530618,1.4747083238418528,0.13632987224996485,-0.31265284880897065,1.3960427351740023,0.023313268605891047,-0.5265308193220998,0.0682102432042755,0.22466678396854178,-0.5317850727711292,0.9578866523425311,0.016025814455964703,-0.35126879278397716,1.6148425281442553,-0.18955120399890357,-0.36235710904495605,1.1467949357253826,0.0955691813608471,-0.2726098210211621,1.6604770311456643,-0.0924520610973535,-0.15462101352037183,1.379556760487967,-0.1488123606174987,-0.2674041771336107,1.2632182118118993,0.08833550737048222,-0.5877471348110413,0.0806338367181898,0.10914298143262499,-0.41162935629585723,0.5220602804067119,0.13426897657529407,-0.4971731502488749,0.04749391711508202,-0.10155352327158515,-0.3564228013355211,1.10129910095638,0.22770191210982027,-0.36480370055366035,0.47484847197666863,0.3672116200458135,-0.6686720024078887,1.0311257973412016,0.0009578959415019084,-0.4465549916818442,1.425890328670969,0.13722984391628512,-0.45146604627370834,0.5905479700952176,0.0629316611548528,-0.4238950920026034,0.40716175453749714,0.07333786295887255,-0.34733320392717587,0.07871532651120859,-0.11868036413774981,-0.41826785138703343,1.2861683421971781,-0.050689741173475404,-0.19688898579075637,1.3167345898830338,-0.11599421969904807,-0.14795069500113167,1.286446420956921,0.5198116495909281,-0.1408703202344724,0.4821357295311839,0.4679160973686256,-0.4225920183670442,1.0748408922296486,0.3327973684826434,-0.4805514554906365,1.3873986582092892,0.13798432165621133,-0.47464164149090154,1.6166570956343846,0.35005372382749783,-0.07955522523169092,1.2587054306702898,0.21360299141695166,-0.38896972217307185,1.6576850248488368,0.04023963743389048,-0.01274687848639804,1.384143339877097,0.18517464628776178,-0.0358948124239579,1.3077442103269084,0.4506071875525626,-0.19562521986416634,0.5562307236605132,0.4336881928688643,-0.043901825847955336,0.9105185542675043,0.3985614506712813,-0.1388689906687926,0.4787919555377486,0.3167015290418208,-0.1470229488532275,1.193643296593862,0.3105705911355303,-0.07622386071066194,0.8812090613392015,0.4436038060989601,-0.6192130144463469,1.0625605042407056,0.266563487812778,-0.34293514850321194,1.5158660259862609,0.4721825982857224,-0.11363374930343881,0.955916564294834,0.47758102190020857,-0.06481399221826864,0.7671530607915082,0.44311841991760875,-0.03498802362441624,0.3651544748256538,0.34863099529845826,-0.20105480701224696,1.405074275487306,0.09719777561181428,-0.08522381538537559,1.3484701885292862,0.0726559404160408,-0.028947900835770052,1.2835439749506137,0.1926792057983528,-0.33112286539464597,1.1984159778680232,0.3265413702619786,-0.6162450879022775,1.1807024437465414,0.9956031441688538,-19.351173400878906,4.444217205047607,-0.7193568348884583,-0.5664891004562378,-2.5124943256378174,162.390869140625,-43.04680252075195,-812.4541625976562,-163.71168518066406,92.58539581298828,6.124835014343262,-1.8562076091766357,24.58955192565918,-1.979140043258667,-3.6472060680389404,0.39763903617858887,2.6686413288116455
0.1427648314675748,-0.45765876395023425,1.4741349243959845,0.13661647775512656,-0.31242192600736557,1.3954720730023669,0.02337643542382496,-0.5264994993509836,0.06825001550135233,0.22514224156046544,-0.5318142505276282,0.9575877538974712,0.016287055544999252,-0.35110578611986526,1.6142434221229807,-0.18907736794443322,-0.36193478531790096,1.1461546515786885,0.09575766401476417,-0.27235811080364203,1.6599002200246646,-0.09218265777392104,-0.15459726568286783,1.3789990706159578,-0.14822321192712976,-0.2669861675887708,1.2626198198621637,0.0884272184543657,-0.5876921314672129,0.0806508455055439,0.10924226960895077,-0.41155477549066605,0.5220076374660264,0.1343045165108529,-0.497115508807416,0.04745799039077285,-0.10105649724800067,-0.356097789690984,1.1006824208411161,0.2277497648205978,-0.3645752571671214,0.4747383561947488,0.3677516763178718,-0.6686848755309124,1.0308352495660844,0.0012431394729750848,-0.4462583147926836,1.425352831155259,0.13751267079288595,-0.4513567239046097,0.59047876466189,0.06308846432246909,-0.42385077989654035,0.4071090025025488,0.07329341944381101,-0.34733634782547984,0.07872119528667026,-0.11827515581289665,-0.4178723648486548,1.2856244973788988,-0.05002773115226372,-0.19655366473837405,1.3161919748546271,-0.11540973230900356,-0.1475936889845804,1.2859220544234018,0.5189461155443003,-0.14008223319685226,0.48421876546957626,0.4685558062910244,-0.42272565883911206,1.0746474581838443,0.33320796953526555,-0.4801928924014237,1.386923403929401,0.13826208556724698,-0.47443445165031006,1.6161309835926587,0.3500718433928016,-0.07881982824364248,1.2587005511814395,0.21385829678631776,-0.38873054787812644,1.6571432825745336,0.04014960491400681,-0.01278084275368231,1.3837853520121794,0.1850030558886907,-0.035580390361168536,1.3075717620502245,0.44989384000269783,-0.19498950775885426,0.558261820812099,0.43378243047670023,-0.04375157701406653,0.9128718960364133,0.39777257022083995,-0.13818733996113405,0.4809431059668395,0.3169998125919443,-0.14619391179637406,1.1934918737569393,0.3102961496406833,-0.07624027443840015,0.8835766250329301,0.44412066496365904,-0.6193276229283667,1.0622738441884123,0.26677311739779463,-0.34256399990312314,1.5154113607690824,0.47241557404300233,-0.11375721425607505,0.9577672988768444,0.47716327021453553,-0.0643792763747127,0.7693867162363418,0.44196445055750033,-0.03408329746383708,0.3674265810393339,0.34866994195031803,-0.20048197783184368,1.404916624359737,0.09719014893107067,-0.08521935987650164,1.3481679775856978,0.0725226817738931,-0.02900294694950841,1.2831889623837756,0.19310174275510358,-0.330970381368075,1.1978926031005304,0.32701288558394703,-0.6162302709178419,1.1804172515079676,1.0020159482955933,-19.296934127807617,4.364752292633057,-0.6975260972976685,-0.5871410965919495,-2.4706103801727295,163.55999755859375,-42.20338821411133,-813.68115234375,-163.7994384765625,92.64340209960938,6.375338554382324,-1.9808716773986816,24.528377532958984,-1.9613817930221558,-3.6344783306121826,0.39254030585289,2.653517723083496
0.14313389721098324,-0.45744098658790655,1.473598907128075,0.1369555987516381,-0.3122267171444482,1.3948876790653002,0.023434601425014384,-0.5264725826236586,0.06828580728873906,0.22569682419497444,-0.5318148752908833,0.9573035972402585,0.016573337955239974,-0.350937842829338,1.613641751325683,-0.1885686123509281,-0.3615368553344777,1.145468110675054,0.09597598630564891,-0.27212221481350085,1.6593036170037376,-0.09199966385417822,-0.1546351689327237,1.3784125553851097,-0.14768227478427604,-0.26660596011884957,1.2620259900361497,0.08851862170838362,-0.5876395794137425,0.0806603046590524,0.10933317403179525,-0.4114683354335115,0.5219584331409821,0.13433977556939156,-0.49705611401243716,0.04741317348320358,-0.10056197642046491,-0.3557594605036919,1.1000383225892554,0.22781959403034865,-0.36433278695242294,0.47463988404202934,0.3682914148300689,-0.668685129048019,1.0305324680363106,0.001528769587158887,-0.4459500396685885,1.4248142214800348,0.13776788944440171,-0.4512605204783528,0.590403396956968,0.06322509399461035,-0.4238018999924723,0.40706695784006686,0.07325150665907276,-0.3473375567932003,0.07872395313634778,-0.11792282897066203,-0.41751777854384176,1.2850162607944564,-0.04943749584899045,-0.19627083364306697,1.3156778220309326,-0.11475548386228403,-0.14726943776800933,1.2853413082116487,0.518065283630068,-0.13931163713730726,0.4862837628615612,0.4691909814611176,-0.4228512134575686,1.0744341641467139,0.3336058942391383,-0.4798799448751456,1.3864714823021793,0.13858937178522546,-0.474167517281526,1.615583922097225,0.3501021456442132,-0.07803961434802476,1.258716167203638,0.21411130690811483,-0.3884658960514511,1.6566221039026778,0.0399887381886311,-0.012739765157133641,1.3834455445507505,0.1848544491738673,-0.03528346282288137,1.3074089827521747,0.44926867081432154,-0.1944036867888953,0.5602694718253532,0.43383783329006853,-0.043670269302925134,0.91516586210554,0.39688860013192856,-0.1375498039684943,0.4831073583159225,0.31732706335798794,-0.14537609563461995,1.1933395203375659,0.31006610373787535,-0.07627889731072432,0.8859008939455676,0.44461408903859306,-0.6194398028171615,1.0620037076489026,0.26700006489524775,-0.3422284744531903,1.5149588744766664,0.4726673713977763,-0.11390350826874078,0.9595840445022709,0.47677598942984023,-0.0639707629525701,0.7715706422628945,0.4408269139216436,-0.03322736836587458,0.36968446749922446,0.3487451983406054,-0.19992255698272726,1.4047336659289353,0.09721092345649437,-0.08511064366887737,1.3478807013555867,0.0724279373292102,-0.029048230458939114,1.2828454345662073,0.19354426170027017,-0.3307726279098467,1.197319725886086,0.32751404336154066,-0.616188716710798,1.1801186906580894,1.062258005142212,-19.17998504638672,4.3500800132751465,-0.6151955127716064,-0.5822768807411194,-2.4015145301818848,164.56471252441406,-41.25349426269531,-815.053955078125,-163.86172485351562,92.7206039428711,6.618088722229004,-2.025322675704956,24.508102416992188,-1.967293620109558,-3.6633450984954834,0.35971799492836,2.6489999294281006
0.14348709484599284,-0.45723702990456133,1.473090845228031,0.13733399220255038,-0.31205821609654966,1.394293016155824,0.023489027684986195,-0.5264489587569079,0.06831862234714016,0.22631057860046033,-0.5317941473809299,0.9570304648765665,0.016878346918730545,-0.3507662078007957,1.6130381625219685,-0.18803374301518824,-0.3611571676289009,1.1447469777618813,0.09621662345548339,-0.27189814511513866,1.6586922130837345,-0.09188128914067287,-0.1547191764739965,1.3778044837989554,-0.14717739149434678,-0.26625402202669357,1.2614355718852668,0.08860979475919774,-0.5875888604991484,0.0806641179994242,0.10941780886507982,-0.411373026718367,0.5219118003024171,0.1343748245807673,-0.4969954080139564,0.04736170826467457,-0.10006932904388731,-0.3554111721105134,1.099373720339592,0.22790585783933173,-0.3640798271097095,0.47455011929897284,0.36883091571315235,-0.6686759452946138,1.0302205377856628,0.0018146887979784742,-0.4456330910818466,1.424274780102913,0.13800246194498428,-0.4511741277397863,0.5903234209445928,0.0633466374005703,-0.4237496041698961,0.40703292043003814,0.0732114864204893,-0.3473373187693539,0.0787243845545693,-0.11761004828064647,-0.4171937785006517,1.2843598703674923,-0.04890093555217547,-0.196027255906964,1.3151849539864142,-0.11404906627752923,-0.1469696814453365,1.2847183998057385,0.5171730115713663,-0.13855412128745326,0.488335270557972,0.46982276617296487,-0.4229707212637592,1.0742060182899829,0.3339943392387289,-0.4796011098568013,1.3860370094413,0.138953692076222,-0.4738559043960066,1.6150211940538015,0.35014155842610545,-0.07722588519978997,1.258747110303664,0.21436260058390383,-0.3881821914619168,1.6561163032291741,0.03977489979653959,-0.01264256929719685,1.3831193328693212,0.1847230302576987,-0.03499961814639584,1.307253434168582,0.4487094437049714,-0.19385517571146124,0.5622595892047251,0.4338641944310523,-0.04364051756183833,0.9174154254774384,0.39593351953077,-0.13694525811056427,0.48528140862256486,0.3176759765637631,-0.1445666707509401,1.1931864710043598,0.30986925801694,-0.07633412876073888,0.8881927858914761,0.44508998796639854,-0.6195501665405879,1.0617459278233004,0.2672399631793925,-0.34191958892424373,1.5145080176410297,0.47293324403415454,-0.1140668744480373,0.9613753722992954,0.476411495579789,-0.06358184438470184,0.7737173793331676,0.43970166610566197,-0.032407930984303654,0.37193172005628117,0.34884760810049953,-0.19937316323352966,1.4045317820365855,0.09725293714479105,-0.0849239585908833,1.3476045936938152,0.07236199480610968,-0.02908621323819192,1.2825104953437452,0.1940017236976434,-0.3305410207896833,1.196709829450443,0.3280373685407323,-0.6161271677111948,1.1798101324119314,1.1097322702407837,-19.169668197631836,4.357369899749756,-0.6093934178352356,-0.5784193873405457,-2.409006118774414,165.5292205810547,-40.37281799316406,-816.4505615234375,-163.9194793701172,92.84980773925781,6.822315692901611,-1.9884589910507202,24.51154136657715,-1.9565248489379883,-3.714003086090088,0.2893221974372864,2.6433212757110596
0.1438402924810024,-0.4570330732212161,1.472582783327987,0.13771238565346264,-0.31188971504865104,1.3936983532463478,0.023543453944958007,-0.5264253348901572,0.06835143740554124,0.2269243330059462,-0.5317734194709766,0.9567573325128744,0.017183355882221103,-0.3505945727722534,1.6124345737182542,-0.18749887367944845,-0.3607774799233241,1.1440258448487086,0.09645726060531787,-0.2716740754167765,1.6580808091637314,-0.09176291442716754,-0.15480318401526932,1.3771964122128013,-0.14667250820441752,-0.2659020839345376,1.260845153734384,0.08870096781001185,-0.5875381415845543,0.08066793133979601,0.10950244369836437,-0.4112777180032225,0.521865167463852,0.13440987359214301,-0.49693470201547574,0.04731024304614557,-0.09957668166730972,-0.35506288371733485,1.0987091180899284,0.22799212164831478,-0.36382686726699603,0.4744603545559163,0.3693704165962358,-0.6686667615412086,1.0299086075350148,0.002100608008798049,-0.4453161424951048,1.4237353387257912,0.13823703444556684,-0.45108773500121985,0.5902434449322176,0.06346818080653023,-0.42369730834731995,0.4069988830200094,0.07317146618190586,-0.34733708074550756,0.07872481597279081,-0.11729726759063093,-0.4168697784574616,1.283703479940528,-0.04836437525536051,-0.195783678170861,1.3146920859418958,-0.11334264869277447,-0.1466699251226637,1.2840954913998281,0.5162807395126646,-0.13779660543759928,0.49038677825438265,0.4704545508848121,-0.42309022906994975,1.0739778724332518,0.3343827842383195,-0.4793222748384571,1.3856025365804205,0.13931801236721852,-0.4735442915104872,1.6144584660103778,0.3501809712079977,-0.07641215605155523,1.25877805340369,0.21461389425969282,-0.3878984868723825,1.6556105025556704,0.03956106140444808,-0.012545373437260062,1.382793121187892,0.18459161134153013,-0.034715773469910324,1.307097885584989,0.4481502165956213,-0.19330666463402724,0.5642497065840967,0.4338905555720361,-0.043610765820751525,0.9196649888493367,0.3949784389296115,-0.13634071225263425,0.4874554589292071,0.31802488976953835,-0.14375724586726024,1.1930334216711538,0.3096724122960046,-0.07638936021075343,0.8904846778373844,0.44556588689420396,-0.6196605302640145,1.0614881479976983,0.26747986146353725,-0.3416107033952972,1.5140571608053928,0.4731991166705327,-0.11423024062733382,0.9631667000963198,0.47604700172973785,-0.06319292581683358,0.7758641164034408,0.43857641828968036,-0.03158849360273276,0.37417897261333777,0.34895001786039365,-0.19882376948433206,1.4043298981442356,0.09729495083308773,-0.08473727351288922,1.3473284860320438,0.07229605228300916,-0.029124196017444724,1.282175556121283,0.1944591856950166,-0.3303094136695199,1.1960999330148003,0.3285606937199239,-0.6160656187115916,1.1795015741657737,1.0751676559448242,-19.300949096679688,4.364233493804932,-0.6739391088485718,-0.5820976495742798,-2.480759859085083,166.43911743164062,-39.65907287597656,-817.3160400390625,-163.98941040039062,92.99115753173828,6.9647297859191895,-1.9181387424468994,24.50548553466797,-1.9927232265472412,-3.7229835987091064,0.22780033946037292,2.6247215270996094
0.14413605664936913,-0.45687377857451406,1.4721679154610792,0.13799833318847693,-0.31174117129370077,1.3932143666886336,0.02359356763248412,-0.5264034322555492,0.06836471844785261,0.22740715001987305,-0.5317444341466916,0.9565349708724495,0.01740085657389945,-0.35044027943879563,1.6119606510692874,-0.1870992279407994,-0.3604991086666158,1.1434532553944368,0.09663731150871871,-0.27148097664709914,1.6575914439776085,-0.091675226582794,-0.15487476324798255,1.376688487087654,-0.1462477437707762,-0.26562055886186514,1.260351844576021,0.08877229887918131,-0.5874926538656879,0.08067618557159474,0.10957331570568464,-0.4112031315730897,0.5218250820573592,0.13444032702619665,-0.49687860846914206,0.04727219261031672,-0.09913077755578308,-0.35478744394337103,1.0981342449093496,0.22805867566178176,-0.3636141988812693,0.474379702218321,0.36983162954153603,-0.6686625614860989,1.0296327219104136,0.002359592120644219,-0.4450745625014337,1.4232958188120104,0.13840367171345958,-0.45101849270972194,0.5901779925191639,0.06355637112101972,-0.42365422055421287,0.4069868953812201,0.07313880055452025,-0.34733878332652796,0.07872352475263425,-0.11699182604322371,-0.4165916329385429,1.2831996154311478,-0.04797305446734887,-0.19561131500842555,1.314296641886629,-0.11284948952051978,-0.14643864121460756,1.2836084815840059,0.5155597806766333,-0.1371659826462632,0.492042014437006,0.47099262406889175,-0.4231552986909222,1.073813108418951,0.33470254870045263,-0.4790820156698985,1.3852645652183633,0.13961205182486022,-0.47331817211299543,1.613999934385944,0.3502249851921536,-0.07577018449638065,1.2587875317264077,0.21481828435959405,-0.3876575824638076,1.6552297555847673,0.03938654838561617,-0.012471062652396643,1.3824894992721002,0.184504927586246,-0.034468343259384304,1.306965106765166,0.44760100750733683,-0.19286960333783107,0.5658665190864083,0.43391257425807167,-0.04362403855517211,0.9214528120116682,0.3942396429595568,-0.1358697728210727,0.48921104170234,0.31830157872462117,-0.14309695224888277,1.1929095770349565,0.3094945170034636,-0.0764428943346273,0.8923618990853922,0.4459798833392314,-0.6197128220899215,1.061249560472981,0.26767077213091567,-0.34135632917581016,1.5136711257972464,0.4734277578181778,-0.114371728596111,0.9645687369321355,0.47578939302078144,-0.0629108769214706,0.7775984665021202,0.4376580445774344,-0.030928244882121394,0.37601400694705,0.34904931702755937,-0.19835289429552508,1.404184421166679,0.09735222076935483,-0.08457655035304708,1.3471210926573798,0.07225842430990263,-0.029144611049270786,1.2818983737996081,0.19485767299173684,-0.33010049756394316,1.1955850980929192,0.328980514347948,-0.6160195720511557,1.179252415303363,1.0455554723739624,-19.498775482177734,4.369626998901367,-0.6901055574417114,-0.5487349033355713,-2.5228869915008545,167.3583984375,-38.79411697387695,-817.9266357421875,-164.03753662109375,93.1109390258789,7.126139163970947,-1.911426067352295,24.52497100830078,-2.122891664505005,-3.7037856578826904,0.24184320867061615,2.627810478210449
0.14438799001424518,-0.45674856811367126,1.471824169356302,0.13821372989293754,-0.3116078581044216,1.3928148436625272,0.023640390146301676,-0.5263828431928395,0.06836309195156919,0.22779004112971538,-0.5317091471114695,0.9563513553103075,0.017551574637089538,-0.3502992205568497,1.6115856841699967,-0.18680277915782487,-0.36029805785772817,1.1429940280535362,0.09677112553984124,-0.27131151358615485,1.6571952136147101,-0.09161095766486317,-0.15493685771890034,1.376256989524854,-0.14588412267482834,-0.26539277004090367,1.2599326449119492,0.08882848738341143,-0.5874511583751401,0.0806878289047456,0.10963368450371634,-0.41114435951836065,0.5217899933753424,0.13446727330913608,-0.49682603495207844,0.04724437977181168,-0.09872054593600581,-0.3545675991682817,1.0976278491762301,0.22811018798919702,-0.36343227923903243,0.47430600408489343,0.3702330964290543,-0.6686621647796883,1.0293843440267425,0.002598020499063317,-0.44489050064457963,1.422932554751832,0.13851846367219425,-0.45096233891730275,0.5901236239055924,0.06361910776043965,-0.4236181599414901,0.4069917351994293,0.07311174765673299,-0.3473419668954729,0.07872091888739968,-0.11669198542043864,-0.4163484816618313,1.2828121522799234,-0.04769257435710818,-0.19549329981010483,1.3139755477178965,-0.11251908018938359,-0.1462596125703379,1.2832251838500925,0.5149695608789557,-0.13663219929432238,0.4933948328854232,0.4714591805607278,-0.42317882338107027,1.0736967147580836,0.3349698990682103,-0.4788711959656501,1.3850002397369865,0.13985245590967849,-0.4731572977458404,1.613620921081265,0.3502725106201425,-0.07525929110433094,1.2587806290348633,0.21498687962526516,-0.38744934135122805,1.6549444443342702,0.0392420468358508,-0.01241421679324711,1.3822031169142943,0.18445238382216322,-0.0342487030360379,1.3068497048703251,0.44705944375091833,-0.19251759582205324,0.5671984410246476,0.43393127896533107,-0.04367014575774306,0.9228882544877512,0.39366590631323933,-0.13550079618858188,0.49064726767358396,0.31852314917259655,-0.1425504693329729,1.1928080201938451,0.3093310838799603,-0.07649513313065696,0.893922661116581,0.4463466384158229,-0.6197207958887745,1.0610256197042023,0.26782429751181447,-0.34114355569248955,1.5133345600785009,0.47362798546126345,-0.11449652003580765,0.9656736832975552,0.4756133545510816,-0.06271038646038794,0.7790181002277412,0.4368975484706708,-0.030389482244873887,0.37753445368926253,0.349146242321327,-0.19794194116596356,1.4040819915714642,0.09742113363170465,-0.0844356402360051,1.346966139133403,0.07224240480915994,-0.029151619115955388,1.2816652691127448,0.19521115328006397,-0.3299088982852879,1.195142810115751,0.32932134466060736,-0.6159853561232421,1.179048587549601,1.091002106666565,-19.518878936767578,4.2569098472595215,-0.6171553134918213,-0.4926072359085083,-2.4660794734954834,168.3536834716797,-37.59894561767578,-818.7587280273438,-164.12521362304688,93.22516632080078,7.359512805938721,-1.9729357957839966,24.589454650878906,-2.2951111793518066,-3.72639536857605,0.2855459749698639,2.6581649780273438
0.14463992337912124,-0.4566233576528284,1.4714804232515246,0.13842912659739814,-0.3114745449151424,1.392415320636421,0.023687212660119233,-0.5263622541301298,0.06836146545528576,0.22817293223955773,-0.5316738600762475,0.9561677397481653,0.017702292700279624,-0.3501581616749037,1.611210717270706,-0.18650633037485034,-0.36009700704884057,1.142534800712636,0.09690493957096377,-0.27114205052521057,1.6567989832518117,-0.09154668874693232,-0.15499895218981813,1.3758254919620538,-0.14552050157888047,-0.2651649812199422,1.2595134452478776,0.08888467588764153,-0.5874096628845922,0.08069947223789645,0.10969405330174806,-0.41108558746363155,0.5217549046933256,0.13449421959207547,-0.49677346143501483,0.047216566933306635,-0.09831031431622854,-0.3543477543931923,1.0971214534431104,0.2281617003166123,-0.3632503595967956,0.4742323059514658,0.3706345633165726,-0.6686617680732777,1.0291359661430712,0.002836448877482415,-0.4447064387877256,1.4225692906916536,0.13863325563092896,-0.45090618512488356,0.5900692552920209,0.06368184439985958,-0.4235820993287674,0.40699657501763853,0.07308469475894575,-0.34734515046441794,0.07871831302216512,-0.11639214479765356,-0.4161053303851197,1.282424689128699,-0.04741209424686749,-0.19537528461178408,1.313654453549164,-0.1121886708582474,-0.14608058392606824,1.2828418861161794,0.5143793410812783,-0.13609841594238156,0.4947476513338404,0.4719257370525638,-0.4232023480712183,1.0735803210972161,0.33523724943596794,-0.4786603762614017,1.3847359142556095,0.14009285999449672,-0.47299642337868547,1.6132419077765863,0.3503200360481313,-0.07474839771228123,1.2587737263433192,0.21515547489093628,-0.3872411002386485,1.654659133083773,0.03909754528608544,-0.01235737093409758,1.3819167345564887,0.1843998400580804,-0.034029062812691496,1.306734302975484,0.44651787999449977,-0.19216558830627545,0.568530362962887,0.43394998367259047,-0.04371625296031402,0.9243236969638344,0.3930921696669219,-0.13513181955609102,0.492083493644828,0.318744719620572,-0.14200398641706305,1.192706463352734,0.309167650756457,-0.07654737192668662,0.8954834231477699,0.44671339349241446,-0.6197287696876274,1.0608016789354235,0.2679778228927132,-0.340930782209169,1.5129979943597553,0.4738282131043491,-0.1146213114755043,0.9667786296629748,0.4754373160813818,-0.0625098959993053,0.7804377339533622,0.43613705236390726,-0.02985071960762638,0.37905490043147505,0.3492431676150947,-0.19753098803640204,1.4039795619762496,0.09749004649405447,-0.0842947301189631,1.346811185609426,0.07222638530841727,-0.029158627182639986,1.2814321644258815,0.1955646335683911,-0.3297172990066326,1.194700522138583,0.3296621749732668,-0.6159511401953287,1.1788447597958394,1.08528733253479,-19.320140838623047,4.026686668395996,-0.5866853594779968,-0.5034470558166504,-2.390883445739746,169.1637725830078,-36.55923843383789,-819.4262084960938,-164.16873168945312,93.27264404296875,7.586338043212891,-2.01542592048645,24.613489151000977,-2.4978904724121094,-3.773223400115967,0.3210754990577698,2.6742775440216064
0.14496718310066406,-0.45642617177094846,1.4710323242162238,0.13872766664979472,-0.31133977091865034,1.3919052000077354,0.023729534270796947,-0.5263403938306088,0.06836700360506576,0.22860864658426763,-0.5316377255498179,0.9559033894973086,0.017905777893861784,-0.34998080006103643,1.6107055043542622,-0.18606461490818998,-0.3598560628215998,1.141896797331753,0.09707985692565015,-0.2709263824666573,1.6562876278990941,-0.09146599689905613,-0.15508547615235216,1.3752511252235893,-0.14507707970722625,-0.26490944263753513,1.2589406043488458,0.08895563555030238,-0.5873603727051754,0.08072103595743511,0.10977649032477511,-0.4110033867374951,0.5217078284712027,0.13452520818505065,-0.49672546548559177,0.047181453543486976,-0.09781920861773541,-0.35414081713221723,1.096464494206258,0.22821382038443294,-0.36295311981873796,0.47412271768052056,0.37112669503649337,-0.6686685415885306,1.0288362258317454,0.003122530907657701,-0.4444600807515201,1.4220998895089358,0.13879488541787824,-0.4508290280470785,0.5899849345549842,0.06377045321740851,-0.4235333430747323,0.4070040966994715,0.0730478817732721,-0.347347887985359,0.07871667034183906,-0.11599945370724661,-0.4158373342345882,1.281903969136295,-0.047119472570569323,-0.19529991996604085,1.3132817962311751,-0.1118408851695574,-0.14591828486974667,1.2823582052789777,0.5136391599446732,-0.13547780934647222,0.49645433639058995,0.47245451724095056,-0.42327029356695955,1.0733931842229225,0.33558037778399635,-0.4783641662423974,1.3843846094134629,0.1403964746570745,-0.47279445683916677,1.6128003585417539,0.35039618660677346,-0.07408509947458249,1.2587766367078617,0.21534685484620908,-0.387031509830857,1.6542445571217317,0.038942807631579465,-0.012245032173081843,1.381592058977544,0.1843511936384321,-0.03374981245531745,1.3065918036644033,0.44591580982634565,-0.19174190645186318,0.570240823539677,0.43398976414803636,-0.04377335176143227,0.9261733842211842,0.3923858508270308,-0.1346610018008987,0.49392061083522054,0.31907433962190385,-0.14131731340131226,1.1925554174855846,0.30903367910361446,-0.07665101078567126,0.897489095760497,0.4471877409231584,-0.6197830767228903,1.0605260189005872,0.2681552118418232,-0.34065565121489644,1.5125922019907971,0.4741069563473297,-0.11478763695386861,0.9681889516430974,0.4751820650617808,-0.06223754999258661,0.7822881719923966,0.43516582645327845,-0.029173414460352546,0.3809899655201576,0.34934672787292115,-0.1970196462279519,1.4038364081982746,0.09757860219537817,-0.08411447020457281,1.3466246072819692,0.07221586334932324,-0.029120285409373167,1.2811281827111907,0.1959953749466021,-0.32950973678503603,1.1941900780264116,0.33008322144383623,-0.6159074345961312,1.1786077237681838,1.0205113887786865,-19.175888061523438,4.0147247314453125,-0.6509353518486023,-0.5742645859718323,-2.406116247177124,170.1648712158203,-35.4809455871582,-820.4719848632812,-164.1469268798828,93.28645324707031,7.842392444610596,-2.0149734020233154,24.568645477294922,-2.63568377494812,-3.750953435897827,0.3066527843475342,2.6626110076904297
0.1453531040557173,-0.45617293423374755,1.4705029591819307,0.13909095550412373,-0.3112038593023818,1.391308950272617,0.023768350753365763,-0.5263175435413588,0.06837812130222258,0.2290854976074585,-0.5316009310302355,0.9555761662145325,0.018150356073943982,-0.3497751672931065,1.6100988609111861,-0.1855097714046769,-0.3595840511535177,1.1411195701321228,0.09728678394824464,-0.27067473175509876,1.6556866176870486,-0.09137251551281537,-0.15519102485172007,1.3745654975341646,-0.1445715120987387,-0.26463229362143587,1.258248113638518,0.08903809841598896,-0.5873050123255774,0.08075032528761207,0.10987611322213482,-0.41090294067433336,0.5216514168196167,0.13455934477168202,-0.4966810343676055,0.04714065476857274,-0.0972651213358175,-0.3539439317406408,1.0956902819753482,0.22826641373681705,-0.36256607320924467,0.4739851795679686,0.37168943299757723,-0.6686808989932206,1.0284964864617152,0.0034457237462803027,-0.4441652088765277,1.4215478328679572,0.1389929906816672,-0.4507355144284419,0.5898772882704704,0.06387921027987209,-0.42347469994958664,0.40701370691226807,0.07300346801119136,-0.3473502781414828,0.07871577775241523,-0.11553445428807214,-0.41554998986373676,1.2812794739047424,-0.04681739551539453,-0.19525776990991556,1.312868983540314,-0.11147956745020601,-0.14576901416510146,1.2817963499896574,0.5127821947565142,-0.13478958818888823,0.498436598983032,0.4730317548213416,-0.4233728322564371,1.0731509552886154,0.33598251907241267,-0.4780014575711939,1.3839655684319554,0.14074931525631457,-0.4725604893158603,1.6123101087595453,0.3504946293025617,-0.0733031142774402,1.2587871890983835,0.21555597863055223,-0.38682086864449333,1.6537293148356558,0.038780098497275484,-0.012089477700878256,1.3812375621290396,0.1843055823188744,-0.03342414004666521,1.3064282019406754,0.4452666196207337,-0.1912624074133816,0.5722460752686128,0.4340459576110966,-0.04383901039150772,0.9283456691842995,0.39157628213727713,-0.1341108741448415,0.4960699264971626,0.31948810440815045,-0.14052146579453487,1.192365831491963,0.30892265089695026,-0.07679467801226686,0.8998412474101742,0.4477458770898794,-0.6198734662785436,1.0602100819151923,0.2683511848086553,-0.3403319586191746,1.512132498602204,0.474446844482264,-0.11498630752429267,0.9698370882612191,0.47486512639269923,-0.06190924568484161,0.7844741036560362,0.4340304923768075,-0.02838821780084577,0.38324791923264007,0.3494554551824039,-0.196430125625323,1.4036615400124859,0.09768245497484081,-0.08390356620021214,1.3464134007889703,0.07220962266160162,-0.02904662694658665,1.2807690047270415,0.19648628425321832,-0.32928974324504273,1.1936265565701667,0.33056673713472506,-0.615856338810447,1.178344826429885,1.0145634412765503,-19.217714309692383,4.051308631896973,-0.6832301616668701,-0.6249155402183533,-2.4741647243499756,171.04710388183594,-34.57630157470703,-821.4103393554688,-164.09750366210938,93.30054473876953,8.046326637268066,-2.013367176055908,24.585880279541016,-2.4814956188201904,-3.68757963180542,0.23412977159023285,2.666407346725464
0.14573902501077052,-0.4559196966965467,1.469973594147638,0.13945424435845274,-0.3110679476861133,1.3907127005374984,0.023807167235934575,-0.5262946932521088,0.06838923899937939,0.22956234863064937,-0.5315641365106533,0.9552489429317563,0.018394934254026173,-0.34956953452517653,1.60949221746811,-0.1849549279011638,-0.3593120394854356,1.1403423429324926,0.09749371097083913,-0.27042308104354024,1.6550856074750029,-0.09127903412657463,-0.15529657355108797,1.3738798698447399,-0.14406594449025117,-0.2643551446053366,1.25755562292819,0.08912056128167553,-0.5872496519459794,0.08077961461778903,0.10997573611949453,-0.4108024946111717,0.5215950051680306,0.1345934813583134,-0.49663660324961934,0.0470998559936585,-0.0967110340538996,-0.3537470463490644,1.0949160697444384,0.2283190070892012,-0.36217902659975143,0.47384764145541663,0.3722521709586611,-0.6686932563979104,1.0281567470916848,0.0037689165849028906,-0.4438703370015353,1.4209957762269785,0.13919109594545617,-0.45064200080980527,0.5897696419859564,0.06398796734233565,-0.423416056824441,0.4070233171250646,0.0729590542491106,-0.3473526682976066,0.07871488516299141,-0.1150694548688977,-0.4152626454928853,1.2806549786731898,-0.046515318460219744,-0.19521561985379024,1.3124561708494527,-0.11111824973085464,-0.14561974346045628,1.2812344947003371,0.5119252295683552,-0.13410136703130426,0.500418861575474,0.4736089924017325,-0.4234753709459147,1.0729087263543085,0.3363846603608289,-0.47763874889999036,1.383546527450448,0.1411021558555546,-0.4723265217925539,1.6118198589773367,0.3505930719983499,-0.07252112908029794,1.258797741488905,0.21576510241489535,-0.3866102274581297,1.6532140725495799,0.038617389362971516,-0.011933923228674674,1.3808830652805353,0.18425997099931665,-0.03309846763801299,1.3062646002169476,0.4446174294151218,-0.19078290837490006,0.5742513269975486,0.43410215107415684,-0.04390466902158315,0.9305179541474147,0.39076671344752345,-0.13356074648878433,0.4982192421591045,0.31990186919439706,-0.13972561818775753,1.1921762454983413,0.30881162269028606,-0.07693834523886245,0.9021933990598514,0.44830401325660035,-0.6199638558341968,1.0598941449297974,0.2685471577754873,-0.3400082660234527,1.5116727952136109,0.4747867326171982,-0.11518497809471673,0.9714852248793406,0.4745481877236177,-0.06158094137709662,0.7866600353196757,0.43289515830033665,-0.027603021141339026,0.38550587294512234,0.3495641824918867,-0.1958406050226941,1.4034866718266974,0.09778630775430344,-0.08369266219585147,1.3462021942959717,0.07220338197388002,-0.02897296848380013,1.2804098267428923,0.1969771935598345,-0.3290697497050494,1.193063035113922,0.33105025282561384,-0.6158052430247629,1.1780819290915863,1.0857387781143188,-19.314128875732422,3.910352945327759,-0.6176177263259888,-0.6207485198974609,-2.532111644744873,172.07843017578125,-33.37633514404297,-822.1477661132812,-164.03378295898438,93.34342956542969,8.305487632751465,-1.951659917831421,24.68362808227539,-2.1593453884124756,-3.7054734230041504,0.20342746376991272,2.675023078918457
0.14612153073809794,-0.455671018322572,1.4694440964831421,0.1398447693775821,-0.310902045065204,1.390128254890442,0.023856025966291394,-0.5262712240219116,0.06841126138603451,0.23011312441320608,-0.5315442523419462,0.9549318548069885,0.018661528357014748,-0.3493525784536703,1.6088622090042821,-0.18441064784068936,-0.3591016842829471,1.1395552126777093,0.09770043075874152,-0.2701580788915521,1.6544743847373307,-0.09118294434634265,-0.15539815992314293,1.3732270902355774,-0.14363106877993276,-0.2641006643014238,1.2568589322614354,0.08920659134719545,-0.5871917384349747,0.08081072623169185,0.11008316900161717,-0.41069599729500067,0.5215391129847394,0.13462993344723784,-0.49657536677966846,0.04707453005163875,-0.09619028254455289,-0.35360650668870536,1.094193959078252,0.22838150902299692,-0.361837013470416,0.47373557939434685,0.3728004467013656,-0.6687084653519637,1.0278220476693665,0.004056458580400174,-0.4435568858456138,1.4204507489867557,0.13940452828707284,-0.4505464866856076,0.5896431622126245,0.06409904543335074,-0.4233550539869346,0.4070286334350409,0.07291875754957958,-0.34735330662979985,0.07871270633691194,-0.11465509531908478,-0.41497262641294114,1.2800346612930298,-0.04630189986023682,-0.1952519951671954,1.3120936913206087,-0.11084693403828223,-0.14554386699436517,1.2806880908296598,0.5111150607368015,-0.13342110368589694,0.5023952110713681,0.4742010348285271,-0.42359842863303937,1.0726645300719913,0.3367783741050998,-0.4772982723665553,1.3831490388769188,0.14143112025513555,-0.4720429505733465,1.6113083662576233,0.35067662142759914,-0.07175417806928522,1.2587983245091723,0.21603445412702119,-0.3863021417564114,1.6526732989494375,0.038467275953253374,-0.011735831072788368,1.3805461198288873,0.18421653978871982,-0.03272357146372859,1.3061262645468807,0.44399648391647845,-0.190300179238351,0.5762204369961821,0.43422035468335185,-0.04400549814203717,0.9326847017995569,0.38993629971087373,-0.13303384846014693,0.5003690607105659,0.32028726769598903,-0.13893151687865227,1.1919909478812818,0.30874954608102506,-0.07713162721387598,0.9045386428864586,0.4488460790637313,-0.6200458675820306,1.0595858562861058,0.26874229075103406,-0.33967268091953357,1.5112349537034697,0.4751283504710292,-0.11541743759090536,0.9730947992659562,0.4742316414188865,-0.06136049858189577,0.788820999347611,0.4317542813866344,-0.02684207715784873,0.387766860573497,0.3496521365958334,-0.1952686385800507,1.4033075373693806,0.09792679824576472,-0.08341461553281507,1.345991717269089,0.07224092168721143,-0.028864320515599475,1.280106021868472,0.1974706615241158,-0.3288696506954976,1.1924711750043149,0.3315386703077531,-0.6157395800217887,1.1778170865103108,1.1089376211166382,-19.269704818725586,3.9246110916137695,-0.5771544575691223,-0.5943451523780823,-2.517019748687744,172.92723083496094,-32.29386901855469,-822.6616821289062,-163.96676635742188,93.356689453125,8.559402465820312,-1.8568756580352783,24.73866081237793,-2.2174603939056396,-3.7681143283843994,0.22899122536182404,2.665884017944336
0.14650132257910753,-0.45542596285508957,1.468914493425003,0.14025693742052608,-0.31071231030667856,1.389553189277649,0.023912864697122612,-0.5262472629547119,0.0684419491063088,0.23072264397775888,-0.5315378058627741,0.954622820513138,0.018945617255884284,-0.3491266243998578,1.6082136336936066,-0.1838747619447724,-0.3589403239504391,1.1387602130308847,0.09790698586907608,-0.26988246711279384,1.6538550466891155,-0.09108478182445694,-0.15549659766010102,1.3726004131187666,-0.1432523678815523,-0.2638641975277307,1.2561589041293062,0.08929545606258295,-0.5871317960963344,0.08084328591034112,0.11019680803234609,-0.41058469139384907,0.5214836335932183,0.13466822553352015,-0.49650077605681703,0.047061499485758364,-0.09569602106876722,-0.35351074176118863,1.0935132505483185,0.22845188474023578,-0.36153078587442045,0.4736437616956155,0.3733372301455365,-0.6687259402693502,1.0274913532054977,0.004315670888056813,-0.4432286707968112,1.419911307609634,0.13963014018160616,-0.45044938287395514,0.5895017165419282,0.06421196791312553,-0.42329217602085595,0.40703053762581176,0.07288173244439608,-0.34735255288761974,0.07870950541206148,-0.11428097637974664,-0.41468048189452156,1.2794176638126373,-0.046158933068397426,-0.19535077010460247,1.3117712086794393,-0.11064713781341812,-0.1455263127356965,1.2801539653184397,0.5103420782957646,-0.13274716395909425,0.5043668617673267,0.4748048418207674,-0.42373779159508,1.0724187704506298,0.3371653909616123,-0.47697546244259703,1.382768676770444,0.1417411116032016,-0.4717199621315034,1.610779992989357,0.35074833602897376,-0.0709991738668933,1.2587909854405763,0.21635166553176002,-0.3859166224665989,1.6521122370729384,0.0383271716461079,-0.011503936650404181,1.380223121469384,0.18417484098613657,-0.03230955997568291,1.3060080063658834,0.44339798287247983,-0.18981488332744467,0.5781608272269861,0.43438783421224314,-0.044134275241452726,0.9348470492670867,0.3890893216066013,-0.13252540968901275,0.5025192788795919,0.3206501251320965,-0.1381388032525186,1.1918090579920257,0.30872636850898627,-0.07736433519432875,0.9068783974608048,0.4493753746744023,-0.6201212219647224,1.0592836453425174,0.2689367562335058,-0.33932764551892186,1.5108144845788842,0.47547134283362635,-0.11567674721560335,0.9746737304507501,0.4739154069036838,-0.06122576716719874,0.7909621230221742,0.4306089998969179,-0.026100405390121505,0.39003025908146466,0.34972358342038085,-0.1947106214252529,1.4031250127498678,0.09809640263336777,-0.0830832144356524,1.3457818199072453,0.07231325118352246,-0.028727868386846506,1.279846218840176,0.19796616270743458,-0.3286853607324575,1.1918567957862323,0.33203098296329675,-0.6156623412836466,1.177550698155599,1.0284759998321533,-19.155517578125,4.242313385009766,-0.636561393737793,-0.582209587097168,-2.435387134552002,173.67308044433594,-31.383649826049805,-823.3099975585938,-163.943359375,93.33821868896484,8.8043212890625,-1.8394275903701782,24.692045211791992,-2.6754465103149414,-3.757154941558838,0.25808605551719666,2.650268316268921
0.14688111442011711,-0.45518090738760714,1.4683848903668637,0.14066910546347003,-0.31052257554815305,1.388978123664856,0.02396970342795383,-0.5262233018875122,0.0684726368265831,0.2313321635423117,-0.531531359383602,0.9543137862192874,0.01922970615475382,-0.3489006703460453,1.607565058382931,-0.18333887604885546,-0.35877896361793116,1.1379652133840599,0.09811354097941064,-0.2696068553340356,1.6532357086409006,-0.09098661930257122,-0.15559503539705907,1.3719737360019557,-0.1428736669831718,-0.26362773075403756,1.255458875997177,0.08938432077797043,-0.5870718537576941,0.0808758455889904,0.110310447063075,-0.41047338549269746,0.5214281542016971,0.13470651761980246,-0.49642618533396565,0.047048468919877975,-0.09520175959298155,-0.3534149768336719,1.092832542018385,0.22852226045747467,-0.36122455827842487,0.47355194399688416,0.3738740135897074,-0.6687434151867367,1.0271606587416289,0.004574883195713451,-0.44290045574800857,1.419371866232512,0.1398557520761395,-0.4503522790623027,0.5893602708712319,0.0643248903929003,-0.4232292980547772,0.4070324418165826,0.0728447073392126,-0.3473517991454396,0.07870630448721103,-0.1139068574404085,-0.4143883373761019,1.2788006663322449,-0.04601596627655803,-0.19544954504200954,1.3114487260382697,-0.11044734158855402,-0.14550875847702785,1.2796198398072198,0.5095690958547276,-0.13207322423229156,0.5063385124632854,0.47540864881300765,-0.4238771545571207,1.0721730108292686,0.3375524078181248,-0.4766526525186387,1.382388314663969,0.1420511029512677,-0.4713969736896603,1.6102516197210905,0.3508200506303484,-0.07024416966450138,1.2587836463719804,0.21666887693649886,-0.3855311031767864,1.6515511751964393,0.03818706733896243,-0.011272042228019995,1.3799001231098806,0.1841331421835533,-0.03189554848763723,1.3058897481848861,0.44279948182848117,-0.18932958741653835,0.5801012174577902,0.4345553137411345,-0.04426305234086829,0.9370093967346166,0.3882423435023289,-0.1320169709178786,0.504669497048618,0.321012982568204,-0.13734608962638492,1.1916271681027697,0.3087031909369475,-0.07759704317478154,0.909218152035151,0.4499046702850733,-0.6201965763474142,1.058981434398929,0.26913122171597764,-0.3389826101183102,1.5103940154542985,0.47581433519622346,-0.11593605684030134,0.976252661635544,0.473599172388481,-0.061091035752501716,0.7931032466967374,0.4294637184072015,-0.025358733622394276,0.39229365758943235,0.3497950302449283,-0.19415260427045508,1.4029424881303547,0.09826600702097084,-0.08275181333848973,1.3455719225454015,0.07238558067983349,-0.02859141625809354,1.2795864158118797,0.19846166389075334,-0.32850107076941737,1.1912424165681499,0.33252329561884036,-0.6155851025455046,1.177284309800887,0.9378750324249268,-19.11985206604004,4.474653720855713,-0.693049967288971,-0.562222421169281,-2.3855555057525635,174.46807861328125,-30.44968605041504,-823.9756469726562,-163.8788604736328,93.31420135498047,9.058956146240234,-1.8885855674743652,24.588621139526367,-2.654592990875244,-3.7005865573883057,0.25631827116012573,2.6375339031219482
0.14724828470621676,-0.45493133346371306,1.4678623196699763,0.14102252809614535,-0.3103091969395316,1.3883882484688663,0.024029322378707443,-0.5262099989005272,0.06850008905822078,0.23191674396593048,-0.5315275746860252,0.9539710469790642,0.019523154762234304,-0.3486847061885903,1.6069646142176446,-0.18279561000746608,-0.358646159929945,1.1371463124720467,0.09834730130503114,-0.269340231175849,1.6526361970317285,-0.0908369915621565,-0.15568269182317304,1.3713919696034185,-0.14251882901156188,-0.26346117682409603,1.2547767902446898,0.08947438493815084,-0.5870098740059808,0.08090966769697651,0.11042947537999674,-0.41034412078115323,0.5213777792966918,0.13474094026432132,-0.49636089989286386,0.04703024692142641,-0.09463337763206456,-0.35334978405608247,1.0921444067891861,0.2285774185612107,-0.3609288354089718,0.47346490764657395,0.3744259790474216,-0.6687137228961022,1.0268218146254684,0.004891846938805012,-0.4425581321613678,1.418801250244608,0.14006706374074449,-0.4502251946077442,0.5892354859816318,0.06443395575397456,-0.4231574817603787,0.407055974352044,0.07280052664214808,-0.34734905728243837,0.07870056364216552,-0.11353130628731078,-0.41411980384627717,1.278153983962457,-0.045824419232147036,-0.19548603921931312,1.3110316460890485,-0.11012430651890523,-0.14551178373347054,1.2790476606776382,0.508742078151924,-0.1314343148657423,0.5082774878732416,0.4759954828398906,-0.42403277848532656,1.0719605946777673,0.3379509864461343,-0.4763182041463473,1.3819859791670415,0.14237702391202875,-0.4711187097509176,1.6097329515495047,0.35094356591140985,-0.06949093039856843,1.2587607966748295,0.21698344846730988,-0.3851584272570168,1.6510096111439712,0.03808213784575265,-0.011040348397715902,1.3795744081996135,0.18414216784649337,-0.03145408737689061,1.3057660349946938,0.4421946713762568,-0.18890383106884578,0.5820439627628452,0.4346583244816357,-0.0444254618175081,0.9391166902338431,0.38740587012459904,-0.13152923215402673,0.5067955017681942,0.3213970356725699,-0.13656761324563566,1.1914442923684783,0.30867281121923434,-0.07783160509159233,0.9115593744232164,0.45039242348134123,-0.6202707696237312,1.0586852042485546,0.2693734842519097,-0.338619813076313,1.5099364347410518,0.47617034071328623,-0.1161688978950314,0.9778274522711898,0.47331543789794117,-0.06091782762761543,0.7951976741781297,0.4283301739503217,-0.024681055862826644,0.3945663011330642,0.3499163334436764,-0.19359552914535766,1.4027832951766765,0.09845212294368554,-0.08238811760104651,1.3453701310205144,0.07246943634768195,-0.028421609705647104,1.2793546107825855,0.1989241228346398,-0.32832686381032133,1.1906961701958385,0.33302554887848973,-0.6155007985846096,1.176983438777608,0.9677207469940186,-19.20557403564453,4.5448808670043945,-0.6541628837585449,-0.48744168877601624,-2.4079627990722656,175.22952270507812,-29.530284881591797,-824.58544921875,-163.77151489257812,93.32257843017578,9.291553497314453,-1.8627222776412964,24.55158233642578,-2.0266990661621094,-3.7006654739379883,0.27620401978492737,2.6224007606506348
0.1476052212991462,-0.45467809592651215,1.467345450887617,0.1413283193150893,-0.310076647641643,1.3877863655027174,0.02409119556183057,-0.5262053376002027,0.06852491792069365,0.23248110346446763,-0.5315259481897417,0.9536009794039442,0.019824192322642598,-0.3484768419471008,1.606403195305376,-0.18224636006434233,-0.35853651027805755,1.1363080321558263,0.09860311991331593,-0.26908089427758525,1.6520527609136721,-0.09064563526617771,-0.15576160664589989,1.3708466173007787,-0.14218333935895502,-0.2633513089836828,1.254109252367588,0.08956542162113632,-0.586946242297722,0.08094451339631681,0.11055287338842619,-0.4102002948719934,0.5213315431645374,0.13477222552362655,-0.4963031592748023,0.04700781565332255,-0.09400489798050053,-0.35330937950816377,1.0914502499119336,0.22862023805940387,-0.3606416298853641,0.47338174806525374,0.3749902542458465,-0.6686457869232885,1.0264763626831257,0.005255636170087073,-0.4422043692197231,1.418205357545259,0.1402667806243265,-0.4500738015238023,0.5891242098334609,0.06453989372150787,-0.4230784181727479,0.40709704338320046,0.07275054411382864,-0.3473447034295821,0.07869276340236726,-0.11315459387981339,-0.413870414361259,1.2774832327634293,-0.045593482793759035,-0.19547203548301925,1.3105378656197857,-0.10970134806159317,-0.1455314950832468,1.2784446272628986,0.5078712480747147,-0.13082380849399314,0.5101899698080606,0.4765685550029704,-0.4242015869806934,1.071775213772098,0.33835893948346574,-0.4759743191943263,1.3815658274075844,0.14271586077497495,-0.4708767089227967,1.6092221523752275,0.35110908174356875,-0.06873912216219681,1.2587253707923636,0.21729587955980112,-0.3847961648805252,1.6504838561380146,0.03800572847195019,-0.010808817209638902,1.3792464906806188,0.18419232145445236,-0.03099036981530537,1.3056378988240729,0.4415847451876331,-0.18852635004267787,0.5839886175875633,0.4347090632315503,-0.04461514078919461,0.9411793453803915,0.3865779140927144,-0.1310582771798633,0.5089018739611897,0.3217982744539021,-0.13580068057736025,1.1912606173003746,0.3086365919239474,-0.07806767020004475,0.9139017869305137,0.4508464936389039,-0.6203440214624468,1.0583938233899755,0.2696545011555122,-0.3382426147034626,1.509448763550512,0.4765368974366725,-0.11638027794708479,0.9793988857048237,0.47305805477874957,-0.06071342217014326,0.7972542398812755,0.4272061460065526,-0.024055265136901906,0.3968464406515589,0.35007806072961417,-0.19303921782812536,1.4026430197898916,0.09865162659757185,-0.08199823702013256,1.3451749117958625,0.07256263756002022,-0.028224759025881622,1.2791455068335629,0.1993597907735812,-0.32816083225982867,1.1902051666714497,0.333535862087414,-0.615410766064726,1.1766546088338687,1.1129379272460938,-19.361774444580078,4.562654972076416,-0.6039690375328064,-0.43636354804039,-2.459078550338745,176.13885498046875,-28.249832153320312,-824.9374389648438,-163.65953063964844,93.32369232177734,9.607062339782715,-1.8294326066970825,24.633691787719727,-1.7210832834243774,-3.7369251251220703,0.3061537742614746,2.634758949279785
0.1479621578920756,-0.4544248583893113,1.4668285821052576,0.14163411053403324,-0.3098440983437544,1.3871844825365685,0.024153068744953696,-0.5262006762998783,0.06854974678316653,0.23304546296300477,-0.5315243216934583,0.9532309118288242,0.020125229883050877,-0.3482689777056113,1.6058417763931072,-0.18169711012121859,-0.3584268606261702,1.1354697518396062,0.09885893852160071,-0.26882155737932156,1.6514693247956156,-0.09045427897019892,-0.15584052146862673,1.3703012649981392,-0.1418478497063482,-0.2632414411432696,1.2534417144904864,0.08965645830412179,-0.5868826105894632,0.08097935909565711,0.11067627139685564,-0.4100564689628336,0.5212853070323831,0.13480351078293182,-0.49624541865674077,0.04698538438521868,-0.09337641832893653,-0.35326897496024506,1.0907560930346811,0.22866305755759705,-0.3603544243617563,0.4732985884839336,0.37555452944427137,-0.6685778509504747,1.0261309107407828,0.005619425401369119,-0.44185060627807843,1.4176094648459099,0.1404664975079085,-0.4499224084398604,0.5890129336852901,0.06464583168904119,-0.42299935458511706,0.4071381124143569,0.07270056158550922,-0.3473403495767259,0.07868496316256902,-0.11277788147231602,-0.41362102487624086,1.2768124815644017,-0.04536254635537105,-0.19545803174672538,1.3100440851505228,-0.10927838960428111,-0.14555120643302305,1.277841593848159,0.5070004179975055,-0.130213302122244,0.5121024517428796,0.47714162716605013,-0.4243703954760602,1.0715898328664286,0.33876689252079717,-0.4756304342423054,1.381145675648127,0.14305469763792114,-0.47063470809467584,1.6087113532009503,0.35127459757572765,-0.06798731392582522,1.2586899449098978,0.21760831065229233,-0.3844339025040336,1.649958101132058,0.03792931909814773,-0.010577286021561912,1.378918573161624,0.18424247506241134,-0.030526652253720147,1.305509762653452,0.4409748189990094,-0.18814886901650998,0.5859332724122811,0.4347598019814649,-0.04480481976088112,0.9432420005269397,0.38574995806082985,-0.13058732220569982,0.5110082461541852,0.32219951323523427,-0.13503374790908484,1.191076942232271,0.3086003726286604,-0.07830373530849716,0.9162441994378109,0.45130056379646655,-0.6204172733011625,1.0581024425313963,0.26993551805911475,-0.3378654163306123,1.5089610923599723,0.47690345416005875,-0.11659165799913816,0.9809703191384574,0.472800671659558,-0.06050901671267109,0.7993108055844212,0.42608211806278357,-0.023429474410977195,0.3991265801700535,0.3502397880155519,-0.1924829065108931,1.4025027444031064,0.09885113025145814,-0.08160835643921861,1.3449796925712105,0.07265583877235848,-0.02802790834611615,1.2789364028845402,0.19979545871252255,-0.327994800709336,1.1897141631470611,0.3340461752963382,-0.6153207335448423,1.1763257788901298,1.1728154420852661,-19.420682907104492,4.638690948486328,-0.6127161383628845,-0.44735482335090637,-2.486922264099121,176.9798126220703,-27.021434783935547,-825.1207885742188,-163.6061553955078,93.33531951904297,9.910829544067383,-1.8931052684783936,24.697132110595703,-1.94272780418396,-3.7515146732330322,0.28517457842826843,2.665585517883301
0.1483405985382219,-0.4541783347627185,1.466312711996748,0.14191878577139203,-0.30958067157015895,1.3866320773465743,0.02421070265256806,-0.5261886986280908,0.06857248874294837,0.23359354787709696,-0.5314880672669569,0.9528756181135872,0.02041548115528182,-0.3480283580473717,1.6052594721712024,-0.18114171887667765,-0.35835797749213033,1.1346119322524166,0.09909973767222158,-0.26854122661991625,1.6508742519561819,-0.09027152673791576,-0.1558984804232389,1.3697825946555233,-0.14159842240099876,-0.26318423163811894,1.2527528788080278,0.08975961204889595,-0.5868167861407956,0.08100431439596296,0.11079852418690328,-0.4099086809237272,0.5212406883176589,0.13482984609359147,-0.4961920960849484,0.046965113292071994,-0.0927366628897506,-0.3531907076472478,1.0900532520369979,0.22869754844153953,-0.3600954313743983,0.47320690218186534,0.3761271305431593,-0.6685158961656078,1.025768264239987,0.005935014287219533,-0.4415079698657358,1.4170232332305404,0.14064476732781392,-0.44977643750361257,0.588911427172604,0.06474797442456744,-0.4229312221340786,0.40717354762238384,0.07265168085496947,-0.347331811063337,0.07868088352561786,-0.11239481201728449,-0.41339363878136437,1.276105908368597,-0.04518825955540929,-0.19548118790451263,1.3095382120435601,-0.10905938178596908,-0.14561990164960456,1.2772183698534176,0.5061754617864722,-0.12962697831210712,0.5140324321803668,0.47766152537421674,-0.4245543686167294,1.0713971355892964,0.3391854836056564,-0.4752638837359599,1.3807279771526917,0.14338097780548184,-0.4703434520209862,1.6082281478193423,0.3514233422003045,-0.06724331189958466,1.2586521960252168,0.2179121363241941,-0.38409967898138314,1.6494420289203822,0.03788487542889371,-0.010337274586350125,1.3785447166455502,0.1843378349447882,-0.030036964083694866,1.3053663424308726,0.44035687085413777,-0.18777095649810818,0.587870730272192,0.43486197786220654,-0.045003328719083836,0.9452826305730453,0.38497634291254135,-0.13017391852590424,0.5131157689931376,0.3225791014188173,-0.13426117870389231,1.1909113518449645,0.3085601912034268,-0.07855673852247118,0.9185475768237713,0.45180676581449064,-0.6204338286886152,1.0577755653305558,0.27019989944451694,-0.3375233343697542,1.5084832776461217,0.47730533897087274,-0.11680074218685263,0.9825463008801668,0.47255854002687314,-0.060335004998259986,0.8013958443474296,0.4249570371694123,-0.022810104506596044,0.40138005943882543,0.35038294756649346,-0.1918841325585416,1.40234772772189,0.09903244474372326,-0.08126238901291462,1.3447916594562153,0.07277781427498685,-0.0277505609583085,1.2787138385488497,0.20027951891256482,-0.32782456278800964,1.1891689055802805,0.3345528466022567,-0.6152247849679151,1.1759906963796805,1.0301448106765747,-19.268972396850586,4.566169261932373,-0.6113547682762146,-0.48793160915374756,-2.4636857509613037,177.65919494628906,-26.004907608032227,-825.1259155273438,-163.46292114257812,93.3045425415039,10.169791221618652,-1.9924957752227783,24.62999725341797,-2.2946560382843018,-3.740565061569214,0.21457934379577637,2.672466278076172
0.14873682890112036,-0.45393736537126517,1.4657976680638773,0.14218599233307586,-0.3092917007030241,1.3861206037713991,0.024264829523170623,-0.5261706683217295,0.06859350426504944,0.23412816927133015,-0.5314231660981842,0.952532546409708,0.02069680922547515,-0.34776064072618423,1.6046598901022349,-0.1805812471009643,-0.3583228193864917,1.1337379483592431,0.09932811163513865,-0.26824352821174835,1.6502695523745177,-0.09009589241287172,-0.15593910315968343,1.3692859975707452,-0.14142019212838042,-0.2631705849375946,1.252046424032047,0.08987278990842254,-0.5867491476977897,0.08102108763888577,0.11091982956901686,-0.4097576151225741,0.5211974076482634,0.13485208644673524,-0.4961424284423424,0.04694662925275351,-0.09208757929898652,-0.353081117501322,1.0893432269033216,0.2287251492900564,-0.3598597778488469,0.4731081619562692,0.3767066194324304,-0.6684588894544058,1.0253913931499254,0.006210728341849231,-0.4411745381276339,1.4164449939664625,0.14080529457685964,-0.4496349521622753,0.5888180028129097,0.06484697746816061,-0.422872132714221,0.40720432212218544,0.0726037116116838,-0.34731981069441664,0.07867988184193112,-0.11200648355020199,-0.41318445549105964,1.2753697006118219,-0.045060837456327406,-0.1955350854292216,1.3090223350272274,-0.10900909676901158,-0.14572911988327045,1.276578442742493,0.505388455773821,-0.1290606600756677,0.5159768886518794,0.47813743421968247,-0.42475088705487596,1.0711983856775902,0.3396128752571068,-0.4748785826346732,1.3803123081756743,0.14369687016140545,-0.47001144842596243,1.6077677700298512,0.3515582124622452,-0.06650576773808889,1.2586125253841578,0.2182088429663355,-0.38378865123781936,1.648933967020338,0.03786687611522067,-0.010090247673963184,1.3781328560500745,0.18447059274509253,-0.029525791137596444,1.305210278128946,0.43973228636364275,-0.18739268701794923,0.5898022342793988,0.43500670627845045,-0.0452091424843136,0.9473050398542391,0.3842476824952277,-0.12980812546235837,0.5152242437301092,0.32294077865335324,-0.13348394654543197,1.190760722420863,0.3085167320161466,-0.0788237541691949,0.9208186615184443,0.4523560950988965,-0.6204034806482049,1.057419322973845,0.2704505187194079,-0.33721030325881696,1.5080136169266227,0.4777364497449224,-0.117007927068614,0.9841260453131024,0.47232902553302564,-0.06018613719856305,0.8035044380963243,0.42383108519955187,-0.022196046372764566,0.40361148341009945,0.3505107465366654,-0.19125023042622782,1.402180515969826,0.09919871183864723,-0.08095274974178795,1.3446095712137538,0.07292359396321883,-0.027406620839302318,1.2784801388023705,0.20080361271042696,-0.32765084505081177,1.1885787651238853,0.33505650506114326,-0.6151239421983429,1.1756504412913165,0.9026190638542175,-19.130992889404297,4.254477024078369,-0.5444286465644836,-0.5017940998077393,-2.4327712059020996,178.55078125,-24.856637954711914,-825.31640625,-163.22824096679688,93.22067260742188,10.477642059326172,-2.0154716968536377,24.54052734375,-2.3417766094207764,-3.738210916519165,0.19643358886241913,2.656217575073242
0.14913305926401882,-0.4536963959798118,1.4652826241310069,0.14245319889475966,-0.3090027298358892,1.385609130196224,0.02431895639377319,-0.5261526380153682,0.0686145197871505,0.23466279066556336,-0.5313582649294114,0.9521894747058287,0.02097813729566848,-0.34749292340499677,1.6040603080332674,-0.18002077532525096,-0.3582876612808531,1.1328639644660696,0.09955648559805573,-0.2679458298035805,1.6496648527928535,-0.08992025808782768,-0.15597972589612796,1.368789400485967,-0.14124196185576204,-0.26315693823707026,1.2513399692560663,0.08998596776794913,-0.586681509254784,0.08103786088180857,0.11104113495113044,-0.40960654932142093,0.5211541269788679,0.134874326799879,-0.49609276079973635,0.04692814521343503,-0.09143849570822243,-0.3529715273553962,1.0886332017696456,0.2287527501385733,-0.35962412432329544,0.47300942173067306,0.37728610832170145,-0.6684018827432039,1.0250145220598639,0.006486442396478929,-0.44084110638953206,1.4158667547023849,0.14096582182590534,-0.44949346682093794,0.5887245784532156,0.06494598051175376,-0.4228130432943635,0.40723509662198704,0.07255574236839812,-0.34730781032549624,0.07867888015824438,-0.11161815508311948,-0.4129752722007549,1.2746334928550467,-0.044933415357245515,-0.19558898295393054,1.3085064580108945,-0.10895881175205407,-0.14583833811693633,1.2759385156315683,0.5046014497611696,-0.12849434183922825,0.517921345123392,0.47861334306514813,-0.42494740549302257,1.0709996357658842,0.3400402669085572,-0.47449328153338655,1.379896639198657,0.14401276251732908,-0.4696794448309387,1.60730739224036,0.351693082724186,-0.06576822357659311,1.2585728547430985,0.2185055496084769,-0.3834776234942556,1.6484259051202939,0.03784887680154762,-0.009843220761576243,1.3777209954545988,0.18460335054539687,-0.02901461819149802,1.3050542138270196,0.43910770187314774,-0.18701441753779027,0.5917337382866057,0.43515143469469436,-0.045414956249543365,0.9493274491354329,0.3835190220779141,-0.1294423323988125,0.5173327184670807,0.3233024558878892,-0.1327067143869716,1.1906100929967616,0.30847327282886633,-0.07909076981591862,0.9230897462131171,0.4529054243833024,-0.6203731326077948,1.0570630806171342,0.27070113799429885,-0.3368972721478797,1.5075439562071238,0.47816756051897213,-0.11721511195037539,0.9857057897460382,0.47209951103917813,-0.06003726939886612,0.805613031845219,0.4227051332296915,-0.02158198823893309,0.40584290738137346,0.3506385455068374,-0.19061632829391406,1.4020133042177618,0.09936497893357119,-0.08064311047066128,1.3444274829712926,0.07306937365145083,-0.027062680720296137,1.2782464390558912,0.2013277065082891,-0.3274771273136139,1.1879886246674898,0.3355601635200298,-0.6150230994287705,1.1753101862029525,0.9197018146514893,-19.14715003967285,4.122870922088623,-0.5087447166442871,-0.4967879056930542,-2.4461796283721924,179.37042236328125,-23.73309326171875,-825.3216552734375,-162.98190307617188,93.13792419433594,10.744566917419434,-2.0093166828155518,24.514480590820312,-2.1738333702087402,-3.774439573287964,0.2338874340057373,2.647024631500244
0.14946279852398184,-0.45348156480402346,1.4648510503847867,0.1426877999147832,-0.30877514074969764,1.3851732315606629,0.024363151347474347,-0.5261197530275938,0.06862893890564804,0.2351442589763774,-0.5313020657427263,0.9519155240611525,0.02117342539193318,-0.34731175799835595,1.603574120643123,-0.17957054927254357,-0.35827401073168447,1.1321446370604813,0.09974866808200908,-0.26770818475263797,1.6491755701058748,-0.08979527865666033,-0.15600083102256257,1.368387051568126,-0.1411111487803475,-0.2631729309823339,1.2507520292373682,0.09010286064238737,-0.586618969377303,0.08104506221334666,0.11113721910642077,-0.40948005666993315,0.5211264109177305,0.13489769389297787,-0.49604966535868233,0.04691338829005396,-0.090926979267538,-0.35293273089934657,1.0880585790469948,0.22877289944433218,-0.35940980625073643,0.47292097544433265,0.37774952955001234,-0.6683409929472879,1.024704534683796,0.006695434588334511,-0.44056499586594816,1.4154083855104762,0.14109643802836241,-0.44937939433664675,0.58864740711569,0.06503077829565039,-0.42276600111794,0.4072550716285674,0.07251865194728042,-0.347301118273214,0.07867707039494783,-0.11128097630741186,-0.41279074273362065,1.2740447777786001,-0.04483793391568574,-0.1956398283310284,1.3081061269668555,-0.10884288808219876,-0.1459211976273565,1.2754293656507076,0.5039750808319509,-0.12807699260826144,0.5195143447806503,0.47900332924940725,-0.42513840048518403,1.0708339512348175,0.3403772074260459,-0.4741828454448687,1.3795555770791919,0.14427235014489945,-0.469416212709929,1.606916651820505,0.3518173740004861,-0.06515094747655836,1.2585399176506018,0.21873688650940426,-0.3832140102587788,1.6480113814603414,0.03782444377583976,-0.009638360041557565,1.3774076641000659,0.18472254712948735,-0.02859064221184776,1.304910992747111,0.4386171268311558,-0.18673174616122087,0.5933212827373024,0.43526498549031895,-0.04560758124124135,0.9509842460913374,0.38289289230739837,-0.12915368202999727,0.5190572303454607,0.32358426097410403,-0.13207718734907,1.1904855802753904,0.3084470777716858,-0.07930324210581795,0.9249111567901459,0.4533407835178817,-0.6203619525922055,1.0567785623847255,0.27091131295194687,-0.33661978578330665,1.5071624554940406,0.47851886906173846,-0.1174270538798231,0.9869771247470616,0.47194010719952995,-0.059962972825923506,0.8073331988015712,0.421804136639794,-0.021083746669776998,0.4076400712527186,0.3507355110633452,-0.19011002744467845,1.4018726609400567,0.09949908015743786,-0.0803726153287864,1.344270887556455,0.07319427100287762,-0.02677191990359829,1.2780551628166477,0.20172702797398662,-0.32731021842024977,1.1875099427257942,0.33596399120542386,-0.6149193201436113,1.175043505351275,0.9833735823631287,-19.250356674194336,4.347509384155273,-0.5835992693901062,-0.5047614574432373,-2.486177682876587,180.22755432128906,-22.347084045410156,-825.3720703125,-162.71636962890625,93.093505859375,11.05721378326416,-2.0111870765686035,24.503740310668945,-2.034928798675537,-3.8067612648010254,0.281017541885376,2.6512553691864014
0.14973641685302683,-0.45328879524145693,1.4644899285392257,0.1428948806611118,-0.3085993601391647,1.3848011209475284,0.024398963398836702,-0.5260743301435812,0.06863779041743437,0.23558086413421378,-0.5312532113482621,0.9516999141269962,0.021296092592771876,-0.3472036455838096,1.6031836425231782,-0.17921337465576778,-0.35827851334944466,1.1315558454058818,0.0999103036295894,-0.2675212269389866,1.648783703513493,-0.0897130538148201,-0.15600546256990622,1.368064251561828,-0.14102035755945358,-0.2632139405075288,1.2502641200229823,0.09022288912574188,-0.5865607328762282,0.08104418450041323,0.11121201562072268,-0.40937430465852975,0.5211118319571413,0.1349220119959471,-0.4960121170969199,0.04690177718929897,-0.09053157454985657,-0.35295368691548606,1.0875982409281446,0.22878675937455223,-0.3592134960834554,0.4728412176204833,0.37811498541310923,-0.6682768256853748,1.0244509996167872,0.006848111079500014,-0.4403372665509483,1.4150511910583798,0.14120180820984557,-0.449288459309679,0.5885839539253159,0.06510358631906919,-0.4227291272570755,0.4072659314665573,0.07249074365129533,-0.347298906634975,0.0786745785828063,-0.11098696974827754,-0.4126270219979697,1.2735805519369265,-0.044769411561208845,-0.19568809758353706,1.307803320963651,-0.10867156298053975,-0.1459818094080647,1.2750305963667812,0.503484295496088,-0.127785378684666,0.5208107019891802,0.47932079355448287,-0.42532473348623867,1.0706961750984192,0.34063780386716325,-0.4739355981744678,1.3792774858853676,0.14448441451551108,-0.46921102623671096,1.6065846878961223,0.35193273622468607,-0.06463518203390355,1.258512663920194,0.21891304894985741,-0.3829904166081094,1.6476758075076223,0.03779458046107497,-0.009469089135280903,1.377177495040641,0.18483029754943406,-0.028240263671768424,1.3047786118178968,0.43823966068147824,-0.18652976309226837,0.5946185126999356,0.43535222123000794,-0.04578907442408682,0.9523324528277315,0.3823533021653725,-0.12893014292645927,0.5204576634808092,0.32379865103604777,-0.1315723288532914,1.1903831110095346,0.30843545427385544,-0.07946967780096642,0.9263530259100806,0.45367994766361663,-0.620366951092979,1.0565545819453057,0.27108735142164675,-0.33637230048905936,1.5068553650616021,0.47880282159277937,-0.11764301093208869,0.9879881508697738,0.4718398793248941,-0.05995161710492033,0.808725519290823,0.4210930106458285,-0.020683258531356094,0.40907070366357334,0.35080645208721917,-0.1897114267609767,1.4017544424297004,0.09960603220573325,-0.08013515926848185,1.3441358090236486,0.07330154289571655,-0.026526044369582703,1.277899693574337,0.20202103701253601,-0.32714905644094705,1.187125335860726,0.3362835580544756,-0.6148130623315344,1.1748389238553332,0.9987223744392395,-19.332599639892578,4.48674201965332,-0.6643159985542297,-0.5434038639068604,-2.5126214027404785,180.79542541503906,-21.175424575805664,-825.1697387695312,-162.48280334472656,93.02088165283203,11.335311889648438,-2.00878643989563,24.435449600219727,-2.112192392349243,-3.785463333129883,0.31568455696105957,2.6690924167633057
0.15001003518207184,-0.45309602567889046,1.4641288066936644,0.1431019614074404,-0.30842357952863175,1.384429010334394,0.024434775450199054,-0.5260289072595685,0.06864664192922068,0.23601746929205017,-0.5312043569537978,0.9514843041928399,0.021418759793610565,-0.3470955331692632,1.6027931644032334,-0.17885620003899202,-0.35828301596720485,1.1309670537512824,0.10007193917716971,-0.26733426912533526,1.6483918369211108,-0.08963082897297989,-0.15601009411724986,1.36774145155553,-0.14092956633855966,-0.26325495003272364,1.2497762108085961,0.09034291760909637,-0.5865024963751534,0.0810433067874798,0.11128681213502457,-0.4092685526471264,0.5210972529965521,0.13494633009891635,-0.49597456883515745,0.04689016608854398,-0.09013616983217515,-0.35297464293162556,1.0871379028092947,0.22880061930477225,-0.3590171859161743,0.4727614597966339,0.37848044127620606,-0.6682126584234617,1.0241974645497782,0.007000787570665509,-0.4401095372359484,1.4146939966062837,0.1413071783913287,-0.44919752428271126,0.5885205007349419,0.06517639434248801,-0.4226922533962111,0.40727679130454725,0.07246283535531026,-0.34729669499673593,0.07867208677066477,-0.11069296318914322,-0.41246330126231867,1.2731163260952527,-0.04470088920673195,-0.19573636683604576,1.3075005149604468,-0.10850023787888076,-0.14604242118877292,1.274631827082855,0.5029935101602251,-0.12749376476107055,0.52210705919771,0.47963825785955844,-0.42551106648729337,1.0705583989620209,0.3408984003082806,-0.47368835090406686,1.378999394691543,0.14469647888612272,-0.4690058397634929,1.6062527239717395,0.35204809844888596,-0.06411941659124877,1.2584854101897864,0.21908921139031057,-0.3827668229574399,1.6473402335549032,0.03776471714631019,-0.00929981822900425,1.376947325981216,0.18493804796938074,-0.0278898851316891,1.3046462308886826,0.43786219453180075,-0.18632778002331588,0.5959157426625687,0.43543945696969694,-0.04597056760693228,0.9536806595641256,0.38181371202334663,-0.1287066038229213,0.5218580966161577,0.3240130410979915,-0.1310674703575128,1.1902806417436789,0.30842383077602514,-0.07963611349611488,0.9277948950300153,0.45401911180935156,-0.6203719495937524,1.0563306015058858,0.2712633898913466,-0.336124815194812,1.5065482746291634,0.4790867741238202,-0.11785896798435426,0.9889991769924859,0.4717396514502582,-0.05994026138391716,0.8101178397800749,0.42038188465186305,-0.020282770392935207,0.41050133607442807,0.35087739311109317,-0.18931282607727493,1.4016362239193443,0.09971298425402862,-0.0798977032081773,1.3440007304908423,0.07340881478855546,-0.02628016883556713,1.2777442243320263,0.20231504605108538,-0.3269878944616444,1.186740728995658,0.33660312490352734,-0.6147068045194576,1.1746343423593912,1.0164737701416016,-19.359878540039062,4.400836944580078,-0.6417303681373596,-0.5587418675422668,-2.5121493339538574,181.28746032714844,-20.03424644470215,-824.7373657226562,-162.28176879882812,92.89885711669922,11.595060348510742,-2.018880844116211,24.410198211669922,-2.253445625305176,-3.738304376602173,0.3123457431793213,2.6734142303466797
0.15034878855904205,-0.452859697752441,1.463700540807863,0.14342042932052484,-0.30823293663808055,1.383988476746919,0.024479471430774554,-0.5259797221777455,0.06865767429009179,0.23650831990684104,-0.5311405070570131,0.9512221623730186,0.021650677608535774,-0.34692127854618804,1.6023075549018304,-0.17839873833766837,-0.3583030789498462,1.1302141961672447,0.10028522900792937,-0.26709863721140176,1.647896334035507,-0.08955879963391664,-0.1560122317430989,1.3673239677947089,-0.14079187553844705,-0.2633488008518093,1.2491435262541108,0.09047324417640042,-0.586430021074434,0.08104549318749384,0.11138325993785794,-0.4091511889798752,0.5210669218309668,0.1349720630227335,-0.49593265621077937,0.04687545490481996,-0.08959919243853615,-0.35294142543085366,1.0865314464695406,0.2288113778198002,-0.35871255003063884,0.47265404502287606,0.3789397815600136,-0.6681690926583398,1.0239073093363782,0.00725408220379952,-0.43982693631917436,1.4142172644469913,0.1414538501508978,-0.44907035811847407,0.5884449083284037,0.06526934824242497,-0.4226391050989265,0.4072886742898171,0.07242948359606281,-0.3472930019264979,0.0786727603204203,-0.11033599177338431,-0.41230268194185976,1.272498244481371,-0.04465011006455548,-0.19583854848975377,1.3070620993115254,-0.10835553458984325,-0.1461199868396418,1.2740950181784219,0.5023579601420473,-0.12707070305647442,0.5237068648369896,0.4800792085808634,-0.42567542313739953,1.070342096271894,0.34122899174690247,-0.47336796458983266,1.378670913494186,0.1449768729754631,-0.4687829826841291,1.6058414448176,0.3522187905595792,-0.06350204183269811,1.2584245204925537,0.219312054925407,-0.3824890557898591,1.6469351069027225,0.03775721186438933,-0.00908787438756978,1.3767042610029512,0.18507082819543927,-0.027430343904242618,1.3044759935101136,0.43742136252636943,-0.18609169204503495,0.5975312780070778,0.4356099566481761,-0.04612824397272621,0.9553888755918338,0.3811324799297661,-0.12841802559151555,0.5236334279672988,0.32432516304072956,-0.1304111167887189,1.1901527003736685,0.30840745923534924,-0.07984295285103336,0.9296230235636629,0.45443781499831093,-0.6203652991364333,1.0560674856830117,0.2714936871402311,-0.33579751375495204,1.5061712051858964,0.47941917694167585,-0.11809585825694317,0.9902589664553965,0.4715823671280943,-0.05990263955383901,0.8118305012879782,0.4194736749131159,-0.01980501032181529,0.41232460125392634,0.35099976327245597,-0.18882504904901745,1.4014783797674621,0.0998015556213082,-0.07966717337535707,1.343845828479489,0.07353062922788771,-0.025984225695989783,1.2775618974736194,0.2027357148610993,-0.32681431616378936,1.1862723519470517,0.3370159100617794,-0.6146040211450186,1.1743836126580143,1.1003509759902954,-19.339616775512695,4.336239814758301,-0.5740503072738647,-0.5089890360832214,-2.4849836826324463,181.8834686279297,-18.70494842529297,-824.2952880859375,-162.0467987060547,92.76437377929688,11.895218849182129,-2.0704503059387207,24.461647033691406,-2.259121894836426,-3.7008609771728516,0.31025761365890503,2.64902925491333
0.15074363044950345,-0.45258586123487016,1.4632144564429657,0.143834813960538,-0.3080294956730691,1.383489023375985,0.024531817461505828,-0.5259272974255859,0.06867058460434146,0.23704588188734274,-0.5310637443665637,0.9509199514294302,0.021976672341146603,-0.34669006813243525,1.6017400267108386,-0.17785491831353958,-0.35833654113557956,1.1293200595884134,0.10054299891587125,-0.2668210914888919,1.6473115887862957,-0.08949554975557801,-0.1560122218254386,1.3668249508008263,-0.1406137989895628,-0.2634881538961897,1.2483861740456512,0.0906124385382166,-0.5863452845851317,0.08105031812921265,0.11149835190581564,-0.4090238263867549,0.5210230262666349,0.13499901426450306,-0.49588698538526005,0.04685807420520593,-0.08894030524060033,-0.35286155851274137,1.0857991661062303,0.22881946567174616,-0.3583146336654954,0.4725228145422525,0.37947996676165535,-0.6681432670710102,1.0235856201080298,0.00759402023696198,-0.4394970848564281,1.4136375970398354,0.14163608715826312,-0.4489119929193661,0.5883588627079465,0.06537964998047478,-0.42257194270361337,0.40730143831857785,0.07239144441011726,-0.34728803317870527,0.07867615959847606,-0.10992480061997642,-0.4121447332844829,1.2717476759525324,-0.0446146097996377,-0.19598715471116124,1.306506908689903,-0.10823375563945202,-0.14621215165648238,1.2734393418229968,0.5015977516474314,-0.12653445020712764,0.5255679732916371,0.4806264948272547,-0.42582085570752226,1.0700581734938337,0.3416198566555977,-0.4729845974322976,1.3782990409048976,0.14531610654481988,-0.4685449092494731,1.6053618664378362,0.35243712785030834,-0.06279717016323712,1.2583346664905548,0.21957509606977962,-0.3821646392049379,1.6464700876482274,0.03776895933297296,-0.008839184407527187,1.3764500912056854,0.18522516186564963,-0.026876801473785523,1.3042731575223785,0.43692596547848345,-0.18582623595038789,0.5994209096526467,0.43585215582950226,-0.046265411412725777,0.9574070996203959,0.3803292783779024,-0.12807344144444593,0.525731588337595,0.32472144299192934,-0.1296243091292729,1.1900028246917471,0.308386999102223,-0.08008458424630938,0.9317837643702298,0.45492501014115794,-0.620348617631868,1.0557706699466074,0.2717707072267469,-0.33540148174525886,1.5057338760388608,0.4797933008398441,-0.11835077435814387,0.9917329687945889,0.47137595086500345,-0.05984239968539074,0.813819012006387,0.41839575417191777,-0.019260710530871205,0.41448596687309,0.35116641963554535,-0.18826048127961476,1.401286413535377,0.0998742991799353,-0.07944260779398167,1.3436738562504977,0.07366496641558921,-0.025645168784956474,1.2773564432235742,0.20326545180765207,-0.32663004603606977,1.1857318394626213,0.3375089665418429,-0.6145042296474343,1.1740931442241795,1.1874758005142212,-19.249526977539062,4.370917320251465,-0.5650497674942017,-0.48054319620132446,-2.441298246383667,182.44044494628906,-17.563270568847656,-824.2139892578125,-161.8331298828125,92.7077407836914,12.1963529586792,-2.1181445121765137,24.584270477294922,-2.161874771118164,-3.6922483444213867,0.32321321964263916,2.6362686157226562
0.15113847233996486,-0.45231202471729937,1.4627283720780682,0.14424919860055113,-0.3078260547080577,1.3829895700050505,0.024584163492237097,-0.5258748726734263,0.06868349491859115,0.23758344386784444,-0.5309869816761144,0.9506177404858419,0.022302667073757432,-0.34645885771868246,1.601172498519847,-0.17731109828941083,-0.3583700033213129,1.1284259230095819,0.10080076882381313,-0.26654354576638206,1.6467268435370843,-0.08943229987723939,-0.15601221190777836,1.3663259338069436,-0.14043572244067856,-0.2636275069405701,1.2476288218371916,0.09075163290003277,-0.5862605480958294,0.08105514307093147,0.11161344387377334,-0.4088964637936346,0.520979130702303,0.1350259655062726,-0.49584131455974073,0.046840693505591904,-0.08828141804266451,-0.3527816915946291,1.0850668857429202,0.22882755352369208,-0.3579167173003519,0.47239158406162896,0.3800201519632971,-0.6681174414836808,1.0232639308796814,0.00793395827012444,-0.43916723339368174,1.4130579296326795,0.14181832416562845,-0.4487536277202581,0.5882728170874892,0.06548995171852459,-0.4225047803083003,0.4073142023473386,0.07235340522417169,-0.3472830644309126,0.0786795588765318,-0.10951360946656853,-0.41198678462710603,1.2709971074236939,-0.04457910953471992,-0.19613576093256868,1.3059517180682807,-0.10811197668906079,-0.14630431647332298,1.2727836654675717,0.5008375431528155,-0.1259981973577809,0.5274290817462844,0.481173781073646,-0.425966288277645,1.0697742507157737,0.3420107215642929,-0.47260123027476253,1.3779271683156096,0.14565534011417666,-0.4683068358148171,1.6048822880580726,0.35265546514103746,-0.06209229849377612,1.258244812488556,0.2198381372141522,-0.3818402226200167,1.6460050683937326,0.037780706801556596,-0.008590494427484597,1.3761959214084196,0.18537949553586,-0.026323259043328433,1.3040703215346432,0.4364305684305974,-0.1855607798557408,0.6013105412982157,0.43609435501082844,-0.04640257885272534,0.9594253236489579,0.3795260768260388,-0.1277288572973763,0.5278297487078912,0.32511772294312913,-0.1288375014698269,1.189852949009826,0.30836653896909677,-0.0803262156415854,0.9339445051767967,0.45541220528400495,-0.6203319361273026,1.0554738542102031,0.2720477273132627,-0.3350054497355657,1.5052965468918251,0.4801674247380124,-0.11860569045934455,0.9932069711337815,0.4711695346019126,-0.059782159816942466,0.8158075227247957,0.4173178334307197,-0.01871641073992712,0.41664733249225355,0.35133307599863467,-0.18769591351021206,1.401094447303292,0.09994704273856239,-0.07921804221260627,1.3435018840215065,0.07379930360329072,-0.025306111873923162,1.277150988973529,0.20379518875420485,-0.32644577590835017,1.1851913269781909,0.3380020230219064,-0.6144044381498501,1.1738026757903446,1.1441508531570435,-19.16866683959961,4.498646259307861,-0.593408465385437,-0.5043795704841614,-2.431619167327881,183.05416870117188,-16.227399826049805,-824.0938110351562,-161.6033477783203,92.66988372802734,12.56407356262207,-2.079298257827759,24.681655883789062,-2.0685503482818604,-3.719625949859619,0.31268149614334106,2.6694586277008057
0.15154122035728385,-0.45206767448921076,1.4622332702409353,0.14462350353302544,-0.3075960364858836,1.3824629586264,0.024635412696354237,-0.52586284704161,0.0687274027936506,0.2380805248949701,-0.5309066394504333,0.9503049282048712,0.02265003012702953,-0.34619667746175997,1.6006053926928943,-0.17674334870268968,-0.35844293542650363,1.1275356721799106,0.10106263038338414,-0.2662455523448275,1.6461521716702063,-0.08938847214526294,-0.1560123445379813,1.3657783660667622,-0.14024028672978578,-0.2637987537494558,1.2468096144152003,0.09086831921822583,-0.5861819358850947,0.08107361829044013,0.1117534302421753,-0.40874489974107175,0.5209075491752057,0.13505837052369749,-0.4957867635302986,0.04682724475120472,-0.0876150563211236,-0.35273483242617537,1.0843353656348804,0.2288550516430116,-0.35756146498271174,0.47227925965130724,0.3805823898473323,-0.668051142862301,1.0229111345398505,0.008261451577854066,-0.4388533314529634,1.4124760025779144,0.14199579637867724,-0.44860487130304044,0.588176539698184,0.06559422684969096,-0.422436266348062,0.40732927353966314,0.07226172316548052,-0.34724315033843184,0.07869578350261347,-0.10912508474329846,-0.41185610484800594,1.2702536557289148,-0.0445249526582609,-0.1962355233926252,1.3053593805294164,-0.10804170899290517,-0.14641414666610048,1.2721580825499352,0.5001078504600273,-0.12552365189455206,0.5292519134598851,0.48178316539289145,-0.4260284940138558,1.0695149728793971,0.3424103505268002,-0.4722292669462842,1.3775676076380623,0.14598756772003424,-0.4680144991602329,1.6044188439846039,0.3528940917442966,-0.061385672693665086,1.2581925066496362,0.2201334469711149,-0.3814922275626107,1.6455277794639007,0.03779953546723388,-0.008315290874857096,1.3759013947272143,0.18556724876066705,-0.025753474405763185,1.3038850981273398,0.43592179828132227,-0.18528618221942164,0.6031745882421139,0.436354472986515,-0.04659082924342707,0.9614302220920853,0.3788032141939694,-0.1274123735577855,0.5298743955544288,0.32547565223957525,-0.1280490914668074,1.189715026230212,0.3083832310327631,-0.08058927409252188,0.9361046441146079,0.4559054032757582,-0.6203591488055046,1.055162255732429,0.2723389282723926,-0.33461433298737797,1.5048416685189632,0.4805958910493661,-0.1188973086756586,0.9946916698422652,0.47100956254447535,-0.0597216539911383,0.8177788009904078,0.41623692974349524,-0.01821911808670753,0.41880078406523386,0.3515037184223434,-0.18714608096622476,1.4009049941372398,0.10004697070265842,-0.07894210396519562,1.343315297996761,0.07391733753908154,-0.02493555947447456,1.2768989268517652,0.20433853374214359,-0.32625701816271474,1.1846460206619163,0.33848648967332395,-0.6142875092313779,1.173494468066866,1.0539603233337402,-19.201858520507812,4.657865047454834,-0.5815289616584778,-0.508208692073822,-2.4675896167755127,183.56626892089844,-15.08255672454834,-823.721923828125,-161.41831970214844,92.60748291015625,12.836687088012695,-2.0172152519226074,24.643138885498047,-1.9812488555908203,-3.7424066066741943,0.2922123074531555,2.7026381492614746
0.15195091394399177,-0.45184922810421874,1.4617302465123057,0.14496259825513852,-0.30734267001909926,1.3819124888110634,0.024685698333165505,-0.5258863122257965,0.06879854217072986,0.23854204321539166,-0.5308231525863243,0.9499828025994711,0.02301616534985454,-0.34590729005289395,1.6000386579147239,-0.17615457688341077,-0.35855054204037645,1.126648834999034,0.10132808647803124,-0.2659295955241121,1.6455863493167802,-0.08936170685962336,-0.15601260239714818,1.3651881462690847,-0.14002960091395095,-0.2639980193794958,1.2459360668990787,0.09096523211491818,-0.5861087038816996,0.08110408534277354,0.1119152864576965,-0.4085720745932977,0.5208116454004452,0.13509556670852055,-0.49572441120021393,0.04681725022907288,-0.0869421281956679,-0.3527169707200385,1.0836045134146481,0.22889960177292099,-0.3572436932301679,0.47218354431209186,0.3811640011159,-0.6679492884913817,1.022531010457222,0.008578012136138038,-0.43855344124187695,1.4118920904121652,0.1421690826976536,-0.4484645562456144,0.5880712736521335,0.06569320757854853,-0.4223665650317211,0.40734637158595965,0.07212291559241465,-0.34717253659734665,0.07872327525686744,-0.10875647258482232,-0.41174938090589663,1.2695164562061132,-0.044454405861382454,-0.19629237638009306,1.304734409250171,-0.10801669417430233,-0.14653949597418703,1.2715589368580194,0.4994049660417418,-0.12510331665838,0.531041118877613,0.4824471031593171,-0.42601758458756456,1.069277345739453,0.34281767875153496,-0.47186732193492104,1.3772188630325115,0.1463136405542197,-0.46767449201337546,1.6039695739746094,0.35315054260342327,-0.060677505881581086,1.2581731870474404,0.22045710485502584,-0.381123518706947,1.6450397115669504,0.037824584997647646,-0.008016795024818538,1.3755714143348845,0.1857843612203535,-0.02516942091335524,1.3037153474542478,0.43540127979998555,-0.18500355369602609,0.6050161589060398,0.4366303327067798,-0.04682395624502605,0.9634234139461391,0.37815092967835484,-0.12712057615747516,0.5318720305202812,0.3257998903066117,-0.127259273797471,1.1895876041311302,0.3084325614749201,-0.08087115631198251,0.9382642543079048,0.4564038747983263,-0.6204249227283806,1.0548376705472833,0.2726425871943796,-0.33422753431939134,1.5043713730692074,0.48107209742463974,-0.119221169871605,0.9961857653611543,0.4708903919387337,-0.05966091452055419,0.8197349404657124,0.4151534055242475,-0.01776312142363842,0.4209472831116607,0.35167786261893264,-0.18660919338662105,1.4007177487114408,0.10017078029398886,-0.07862103459061376,1.3431158736841569,0.07402104899188541,-0.024537338141277926,1.2766059194969026,0.2048938334580289,-0.32606431802377006,1.1840965029419652,0.3389634101201367,-0.6141555250085742,1.1731706762945415,1.0727746486663818,-19.30732536315918,4.749341011047363,-0.5568454265594482,-0.4826117753982544,-2.520864248275757,184.0795135498047,-13.942639350891113,-823.0811767578125,-161.17208862304688,92.50115203857422,13.062932968139648,-1.96932053565979,24.492359161376953,-2.0391974449157715,-3.747493267059326,0.27597475051879883,2.6866960525512695
0.15236060753069966,-0.4516307817192267,1.461227222783676,0.1453016929772516,-0.30708930355231495,1.3813620189957272,0.02473598396997677,-0.525909777409983,0.06886968154780912,0.23900356153581315,-0.5307396657222154,0.9496606769940711,0.02338230057267953,-0.3456179026440279,1.5994719231365533,-0.17556580506413189,-0.35865814865424933,1.1257619978181574,0.10159354257267832,-0.26561363870339677,1.645020526963354,-0.08933494157398379,-0.15601286025631506,1.364597926471407,-0.1398189150981161,-0.2641972850095357,1.2450625193829568,0.09106214501161054,-0.5860354718783044,0.08113455239510695,0.1120771426732177,-0.40839924944552364,0.5207157416256848,0.1351327628933436,-0.49566205887012926,0.04680725570694105,-0.08626920007021223,-0.35269910901390167,1.082873661194416,0.22894415190283035,-0.35692592147762414,0.4720878289728765,0.38174561238446775,-0.6678474341204624,1.0221508863745936,0.008894572694421995,-0.43825355103079056,1.411308178246416,0.14234236901662997,-0.44832424118818825,0.5879660076060832,0.0657921883074061,-0.4222968637153802,0.4073634696322561,0.0719841080193488,-0.3471019228562614,0.07875076701112141,-0.1083878604263462,-0.4116426569637873,1.2687792566833118,-0.04438385906450401,-0.19634922936756088,1.3041094379709257,-0.10799167935569949,-0.14666484528227358,1.2709597911661035,0.49870208162345636,-0.124682981422208,0.5328303242953407,0.48311104092574275,-0.4260066751612733,1.0690397185995089,0.34322500697626973,-0.47150537692355793,1.3768701184269607,0.1466397133884051,-0.4673344848665181,1.6035203039646149,0.35340699346254995,-0.05996933906949712,1.2581538674452446,0.2207807627389368,-0.3807548098512833,1.64455164367,0.037849634528061414,-0.007718299174779991,1.3752414339425547,0.1860014736800399,-0.02458536742094732,1.303545596781156,0.4348807613186489,-0.18472092517263053,0.6068577295699656,0.43690619242704465,-0.04705708324662502,0.9654166058001928,0.3774986451627403,-0.1268287787571648,0.5338696654861337,0.3261241283736482,-0.12646945612813465,1.1894601820320483,0.30848189191707714,-0.08115303853144314,0.9404238645012015,0.4569023463208944,-0.6204906966512567,1.0545130853621376,0.2729462461163666,-0.33384073565140465,1.5039010776194515,0.4815483037999134,-0.11954503106755136,0.9976798608800433,0.47077122133299215,-0.05960017504997009,0.821691079941017,0.41406988130499983,-0.01730712476056933,0.4230937821580874,0.3518520068155219,-0.18607230580701734,1.4005305032856417,0.10029458988531931,-0.07829996521603193,1.3429164493715526,0.07412476044468927,-0.02413911680808131,1.27631291214204,0.20544913317391414,-0.3258716178848254,1.1835469852220144,0.3394403305669494,-0.6140235407857706,1.172846884522217,1.170200228691101,-19.3045597076416,4.74368143081665,-0.6021431684494019,-0.47529253363609314,-2.51471209526062,184.51829528808594,-12.679129600524902,-822.111328125,-160.7664794921875,92.32677459716797,13.314665794372559,-1.913928508758545,24.464445114135742,-2.0360829830169678,-3.7681405544281006,0.2577027976512909,2.655259132385254
0.1527976786458729,-0.45137873124207883,1.4607144708665,0.14567420088889582,-0.3068685945098763,1.3807816742271777,0.024802532287573575,-0.5259053969620079,0.06893845948557191,0.23957253972820888,-0.5306676434760063,0.9493016261138664,0.02369225616042582,-0.3453395980478123,1.5989220087101919,-0.17498971911652988,-0.35878664995266113,1.1248748468247471,0.1018461048948449,-0.26530974797460416,1.6444464827215435,-0.08932531699044816,-0.15601582736369,1.3639904888260443,-0.13961333135105916,-0.264391613322378,1.2441931351131161,0.09115326022174185,-0.5859698027569726,0.08117832509887139,0.11222888497228654,-0.40823756987290666,0.5206353297296739,0.13516274400499484,-0.4955909773213974,0.04677936406374372,-0.08561466920454772,-0.35269107487028006,1.0821370557443986,0.22898813978528346,-0.3566035105297897,0.47200323305777364,0.38230867210208186,-0.6677377448966172,1.0217616826493219,0.009215452751477818,-0.43794585211782266,1.4107221112346018,0.14251040943608378,-0.4481765672268457,0.5878628545644268,0.0659204830495727,-0.42222226692351283,0.4073586740241145,0.07184305799421885,-0.34705251761224887,0.07878370995059708,-0.10805343552831782,-0.41153490790073444,1.2679984790599899,-0.04434312053567526,-0.1964176646526286,1.3035055339731128,-0.1079465269252954,-0.14679896042046958,1.2703197661614576,0.49801213674197925,-0.1243103522289273,0.53461142288928,0.48378641715902365,-0.42602763339778443,1.0687819656157336,0.34364864299234177,-0.4711410469369383,1.3764847414383035,0.14696298806083122,-0.4670216434246657,1.6030755110134352,0.3536576283293844,-0.05923402485813922,1.2581106562488127,0.22107874291227353,-0.3804233714642114,1.644083199516827,0.03787526591921484,-0.007397637045664706,1.374899905248983,0.18620968693929002,-0.024025284302797153,1.3033760134747485,0.43437545228478136,-0.18449518824649963,0.6086998337151989,0.4371761210904216,-0.04731032497786133,0.9673920986273431,0.3768269984137933,-0.1265899869089095,0.5358507206897861,0.32647202790572943,-0.1256646996746395,1.189340165908763,0.3085746906253676,-0.08147434214290404,0.9425824181923014,0.45745191698437493,-0.6204782894115575,1.0541895252979354,0.27324371770122985,-0.33349892201013126,1.503429108502849,0.482037972732885,-0.11983902254049351,0.9991599289786737,0.4707032178608787,-0.05958810594204246,0.8236739667046149,0.4130290094392979,-0.0168580309925786,0.4251974614842838,0.3520377829966956,-0.1855177322760323,1.4003413122221333,0.10048034476326001,-0.07783554758358477,1.3426685514829018,0.07427839947161295,-0.023733571547990214,1.2760402398393644,0.20596879947659194,-0.325702003887947,1.183006735432227,0.3399462891335519,-0.6139116928672159,1.172520247516253,1.171960473060608,-19.189577102661133,4.6357550621032715,-0.6843195557594299,-0.5016437768936157,-2.4298887252807617,184.82115173339844,-11.606170654296875,-821.4557495117188,-160.39903259277344,92.16383361816406,13.58044719696045,-1.9270678758621216,24.58590316772461,-1.7893263101577759,-3.775496006011963,0.2617427110671997,2.6540029048919678
0.1532592862252368,-0.45109656388988556,1.460193000289778,0.14607665458361044,-0.3066771539137853,1.380174554736409,0.02488365564927064,-0.5258760605229448,0.06900512103904162,0.24023782629643053,-0.5306058961231978,0.948909481826997,0.023951862075224217,-0.34507122616104735,1.5983871691274327,-0.1744250025822232,-0.3589338776192918,1.1239874145842546,0.10208711147752424,-0.26501667119611966,1.643865069806181,-0.08933105435691133,-0.15602122257087403,1.3633676200907752,-0.1394123202128126,-0.264581516681128,1.2433274820545652,0.09123917939203069,-0.5859109116903204,0.0812340226789184,0.11237156291227073,-0.40808587925915685,0.5205688020646178,0.1351862587774826,-0.49551207241633083,0.04673543254789335,-0.0849766264490734,-0.35269184844778073,1.081395294097875,0.22903162376671438,-0.35627694181259106,0.4719286026642812,0.38285510542969037,-0.6676210338706212,1.0213643415084739,0.00954020405743295,-0.43763115483996096,1.4101341129928235,0.14267374834181457,-0.44802229802142707,0.5877615952531233,0.06607504978479928,-0.42214328267716417,0.40733425674454266,0.07169999822431448,-0.3470221199835373,0.07882153838626202,-0.10774965015616243,-0.4114262400972133,1.267178645591862,-0.044329096964060864,-0.1964964802987528,1.302920511029414,-0.10788332663525808,-0.14694093172715988,1.2696431040369123,0.49733378861518884,-0.12398047845144541,0.5363852559335973,0.48447204484844836,-0.4260771522754865,1.0685061753190905,0.3440868944817821,-0.47077457947249446,1.3760665335402584,0.14728375494677498,-0.4667331486052235,1.6026347305206274,0.35390305075029665,-0.05847438043045092,1.2580460327745273,0.22135371004311455,-0.38012533585559455,1.64363234268119,0.03790141878933306,-0.007057108911716492,1.3745480266627887,0.1864099245000359,-0.02348668406723648,1.3032065801667851,0.43388377435949466,-0.1843204390726342,0.6105424159804717,0.4374407341839462,-0.047581594061131105,0.9693517291190608,0.3761379987198786,-0.12639870003655257,0.5378169166725992,0.32684113346780375,-0.12484655468817185,1.189226787216616,0.30870644674198516,-0.08183097624719537,0.9447400250182246,0.45804728404772993,-0.6203958141487955,1.0538668839742016,0.2735356440311236,-0.3331974251380819,1.5029556394018084,0.4825397071656802,-0.12010624397866773,1.0006274253327325,0.47068107172550744,-0.059619656498759784,0.8256808250945135,0.41202636373950946,-0.016415123781497717,0.42726276464612273,0.3522339840697137,-0.18494730812824325,1.4001503774267159,0.10072161664335143,-0.07724265745588092,1.3423772102949636,0.0744767849093044,-0.023321462391154072,1.2757857923476112,0.20645653017309326,-0.3255530803014111,1.1824747918062652,0.34047827243015466,-0.6138178916364316,1.1721910605367445,1.0296437740325928,-19.123151779174805,4.547306060791016,-0.7157624363899231,-0.5361763834953308,-2.374511480331421,185.10914611816406,-10.603549003601074,-820.7245483398438,-160.0439910888672,91.98980712890625,13.86618709564209,-1.9935972690582275,24.63336181640625,-1.6002717018127441,-3.7560317516326904,0.2805420756340027,2.6718645095825195
0.1537208938046007,-0.45081439653769234,1.459671529713056,0.14647910827832505,-0.30648571331769425,1.3795674352456402,0.024964779010967702,-0.5258467240838816,0.06907178259251133,0.24090311286465219,-0.5305441487703891,0.9485173375401276,0.024211467990022613,-0.3448028542742824,1.5978523295446736,-0.17386028604791656,-0.3590811052859224,1.1230999823437622,0.10232811806020357,-0.2647235944176352,1.6432836568908187,-0.0893367917233745,-0.1560266177780581,1.362744751355506,-0.13921130907456608,-0.26477142003987797,1.242461828996014,0.09132509856231955,-0.5858520206236681,0.0812897202589654,0.11251424085225491,-0.4079341886454071,0.5205022743995616,0.1352097735499704,-0.4954331675112642,0.046691501032042976,-0.08433858369359909,-0.3526926220252814,1.0806535324513518,0.2290751077481453,-0.3559503730953924,0.47185397227078874,0.38340153875729893,-0.6675043228446254,1.0209670003676257,0.009864955363388083,-0.43731645756209925,1.4095461147510453,0.14283708724754535,-0.4478680288160084,0.58766033594182,0.06622961652002587,-0.42206429843081544,0.4073098394649708,0.07155693845441011,-0.3469917223548258,0.07885936682192694,-0.10744586478400706,-0.4113175722936921,1.2663588121237344,-0.04431507339244647,-0.19657529594487702,1.3023354880857152,-0.10782012634522078,-0.14708290303385022,1.268966441912367,0.4966554404883985,-0.12365060467396352,0.5381590889779148,0.4851576725378731,-0.42612667115318853,1.0682303850224477,0.3445251459712224,-0.4704081120080506,1.3756483256422132,0.14760452183271874,-0.46644465378578137,1.6021939500278195,0.35414847317120884,-0.057714736002762605,1.257981409300242,0.22162867717395554,-0.37982730024697764,1.6431814858455531,0.037927571659451285,-0.0067165807777682775,1.3741961480765943,0.18661016206078182,-0.02294808383167581,1.3030371468588215,0.43339209643420795,-0.1841456898987688,0.6123849982457444,0.4377053472774708,-0.04785286314440088,0.9713113596107785,0.3754489990259638,-0.12620741316419565,0.5397831126554122,0.327210239029878,-0.12402840970170421,1.189113408524469,0.30883820285860275,-0.0821876103514867,0.9468976318441479,0.4586426511110849,-0.6203133388860336,1.0535442426504678,0.2738275703610174,-0.33289592826603265,1.502482170300768,0.48304144159847534,-0.12037346541684193,1.0020949216867914,0.47065892559013617,-0.059651207055477114,0.8276876834844121,0.4110237180397211,-0.015972216570416836,0.42932806780796173,0.35243018514273183,-0.1843768839804542,1.3999594426312985,0.10096288852344285,-0.07664976732817709,1.3420858691070254,0.07467517034699585,-0.02290935323431793,1.275531344855858,0.20694426086959458,-0.32540415671487516,1.1819428481803036,0.3410102557267574,-0.6137240904056473,1.171861873557236,0.9029700756072998,-19.15299415588379,4.6029276847839355,-0.6957587599754333,-0.5339387655258179,-2.3967580795288086,185.43711853027344,-9.731720924377441,-819.7142944335938,-159.68524169921875,91.81461334228516,14.12714958190918,-1.997711181640625,24.629289627075195,-1.6020994186401367,-3.732074022293091,0.30373281240463257,2.6739349365234375
0.15406993149921594,-0.4505848978824963,1.459263665194543,0.14682555938793332,-0.3063265806101016,1.3790896302027418,0.0250295878215292,-0.5258262158427017,0.0691181066513851,0.24141003068117114,-0.5304905457409802,0.948194844833273,0.024458824067888463,-0.3445911662566741,1.5974106212325443,-0.17338830185745727,-0.35920024747090623,1.12235786306937,0.10254182665306605,-0.26448258535554076,1.642831413359042,-0.08932164760417496,-0.15603276421100098,1.3622022275103638,-0.13905445187790505,-0.2649507440675963,1.2417463174718895,0.09140018324386205,-0.58580285922581,0.08133394221793737,0.11262915970523231,-0.4078089152740327,0.5204561593516773,0.13522244217676044,-0.4953294669752879,0.046625002953439756,-0.08381413663459931,-0.35269276871783845,1.0800477996567228,0.22911600906722593,-0.35566552590258077,0.47179865096973267,0.38384138092102593,-0.667411941171482,1.0206627076035304,0.010152877664612906,-0.43705870319675927,1.4090592263155426,0.14297529376599172,-0.44773733255681614,0.5875747332115047,0.066351415564781,-0.42200524498097947,0.40729575801566736,0.07145261084845919,-0.3469829600279694,0.07889160639698932,-0.10712803149016094,-0.4112456938288859,1.2656967464267024,-0.04425969095715624,-0.19661079176905139,1.3018219403873217,-0.10776575684350058,-0.14719107695269268,1.2684121311500374,0.49609085384583634,-0.1233551512836226,0.539604817695965,0.48571733261970496,-0.4261587201463466,1.068019479907901,0.3448784623221056,-0.4701069493759547,1.375306027811884,0.14788512663533354,-0.4661943056922875,1.6018275667894755,0.3543634320923824,-0.057078805505390615,1.2579423378634926,0.22186175699265587,-0.379581249460874,1.6428094610867912,0.0379239973605962,-0.0064446442507651545,1.3739142111989837,0.18678182713835445,-0.022480586142778806,1.3028928096720716,0.43299733181268174,-0.18400256732935147,0.6138916945220618,0.4379078106868346,-0.0480821600788279,0.9728838549741846,0.37486541443905297,-0.12604652762116975,0.5414315245996247,0.32751303985221497,-0.12333704053812866,1.1890227634780455,0.3089543282985687,-0.08248623298937516,0.9486499186975277,0.4590826802301091,-0.6202910342161229,1.0533031481780752,0.2740681750194126,-0.33262173456466754,1.5020934601887963,0.4834675768155925,-0.12061051218862959,1.0032959971206867,0.47060599474125353,-0.059657328620256966,0.8293187010367185,0.4102018328001168,-0.015631456958093006,0.43101185190164487,0.3525868769217011,-0.18391440579334634,1.3997811284286297,0.10113868330734849,-0.07622606878397087,1.3418455076533438,0.07484373212206047,-0.022553963565101105,1.2752971234700539,0.20732837422004596,-0.3252526996842283,1.1815057765963852,0.34144089089718876,-0.6136247870937878,1.1715773042069366,0.9180810451507568,-19.26761817932129,4.731258869171143,-0.6572115421295166,-0.5024416446685791,-2.471890687942505,185.7694854736328,-8.892650604248047,-818.3981323242188,-159.25289916992188,91.60053253173828,14.39301586151123,-1.9086236953735352,24.60647201538086,-1.7679847478866577,-3.706860065460205,0.3387829661369324,2.647021532058716
0.1543160481563467,-0.4504035534645548,1.458959669072107,0.14712080813401582,-0.3061969865434217,1.378730055512182,0.025079480471052476,-0.5258137790967297,0.06914583642948542,0.24177215421041906,-0.5304443889501079,0.9479360335710033,0.024694980294844567,-0.3444313034908661,1.597054061510705,-0.17300110152422987,-0.3592937115012415,1.1217486013639841,0.10273057708381028,-0.2642891810627173,1.6424972675494012,-0.08928741184094094,-0.15603959747892343,1.3617331618504809,-0.13893796399926509,-0.2651203955640856,1.2411680782078118,0.09146536210712218,-0.5857625935251349,0.08136767218049788,0.1127186988215178,-0.407707794809973,0.5204287072680643,0.1352251943274839,-0.4952030961481941,0.04653787258889107,-0.08339354849809053,-0.35269234225844703,1.0795664360981114,0.22915454909501487,-0.35541882410349435,0.471760983696047,0.38418376830634693,-0.6673418034780894,1.0204434876410378,0.01040712773294145,-0.4368530109228677,1.4086647811314918,0.14309052210177806,-0.4476281887056022,0.5875034450695215,0.06644325557824791,-0.42196441397366935,0.4072911264683237,0.0713836955066943,-0.3469939785485236,0.07891873615664362,-0.10679735438219759,-0.4112074513309049,1.2651789255489576,-0.044166494703648106,-0.19660668089887165,1.3013737414846358,-0.10771946120538459,-0.14726835040264571,1.267969684490305,0.49563027770313994,-0.1230911679615248,0.540750565315714,0.4861618223174518,-0.4261747966736358,1.0678678983884142,0.3451541236891652,-0.46986549401914834,1.3750331334720385,0.14812901181890475,-0.46597883460537487,1.60152920389807,0.3545505386709377,-0.05655598488716495,1.2579266282896333,0.22205653984025614,-0.3793827276553539,1.642509511369743,0.03789324393582265,-0.006235420050111827,1.3736962210263637,0.18692736880274008,-0.022078096496545716,1.3027714175104306,0.432691173640308,-0.1838883605125724,0.6150912950370485,0.4380534515278229,-0.04827308247717011,0.974102398220277,0.37437820937854566,-0.12591343757924656,0.5427893911371168,0.3277552191982206,-0.12276158069834014,1.1889529034791404,0.3090561628341675,-0.08273181657226669,0.9500316272902962,0.45938068608574517,-0.6203237426596762,1.0531366108269091,0.2742618570067235,-0.3323725037622136,1.5017822440096875,0.48382459274980405,-0.12081997069400667,1.0042534877132896,0.4705249178685889,-0.05964020082097969,0.830606092680369,0.4095452142669665,-0.015384089436061335,0.4323468185615855,0.35270744591754005,-0.1835506210560041,1.3996143530536171,0.10125461331759857,-0.07595705968753391,1.341651756242411,0.07498502654843772,-0.02225043171313622,1.2750813945239743,0.2076177517112517,-0.3250989263618229,1.181155445165192,0.3417788649236919,-0.6135204533078024,1.1713335281176283,0.9834205508232117,-19.306655883789062,4.713551044464111,-0.6632601618766785,-0.5029980540275574,-2.504654884338379,186.08462524414062,-8.069125175476074,-816.90966796875,-158.77101135253906,91.3622055053711,14.6826810836792,-1.8306913375854492,24.554595947265625,-2.0699734687805176,-3.6872360706329346,0.34995678067207336,2.613236427307129
0.15456216481347748,-0.4502222090466133,1.458655672949671,0.1474160568800983,-0.30606739247674186,1.3783704808216222,0.025129373120575747,-0.5258013423507577,0.06917356620758575,0.24213427773966695,-0.5303982321592356,0.9476772223087336,0.02493113652180066,-0.3442714407250581,1.5966975017888656,-0.17261390119100248,-0.3593871755315768,1.1211393396585982,0.10291932751455449,-0.2640957767698939,1.64216312173976,-0.08925317607770693,-0.15604643074684585,1.3612640961905977,-0.13882147612062512,-0.2652900470605749,1.240589838943734,0.09153054097038231,-0.58572232782446,0.0814014021430584,0.1128082379378033,-0.4076066743459133,0.5204012551844515,0.13522794647820738,-0.49507672532110025,0.04645074222434238,-0.08297296036158176,-0.3526919157990557,1.0790850725395,0.22919308912280378,-0.355172122304408,0.4717233164223614,0.38452615569166787,-0.6672716657846969,1.020224267678545,0.010661377801269982,-0.4366473186489762,1.4082703359474409,0.1432057504375644,-0.4475190448543883,0.5874321569275383,0.06653509559171485,-0.42192358296635923,0.40728649492098007,0.07131478016492941,-0.3470049970690778,0.07894586591629793,-0.10646667727423426,-0.41116920883292396,1.264661104671213,-0.04407329845013998,-0.1966025700286919,1.3009255425819497,-0.1076731655672686,-0.14734562385259875,1.2675272378305726,0.4951697015604436,-0.12282718463942705,0.5418963129354628,0.4866063120151987,-0.42619087320092497,1.0677163168689272,0.34542978505622474,-0.46962403866234204,1.3747602391321927,0.14837289700247594,-0.46576336351846226,1.6012308410066642,0.3547376452494931,-0.05603316426893931,1.2579109187157738,0.2222513226878564,-0.3791842058498338,1.642209561652695,0.037862490511049104,-0.006026195849458509,1.3734782308537439,0.1870729104671257,-0.021675606850312643,1.3026500253487896,0.4323850154679343,-0.18377415369579334,0.6162908955520352,0.43819909236881116,-0.04846400487551231,0.9753209414663694,0.37389100431803834,-0.12578034753732334,0.5441472576746088,0.32799739854422627,-0.12218612085855166,1.1888830434802353,0.30915799736976624,-0.08297740015515823,0.9514133358830648,0.4596786919413813,-0.6203564511032293,1.052970073475743,0.2744555389940344,-0.3321232729597597,1.5014710278305787,0.4841816086840156,-0.12102942919938375,1.0052109783058925,0.47044384099592435,-0.059623073021702416,0.8318934843240194,0.40888859573381625,-0.015136721914029675,0.4336817852215262,0.35282801491337895,-0.18318683631866184,1.3994475776786046,0.10137054332784864,-0.07568805059109697,1.3414580048314784,0.07512632097481498,-0.021946899861171352,1.2748656655778947,0.20790712920245746,-0.3249451530394175,1.180805113733999,0.34211683895019507,-0.6134161195218168,1.17108975202832,1.0021564960479736,-19.251453399658203,4.478639602661133,-0.6694203615188599,-0.5295957922935486,-2.476677179336548,186.26893615722656,-7.475998401641846,-815.617919921875,-158.3660888671875,91.17942810058594,14.912467956542969,-1.8700679540634155,24.49891471862793,-2.4159417152404785,-3.685725212097168,0.2847383916378021,2.61586332321167
0.15487149930158198,-0.4500165309337591,1.4582814365033283,0.14774207938585848,-0.30588084873774196,1.3778932915618087,0.025191268408732696,-0.5257738702344579,0.06922095870932206,0.24259276619020675,-0.5303271053642626,0.947366397901876,0.02521936939597524,-0.34405172897490444,1.596250935106088,-0.17211676561674535,-0.359544260217654,1.1203896794098103,0.10317489297579456,-0.26383351766510516,1.6417098629553586,-0.08925047867148128,-0.15606173359795122,1.3606768617566847,-0.13865679808405063,-0.2655152781120199,1.2398469392827016,0.09161363014124876,-0.585667539906028,0.08144020718454525,0.11291965787971256,-0.4074697768846095,0.5203734644201418,0.13524848193127587,-0.49494960015972717,0.04635280294232811,-0.08244319773272964,-0.35270421552342296,1.0784926422384402,0.2292260511821469,-0.3548379844387636,0.4716386597677572,0.3849921410052192,-0.6671848301066469,1.0199484983027376,0.01096007618313001,-0.43638373250203416,1.4077918568983774,0.14336776545900382,-0.44737902974450827,0.5873332098619828,0.06664192350889674,-0.42187375639448105,0.40729284483865397,0.07120046364945291,-0.3470401183658878,0.07902773750933591,-0.10611640158670628,-0.4111298681884412,1.2640024952541125,-0.043987120199479805,-0.19662775760454848,1.3003616380375742,-0.10761445548558077,-0.1474394541702523,1.266928587528254,0.49465688648602824,-0.12250837096512712,0.5433654698315046,0.48715211855654683,-0.42621675094231865,1.067509910128764,0.3457792480260331,-0.4693029522895813,1.3744417357918441,0.1486863348855088,-0.46549113262568087,1.600825413962863,0.35498152189696863,-0.055400208280181266,1.2579061085025207,0.22252949539399305,-0.3789106046916633,1.6418287185643683,0.0378353407002048,-0.005780336083165861,1.3732114501346815,0.18724599559575517,-0.021194780615485274,1.3025025650365463,0.4320110852355199,-0.18365069730392355,0.6177867082570562,0.43844288390203817,-0.04873515226390977,0.9768516251582973,0.3733397321590525,-0.12566676242462058,0.5458175622864274,0.328313128048221,-0.1214709103304819,1.1887961057637702,0.3093100336213775,-0.08328915476206912,0.9531243857958459,0.4600680030339601,-0.6203695571185738,1.052755525570042,0.27472085708024485,-0.3317924560300562,1.5010876829261022,0.4846104762412065,-0.12127077372263599,1.0063954260175592,0.4703649450216862,-0.0596557870901973,0.8334751381779348,0.4080866062088518,-0.014843798791434597,0.4353554377097957,0.35300471766895014,-0.18272827486723464,1.3992479605390535,0.10152916121759162,-0.07533489088743728,1.3411946904580325,0.07528238264930169,-0.02159498124969322,1.2745977798045076,0.20831626110913737,-0.32475140513173795,1.1803560312220593,0.34250332642075243,-0.613299090341227,1.1708183888567993,1.0237679481506348,-19.25199317932129,4.1839423179626465,-0.6116778254508972,-0.5469566583633423,-2.43694806098938,186.521484375,-6.815894603729248,-814.1819458007812,-157.86412048339844,90.98744201660156,15.1644287109375,-1.9739233255386353,24.45050048828125,-2.400341033935547,-3.7134623527526855,0.22045034170150757,2.6566452980041504
0.1552397965743447,-0.449788156970842,1.457841687447188,0.14809680434054887,-0.30564118847744354,1.3773064040979803,0.02526435846561529,-0.52573237474391,0.06928669048214195,0.24314113346156693,-0.5302326892385419,0.9470070612351627,0.025556173758420914,-0.34377619653742836,1.5957204196232044,-0.17151709428883546,-0.359760683399952,1.11950907051958,0.10349277630201632,-0.2635070382068489,1.6411455084156517,-0.0892771968482346,-0.15608493596414066,1.3599794122162245,-0.13844717345786411,-0.2657923477868371,1.2389504621360476,0.09171342411824804,-0.5855992072268038,0.08148374571310764,0.11305148589936707,-0.40729951049318375,0.5203453577709514,0.13528560373364695,-0.49482177143657446,0.0462447822661392,-0.08181160889467262,-0.3527283848614882,1.0777966208410579,0.229253810713228,-0.3544222956264256,0.471510176479027,0.3855734051556777,-0.6670824203467527,1.019619985724127,0.011300231165110761,-0.4360661491850354,1.4072350001098304,0.1435734180622543,-0.44721022124914145,0.5872084655311723,0.066762730528582,-0.42181553972872676,0.40730943708427697,0.0710438018084954,-0.3470977201367056,0.07916066638927981,-0.10574784645477668,-0.41108950331116356,1.2632125734493433,-0.043907487586091296,-0.1966802716156505,1.299689815731238,-0.10754416654786922,-0.14754872695104965,1.2661842472900617,0.4940953485618364,-0.1221384174431002,0.5451362680717808,0.48779242253856153,-0.4262517702007136,1.067252368327008,0.3461975451830207,-0.46890759468078613,1.3740806932875653,0.1490646440363088,-0.4651659622985796,1.6003201290076932,0.3552783475510332,-0.0546645298785228,1.2579114640390636,0.2228854451797261,-0.37856697759880925,1.6413724268509062,0.037811551952352196,-0.005500306606613451,1.372899162848264,0.187444770301612,-0.020640890447065147,1.3023307911607604,0.43157394452402925,-0.1835186139045172,0.619558795793167,0.43877821983091086,-0.04908112488341646,0.9786734398429756,0.3727287051101394,-0.12557136940936378,0.5477792754868008,0.3286974572188017,-0.12062535541045746,1.1886932397915038,0.3095088926273466,-0.08366262657407497,0.9551426098244079,0.4605424738186874,-0.6203643800999155,1.0524961985894385,0.275052989604852,-0.33138554434705253,1.5006370641143116,0.48510635925444545,-0.12154185808948333,1.0077915548883527,0.47028808315463416,-0.0597349882853643,0.8353312481318088,0.40714903027806065,-0.014508386310621709,0.43734497986487203,0.3532337759504255,-0.18218131590363207,1.3990177121383465,0.10172759376416932,-0.0749032445597333,1.3408664952445504,0.07545221762250591,-0.021197932679822912,1.274281247759497,0.20883708703794227,-0.3245203732358699,1.1798148443367307,0.34293506200739876,-0.6131702202637465,1.1705212954259077,1.086241602897644,-19.317787170410156,4.022974014282227,-0.5807884931564331,-0.5759100317955017,-2.43377685546875,186.7996063232422,-6.269991874694824,-812.8727416992188,-157.3630828857422,90.78581237792969,15.370193481445312,-2.0162477493286133,24.408628463745117,-2.0076193809509277,-3.742064952850342,0.22712866961956024,2.6759655475616455
0.15560809384710741,-0.44955978300792493,1.4574019383910477,0.14845152929523922,-0.30540152821714517,1.3767195166341517,0.02533744852249788,-0.5256908792533622,0.06935242225496184,0.2436895007329271,-0.5301382731128212,0.9466477245684491,0.025892978120866585,-0.3435006640999522,1.5951899041403208,-0.1709174229609256,-0.35997710658225,1.1186284616293496,0.1038106596282381,-0.2631805587485926,1.6405811538759447,-0.08930391502498791,-0.15610813833033013,1.3592819626757642,-0.1382375488316776,-0.2660694174616542,1.2380539849893937,0.09181321809524731,-0.5855308745475795,0.08152728424167001,0.11318331391902159,-0.40712924410175805,0.520317251121761,0.135322725536018,-0.4946939427134217,0.04613676158995029,-0.08118002005661562,-0.3527525541995535,1.0771005994436758,0.22928157024430912,-0.35400660681408763,0.47138169319029677,0.3861546693061361,-0.6669800105868586,1.0192914731455165,0.011640386147091513,-0.4357485658680366,1.4066781433212836,0.14377907066550474,-0.4470414127537746,0.5870837212003619,0.06688353754826729,-0.42175732306297253,0.4073260293298999,0.07088713996753788,-0.34715532190752346,0.07929359526922371,-0.10537929132284708,-0.4110491384338859,1.262422651644574,-0.04382785497270278,-0.19673278562675248,1.299017993424902,-0.10747387761015766,-0.14765799973184698,1.2654399070518696,0.4935338106376446,-0.12176846392107327,0.5469070663120572,0.48843272652057623,-0.42628678945910853,1.0669948265252525,0.3466158423400083,-0.46851223707199097,1.3737196507832863,0.14944295318710882,-0.46484079197147826,1.5998148440525233,0.3555751732050978,-0.05392885147686433,1.2579168195756065,0.22324139496545917,-0.3782233505059552,1.6409161351374444,0.037787763204499586,-0.005220277130061041,1.3725868755618469,0.18764354500746885,-0.02008700027864502,1.3021590172849744,0.43113680381253855,-0.1833865305051109,0.6213308833292778,0.4391135557597836,-0.04942709750292316,0.9804952545276541,0.37211767806122636,-0.125475976394107,0.5497409886871741,0.32908178638938246,-0.11977980049043305,1.1885903738192376,0.30970775163331565,-0.08403609838608084,0.95716083385297,0.4610169446034147,-0.6203592030812572,1.0522368716088353,0.27538512212945926,-0.3309786326640489,1.500186445302521,0.4856022422676844,-0.12181294245633068,1.0091876837591462,0.4702112212875821,-0.05981418948053129,0.8371873580856828,0.40621145434726946,-0.01417297382980882,0.4393345220199483,0.35346283423190084,-0.1816343569400295,1.3987874637376394,0.10192602631074703,-0.0744715982320293,1.3405383000310682,0.07562205259571012,-0.020800884109952605,1.2739647157144862,0.20935791296674713,-0.32428934134000187,1.1792736574514022,0.34336679759404515,-0.6130413501862658,1.170224201995016,1.0984781980514526,-19.355974197387695,4.11395788192749,-0.6582889556884766,-0.6099826693534851,-2.4749882221221924,187.12554931640625,-5.6720685958862305,-811.4878540039062,-156.77064514160156,90.51490783691406,15.614823341369629,-1.9615646600723267,24.461294174194336,-1.8846358060836792,-3.7024238109588623,0.27139586210250854,2.6515145301818848
0.15600879004360824,-0.4493060082887972,1.4569354977039313,0.14878100087705826,-0.3051394606070803,1.376179242963033,0.025420039722584924,-0.5256572509838255,0.06940179066547494,0.2443081164942277,-0.5300373416270642,0.9463181796650223,0.026198088394983703,-0.3432393516136321,1.5946645521564988,-0.17034958643431697,-0.36018786312925893,1.1177564111371703,0.10414624420173514,-0.2628903711671071,1.6400291795367437,-0.08928800002973995,-0.15613454501360458,1.3585630866470717,-0.13802008239540045,-0.2663139509937621,1.237179198604546,0.09190950282411464,-0.5854546949760804,0.08157002105568813,0.11331928010709238,-0.4069721253206398,0.520288595596686,0.13535856662799192,-0.49458707291756243,0.046059141268595956,-0.08053174132592239,-0.3527407264275267,1.0763779880589996,0.22931424678852227,-0.3536530781956698,0.4712680397148164,0.386707508800835,-0.6668447089313672,1.0189344190209118,0.011973725920173001,-0.43545660692334964,1.4061091096195955,0.14398920321405329,-0.4468835157077044,0.586970056030924,0.06700796562413505,-0.4216975309201424,0.4073452643112631,0.07077971432629405,-0.34718917971415236,0.07938998070428308,-0.10497891663616858,-0.41104676796505785,1.2616273833821152,-0.04377933104355999,-0.19682774349849744,1.2983627796962562,-0.10739808339650268,-0.1477395339517404,1.264692781776782,0.49292956203814375,-0.12150127343241347,0.5486021298446402,0.48909105192746544,-0.42632162067669116,1.0667233188815464,0.3470116508322836,-0.4680978670124187,1.3733507817154689,0.1498540068501668,-0.4644833497752417,1.5993044769132374,0.3558751599776824,-0.05316590715742469,1.2579201015810304,0.22357283845938594,-0.3778954121154665,1.6404390267978441,0.03779544397596492,-0.004964331885805941,1.3722149844201195,0.18784685810374108,-0.019511280541265073,1.3019975500785752,0.4307237374072043,-0.18327851887076896,0.6230895538993229,0.4394643008708954,-0.0497360165533147,0.9823228527378561,0.37151020345901026,-0.12535577977927315,0.5516836945189545,0.32946965276010776,-0.11890921708418442,1.1884787461615556,0.3098822618951861,-0.08441178348926913,0.9591626424268381,0.4615386339607617,-0.6203284423477602,1.0519380255645474,0.2757246492319549,-0.3305669335636082,1.499736192407987,0.48612944169944483,-0.1221363174155453,1.0105796452389648,0.4701629263774449,-0.05992396763643089,0.8390138998923712,0.4052776951367492,-0.013893052129173623,0.4412926867702938,0.3537150571085759,-0.18110059386748353,1.3985498360055961,0.1021262655737779,-0.07405394569828812,1.3402337877955657,0.0758144829594931,-0.020372932049020253,1.273648163340739,0.20986208203711254,-0.3240144857705034,1.178766053638711,0.3438215808856566,-0.6128831762351737,1.16993052379185,1.0388109683990479,-19.350820541381836,4.302648544311523,-0.7235596776008606,-0.5985914468765259,-2.5059378147125244,187.33416748046875,-5.121910572052002,-810.135498046875,-156.33154296875,90.27567291259766,15.844780921936035,-1.8579769134521484,24.50726318359375,-2.1893606185913086,-3.6232657432556152,0.2866295874118805,2.612229585647583
0.15644031240055892,-0.4490280658598767,1.4564436610960803,0.14908644497789295,-0.30485607338267445,1.375683320279153,0.025511670845332523,-0.5256311080313676,0.06943559005165732,0.2449935706245978,-0.529930211060884,0.946016980322781,0.02647304312874939,-0.3429915687895769,1.5941441130164444,-0.16981203933030564,-0.36039322812036173,1.116892503586826,0.10449867073865916,-0.26263471372080166,1.6394889844174416,-0.08923152143394711,-0.15616400046459097,1.3578238242509348,-0.13779515481942536,-0.2665275278075641,1.236325050031902,0.0920024486567011,-0.5853710494294072,0.08161199507334374,0.1134591835816175,-0.4068275159163191,0.5202594178401871,0.13539318917997625,-0.49450014462534164,0.04601044555669589,-0.07986758289155581,-0.3526946489779365,1.0756300774631122,0.22935160165590956,-0.35335869228603034,0.4711684961587388,0.38723330347743257,-0.6666781120742393,1.0185502088622542,0.012300581319738697,-0.4351890284494059,1.4055284901170542,0.14420359823482715,-0.4467360004289261,0.5868669321994908,0.067135838976759,-0.42163623977970605,0.40736701374022377,0.07071913477798171,-0.34720044617621315,0.07945159664809309,-0.10454826703332118,-0.41108054751591966,1.2608270281987475,-0.04376040566835972,-0.19696308484930075,1.2977233683036653,-0.10731705115330929,-0.14779467614281255,1.2639430066607646,0.4922846760970867,-0.12133185748035545,0.5502251351116508,0.4897665239327791,-0.4263562729816563,1.066438523349383,0.34738606234259956,-0.467665407436573,1.3729744660143821,0.15029621548605282,-0.46409520230545903,1.5987892742978027,0.35617815441643164,-0.05237702050844565,1.2579214107121852,0.22388096528732224,-0.3775824008398498,1.6399421123479376,0.03783306662017936,-0.004731301736357986,1.3717863828141168,0.18805448928021437,-0.01891479092273886,1.3018458892178062,0.4303335766523879,-0.18319341046920676,0.6248354588123347,0.4398297071456909,-0.050009680751538436,0.9841559537199159,0.3709061088546222,-0.1252119836230941,0.5536083156699376,0.3298608846222328,-0.11801482016677099,1.1883587821429928,0.3100336053908266,-0.08478957444232031,0.961148832412745,0.46210524972700917,-0.6202733398273291,1.051601578857725,0.2760712119522474,-0.33015067944463516,1.4992862876677355,0.48668643733523537,-0.12250944458885699,1.0119676416283412,0.47014181167874114,-0.060062838434580934,0.8408123088988247,0.40434756736881683,-0.013665927481523017,0.4432209972908955,0.35398932008553813,-0.18057938610875843,1.3983051871621845,0.10232822384857973,-0.07364960764812319,1.3399518088789175,0.07602841185023453,-0.019915576666494867,1.2733315916250874,0.21035040283439965,-0.3236979338901722,1.1782904026524121,0.34429829306160376,-0.6126971209286064,1.1696400950286563,0.9910533428192139,-19.354671478271484,4.488160610198975,-0.7002332806587219,-0.5502599477767944,-2.5171775817871094,187.47691345214844,-4.552229404449463,-808.4074096679688,-155.97427368164062,90.03461456298828,16.088218688964844,-1.7886173725128174,24.515748977661133,-2.448748826980591,-3.6063218116760254,0.24909168481826782,2.592947244644165
0.1568718347575096,-0.44875012343095627,1.4559518244882292,0.1493918890787276,-0.30457268615826866,1.3751873975952729,0.02560330196808012,-0.5256049650789096,0.06946938943783969,0.24567902475496792,-0.5298230804947038,0.9457157809805397,0.02674799786251507,-0.34274378596552163,1.5936236738763898,-0.16927449222629434,-0.3605985931114645,1.1160285960364815,0.10485109727558316,-0.26237905627449615,1.6389487892981396,-0.08917504283815425,-0.15619345591557737,1.3570845618547982,-0.1375702272434503,-0.26674110462136613,1.2354709014592582,0.09209539448928754,-0.585287403882734,0.08165396909099935,0.1135990870561426,-0.40668290651199834,0.5202302400836881,0.1354278117319606,-0.49441321633312085,0.04596174984479582,-0.07920342445718927,-0.35264857152834633,1.0748821668672246,0.22938895652329686,-0.3530643063763909,0.4710689526026612,0.3877590981540301,-0.6665115152171116,1.0181659987035967,0.01262743671930438,-0.43492144997546217,1.4049478706145129,0.14441799325560103,-0.44658848515014776,0.5867638083680576,0.06726371232938293,-0.4215749486392697,0.40738876316918443,0.07065855522966938,-0.34721171263827394,0.0795132125919031,-0.10411761743047379,-0.4111143270667815,1.2600266730153797,-0.043741480293159454,-0.19709842620010407,1.2970839569110744,-0.10723601891011592,-0.14784981833388475,1.2631932315447472,0.4916397901560297,-0.12116244152829742,0.5518481403786615,0.4904419959380927,-0.4263909252866214,1.0661537278172195,0.3477604738529155,-0.4672329478607273,1.3725981503132954,0.1507384241219388,-0.46370705483567637,1.5982740716823678,0.35648114885518095,-0.051588133859466645,1.2579227198433403,0.22418909211525853,-0.3772693895642331,1.6394451978980311,0.0378706892643938,-0.0044982715869100395,1.3713577812081141,0.18826212045668766,-0.01831830130421267,1.3016942283570372,0.4299434158975715,-0.18310830206764456,0.6265813637253465,0.44019511342048645,-0.05028334494976216,0.9859890547019756,0.3703020142502343,-0.1250681874669151,0.5555329368209208,0.3302521164843578,-0.11712042324935759,1.18823881812443,0.31018494888646714,-0.08516736539537148,0.9631350223986518,0.4626718654932565,-0.620218237306898,1.0512651321509026,0.2764177746725398,-0.3297344253256621,1.498836382927484,0.4872434329710259,-0.12288257176216864,1.0133556380177176,0.47012069698003744,-0.06020170923273097,0.8426107179052782,0.40341743960088455,-0.013438802833872424,0.44514930781149703,0.35426358306250033,-0.18005817835003335,1.398060538318773,0.10253018212338157,-0.07324526959795825,1.3396698299622694,0.07624234074097595,-0.019458221283969505,1.2730150199094357,0.2108387236316867,-0.32338138200984096,1.1778147516661133,0.34477500523755095,-0.6125110656220392,1.1693496662654623,1.0048060417175293,-19.34824562072754,4.688188552856445,-0.669976532459259,-0.5102258920669556,-2.5117313861846924,187.5809783935547,-3.957263231277466,-806.3685913085938,-155.4718475341797,89.75183868408203,16.342519760131836,-1.8224940299987793,24.5513916015625,-2.2667181491851807,-3.6687734127044678,0.21414904296398163,2.61043119430542
0.1572820581249054,-0.44846416368389763,1.4554548543810055,0.14975538701805846,-0.30429840837882843,1.3746775440032908,0.025716138972795954,-0.5255709205636915,0.06950402175945951,0.24628193775154897,-0.5296895979650763,0.9454056433099784,0.027069141508530303,-0.3424760831507626,1.593109938482575,-0.16870100307740912,-0.36083311335929974,1.1151546831952026,0.10517469694874934,-0.2620826277709165,1.6384211158910336,-0.08914992891696115,-0.15621990172673536,1.356346950231009,-0.1373056232534497,-0.26698842161143854,1.2345926958993572,0.09219540139993294,-0.5852082375659059,0.08169335748580907,0.11374313759290619,-0.4065398874859147,0.5202029748073477,0.1354636497154141,-0.49433611214950385,0.0459298040619157,-0.07857606868376796,-0.3526732357132514,1.0741595815349099,0.2294294619501032,-0.35274688011368377,0.4709859016715296,0.3882928296232855,-0.6663776922304899,1.0177717429912643,0.012977966452819222,-0.43464673996366415,1.4043653386318131,0.14463769792523604,-0.44643667182385527,0.5866649322557134,0.06740162871926036,-0.42150140252729124,0.4074023493275737,0.07063159255298558,-0.34720050242562955,0.07953074964269108,-0.10368165062950148,-0.41114684337417023,1.2592325988194801,-0.0437491698474284,-0.19724381813742467,1.2964456930065786,-0.10716353117531499,-0.14796907138942883,1.262401744229904,0.4910471753174106,-0.12102345791676186,0.5534761583568244,0.4910946087726694,-0.4264139819224149,1.0658682880812134,0.34813655123410636,-0.46680661325423134,1.3722124936564868,0.15118540137611478,-0.4633106434384719,1.5977472532663914,0.3567894730741614,-0.05078179205440923,1.2579366916062815,0.22449446346191382,-0.3770020865644051,1.6389983300341675,0.03790440705191615,-0.004255774306805672,1.3709585110083322,0.18846976673168853,-0.01772905960802409,1.3015094312611004,0.42955755822311176,-0.18304355906334935,0.6283023560678722,0.4405262963661295,-0.05061068189706628,0.9877735384252687,0.3697681378647192,-0.12498232561922232,0.5573993481152895,0.3306410835673477,-0.11623236268067992,1.1881343955235766,0.3103677929434555,-0.0855439044288452,0.9650897772501635,0.4632054456811867,-0.620144996422016,1.0509054135802567,0.27674390405219124,-0.32938072440640026,1.4983749630435412,0.48778092130919953,-0.1232297093366945,1.0147169603417252,0.4701251340228201,-0.06034829349115195,0.8443913911746826,0.4025020127659602,-0.013242055637305543,0.44706379311368954,0.3545161544881909,-0.1795442933771784,1.397816896043866,0.10275423835148874,-0.07278128984748133,1.339363592744663,0.07647193812870032,-0.018987801271361238,1.2726934556140015,0.21132964389213663,-0.32307591748158665,1.1773156878964002,0.34525956361499055,-0.6123446585326795,1.1690522116541073,1.0679233074188232,-19.287620544433594,4.979555130004883,-0.7086506485939026,-0.4837014973163605,-2.480818271636963,187.63894653320312,-3.479529619216919,-805.02978515625,-154.9588623046875,89.53746795654297,16.522192001342773,-1.9321800470352173,24.620819091796875,-1.9345959424972534,-3.757768392562866,0.21357989311218262,2.652383804321289
0.1576716089436155,-0.44817042242217536,1.4549529017596845,0.15017523133004737,-0.30403297211950187,1.374154169235798,0.0258495581570692,-0.5255292068846178,0.06953946251841571,0.24680473729474653,-0.5295305385297497,0.9450868302031069,0.02743511556937599,-0.34218904622737933,1.5926027096659932,-0.1680926290026169,-0.36109593135631635,1.1142710593362517,0.10547031760709175,-0.26174662735880605,1.6379055959104702,-0.0891552571799384,-0.1562434264168834,1.3556109408274393,-0.13700250980277726,-0.2672684864196556,1.2336911409106477,0.09230226170987088,-0.5851334187368683,0.08173023630550366,0.11389121321948947,-0.4063984120622376,0.5201775657617493,0.1355006673823524,-0.4942685431301199,0.045914115563084355,-0.07798443314008761,-0.35276656089634295,1.0734615766054747,0.2294730252728162,-0.3524070911553522,0.4709188582881397,0.3888342644501206,-0.6662756791770064,1.0173677371827183,0.013351474216343542,-0.4343651081651252,1.4037809504183711,0.14486255607758924,-0.4462806868632108,0.5865701789295437,0.06754929276294266,-0.4214159618841102,0.4074080123115849,0.07063725801641184,-0.34716747661694786,0.07950550423848708,-0.10324052301858436,-0.4111781335923056,1.2584446208761229,-0.043782691539123356,-0.19739896505577675,1.2958085428405282,-0.10709933663983613,-0.1481505496957839,1.2615697715456122,0.4905052941958636,-0.1209140115769099,0.5551090416134588,0.49172503476506035,-0.42642578393813,1.0655822230885361,0.34851424548996995,-0.4663862234709279,1.3718177707779486,0.15163700699510163,-0.46290621117053443,1.5972091606910654,0.3571029703151311,-0.04995850848021691,1.2579629535706627,0.22479716037085515,-0.3767791474793131,1.638600036797934,0.03793433483147266,-0.004004088341064189,1.3705877095263526,0.1886774276611426,-0.01714685265998672,1.3012924725251482,0.42917587706782173,-0.18299858247404857,0.6299991685625733,0.4408242625511245,-0.05099011298318374,0.9895108348091706,0.3693024144563454,-0.12495269412976621,0.55920926160765,0.3310278524823536,-0.11535045209753989,1.1880450572399115,0.31058121107469333,-0.08591922836390552,0.9670140215300566,0.4637069619254561,-0.6200541506539907,1.0505231076123698,0.27705020107180867,-0.32908773688685816,1.497902366696604,0.4882994760938038,-0.12355162171239883,1.0160523931316983,0.47015437128528065,-0.06050236434336529,0.8461548503463631,0.4016008544836613,-0.013074792437378741,0.44896485982154377,0.3547476723494119,-0.17903751581413857,1.3975742307325072,0.10299974259309816,-0.07225942256434865,1.3390338107055386,0.07671674317526106,-0.01850470088249604,1.2723670455793672,0.21182308716095044,-0.3227812142068187,1.1767938999545495,0.34575173742329046,-0.6121973217717859,1.168747937837184,1.1133387088775635,-19.2457275390625,5.023815631866455,-0.7740964889526367,-0.5060700178146362,-2.4588894844055176,187.50750732421875,-2.9326138496398926,-802.9053955078125,-154.3170166015625,89.23500061035156,16.739532470703125,-1.9706485271453857,24.566627502441406,-1.7333139181137085,-3.7448346614837646,0.2774088978767395,2.682190179824829
0.15806115976232565,-0.44787668116045315,1.4544509491383635,0.15059507564203628,-0.30376753586017535,1.373630794468305,0.02598297734134244,-0.5254874932055442,0.0695749032773719,0.24732753683794412,-0.5293714790944232,0.9447680170962353,0.027801089630221678,-0.3419020093039961,1.5920954808494114,-0.16748425492782468,-0.361358749353333,1.113387435477301,0.10576593826543415,-0.2614106269466956,1.637390075929907,-0.08916058544291566,-0.15626695110703145,1.3548749314238693,-0.1366993963521048,-0.26754855122787274,1.232789585921938,0.0924091220198088,-0.5850585999078308,0.08176711512519824,0.11403928884607277,-0.4062569366385605,0.520152156716151,0.13553768504929067,-0.494200974110736,0.045898427064253004,-0.07739279759640727,-0.3528598860794345,1.0727635716760395,0.22951658859552926,-0.3520673021970206,0.4708518149047498,0.3893756992769557,-0.6661736661235228,1.0169637313741722,0.013724981979867865,-0.43408347636658623,1.4031965622049294,0.14508741422994248,-0.44612470190256637,0.586475425603374,0.06769695680662496,-0.4213305212409291,0.4074136752955961,0.07064292347983808,-0.34713445080826616,0.07948025883428309,-0.10279939540766724,-0.41120942381044095,1.2576566429327656,-0.04381621323081831,-0.1975541119741288,1.2951713926744777,-0.10703514210435729,-0.14833202800213896,1.2607377988613204,0.48996341307431657,-0.12080456523705792,0.5567419248700931,0.49235546075745135,-0.42643758595384507,1.0652961580958586,0.34889193974583355,-0.4659658336876244,1.3714230478994105,0.1520886126140885,-0.46250177890259697,1.5966710681157397,0.3574164675561008,-0.04913522490602458,1.2579892155350438,0.22509985727979648,-0.3765562083942211,1.6382017435617005,0.03796426261102916,-0.003752402375322706,1.370216908044373,0.1888850885905967,-0.016564645711949346,1.3010755137891958,0.4287941959125317,-0.1829536058847478,0.6316959810572744,0.44112222873611956,-0.0513695440693012,0.9912481311930725,0.3688366910479716,-0.12492306264031013,0.5610191751000106,0.33141462139735944,-0.11446854151439985,1.1879557189562462,0.3107946292059311,-0.08629455229896582,0.9689382658099496,0.46420847816972544,-0.6199633048859653,1.050140801644483,0.2773564980914261,-0.32879474936731606,1.4974297703496668,0.488818030878408,-0.12387353408810317,1.0173878259216713,0.4701836085477412,-0.06065643519557864,0.8479183095180435,0.40069969620136237,-0.012907529237451938,0.450865926529398,0.3549791902106329,-0.17853073825109875,1.3973315654211487,0.10324524683470757,-0.07173755528121596,1.3387040286664142,0.07696154822182182,-0.01802160049363084,1.2720406355447327,0.21231653042976428,-0.32248651093205083,1.1762721120126989,0.34624391123159043,-0.6120499850108924,1.1684436640202605,1.0677249431610107,-19.287696838378906,4.715863227844238,-0.7762342691421509,-0.5502715110778809,-2.48099684715271,187.38238525390625,-2.499701738357544,-800.4466552734375,-153.6853790283203,88.92456817626953,16.99351692199707,-1.9194684028625488,24.422807693481445,-1.6610780954360962,-3.6331896781921387,0.39252519607543945,2.7032294273376465
0.1584476033682065,-0.4476019768722799,1.4539550365201686,0.150964803376932,-0.30349499811202485,1.3731080177209236,0.026078455264229843,-0.5254551285742134,0.06962728046423552,0.24789798114177405,-0.5292212005877337,0.9444170404743675,0.028174147737638038,-0.34161750399908486,1.5916126911213857,-0.16688717595788818,-0.3616201819370914,1.1124958579508675,0.10608774223765789,-0.26110709404313803,1.6368897257261719,-0.08911463223545757,-0.15628098970316104,1.3540953462881757,-0.13641294523678868,-0.26781538484112316,1.2319193273190632,0.09251227958855644,-0.5849785484028178,0.08180623527443567,0.11419251865849195,-0.40611059731797666,0.520119132881133,0.13558281834749197,-0.4941281325473691,0.045879859347759885,-0.07678652052699732,-0.3529397358760139,1.0720281306876251,0.22957282496110493,-0.35173162462695545,0.4708015858534946,0.38991807100196546,-0.6660455295581691,1.0165833473600299,0.014079987717521001,-0.4338190575802563,1.402619509704855,0.14531771934881116,-0.44595723993928227,0.586379286863946,0.06784323294529851,-0.42124640620899517,0.4074254630022491,0.07065574151297278,-0.3470963916636461,0.07944263565964652,-0.1023623717097652,-0.41126826282171225,1.2568728112621812,-0.0437598450245052,-0.19765164214648948,1.294478825978096,-0.10698482537309066,-0.14848176389932632,1.2599056467709953,0.4894109220792916,-0.12066412899667854,0.5583434120708743,0.4930027409499844,-0.4264650162284737,1.0650119668995308,0.34928391671535985,-0.4655280913540859,1.37104000634705,0.15250931305206372,-0.4621042637339491,1.5961112076083557,0.3577319282964365,-0.04832647010585333,1.2580064274617377,0.22542060692085333,-0.3762950657910069,1.6377723532796695,0.038015567117820906,-0.0034828607593539785,1.3698443922380739,0.1890797226486222,-0.015975716955565086,1.3008836519639224,0.42842048835872815,-0.18293211404357526,0.6333809328197643,0.4414815517845533,-0.051724669375512365,0.9929625732417138,0.36826651346012457,-0.12490930360131311,0.5628444776432403,0.3318196398927676,-0.1135769853652116,1.1878578090509833,0.3110271291622263,-0.08669349179905375,0.9708461542397934,0.4646916052955665,-0.6199312444948992,1.0497884166161746,0.27767832868343945,-0.328443723995954,1.496954542714239,0.4893423914415947,-0.12427099384614172,1.0187016701856195,0.47023273994591064,-0.06082226960173505,0.8496602100647048,0.39981848687328253,-0.012751094717840786,0.4527344559596863,0.35524213402871263,-0.17800690714787964,1.397111525204008,0.10346174959266027,-0.07126946246485838,1.3383559272778744,0.07719159712213158,-0.01755288279991574,1.2716947499884674,0.21277976371594612,-0.3222048295452105,1.1757581980023164,0.3467237209740853,-0.6119074025098852,1.1681280676892263,0.9995501637458801,-19.352706909179688,4.300070762634277,-0.6820384860038757,-0.5631929039955139,-2.514287233352661,187.45472717285156,-2.161088466644287,-798.0733032226562,-153.06163024902344,88.64822387695312,17.240503311157227,-1.9212098121643066,24.43412971496582,-1.7338496446609497,-3.60111403465271,0.42126360535621643,2.700374126434326
0.15883097052574158,-0.44734612107276917,1.4534651041030884,0.15128491073846817,-0.303215429186821,1.3725858330726624,0.026136367581784725,-0.5254320204257965,0.06969642639160156,0.24851559847593307,-0.5290796160697937,0.944034218788147,0.028554219752550125,-0.3413355052471161,1.5911540985107422,-0.16630128026008606,-0.36188024282455444,1.111596405506134,0.10643547028303146,-0.2608357071876526,1.6364043951034546,-0.08901790529489517,-0.1562856361269951,1.3532726168632507,-0.13614299148321152,-0.2680691182613373,1.2310800552368164,0.09261177107691765,-0.5848933160305023,0.08184757456183434,0.11435085162520409,-0.40595944225788116,0.52007856965065,0.13563598692417145,-0.494050070643425,0.045858440920710564,-0.07616574689745903,-0.3530062437057495,1.071255624294281,0.2296416088938713,-0.3514000177383423,0.470768004655838,0.39046137034893036,-0.6658915281295776,1.016226351261139,0.014416674617677927,-0.4335716813802719,1.402049720287323,0.14555341750383377,-0.44577841460704803,0.5862817764282227,0.06798813492059708,-0.4211636036634445,0.4074433147907257,0.07067564129829407,-0.3470533490180969,0.07939275726675987,-0.10192941129207611,-0.4113543778657913,1.2560930848121643,-0.043614476919174194,-0.1976921260356903,1.2937313914299011,-0.10694824904203415,-0.14860007166862488,1.2590733170509338,0.48884792625904083,-0.12049300968647003,0.5599138140678406,0.49366670846939087,-0.4265079200267792,1.064729630947113,0.3496900349855423,-0.4650731682777405,1.3706685304641724,0.15289941430091858,-0.46171359717845917,1.5955297946929932,0.35804933309555054,-0.0475321002304554,1.2580146789550781,0.22575923055410385,-0.37599609792232513,1.6373121738433838,0.03808803670108318,-0.0031956402817741036,1.3694701790809631,0.18926145881414413,-0.0153801329433918,1.3007166385650635,0.42805467545986176,-0.18293387442827225,0.6350541412830353,0.44190162420272827,-0.05205572955310345,0.9946543872356415,0.367592915892601,-0.12491125985980034,0.5646850168704987,0.3322427272796631,-0.11267587915062904,1.1877514123916626,0.3112785220146179,-0.0871158130466938,0.9727378487586975,0.46515652537345886,-0.6199573874473572,1.0494656562805176,0.27801553905010223,-0.32803523540496826,1.4964767098426819,0.4898725003004074,-0.12474325299263,1.0199941396713257,0.4703015685081482,-0.06099975109100342,0.8513807654380798,0.3989570289850235,-0.012605381663888693,0.4545707702636719,0.35553619265556335,-0.17746619135141373,1.3969138860702515,0.10364953801035881,-0.07085461169481277,1.3379896879196167,0.07740703597664833,-0.01709840539842844,1.2713295817375183,0.21321308612823486,-0.3219360411167145,1.175252079963684,0.34719128906726837,-0.6117695271968842,1.1678012609481812,1.0285841226577759,-19.318359375,4.089990615844727,-0.5917958617210388,-0.5568373799324036,-2.498896598815918,187.64096069335938,-1.6322214603424072,-795.4593505859375,-152.40408325195312,88.35063171386719,17.492809295654297,-1.9811973571777344,24.5661563873291,-1.775134563446045,-3.6748414039611816,0.35638874769210815,2.6848769187927246
0.1592143376832766,-0.4470902652732584,1.4529751716860082,0.15160501810000432,-0.3029358602616171,1.372063648424401,0.026194279899339604,-0.5254089122773796,0.0697655723189676,0.24913321581009207,-0.5289380315518537,0.9436513971019265,0.0289342917674622,-0.3410535064951474,1.590695505900099,-0.16571538456228396,-0.3621403037120175,1.1106969530614006,0.10678319832840502,-0.26056432033216714,1.6359190644807373,-0.08892117835433277,-0.15629028255082913,1.3524498874383257,-0.13587303772963435,-0.2683228516815514,1.2302407831545696,0.09271126256527885,-0.5848080836581868,0.081888913849233,0.11450918459191622,-0.40580828719778567,0.5200380064201671,0.13568915550085092,-0.4939720087394809,0.04583702249366124,-0.07554497326792077,-0.3530727515354851,1.0704831179009369,0.2297103928266377,-0.3510684108497291,0.47073442345818145,0.39100466969589526,-0.6657375267009862,1.015869355162248,0.014753361517834839,-0.43332430518028753,1.401479930869791,0.14578911565885638,-0.4455995892748138,0.5861842659924994,0.06813303689589563,-0.42108080111789387,0.40746116657920234,0.07069554108361535,-0.34701030637254776,0.07934287887387323,-0.10149645087438704,-0.4114404929098704,1.2553133583621474,-0.043469108813843194,-0.19773260992489114,1.2929839568817063,-0.10691167271097764,-0.14871837943792343,1.2582409873308724,0.4882849304387901,-0.12032189037626152,0.5614842160648068,0.4943306759887973,-0.42655082382508464,1.0644472949946953,0.35009615325572474,-0.46461824520139505,1.3702970545812947,0.1532895155497734,-0.46132293062296925,1.5949483817776307,0.35836673789466456,-0.0467377303550575,1.2580229304484185,0.22609785418735434,-0.37569713005364336,1.636851994407098,0.03816050628434546,-0.002908419804194241,1.3690959659238524,0.18944319497966608,-0.01478454893121854,1.3005496251662045,0.42768886256099536,-0.18293563481296923,0.6367273497463062,0.44232169662090326,-0.052386789730694515,0.9963462012295691,0.36691931832507746,-0.12491321611828757,0.5665255560977569,0.3326658146665586,-0.11177477293604653,1.187645015732342,0.31152991486700954,-0.08753813429433384,0.9746295432776015,0.4656214454513512,-0.6199835303998151,1.0491428959448605,0.278352749416765,-0.3276267468139825,1.4959988769711248,0.4904026091592201,-0.12521551213911827,1.0212866091570316,0.47037039707038575,-0.06117723258027177,0.8531013208114548,0.3980955710967645,-0.012459668609936605,0.4564070845676574,0.3558302512824141,-0.17692547555494784,1.3967162469364949,0.10383732642805735,-0.07043976092476718,1.337623448561359,0.07762247483116506,-0.01664392799694116,1.2709644134865692,0.2136464085405236,-0.32166725268821844,1.1747459619250518,0.3476588571604514,-0.6116316518838832,1.1674744542071362,1.1442673206329346,-19.2028751373291,3.9727671146392822,-0.5957882404327393,-0.6039490699768066,-2.441417932510376,187.4160919189453,-1.084764003753662,-792.87841796875,-151.81411743164062,88.05745697021484,17.649517059326172,-2.01969313621521,24.61249542236328,-1.8008911609649658,-3.7772457599639893,0.2526478171348572,2.670759677886963
0.15954834844497656,-0.44687293538984085,1.4525721988930607,0.1518740519782565,-0.30270069877043465,1.371625857637418,0.026245685911040432,-0.5253797055080237,0.06982796091512339,0.24963456708074405,-0.5288343907192053,0.9433325813306088,0.029211884993591054,-0.3408382965239468,1.5903049652150134,-0.16524115875856765,-0.36237091753656503,1.1099617686492718,0.10708785239631766,-0.2603297867127602,1.6355203579593178,-0.08885134258215001,-0.15629715921468293,1.3517756169994934,-0.13562787565963946,-0.26852641456964,1.2295549042177516,0.09279642772200881,-0.5847397162424808,0.08192449620622673,0.11464964973413391,-0.405674752020678,0.5200015188052954,0.135733146541166,-0.4939063217071508,0.04581503293766881,-0.07502542268361477,-0.35314414911712244,1.069854156070987,0.2297640066865264,-0.3507785222782994,0.4707034178916982,0.39146189263324865,-0.6656288011184591,1.0155873780218971,0.01504399991341379,-0.4331415565992823,1.4010105614630592,0.14598085785543682,-0.44545492312766066,0.5861001567335318,0.06824932814828608,-0.42101263822309226,0.4074789147503329,0.07071043763137022,-0.3469714084208406,0.07930401229108407,-0.1011465113881408,-0.41151908336096255,1.2546723212627386,-0.04336525117423361,-0.19778846125334304,1.29235002773487,-0.10682467790628901,-0.14881755747147743,1.257522518271642,0.4878519941244694,-0.12021036460896992,0.5627813939227173,0.49489881719974493,-0.4265772524653681,1.0642203795199363,0.3504281851234815,-0.4642586846225309,1.3699819465346683,0.15359799840197658,-0.4609954361094544,1.5944784413899806,0.358631164624991,-0.04607454065652873,1.2580411884168916,0.2264094262920468,-0.3754298148171002,1.6364412749839934,0.03821448017133782,-0.002644660907322606,1.368804251910835,0.18959482043784184,-0.014299493172014791,1.3004135193414246,0.42738870358625,-0.18294344694409148,0.638117949299465,0.4426526334506786,-0.05267700123668506,0.9977558503877249,0.36643761514827905,-0.12493010931062383,0.5680319047132075,0.3330078782230024,-0.11101210936410538,1.187554013650149,0.3118178747742381,-0.08788798754381028,0.976175659144951,0.4660554184818899,-0.6199666178779096,1.0488733850567546,0.2786400310251097,-0.32727891877787,1.495604707705264,0.4908724423275878,-0.12554568476629574,1.0223552257019952,0.47044489004754075,-0.06134320267580992,0.8545206161524286,0.39741175281290975,-0.012364304488808509,0.457919920319753,0.3560755801516653,-0.17647700386726303,1.396535620784128,0.10400010235854332,-0.07009447069949662,1.3372932877761639,0.07780819401046297,-0.016241557785118658,1.2706686392525175,0.21401695611066376,-0.3214331859389678,1.1743487111780029,0.34804873691489363,-0.6114904904207646,1.1672062652789994,1.2226111888885498,-19.158937454223633,4.061765193939209,-0.6487992405891418,-0.6292299628257751,-2.410881757736206,186.85910034179688,-0.5305994749069214,-789.9728393554688,-151.10658264160156,87.71044158935547,17.82621955871582,-2.001237630844116,24.559188842773438,-1.8858639001846313,-3.810901165008545,0.21959027647972107,2.6574463844299316
0.159832509246883,-0.4466945166816775,1.4522570553204872,0.15209150163839194,-0.3025103887876138,1.3712733046503256,0.026290520553828665,-0.5253443391315195,0.06988352460675681,0.2500184896272539,-0.5287690730087015,0.943078411533343,0.029385974643048856,-0.34069054322132214,1.589983156974742,-0.16487971954787806,-0.3625717898275678,1.1093924949500735,0.10734900174699477,-0.26013247486179236,1.635209141780209,-0.08880866689003067,-0.15630628842095665,1.3512512901366152,-0.1354077531900627,-0.2686793052202818,1.2290239523578164,0.09286712328379122,-0.5846883824329503,0.08195426406351146,0.11477206837361222,-0.405559012925388,0.5199691475621911,0.13576786826975298,-0.4938531332951508,0.04579246654144384,-0.07460810737499339,-0.3532204853481804,1.0693701742500659,0.22980229877280872,-0.3505307692072249,0.4706750137126998,0.39183217839689444,-0.6655658041404573,1.0153811700296718,0.015288129319368998,-0.43302408191344594,1.4006426162672359,0.14612820453399064,-0.44534475775743954,0.5860295826630877,0.06833672257053931,-0.42095926137554723,0.4074965582679439,0.070720280909183,-0.3469366966099139,0.07927626763649334,-0.10088042304265184,-0.4115900739731378,1.254171360407444,-0.04330331910500266,-0.19785983369543853,1.2918307390434063,-0.10668676044323191,-0.14889741447192945,1.2569190484798507,0.48755041791113796,-0.12015902832002434,0.5638026154001817,0.4953701738391491,-0.42658704119604945,1.0640494387276125,0.3506853897247883,-0.4639954401661229,1.3697237700026557,0.15382404667356156,-0.4607317453583345,1.59412108825532,0.35884208350584207,-0.04554384293663779,1.2580695529252488,0.22669367635289564,-0.37519446873901696,1.6360805101742018,0.038249773405097574,-0.0024045982069662818,1.3685958620333514,0.18971603408159798,-0.013926070948310254,1.3003086301664644,0.4271548550748667,-0.18295737133910325,0.6392231138534104,0.44289354333617037,-0.052925955584359086,0.9988805130617507,0.36614972530611306,-0.1249620888061476,0.5692007208107323,0.3332681077106899,-0.11038927286123204,1.1874785600908544,0.31214276740685204,-0.08816464811514149,0.9773727405742304,0.46645813499460154,-0.6199062193268972,1.048657656110675,0.27887688458755316,-0.3269923579021795,1.4952950386811565,0.49128139704860596,-0.12573235000896926,1.0231977507768089,0.47052510408376225,-0.06149754626368055,0.8556356388606773,0.3969073505295034,-0.012319792789832647,0.4591060427344398,0.35627169196574104,-0.1761216987294472,1.3963721777429643,0.10413761567694461,-0.06981943662444882,1.3369995663497622,0.07796389631778988,-0.01589181583485758,1.2704429529755321,0.21432410109023384,-0.321234188085755,1.1740614163954526,0.3483601514472077,-0.6113460099460274,1.1669972803419,1.212671160697937,-19.262069702148438,4.317445755004883,-0.647070586681366,-0.5615253448486328,-2.438338279724121,186.47238159179688,-0.15977707505226135,-787.3882446289062,-150.51182556152344,87.38724517822266,18.00758171081543,-1.9330546855926514,24.59661102294922,-1.9991077184677124,-3.7607691287994385,0.26298385858535767,2.6502575874328613
0.16011667004878946,-0.4465160979735141,1.4519419117479135,0.15230895129852737,-0.30232007880479295,1.3709207516632334,0.0263353551966169,-0.5253089727550153,0.06993908829839024,0.2504024121737638,-0.5287037552981977,0.9428242417360774,0.02956006429250666,-0.34054278991869746,1.5896613487344704,-0.16451828033718843,-0.3627726621185707,1.108823221250875,0.10761015109767187,-0.2599351630108246,1.6348979256011003,-0.08876599119791131,-0.1563154176272304,1.3507269632737369,-0.13518763072048592,-0.26883219587092366,1.2284930004978811,0.09293781884557364,-0.5846370486234198,0.0819840319207962,0.11489448701309052,-0.40544327383009804,0.519936776319087,0.13580258999833997,-0.49379994488315077,0.04576990014521886,-0.07419079206637201,-0.3532968215792384,1.0688861924291446,0.22984059085909103,-0.3502830161361505,0.4706466095337015,0.3922024641605402,-0.6655028071624554,1.0151749620374464,0.015532258725324207,-0.43290660722760965,1.4002746710714125,0.14627555121254446,-0.44523459238721835,0.5859590085926435,0.06842411699279255,-0.4209058845280022,0.407514201785555,0.0707301241869958,-0.3469019847989872,0.07924852298190262,-0.10061433469716287,-0.4116610645853131,1.2536703995521494,-0.04324138703577171,-0.197931206137534,1.2913114503519425,-0.10654884298017483,-0.14897727147238143,1.2563155786880595,0.4872488416978066,-0.12010769203107878,0.564823836877646,0.4958415304785532,-0.42659682992673076,1.0638784979352889,0.3509425943260951,-0.46373219570971486,1.369465593470643,0.15405009494514654,-0.4604680546072145,1.5937637351206597,0.35905300238669313,-0.04501314521674685,1.258097917433606,0.22697792641374448,-0.37495912266093373,1.6357197453644101,0.03828506663885732,-0.0021645355066099575,1.3683874721558678,0.18983724772535412,-0.013552648724605716,1.300203740991504,0.4269210065634835,-0.182971295734115,0.6403282784073557,0.4431344532216622,-0.05317490993203311,1.0000051757357769,0.365861835463947,-0.12499406830167138,0.5703695369082571,0.33352833719837743,-0.1097664363583587,1.18740310653156,0.31246766003946597,-0.08844130868647271,0.9785698220035098,0.4668608515073132,-0.6198458207758847,1.0484419271645957,0.2791137381499966,-0.32670579702648894,1.4949853696570492,0.49169035176962417,-0.1259190152516428,1.0240402758516223,0.4706053181199838,-0.06165188985155118,0.8567506615689259,0.39640294824609695,-0.012275281090856785,0.4602921651491266,0.3564678037798168,-0.17576639359163135,1.3962087347018008,0.10427512899534591,-0.06954440254940103,1.3367058449233604,0.07811959862511679,-0.015542073884596504,1.2702172666985467,0.2146312460698039,-0.3210351902325422,1.1737741216129025,0.3486715659795218,-0.61120152947129,1.1667882954048006,1.1080479621887207,-19.410724639892578,4.524706840515137,-0.5967755913734436,-0.4552890360355377,-2.5009632110595703,186.3022003173828,0.11022922396659851,-784.618408203125,-149.93185424804688,87.05634307861328,18.17921257019043,-1.9048064947128296,24.691741943359375,-2.221827745437622,-3.696012258529663,0.30135563015937805,2.6662163734436035
0.1604726303442819,-0.44627949620122154,1.451529599380809,0.15257522959681535,-0.3020839345770956,1.3705181390639172,0.026394784148313744,-0.525259899579926,0.07001368568235675,0.25087422724591185,-0.5286017428368133,0.942520901363417,0.029862326674706084,-0.34030011483770334,1.5892648418612827,-0.16403935881738632,-0.3630306232745284,1.108099958557167,0.10793007091181166,-0.25969538743922255,1.6344906934444479,-0.08873114831104184,-0.15634407633483804,1.3500437235200642,-0.1349091444485235,-0.26901498160614873,1.2278028231188163,0.09302535359531838,-0.5845656870611456,0.08202524368484683,0.1150517270758452,-0.40529356571222774,0.5199029005521181,0.13584266548717258,-0.49373353815433996,0.045746579044652694,-0.07367221570715607,-0.3533894193685607,1.068283138290936,0.2298851257424481,-0.34995561611178694,0.4705859264790617,0.39263138727636526,-0.6653962571494627,1.0149029262413252,0.015864186624176047,-0.43275282857631214,1.3998125661287877,0.14646698092881416,-0.44509432188525105,0.5858677619735136,0.06853580849849625,-0.42083360343579423,0.40754038396457964,0.07073424367961899,-0.34686044401285665,0.07922386431092063,-0.10025416842556949,-0.41177222305378375,1.2530266261653396,-0.043075260582891926,-0.1979731988433181,1.2906187701698961,-0.10639067306275794,-0.14908421478721479,1.255569726228714,0.48686404772941644,-0.12005437006372095,0.5660619442628708,0.49640109715674885,-0.4265797375053759,1.063654586179367,0.3512774675295053,-0.4634095762936485,1.3691356491963595,0.1543183114058924,-0.4601916389058757,1.5933607968668275,0.3593177079957052,-0.044329864719253535,1.2581404479134162,0.22729817269653674,-0.3747332384748175,1.6353174986823504,0.03834375814960295,-0.0018893930219138608,1.3681036606924424,0.18997798354321757,-0.013073132533752781,1.3000930877316077,0.42667489715956697,-0.18300098832079906,0.6416752512091832,0.44348017664145156,-0.053470003215090316,1.0013523907061443,0.36553580984966644,-0.1250496951998859,0.5718086592803727,0.3338711445299995,-0.10898728935134336,1.187313330686645,0.31281966829536767,-0.08877962664855235,0.980096003373727,0.46732404206367517,-0.6197652186186898,1.0482097070738179,0.27939772531883605,-0.3263659623285003,1.4946147185682461,0.49219662671452324,-0.12623607581913074,1.0250478882268563,0.47069575119492235,-0.06183462277893593,0.858109680923405,0.39574831339302446,-0.012231434642997209,0.4617554081591549,0.3567341299641211,-0.17534344349771938,1.3960091635486147,0.10444196098983682,-0.06921671868752172,1.3363500863116309,0.078313393962403,-0.01510142501819856,1.2699353659389825,0.21503863239426485,-0.3208142937413904,1.1734059537878099,0.34904907698070764,-0.6110149125587072,1.1665400756115945,1.016353964805603,-19.35256004333496,4.564821720123291,-0.6057007312774658,-0.44819551706314087,-2.509465456008911,186.14715576171875,0.36186864972114563,-781.2218017578125,-149.13319396972656,86.66727447509766,18.359277725219727,-1.9517343044281006,24.686664581298828,-2.5488152503967285,-3.701608180999756,0.29818859696388245,2.6758952140808105
0.16090256587559024,-0.44598294824164436,1.4510171737102484,0.15289181618895753,-0.3018005671880103,1.3700639498944314,0.02646924966070431,-0.5251967042487189,0.07010789353721189,0.2514365982535659,-0.5284619236624004,0.9421669003979259,0.03029664581185145,-0.33995964156081343,1.5887913727602423,-0.16343939491849863,-0.36334740326104575,1.1072180405357817,0.10831054211254941,-0.259411861367573,1.6339845357351745,-0.08870437558715706,-0.15639285634685035,1.349196755333452,-0.13457052577410314,-0.269228568337611,1.2269485952048902,0.09313023781144855,-0.5844736908445295,0.08207824614071688,0.11524484375652098,-0.4051088592074565,0.5198674746696522,0.13588825697140977,-0.49365351255366346,0.045722480369916815,-0.07304930978066085,-0.3534987714906402,1.0675574035834003,0.22993609259854877,-0.3495461555900953,0.47049198640103373,0.39312072463382947,-0.66524483431254,1.0145630678593718,0.016286573576315348,-0.432561645839388,1.3992534481137004,0.1467038295324275,-0.444923033974818,0.585755216364829,0.0686725333629065,-0.4207418452430245,0.4075753635523335,0.07073246593901653,-0.3468118673128798,0.07920238513820219,-0.09979707338162605,-0.4119247665863163,1.2522357125945438,-0.04280178234079816,-0.19798492151775107,1.2897474442096735,-0.10621163698024308,-0.149219065213835,1.254677176475525,0.48639351425581423,-0.11999900224587776,0.5675235098560915,0.4970515469052144,-0.4265349493516202,1.063376098279132,0.35169236292902206,-0.46302578267672206,1.3687317623997366,0.15462997387971308,-0.45990211264976605,1.592910892126576,0.3596378302337318,-0.04348937772362437,1.2581975736365414,0.22765550599587675,-0.3745171029046671,1.6348725131015904,0.03842655697603099,-0.001578107729110102,1.3677421421404705,0.1901388331162219,-0.012484307407049942,1.299976495717535,0.4264161553209191,-0.18304692692314553,0.6432713597815558,0.4439338897632447,-0.05381263358308779,1.0029289019818337,0.3651704928338133,-0.1251296860887515,0.5735262790263094,0.33429903206446315,-0.10804709515824223,1.1872087985474542,0.31319961386011136,-0.0891814704071607,0.9819612574103652,0.4678495392104648,-0.6196638006248222,1.0479604961066846,0.2797302743851744,-0.3259712394499621,1.4941812374733932,0.49280317098099663,-0.12668748308491234,1.0262255905479785,0.4707967129764178,-0.062046605328850396,0.8597200907618794,0.39493889346817473,-0.012188273605378653,0.46350416935832295,0.3570727982268428,-0.17485079860055683,1.395772369492133,0.10463900010514733,-0.06883478959072505,1.3359304105998664,0.07854643666388973,-0.014567114480629266,1.26959554722767,0.21554929768012848,-0.3205708350172106,1.1729544622219161,0.34949468737406447,-0.6107848823465258,1.1662514320272483,1.0078306198120117,-19.189790725708008,4.522627353668213,-0.6874887943267822,-0.5193684697151184,-2.4726927280426025,185.73782348632812,0.6606489419937134,-778.4095458984375,-148.36773681640625,86.3104248046875,18.569379806518555,-2.0134408473968506,24.580955505371094,-2.5393197536468506,-3.7823703289031982,0.2884286344051361,2.6648454666137695
0.16133250140689856,-0.4456864002820672,1.4505047480396878,0.15320840278109968,-0.30151719979892505,1.3696097607249456,0.02654371517309487,-0.5251335089175116,0.07020210139206703,0.25199896926121995,-0.5283221044879876,0.941812899432435,0.0307309649489968,-0.3396191682839236,1.5883179036592017,-0.16283943101961093,-0.36366418324756306,1.1063361225143964,0.10869101331328714,-0.2591283352959235,1.6334783780259012,-0.0886776028632723,-0.15644163635886268,1.34834978714684,-0.13423190709968277,-0.2694421550690733,1.226094367290964,0.09323512202757873,-0.5843816946279135,0.08213124859658692,0.11543796043719677,-0.4049241527026852,0.5198320487871865,0.13593384845564696,-0.4935734869529869,0.04569838169518094,-0.07242640385416566,-0.35360812361271965,1.0668316688758648,0.22998705945464948,-0.3491366950684036,0.47039804632300575,0.39361006199129367,-0.6650934114756174,1.0142232094774184,0.016708960528454636,-0.43237046310246385,1.3986943300986132,0.14694067813604084,-0.44475174606438506,0.5856426707561443,0.06880925822731675,-0.42065008705025475,0.40761034314008737,0.07073068819841408,-0.34676329061290284,0.07918090596548374,-0.09933997833768264,-0.4120773101188489,1.2514447990237483,-0.0425283040987044,-0.19799664419218405,1.288876118249451,-0.10603260089772822,-0.14935391564045522,1.2537846267223358,0.485922980782212,-0.11994363442803456,0.568985075449312,0.49770199665368,-0.4264901611978645,1.063097610378897,0.35210725832853884,-0.4626419890597956,1.3683278756031136,0.15494163635353378,-0.4596125863936563,1.5924609873863245,0.3599579524717584,-0.042648890727995256,1.2582546993596664,0.22801283929521673,-0.3743009673345168,1.6344275275208302,0.03850935580245904,-0.0012668224363063564,1.3673806235884989,0.19029968268922623,-0.01189548228034713,1.2998599037034622,0.42615741348227126,-0.18309286552549198,0.6448674683539283,0.44438760288503787,-0.05415526395108526,1.004505413257523,0.3648051758179601,-0.12520967697761706,0.575243898772246,0.33472691959892675,-0.10710690096514115,1.1871042664082634,0.31357955942485505,-0.08958331416576903,0.9838265114470033,0.46837503635725436,-0.6195623826309545,1.0477112851395511,0.2800628234515127,-0.3255765165714239,1.4937477563785402,0.49340971524747,-0.1271388903506939,1.0274032928691006,0.4708976747579132,-0.06225858787876486,0.8613305006003538,0.394129473543325,-0.0121451125677601,0.46525293055749095,0.3574114664895645,-0.17435815370339433,1.395535575435651,0.10483603922045784,-0.06845286049392839,1.3355107348881021,0.07877947936537645,-0.014032803943059996,1.2692557285163577,0.21605996296599211,-0.3203273762930308,1.1725029706560224,0.34994029776742125,-0.6105548521343446,1.1659627884429022,1.0816590785980225,-19.200410842895508,4.418071746826172,-0.7401350140571594,-0.564767062664032,-2.4542627334594727,184.65606689453125,1.1900999546051025,-774.8955078125,-147.45632934570312,85.84261322021484,18.90349006652832,-2.0200717449188232,24.51735496520996,-2.0497658252716064,-3.825568675994873,0.2909696400165558,2.6512043476104736
0.16175334866078483,-0.44540822229638005,1.450005687625203,0.15356641731514836,-0.30123468345364196,1.369117932209116,0.026613445847683787,-0.5250797621066997,0.07028195997145002,0.25254382617426235,-0.5281450424762751,0.9414611227859725,0.031168989874175837,-0.33930466634942996,1.587869579034136,-0.1622480887746969,-0.363982573447638,1.105462444144369,0.10910396561618671,-0.2588549782306153,1.63299869938402,-0.08860883644677156,-0.15646548223811269,1.34747374807762,-0.1338890525481559,-0.269655040656494,1.2252311840752104,0.09335104442688803,-0.5842835670275404,0.0821779298762612,0.11563842825048806,-0.40475054845115205,0.5197912651971476,0.13597753718001954,-0.4934908066759046,0.04567458584213888,-0.07180239302137041,-0.353744926732897,1.0660967467636462,0.23005883094688126,-0.3487873878700054,0.47030686730185883,0.39412439876044825,-0.6649248130274135,1.013868554538449,0.01710519148345222,-0.4321720609996493,1.3981183459427182,0.14718025153046413,-0.444584287851062,0.5855468268820782,0.06895774538745943,-0.4205330925074634,0.40765450046157203,0.07071326164812441,-0.3467224264973836,0.07917252972426005,-0.09886498719651178,-0.41221763923862914,1.2506925305783354,-0.04226375395888525,-0.19800539546652346,1.28798341948465,-0.10580784297048651,-0.1494788968602553,1.2528722128331267,0.48546155734567453,-0.11987206534735415,0.5704501612691689,0.49836842765081796,-0.42648522703852876,1.0628213467976906,0.35251297115884866,-0.46222212279079766,1.3679216097522255,0.15528090939616526,-0.45932805034893237,1.5920002124956902,0.36027086501484673,-0.041833751298339175,1.2583021541304935,0.22838024972685125,-0.37406741437927776,1.6339560048469643,0.03858368710571567,-0.0009935097835398318,1.3670284084926378,0.19047289173926737,-0.011307027823112863,1.2997346465161304,0.42592923668836125,-0.18315999560206142,0.6464359953703469,0.44482661132386186,-0.05450989053097387,1.0060889456445807,0.36439606389462553,-0.12527701100766264,0.5769607931967602,0.3351878866257257,-0.10617777759468319,1.1870045310614126,0.31397769121539515,-0.09004419304381142,0.985610519813386,0.4688692141250269,-0.619481998958335,1.0474524805877383,0.2803899471136118,-0.32519986386725447,1.4933083179770716,0.49402025361724244,-0.1275160996527072,1.0285715756826843,0.4710244338046636,-0.062477682205225454,0.8629000506653691,0.39336815209972936,-0.012140896606154196,0.4669636317238902,0.3577489548961058,-0.1738701073440495,1.3952924178925572,0.1050351539639053,-0.06804618826567732,1.3350880805230299,0.07902904367999525,-0.013492670132229666,1.2689169542678933,0.2165631816185863,-0.32007573110773074,1.1720299902341225,0.3503667016495142,-0.6103668615518026,1.1656885932612893,1.1854935884475708,-19.311071395874023,4.35298490524292,-0.7464958429336548,-0.5738208293914795,-2.459078311920166,183.47557067871094,1.7026835680007935,-771.6459350585938,-146.6890106201172,85.43855285644531,19.181278228759766,-1.967352032661438,24.509021759033203,-1.5117229223251343,-3.8076343536376953,0.31501638889312744,2.635319471359253
0.1621646439496255,-0.4451493515281488,1.4495206743676141,0.153967973461609,-0.3009530615727633,1.368586543972129,0.026678200111113833,-0.5250359458836499,0.07034673716946943,0.25307027541643734,-0.527928837482503,0.9411116839442032,0.03161090965820661,-0.33901746082582224,1.5874476817664722,-0.1616658080640613,-0.3643026560150235,1.104597425816075,0.10955105622033803,-0.25859230899850266,1.6325468507823566,-0.08849593380231731,-0.1564631218349697,1.346567154917496,-0.13354174600334356,-0.26986718932721787,1.224358588654474,0.09347856818198763,-0.5841789952177086,0.08221796747075011,0.11584662225418138,-0.4045886128943488,0.5197448505471084,0.13601922606494252,-0.49340533627974276,0.04565110826087709,-0.07117722090950472,-0.3539105814122996,1.0653521685016076,0.23015246853627117,-0.3485013030420076,0.470218590207842,0.39466501042148133,-0.6647381626612303,1.0134983481160853,0.017473931951658014,-0.43196607119594976,1.3975246351286275,0.14742268873563666,-0.44442085472755877,0.585468536871948,0.06911859496046376,-0.4203895740457718,0.4077083037685085,0.07067938787949006,-0.34668966846552907,0.07917792493144409,-0.09837118689192842,-0.41234513076133283,1.249980878948376,-0.04200858743676287,-0.19801102373872373,1.2870682574660572,-0.10553503045133802,-0.1495935053422751,1.25193892133157,0.48500970874401117,-0.11978346840879381,0.5719189469190622,0.4990516552664586,-0.4265221802406753,1.0625474210211774,0.35290903292152265,-0.461764343428296,1.3675128434667525,0.15564920171009783,-0.4590487591182159,1.5915280128551634,0.3605762000214185,-0.04104525267781802,1.258339444533089,0.22875825143018305,-0.3738155553968537,1.6334565911466712,0.03864911886931255,-0.0007601071504042655,1.3666859715190154,0.1906590908519085,-0.010718962947054723,1.2996002820548633,0.4257331843802471,-0.18324939835051826,0.6479755336085692,0.44525016484078983,-0.05487712537438071,1.0076798573629746,0.3639409226297543,-0.12533104242078516,0.5786769252936571,0.3356836208740607,-0.10526028988475833,1.1869098372412044,0.3143949371003947,-0.09056711903717737,0.9873091373222553,0.4693304745862815,-0.6194237227866192,1.0471835929826396,0.28071136856513307,-0.3248422032851257,1.4928626183247724,0.49463498987109455,-0.12781532538055584,1.0297299584016104,0.47117830630367163,-0.06270425115397434,0.864426656274606,0.3926573831415334,-0.012177612714235059,0.46863433101911417,0.3580852032497229,-0.17338689414179878,1.3950425721951667,0.10523645023488445,-0.0676135105013058,1.3346622955325425,0.07929597254719165,-0.012946415942359653,1.2685792777711982,0.21705857370764214,-0.3198154817847227,1.171534424586012,0.3507729190962994,-0.6102230554779634,1.1654295836458144,1.2897394895553589,-19.360319137573242,4.3475213050842285,-0.7382208704948425,-0.5572108626365662,-2.4748218059539795,182.53700256347656,2.136420726776123,-768.456787109375,-145.95071411132812,85.07293701171875,19.40230369567871,-1.870967149734497,24.54437828063965,-1.568138837814331,-3.768451690673828,0.2953670620918274,2.6208910942077637
0.16257593923846617,-0.4448904807599175,1.4490356611100255,0.15436952960806966,-0.30067143969188465,1.3680551557351421,0.026742954374543878,-0.5249921296606,0.07041151436748884,0.2535967246586124,-0.5277126324887307,0.940762245102434,0.03205282944223738,-0.33873025530221446,1.5870257844988085,-0.1610835273534257,-0.36462273858240896,1.1037324074877808,0.10999814682448936,-0.25832963976638995,1.6320950021806933,-0.08838303115786307,-0.15646076143182666,1.345660561757372,-0.13319443945853127,-0.27007933799794176,1.2234859932337376,0.09360609193708723,-0.5840744234078767,0.08225800506523903,0.11605481625787469,-0.40442667733754545,0.5196984358970692,0.13606091494986552,-0.4933198658835809,0.04562763067961529,-0.07055204879763902,-0.3540762360917022,1.064607590239569,0.23024610612566107,-0.3482152182140098,0.4701303131138252,0.3952056220825145,-0.6645515122950472,1.0131281416937215,0.01784267241986381,-0.4317600813922503,1.396930924314537,0.1476651259408092,-0.44425742160405546,0.5853902468618178,0.06927944453346807,-0.4202460555840802,0.4077621070754449,0.0706455141108557,-0.34665691043367447,0.07918332013862812,-0.09787738658734506,-0.4124726222840366,1.2492692273184165,-0.041753420914640495,-0.19801665201092397,1.2861530954474645,-0.10526221793218954,-0.14970811382429489,1.2510056298300132,0.48455786014234786,-0.11969487147023347,0.5733877325689556,0.4997348828820993,-0.42655913344282187,1.0622734952446642,0.35330509468419663,-0.4613065640657943,1.3671040771812792,0.15601749402403042,-0.4587694678874995,1.5910558132146368,0.36088153502799025,-0.040256754057296874,1.2583767349356847,0.22913625313351485,-0.3735636964144296,1.632957177446378,0.038714550632909434,-0.0005267045172686995,1.3663435345453931,0.19084528996454958,-0.010130898070996583,1.299465917593596,0.42553713207213295,-0.18333880109897513,0.6495150718467914,0.44567371835771774,-0.055244360217787565,1.0092707690813683,0.363485781364883,-0.12538507383390768,0.580393057390554,0.33617935512239566,-0.10434280217483347,1.1868151434209964,0.3148121829853942,-0.09109004503054333,0.9890077548311246,0.4697917350475362,-0.6193654466149033,1.046914705377541,0.2810327900166543,-0.324484542702997,1.4924169186724732,0.4952497261249466,-0.1281145511084045,1.0308883411205367,0.4713321788026797,-0.06293082010272322,0.865953261883843,0.3919466141833375,-0.012214328822315922,0.47030503031433807,0.35842145160334,-0.17290368093954808,1.3947927264977764,0.10543774650586361,-0.06718083273693427,1.3342365105420548,0.07956290141438806,-0.01240016175248964,1.268241601274503,0.217553965796698,-0.3195552324617146,1.1710388589379015,0.35117913654308447,-0.6100792494041241,1.1651705740303393,1.2759225368499756,-19.367624282836914,4.3632636070251465,-0.6867008805274963,-0.5114933848381042,-2.5017924308776855,181.76150512695312,2.4332809448242188,-764.3692626953125,-145.0635223388672,84.64094543457031,19.607683181762695,-1.7945667505264282,24.632396697998047,-2.047337055206299,-3.7622220516204834,0.24734248220920563,2.640843629837036
0.16296965984121853,-0.4446332612081079,1.4485673418897667,0.15474302704069787,-0.30038715193405846,1.3675339332479515,0.026816537859695438,-0.5249533388788337,0.07048285335598402,0.25414870314250715,-0.5275061242035682,0.940406115244556,0.03245776855935718,-0.3384340662040458,1.5866075629824834,-0.1605079807341099,-0.3649537239643122,1.1028710074772108,0.11043087902497375,-0.2580505014452713,1.6316440916614028,-0.0883082907572882,-0.15646895924151338,1.3447364896338507,-0.13281814808285,-0.2702653735185301,1.222619313475312,0.0937408295934958,-0.5839703014946931,0.08229632324088883,0.1162653686293703,-0.4042557582061812,0.5196551992403751,0.13610814857167125,-0.49323698478621364,0.045605506976165916,-0.06993758925144249,-0.35429343744026903,1.063858666167354,0.23034833721964565,-0.34794883311584296,0.47004267736183886,0.3957241983800534,-0.6643900848579722,1.0127648081605798,0.018205496627492015,-0.43157276708558695,1.396354156416773,0.14791746326531005,-0.44408557445600333,0.5853084342566547,0.06942632337970449,-0.42010723232038766,0.4078114018436299,0.07060474352232668,-0.3466279095174461,0.07919960619499351,-0.09740644605793307,-0.412644342476169,1.2485131220707042,-0.041491729096318326,-0.1980139117268537,1.2852372825145721,-0.10506089351183137,-0.14985450702589867,1.250066460955222,0.484160334167891,-0.11967728641007515,0.5748275908215945,0.5004148750707803,-0.4265549402461936,1.0619922179654735,0.3536997062481002,-0.46086776651294026,1.3667154509500163,0.15638700201614011,-0.45849441238586475,1.5905830200934252,0.3612065841227967,-0.03946219319909419,1.2584225446577892,0.22956434891417324,-0.373285551981026,1.632437910859948,0.03878289834898434,-0.00030735877067096545,1.36599345890102,0.19103085730742933,-0.009566278224625946,1.2993341376449887,0.42536409628509686,-0.18345325926183076,0.6510214326002739,0.4461569454002854,-0.055594122678732226,1.0108000928203,0.3630581220846303,-0.12550570191630464,0.5820599593074116,0.3366404425426824,-0.10341249958963587,1.186705976329892,0.3151404354844662,-0.0915299088552298,0.9906822789386408,0.4702945104399264,-0.6192849436343111,1.046623610108104,0.2813866662465973,-0.32411919080263735,1.4919437083187483,0.4959012007476478,-0.12849410971170228,1.0319909557996207,0.4715155769657615,-0.063165541035154,0.8674558985312253,0.39122910156155266,-0.012280506729487549,0.471957666737749,0.3587668366878238,-0.17239752300823763,1.394553620886329,0.10563712114381868,-0.06676087651821164,1.3338369535689323,0.07983789731137798,-0.011831243719831623,1.267910319053574,0.2180514015652091,-0.31928554966749734,1.1705741159963292,0.35161183567236587,-0.6099172368744351,1.164879535602418,1.1089094877243042,-19.356470108032227,4.565954685211182,-0.5981354117393494,-0.4851613938808441,-2.51456618309021,181.04835510253906,2.5706124305725098,-759.9747314453125,-144.18832397460938,84.20635223388672,19.82431411743164,-1.8091068267822266,24.721641540527344,-2.4565818309783936,-3.7794692516326904,0.2901359796524048,2.7005457878112793
0.16334453748156694,-0.444377812032668,1.4481169214311815,0.15508644090385626,-0.3001000059164123,1.367023610121367,0.026899587726898936,-0.524919936199062,0.07056122766622644,0.25472805318453456,-0.5273100123894925,0.9400428115137366,0.03282305830164461,-0.33812824523212104,1.586193282477903,-0.15993965417146683,-0.3652963989617809,1.102013486900077,0.11084821664833075,-0.25775370554418753,1.6311941869211513,-0.08827446657695517,-0.15648847719691447,1.3437936771784398,-0.13241078018747418,-0.2704234114348494,1.2217589762826628,0.09388330174202951,-0.5838666619449262,0.08233279791592762,0.11647844956015908,-0.4040752072010609,0.5196153699167517,0.13616132706601097,-0.493156879844255,0.045584834853051516,-0.0693346153426644,-0.35456590532072335,1.063105082669795,0.23045978196804098,-0.34770356937749497,0.46995572923429757,0.39621914913322753,-0.6642557005613845,1.0124088434983562,0.018561977627903025,-0.43140547599224066,1.3957955541200195,0.1481804151507403,-0.44390470608575455,0.5852228448485697,0.06955822330239593,-0.4199734430834158,0.40785586271459695,0.07055657840525077,-0.34660293684889937,0.07922756903811007,-0.09696001497818935,-0.4128634830973796,1.2477093552122054,-0.041223041084132446,-0.198002198970081,1.2843207716941833,-0.10493621612522776,-0.15003497868973686,1.2491209905668599,0.48382105101023287,-0.11973583779686334,0.5762364341328475,0.501091398348082,-0.4265066313230439,1.0617030586627936,0.354092762959714,-0.4604493205910487,1.3663484181789374,0.15675781341577996,-0.4582238982844826,1.5901095906630258,0.3615527699719991,-0.03866113262214013,1.2584774884956562,0.2300461538086664,-0.37297922520842774,1.6318973587048764,0.03885437244709754,-0.00010308432510347764,1.365635193341615,0.1912157472889155,-0.009026795317301687,1.2992051287202646,0.425215738005196,-0.18359458096177372,0.6524922216175407,0.4467041523053946,-0.05592515186363498,1.0122633840864068,0.36265992802499936,-0.12569773261318143,0.5836740783508251,0.33706438284836066,-0.10246845734435202,1.186581291505043,0.3153732723945024,-0.0918807163341156,0.9923309709457372,0.47084179668631776,-0.6191806098483256,1.0463087045593766,0.28177533935237403,-0.3237455925404631,1.491441001955247,0.49659206496169234,-0.12895979840826516,1.0330337779411416,0.47173063151094297,-0.06340900223874887,0.8689328364978562,0.3905043586200436,-0.012378272544962682,0.47359093678313374,0.35912201785488634,-0.17186676454267755,1.3943260304185727,0.10583443547420154,-0.06635455989482388,1.3334655173566958,0.08012154239495069,-0.011238026309339021,1.2675858925509926,0.21855102849519806,-0.31900575263610736,1.1701424200803239,0.35207292753339603,-0.6097357040209486,1.164554157004451,1.0491042137145996,-19.301952362060547,4.731442928314209,-0.5950494408607483,-0.5243500471115112,-2.4907219409942627,179.82342529296875,2.552349328994751,-755.0722045898438,-143.29534912109375,83.7258071899414,20.045452117919922,-1.898892879486084,24.74383544921875,-2.3036208152770996,-3.755277395248413,0.3601897656917572,2.724801778793335
0.16371941512191532,-0.44412236285722806,1.4476665009725962,0.15542985476701465,-0.29981285989876616,1.3665132869947825,0.02698263759410243,-0.5248865335192902,0.07063960197646886,0.25530740322656187,-0.5271139005754167,0.9396795077829172,0.03318834804393203,-0.3378224242601963,1.5857790019733227,-0.15937132760882378,-0.36563907395924955,1.101155966322943,0.11126555427168773,-0.25745690964310375,1.6307442821808997,-0.08824064239662215,-0.15650799515231556,1.3428508647230288,-0.13200341229209836,-0.2705814493511686,1.2208986390900138,0.0940257738905632,-0.5837630223951592,0.08236927259096641,0.11669153049094787,-0.40389465619594056,0.5195755405931284,0.13621450556035072,-0.4930767749022964,0.045564162729937116,-0.06873164143388635,-0.3548383732011776,1.062351499172236,0.2305712267164363,-0.347458305639147,0.46986878110675623,0.3967140998864016,-0.6641213162647968,1.012052878836133,0.01891845862831402,-0.43123818489889437,1.3952369518232661,0.1484433670361705,-0.4437238377155058,0.5851372554404846,0.06969012322508736,-0.4198396538464439,0.40790032358556394,0.07050841328817488,-0.3465779641803527,0.07925553188122661,-0.09651358389844564,-0.4130826237185901,1.2469055883537066,-0.04095435307194658,-0.1979904862133083,1.2834042608737946,-0.10481153873862414,-0.15021545035357506,1.248175520178498,0.4834817678525748,-0.11979438918365153,0.5776452774441005,0.5017679216253836,-0.4264583223998941,1.0614138993601137,0.3544858196713277,-0.4600308746691571,1.3659813854078584,0.1571286248154198,-0.4579533841831005,1.5896361612326262,0.3618989558212015,-0.037860072045186106,1.258532432333523,0.23052795870315948,-0.3726728984358295,1.631356806549805,0.03892584654521074,0.00010119012046400143,1.3652769277822103,0.19140063727040163,-0.00848731240997745,1.2990761197955403,0.4250673797252952,-0.1837359026617167,0.6539630106348076,0.4472513592105038,-0.05625618104853772,1.0137266753525134,0.3622617339653685,-0.12588976331005822,0.5852881973942384,0.3374883231540389,-0.1015244150990682,1.1864566066801943,0.31560610930453864,-0.09223152381300137,0.9939796629528336,0.4713890829327091,-0.6190762760623402,1.0459937990106494,0.28216401245815076,-0.32337199427828883,1.4909382955917458,0.4972829291757369,-0.12942548710482799,1.0340766000826627,0.47194568605612447,-0.06365246344234375,0.8704097744644872,0.3897796156785346,-0.01247603836043781,0.4752242068285184,0.35947719902194886,-0.1713360060771175,1.3940984399508167,0.1060317498045844,-0.06594824327143613,1.3330940811444592,0.08040518747852338,-0.010644808898846444,1.2672614660484112,0.21905065542518698,-0.31872595560471745,1.1697107241643185,0.35253401939442613,-0.6095541711674621,1.1642287784064842,1.1747450828552246,-19.243221282958984,4.556745529174805,-0.6576594710350037,-0.5448652505874634,-2.460761785507202,178.35594177246094,2.604782819747925,-750.818603515625,-142.49774169921875,83.28246307373047,20.282573699951172,-1.9965020418167114,24.716188430786133,-1.8371007442474365,-3.724858522415161,0.3430505394935608,2.7065234184265137
0.16404850218469733,-0.4438803614370081,1.4472729220295584,0.15570770904717857,-0.2995762980931642,1.3661069838416497,0.027072289070447546,-0.5248531592602761,0.07069240707830088,0.25582685652158116,-0.5269451105831474,0.9393967674268002,0.03350265509146728,-0.33756822012118154,1.585423647173193,-0.15889777479977008,-0.3659421777883113,1.1004346190698888,0.11161693797403613,-0.25721702157266885,1.6303631367272888,-0.08818945905428059,-0.15651317957221278,1.3420292573259367,-0.13167433647919966,-0.2707386062239969,1.2201643005901615,0.09415168384250426,-0.5836751468923708,0.0824023379592706,0.11686753535902263,-0.4037360033846849,0.5195445406515866,0.13625699784976758,-0.4930076687935962,0.045548431673981496,-0.0682245200832948,-0.3550623126377333,1.0617254680355652,0.23069379345470706,-0.3472539204240635,0.46982093520511853,0.3971333851087962,-0.6640236894815963,1.011774578631319,0.01923058015473236,-0.43109693669325466,1.3947647296829728,0.14866306963345863,-0.4435668143610291,0.5850627596015172,0.0698029634770968,-0.41973114961030467,0.407933975094991,0.07047058622173916,-0.34655904039641877,0.07927902200758852,-0.09612399551844755,-0.41327459409536904,1.2462434326576082,-0.04070174647186766,-0.197982240788984,1.2825904247776563,-0.10464708886991274,-0.15036282841338228,1.2473442633420426,0.48321422342433046,-0.11985240886542971,0.5788068791098941,0.5023407186103972,-0.42642276492339887,1.0611676743488438,0.3548232427495994,-0.45968375063889866,1.3656799098513774,0.15743840974293008,-0.4577394084425162,1.5892626402393872,0.3621923690600111,-0.03717797779977717,1.2585897256206993,0.23090261970924225,-0.3724584796570784,1.6309317184599819,0.03901139839200784,0.00028334062975146504,1.3649534681774922,0.1915752152536089,-0.008009568270024485,1.298972234820688,0.42494575116808053,-0.1838625024091329,0.6551907926995233,0.44769322931371774,-0.05651827627755948,1.0149417207730527,0.3619685261849536,-0.12605438692285525,0.586631390827381,0.3378766759341916,-0.10073968541148483,1.1863569131750145,0.31583438468295216,-0.09252880553141335,0.9953738091797228,0.47186987881628883,-0.6189906905028993,1.0457218656476759,0.2824755847848804,-0.3230505670538012,1.4905192409919588,0.4978539241070779,-0.12980108673604118,1.0349519292250373,0.47213661137795604,-0.06387468131370103,0.8716361266098275,0.3891697257559821,-0.012561971963142717,0.4765815492102642,0.3597720855513945,-0.17092221087177858,1.3939190510882447,0.10621604150691569,-0.06555837042481695,1.3327734422999502,0.0806525203072472,-0.010150041289331507,1.2669999062620252,0.2194417766387889,-0.31850664741945584,1.1693570905963317,0.3529426275894342,-0.6093939159879621,1.1639558266330239,1.3321467638015747,-19.320331573486328,4.211366653442383,-0.6921340823173523,-0.5153198838233948,-2.4756157398223877,177.33349609375,3.1029839515686035,-746.9096069335938,-141.642578125,82.82942962646484,20.68868637084961,-1.9989862442016602,24.63612174987793,-1.6264251470565796,-3.723172187805176,0.30901744961738586,2.6740455627441406
0.1643275058032661,-0.4436530684990599,1.4469415134941506,0.15591385753344225,-0.29939506276948563,1.3658144525344798,0.027169161056791312,-0.524819816086466,0.07071724585843402,0.2562807977495604,-0.526806203833479,0.9392021432617642,0.03376119981661734,-0.3373704718931621,1.5851327423623067,-0.15852788078370475,-0.366202000651928,1.099862211390047,0.11189618457528139,-0.2570393764420061,1.630057196743441,-0.0881192891284922,-0.15650268668765263,1.341340217961381,-0.13143089263151025,-0.27089479945550693,1.2195677731605554,0.09425947889192214,-0.583604513315965,0.08243167439833382,0.11700298828350392,-0.40360130172296865,0.5195231978466969,0.13628780210254998,-0.4929505926587724,0.045538104910230796,-0.06782223746821976,-0.3552331740887749,1.0612389472936163,0.23082852486940408,-0.3470942460938005,0.46981585736306297,0.39746991115690067,-0.6639662662286632,1.0115812239267967,0.019494183506471228,-0.4309841728960441,1.394386985838808,0.14883546832184127,-0.44343587149255326,0.5850003973537723,0.06989495721429784,-0.4196503008438262,0.4079558038652338,0.07044406639819113,-0.3465467325800302,0.07929762010000005,-0.09579657884129626,-0.4134368470173008,1.2457361641703852,-0.04046672891628072,-0.1979777877595251,1.2818888891611668,-0.10443913784889591,-0.15047401034378058,1.246637927577985,0.48302514323138246,-0.11990984699485317,0.5796980602259667,0.5028000649632207,-0.4264011543416819,1.0609684087188038,0.3550998165414033,-0.45941463492761386,1.365450137498363,0.15768144696654862,-0.4575872715340545,1.5889983940992924,0.36242806225620355,-0.03662600297949568,1.2586495886180575,0.2311600920873762,-0.3723445852465977,1.6306329191915248,0.03911234777642796,0.0004412930837326607,1.364668077585713,0.19173851448869864,-0.00759935090688385,1.2988958291660082,0.4248533582450538,-0.18397300002097294,0.6561527859098863,0.4480198872898588,-0.05670497499233642,1.0158852473000026,0.3617901471474313,-0.12618903403744003,0.5876782593742901,0.3382261048583005,-0.10012920383388635,1.1862845539257227,0.3160576708861534,-0.09276754344930711,0.9964895459595106,0.4722779508655434,-0.6189256108162419,1.0454969331128707,0.28270282813452724,-0.3227862019017832,1.4901916805087336,0.4982938120104619,-0.1300781514520282,1.0356440628995958,0.4723011453617488,-0.06407366429042342,0.872588400513131,0.3886854563229131,-0.012634964083130192,0.4776370957099049,0.3600010248209467,-0.17063634423230659,1.393792382731343,0.1063860897098156,-0.06518648295903838,1.3325083630763932,0.0808601366072301,-0.009762953149635871,1.266807106946478,0.2197142197250925,-0.3183534989096471,1.1690888377214899,0.35329383177473056,-0.609256933264385,1.1637402166988675,1.2901101112365723,-19.44725799560547,4.188806056976318,-0.697864294052124,-0.5247211456298828,-2.508786678314209,178.12823486328125,4.817863941192627,-742.9956665039062,-140.5634002685547,82.32418060302734,21.596954345703125,-1.933677077293396,24.541263580322266,-1.733790397644043,-3.704388380050659,0.3317350745201111,2.637186050415039
0.16460650942183488,-0.4434257755611117,1.4466101049587428,0.15612000601970596,-0.29921382744580705,1.36552192122731,0.027266033043135077,-0.5247864729126558,0.07074208463856715,0.2567347389775396,-0.5266672970838104,0.9390075190967282,0.03401974454176741,-0.33717272366514267,1.5848418375514202,-0.1581579867676394,-0.3664618235155447,1.0992898037102048,0.11217543117652665,-0.2568617313113434,1.629751256759593,-0.08804911920270383,-0.1564921938030925,1.340651178596825,-0.13118744878382083,-0.27105099268701693,1.2189712457309496,0.09436727394134004,-0.5835338797395593,0.08246101083739704,0.11713844120798521,-0.4034666000612524,0.519501855041807,0.13631860635533238,-0.4928935165239486,0.04552777814648009,-0.06741995485314471,-0.35540403553981653,1.0607524265516672,0.2309632562841011,-0.3469345717635376,0.4698107795210074,0.39780643720500514,-0.6639088429757302,1.0113878692222746,0.0197577868582101,-0.4308714090988336,1.394009241994643,0.14900786701022395,-0.44330492862407733,0.5849380351060274,0.06998695095149886,-0.4195694520773477,0.4079776326354766,0.07041754657464312,-0.3465344247636416,0.07931621819241158,-0.09546916216414497,-0.4135990999392326,1.2452288956831623,-0.04023171136069378,-0.1979733347300662,1.2811873535446774,-0.10423118682787909,-0.15058519227417888,1.2459315918139275,0.4828360630384344,-0.11996728512427665,0.5805892413420393,0.5032594113160442,-0.42637954375996495,1.060769143088764,0.3553763903332072,-0.45914551921632907,1.3652203651453485,0.15792448419016716,-0.45743513462559277,1.5887341479591977,0.36266375545239604,-0.036074028159214185,1.2587094516154156,0.23141756446551012,-0.372230690836117,1.6303341199230674,0.039213297160848086,0.0005992455377138565,1.3643826869939337,0.19190181372378834,-0.007189133543743214,1.2988194235113284,0.4247609653220272,-0.18408349763281298,0.6571147791202494,0.4483465452659998,-0.05689167370711336,1.0168287738269528,0.36161176810990897,-0.1263236811520248,0.5887251279211991,0.3385755337824095,-0.09951872225628786,1.1862121946764308,0.31628095708935466,-0.09300628136720088,0.9976052827392982,0.47268602291479805,-0.6188605311295844,1.0452720005780656,0.28293007148417415,-0.32252183674976526,1.4898641200255085,0.4987336999138459,-0.1303552161680152,1.0363361965741542,0.47246567934554146,-0.06427264726714582,0.8735406744164347,0.38820118688984423,-0.012707956203117668,0.47869264220954566,0.36022996409049884,-0.1703504775928346,1.393665714374441,0.10655613791271551,-0.06481459549325982,1.3322432838528362,0.08106775290721299,-0.009375865009940233,1.2666143076309304,0.21998666281139612,-0.3182003503998384,1.1688205848466482,0.3536450359600269,-0.6091199505408079,1.1635246067647114,1.0725123882293701,-19.41655158996582,4.321308135986328,-0.7287870645523071,-0.5763888359069824,-2.5032596588134766,180.097412109375,6.8304853439331055,-739.3330078125,-139.60023498535156,81.85254669189453,22.444547653198242,-1.9062870740890503,24.51141357421875,-2.045539617538452,-3.687285900115967,0.3342744708061218,2.623217821121216
0.16495173032216676,-0.44315637993496776,1.446189391099854,0.1563944225477067,-0.29896709905160185,1.365136447134397,0.027373840267591126,-0.5247492485291121,0.07077286827889893,0.2572237095295988,-0.5264928219531546,0.9387599173563206,0.034332273472470545,-0.33693383836390955,1.5845110519042869,-0.1576749681439621,-0.3667898487965792,1.0985805974496121,0.11253933432135754,-0.2566432116047436,1.6293814361884895,-0.087966533390102,-0.15649873277308135,1.3398017158966191,-0.13089583434213867,-0.2712219138907281,1.2182180824263995,0.09449350590885475,-0.5834524556501022,0.08251120409132628,0.11729754935579978,-0.4032885160371168,0.519487065293931,0.1363590316020495,-0.4928335482316301,0.045511624880677816,-0.06692307361013054,-0.3556602836049945,1.0601243072787658,0.23110068767078665,-0.3466967060569896,0.4698029829571579,0.3982136453323017,-0.6638028202270041,1.0111181653098555,0.020071286079011205,-0.43074149860451555,1.3935442178059887,0.14922938315777587,-0.4431390173683893,0.5848535480878211,0.07011419080740568,-0.41946623010548534,0.4079968833074664,0.07041603781973683,-0.34650596867728706,0.07930703024497096,-0.09506598455424342,-0.4137985618501309,1.2446221594778908,-0.039838443103166234,-0.19790062303377304,1.2802683576842808,-0.10401082109191166,-0.15071481932571393,1.2450565453001996,0.4825710133211502,-0.12006380839507706,0.5816625393186973,0.5038668998819313,-0.4263505363799878,1.0605223279520375,0.3557113510192625,-0.4588027167695248,1.3648940500439397,0.15823605898397647,-0.4572638072912267,1.588385640193295,0.36293039988997755,-0.03541398590541639,1.2587741895621976,0.2317331682717958,-0.37207750152081054,1.6299359841852,0.039304193719876125,0.0008025398735798783,1.3640700904344092,0.19208506978308126,-0.006702467730571073,1.298711311935589,0.42464483514526824,-0.18423769166631412,0.658293041961872,0.44879162701352543,-0.05721262044316489,1.0179306237113397,0.361390372331174,-0.1265032317069982,0.5900013253388815,0.33897040286008884,-0.09876176016713613,1.1861337792399704,0.3166267310842773,-0.09333154846550216,0.9989002582845309,0.47313662421032293,-0.6187824297030241,1.0450071497074027,0.28317925210622763,-0.32221511109972634,1.4895007661636301,0.4993116332600448,-0.13065571110966978,1.037143079058224,0.47268958927582433,-0.06452722576082937,0.8746975836967,0.38767000544347513,-0.012854957320906264,0.4799763925916311,0.36052940262863964,-0.16993769586382323,1.3934909902661052,0.10676217167977464,-0.06442442110782824,1.3318925367680607,0.08130596888973222,-0.008870608564959677,1.2663819462258294,0.22035261586505844,-0.31799993831787676,1.1684617516615532,0.35403893345239146,-0.6089679585979474,1.1632732034519018,0.9327029585838318,-19.25041961669922,4.405773639678955,-0.7449213862419128,-0.5883718132972717,-2.4551451206207275,181.84593200683594,8.318039894104004,-734.2860107421875,-138.51380920410156,81.28515625,23.05666732788086,-1.9621597528457642,24.58639144897461,-2.274273157119751,-3.72029709815979,0.25610098242759705,2.6541738510131836
0.16537083576846595,-0.4428400065725213,1.4456690313010816,0.15674501183806663,-0.2986472941787038,1.364647268459497,0.027493848915625087,-0.5247076935326027,0.07081028513166289,0.2577517654327367,-0.5262786599973969,0.938453203794972,0.03470503741147501,-0.33664905274940643,1.5841357676398675,-0.1570657262738967,-0.3671939736170484,1.097718752772603,0.11299769634639978,-0.256379084476572,1.6289403383305532,-0.08787009406168729,-0.1565242757070933,1.3387732545271616,-0.13055047165873826,-0.27140926841079005,1.217290146461386,0.09464030959550908,-0.5833589916197669,0.08258466915973764,0.11748305175280728,-0.40306202642965,0.5194795873780914,0.13641019185252537,-0.492770352900423,0.04548897046521799,-0.06632064021383692,-0.35601180515541936,1.0593381938555384,0.2312411316577962,-0.34637159523584987,0.4697921528721487,0.3986997197795388,-0.6636425706724457,1.0107632717549406,0.02044045858529228,-0.43059245600605645,1.3929818071276936,0.14950570404924304,-0.44293408875433815,0.5847443744836264,0.07028075791155265,-0.4193380443465631,0.4080132573645636,0.07044243615194662,-0.3464594945212863,0.07926683892674793,-0.09457827369306263,-0.4140395411592446,1.2439044382398492,-0.03926860037821021,-0.19775174903553844,1.2791067219727876,-0.10377660314768357,-0.15086502724925413,1.243993253107892,0.4822211976082909,-0.12020394245520333,0.5829390413713771,0.5046396839697629,-0.42631327573037303,1.0602224575762718,0.35611145918732445,-0.45837769543887763,1.364460013560112,0.15862410727715648,-0.45707106748164095,1.5879431141922806,0.3632315793968984,-0.03463336314685301,1.258844366926231,0.2321136345137034,-0.37188046736433017,1.6294270098604113,0.0393838734421509,0.001056426203970028,1.3637271377424531,0.1922905934567483,-0.006130501541574294,1.2985678232268782,0.4245022191906607,-0.18444064170714244,0.6597126161815314,0.44936884475859584,-0.05768335970821758,1.019209129131393,0.3611209789254018,-0.12673288504808944,0.5915334054965846,0.33941597358280456,-0.09784135666509342,1.1860486063736164,0.31710917566785746,-0.09375336391246869,1.000395226557523,0.47363467919115987,-0.618689798756151,1.0446977583777826,0.28345291010591367,-0.32186112005189554,1.4890974744266232,0.5000435962582266,-0.1309823492504903,1.0380779970560643,0.47297975026219097,-0.06484383714712218,0.8760828229765228,0.3870864800664763,-0.013084536899399275,0.48151477046360236,0.3609075035085741,-0.1693833036138522,1.393262646056169,0.10700835776052726,-0.0640138423699417,1.3314462023855045,0.0815783276759236,-0.008233501168819084,1.2661054418576474,0.22082290635598414,-0.3177467900396183,1.1680018499197549,0.35448046768737945,-0.6087992195262025,1.1629818622639638,1.015723705291748,-19.15485191345215,4.518577575683594,-0.7088656425476074,-0.5336194634437561,-2.420260429382324,183.2217254638672,9.558424949645996,-729.5484619140625,-137.490478515625,80.77079010009766,23.946697235107422,-2.0113580226898193,24.69814109802246,-2.343129873275757,-3.7480883598327637,0.19827201962471008,2.6918375492095947
0.16578994121476515,-0.4425236332100748,1.4451486715023092,0.1570956011284266,-0.2983274893058057,1.3641580897845969,0.027613857563659056,-0.5246661385360932,0.07084770198442683,0.2582798213358746,-0.5260644980416392,0.9381464902336234,0.035077801350479484,-0.3363642671349033,1.5837604833754482,-0.15645648440383128,-0.3675980984375177,1.0968569080955934,0.11345605837144204,-0.2561149573484004,1.6284992404726168,-0.08777365473327257,-0.15654981864110523,1.3377447931577038,-0.13020510897533782,-0.271596622930852,1.216362210496372,0.09478711328216341,-0.5832655275894316,0.082658134228149,0.1176685541498148,-0.40283553682218326,0.5194721094622518,0.13646135210300123,-0.4927071575692158,0.04546631604975817,-0.06571820681754327,-0.3563633267058442,1.0585520804323107,0.23138157564480574,-0.34604648441471014,0.4697813227871396,0.3991857942267759,-0.6634823211178874,1.0104083782000257,0.02080963109157338,-0.43044341340759734,1.3924193964493985,0.1497820249407102,-0.442729160140287,0.5846352008794318,0.07044732501569963,-0.4192098585876408,0.40802963142166077,0.07046883448415639,-0.34641302036528554,0.07922664760852492,-0.09409056283188183,-0.41428052046835817,1.2431867170018076,-0.03869875765325415,-0.19760287503730384,1.2779450862612944,-0.10354238520345546,-0.15101523517279436,1.2429299609155844,0.4818713818954316,-0.12034407651532959,0.5842155434240568,0.5054124680575945,-0.4262760150807583,1.0599225872005058,0.35651156735538647,-0.45795267410823054,1.3640259770762841,0.15901215557033652,-0.4568783276720552,1.587500588191266,0.3635327589038192,-0.033852740388289594,1.2589145442902647,0.232494100755611,-0.3716834332078498,1.628918035535623,0.039463553164425666,0.0013103125343601888,1.363384185050497,0.19249611713041534,-0.00555853535257749,1.2984243345181674,0.42435960323605315,-0.18464359174797076,0.661132190401191,0.44994606250366626,-0.05815409897327028,1.0204876345514462,0.3608515855196296,-0.12696253838918067,0.5930654856542877,0.33986154430552035,-0.09692095316305066,1.1859634335072624,0.31759162025143767,-0.09417517935943524,1.0018901948305154,0.47413273417199686,-0.618597167809278,1.0443883670481624,0.28372656810559976,-0.32150712900406475,1.4886941826896163,0.5007755592564084,-0.1313089873913108,1.0390129150539045,0.4732699112485576,-0.065160448533415,0.8774680622563457,0.38650295468947743,-0.013314116477892294,0.48305314833557367,0.3612856043885086,-0.16882891136388115,1.3930343018462326,0.10725454384127989,-0.06360326363205515,1.3309998680029484,0.08185068646211498,-0.007596393772678466,1.2658289374894653,0.22129319684690987,-0.3174936417613598,1.1675419481779565,0.35492200192236745,-0.6086304804544576,1.1626905210760257,1.2486549615859985,-19.219364166259766,4.51173210144043,-0.6309947371482849,-0.4543958902359009,-2.449204921722412,187.15237426757812,13.525023460388184,-724.2544555664062,-136.290771484375,80.12416076660156,25.783313751220703,-2.0124518871307373,24.74746322631836,-2.250741481781006,-3.732908248901367,0.26468923687934875,2.7052969932556152
0.16618445308397936,-0.4422379502200133,1.4446527638182736,0.1574377722495439,-0.2980208427503409,1.3636869811853827,0.02772279910200479,-0.5246102239517186,0.0709127944382216,0.2588119680518346,-0.5258258097613884,0.9378439231424143,0.03545744650509973,-0.3360722136023818,1.583373047263417,-0.1558499929328628,-0.36801206996504043,1.0960043581905745,0.11392080475459035,-0.25585287562663983,1.6280578272232156,-0.08769000963067376,-0.15656838121990493,1.3366982246076824,-0.12983977459124382,-0.2717812502423659,1.2154313989032972,0.0949196953647184,-0.5831776014621685,0.08273594636494751,0.11785779022519162,-0.4026124376729624,0.5194593441012679,0.13652783898723048,-0.4926316155897861,0.04535742873782354,-0.06509920609313131,-0.356703048905,1.0578201215788228,0.2314748616506722,-0.3457052747145394,0.46972751597695006,0.399670008791993,-0.6633293255670181,1.0100725008951907,0.021179047098617676,-0.43029162968626083,1.3918673751370008,0.15001968950625286,-0.44253588709610187,0.5845418617820108,0.07061753999318508,-0.419064428336573,0.40804797667541254,0.07051863555876624,-0.34635964470193875,0.0791674991761217,-0.09359030124564835,-0.41452889292445405,1.242449385835635,-0.03818047563514568,-0.19748057972713812,1.27681550916457,-0.10330497276111944,-0.15115922107207064,1.2418426618670786,0.4815448355793164,-0.12049339519233893,0.5855162842384237,0.5061239641628518,-0.4262432116546378,1.0596267612564643,0.35689912479839575,-0.45752863141874606,1.3635926270327032,0.15941373322973187,-0.4567011348064372,1.5870565779951236,0.36386309356878926,-0.033065648046353015,1.2589997491299711,0.23292372168492007,-0.37141314938368386,1.6283746835411779,0.03953990098459042,0.001619595813793156,1.3630703782403706,0.19274030872528125,-0.004968991198589331,1.298297431690014,0.42424134199587715,-0.18485577394630734,0.6625291399213652,0.4504572103749837,-0.058602866352788656,1.0217786257630153,0.3605907958074911,-0.127200848762168,0.5945710172716355,0.34035231804610877,-0.0959893892093605,1.1858680567994022,0.3180604241541679,-0.09455873271980822,1.0033181238648117,0.47461140649208167,-0.6184987485014051,1.0441064147759747,0.28401454858827274,-0.32113053644729767,1.4882663089707988,0.5015199894936669,-0.13163243683166062,1.0399911901019268,0.47353342629426365,-0.06544679857247712,0.87882020398481,0.3859703325672655,-0.013549285123605795,0.48451350392490034,0.3616371474518681,-0.16829800650181362,1.392795883661864,0.10749319067459233,-0.0632064136991043,1.3305340535593349,0.08215168905475281,-0.006990896616538143,1.2655354205346265,0.2217693313561528,-0.31723247882940914,1.1670979087715907,0.3553501691249822,-0.6084596727857526,1.1624155060344974,1.2400150299072266,-19.325153350830078,4.28627347946167,-0.6000301837921143,-0.49949151277542114,-2.496218681335449,191.80499267578125,18.640241622924805,-719.80078125,-135.32980346679688,79.57926177978516,26.856975555419922,-2.0084991455078125,24.750225067138672,-2.166534423828125,-3.709840774536133,0.37312251329421997,2.704357862472534
0.16655097013672454,-0.44198720201553887,1.444184689924417,0.15777036098652328,-0.297729174279614,1.3632364417148741,0.027819142972939456,-0.5245379638790295,0.07100938996978548,0.25934877133132606,-0.5255592032181506,0.9375460759693424,0.03584492453281452,-0.33577188701424376,1.582971778729104,-0.15524663223533441,-0.3684372499782518,1.0951623885047357,0.11439281843898706,-0.255593122186645,1.6276160549643814,-0.08762092816809945,-0.15657899807521838,1.335631044692551,-0.1294517064627433,-0.2719627731781922,1.2144973139889192,0.09503608902558586,-0.5830959791181892,0.08281870676044202,0.11805127633871226,-0.4023931978751492,0.5194405600527264,0.1366117721460513,-0.492542019446954,0.045150382703305875,-0.0644613468143719,-0.35702933992771124,1.057149806756847,0.23151446782693957,-0.3453457396946206,0.46962478885192743,0.4001521062574639,-0.6631845872331139,1.0097582697473615,0.021548740282062655,-0.43013672575058526,1.3913271800176987,0.1502133516582432,-0.4423558815622961,0.58446654706996,0.0707919073371303,-0.41889936871678624,0.40806856573812217,0.07059507592525703,-0.346298413067464,0.07908677190098147,-0.09307575319579106,-0.4147856809840297,1.2416897327299938,-0.03772088505993814,-0.19738853888105082,1.2757224243208274,-0.10306392402838398,-0.15129612445436566,1.2407280358652406,0.4812447767680055,-0.12065316869920452,0.5868446159836472,0.5067656962879447,-0.4262154818765375,1.0593355390804493,0.35727239577778125,-0.4571057027144148,1.3631600583625945,0.15983071133790425,-0.45654163899405903,1.5866108783428243,0.36422661548813445,-0.032271191391427805,1.2591020597132625,0.2334092952903138,-0.3710594856186418,1.627792199518507,0.03961245610767247,0.001991937322455716,1.3627897481255185,0.19302851593257575,-0.004359438084451408,1.29818940853441,0.42415080367532,-0.1850784650898927,0.663900335794253,0.4508931510495824,-0.059026623181752017,1.0230838295245013,0.36033979966151003,-0.12744901341614343,0.596046328741983,0.34089454628576504,-0.09504512133730565,1.185761065080466,0.3185137008989094,-0.09489873242842045,1.0046697422763369,0.47506801557067213,-0.6183937403145215,1.0438556963244812,0.28431883232285643,-0.3207282166409966,1.4878104536343884,0.5022786111626404,-0.1319522565810491,1.041018818387922,0.47376661032240913,-0.06569870218437239,0.8801346708409833,0.38549565351167264,-0.01379081579264475,0.48588504691589746,0.36195845980912644,-0.16779383728342342,1.3925459982938324,0.10772325559858455,-0.06282519123560151,1.3300460650036667,0.0824852968313244,-0.006421381329334297,1.2652225381885933,0.2222521180990121,-0.31696219283421306,1.1666719254278979,0.3557631206630871,-0.6082865104375296,1.1621590750106912,0.996400773525238,-19.340503692626953,3.992518186569214,-0.6333661079406738,-0.6288439631462097,-2.493323802947998,194.23458862304688,22.744266510009766,-715.3248291015625,-134.37521362304688,79.09840393066406,27.01544189453125,-2.011934995651245,24.693803787231445,-2.2461307048797607,-3.719970941543579,0.4115222692489624,2.6918997764587402
0.16691748718946975,-0.44173645381106447,1.4437166160305603,0.15810294972350264,-0.2974375058088871,1.3627859022443658,0.02791548684387412,-0.5244657038063403,0.07110598550134936,0.2598855746108175,-0.5252925966749128,0.9372482287962706,0.03623240256052932,-0.3354715604261057,1.5825705101947911,-0.15464327153780605,-0.3688624299914631,1.094320418818897,0.11486483212338376,-0.25533336874665014,1.627174282705547,-0.08755184670552513,-0.15658961493053183,1.3345638647774198,-0.12906363833424273,-0.2721442961140184,1.2135632290745413,0.09515248268645331,-0.5830143567742101,0.08290146715593653,0.11824476245223291,-0.40217395807733597,0.5194217760041849,0.13669570530487213,-0.49245242330412203,0.044943336668788206,-0.06382348753561248,-0.35735563095042244,1.056479491934871,0.23155407400320696,-0.3449862046747018,0.46952206172690486,0.40063420372293485,-0.6630398488992097,1.0094440385995322,0.021918433465507637,-0.4299818218149097,1.3907869848983967,0.15040701381023355,-0.4421758760284904,0.5843912323579094,0.07096627468107551,-0.41873430909699955,0.40808915480083185,0.07067151629174782,-0.34623718143298926,0.07900604462584124,-0.09256120514593379,-0.41504246904360537,1.240930079624353,-0.0372612944847306,-0.19729649803496355,1.2746293394770845,-0.10282287529564851,-0.15143302783666068,1.2396134098634026,0.4809447179566946,-0.12081294220607011,0.5881729477288706,0.5074074284130374,-0.4261877520984372,1.0590443169044343,0.35764566675716675,-0.45668277401008356,1.362727489692486,0.16024768944607665,-0.45638214318168085,1.586165178690525,0.3645901374074797,-0.03147673473650259,1.259204370296554,0.23389486889570751,-0.3707058218535998,1.6272097154958358,0.03968501123075453,0.002364278831118276,1.362509118010666,0.19331672313987025,-0.003749884970313485,1.298081385378806,0.4240602653547628,-0.18530115623347806,0.6652715316671409,0.451329091724181,-0.05945038001071537,1.0243890332859873,0.360088803515529,-0.12769717807011888,0.5975216402123306,0.3414367745254213,-0.09410085346525081,1.1856540733615295,0.3189669776436509,-0.09523873213703268,1.006021360687862,0.4755246246492626,-0.618288732127638,1.0436049778729874,0.2846231160574401,-0.3203258968346956,1.4873545982979781,0.5030372328316138,-0.13227207633043755,1.0420464466739174,0.4739997943505546,-0.06595060579626764,0.8814491376971566,0.38502097445607975,-0.014032346461683703,0.4872565899068946,0.36227977216638474,-0.16728966806503323,1.3922961129258011,0.10795332052257677,-0.06244396877209873,1.3295580764479984,0.08281890460789597,-0.005851866042130451,1.26490965584256,0.22273490484187145,-0.31669190683901705,1.166245942084205,0.35617607220119196,-0.6081133480893066,1.1619026439868851,0.9661133289337158,-19.29354476928711,3.8532533645629883,-0.6816452145576477,-0.5946822762489319,-2.4534871578216553,192.8826141357422,25.033306121826172,-710.0538330078125,-133.21435546875,78.54119110107422,27.46269989013672,-2.0167293548583984,24.552371978759766,-2.2806317806243896,-3.7472331523895264,0.3393734097480774,2.6777496337890625
0.1672805764323828,-0.4414696219741114,1.4432647313108506,0.15842469749565155,-0.29712757404079504,1.3623277270636023,0.027992647369423054,-0.5244108902302799,0.07118691497833918,0.2604630206100988,-0.5250711894982698,0.9369290071410059,0.03666353411355751,-0.33518198073305044,1.582177097631606,-0.15405365649536748,-0.36930563927486243,1.0934775680895672,0.115338823566867,-0.25506856766165487,1.6267368055337312,-0.08748296141279059,-0.1565960170022699,1.3334498427166845,-0.12869357423770508,-0.27233792880907753,1.2126237661238537,0.09528569877147675,-0.5829302381403398,0.08298521528378228,0.1184593913151531,-0.4019524009515908,0.5193917861837425,0.13677719494463592,-0.4923613541667035,0.044812038577846346,-0.06318104350384303,-0.35772235819835535,1.0557150339448689,0.23163516723260974,-0.34466837238002296,0.46944147081959325,0.40112326234973816,-0.6628914303732234,1.0091200241979383,0.02229917210076521,-0.42983434250615293,1.3902377774383847,0.15061282013721813,-0.4419791627897332,0.584320763385059,0.07113844056348531,-0.4185659960405716,0.4081113315773326,0.07074555099651908,-0.34618532006314257,0.07894024231921364,-0.09201484890222947,-0.41531304635156857,1.240209871570006,-0.036934729431145244,-0.1972752848257687,1.2735604282641253,-0.10256026738280098,-0.15157424924981514,1.2384652674987617,0.4806800982020549,-0.1210077888153444,0.5894302912303153,0.5080384136430475,-0.4261888489620575,1.0587964861203503,0.35802613292506197,-0.4562404990590961,1.362323316319889,0.1606645964283422,-0.45619353163518656,1.5857190935816987,0.36494655591367886,-0.03070290832293056,1.2593148672422825,0.2343691082436912,-0.3704238071149548,1.6266497347923303,0.03976357649296324,0.002703511696200906,1.3621649793441721,0.1935947249267275,-0.003162943871787442,1.2979384508748717,0.4239997375781173,-0.18551619560611957,0.6665995747640433,0.4519176318846791,-0.059776956480711886,1.025720521511621,0.3598360361050296,-0.12798403521740673,0.5989669319612301,0.3419761118411228,-0.0931793699744127,1.185548366497684,0.31948103262296573,-0.09563183421824151,1.0073856991647885,0.47604844541541785,-0.6181755008681721,1.0433229823775638,0.2849412395168614,-0.31994277643446895,1.486870567924929,0.5037726353335854,-0.13262257199512412,1.0430358964086368,0.4742764202470811,-0.06622001326439396,0.8827315657738818,0.38454535929177774,-0.014278124035675292,0.48860335813847594,0.36262061432102655,-0.1667740544587966,1.3920512568476975,0.10819646114150419,-0.062024970421727936,1.3290559361312564,0.08315482053486321,-0.0052725610840566265,1.2645725448005247,0.22320489351027056,-0.3163884486386318,1.165841305690096,0.3566276565786229,-0.6079017777513984,1.1616289959048594,1.1953870058059692,-19.312496185302734,4.035654067993164,-0.6927281022071838,-0.4107922911643982,-2.431725263595581,190.58489990234375,25.527578353881836,-705.757080078125,-132.2484130859375,78.027099609375,28.24505043029785,-1.9780259132385254,24.447662353515625,-1.973067045211792,-3.789022207260132,0.2715914249420166,2.6736948490142822
0.1676396849929102,-0.44118411237040894,1.4428316469224083,0.1587338557602554,-0.2967964332822143,1.3618606846064132,0.02804753046162081,-0.5243763371019174,0.0712496516177591,0.26108766460655536,-0.52490227190864,0.9365849635064207,0.037145360083078685,-0.3349048813052525,1.5817928081316663,-0.15348000414916224,-0.3697697857752541,1.0926336942129578,0.11581511176283783,-0.2547979047953688,1.6263043162049047,-0.0874143039301926,-0.15659752448663017,1.3322814233255702,-0.1283444180492534,-0.2725456244503425,1.2116780577116455,0.09543845057487488,-0.5828432205891767,0.08307011045564879,0.1186985730483437,-0.40172815273534385,0.5193487832088344,0.13685584694936576,-0.4922685744549265,0.04476870584073446,-0.06253327524277157,-0.3581360436433198,1.0548412484049008,0.231764438975331,-0.3443989690565905,0.469386586487688,0.4016204049058308,-0.6627387380757869,1.0087846485984246,0.02269273771232128,-0.42969548534478574,1.389678104034323,0.1508327293770992,-0.4417630470549034,0.5842559217222479,0.0713080499099185,-0.41839390479965716,0.4081353521504939,0.07081679202961606,-0.3461443402909285,0.0788917722340846,-0.0914315541108318,-0.4155996369802399,1.2395354706720012,-0.03676264562847599,-0.19733632306586826,1.2725195896546573,-0.10227262300272652,-0.1517204851504193,1.2372782029063496,0.48045663348096884,-0.12124336547902877,0.5906051967712427,0.5086569186078002,-0.42622342192574053,1.058599045339799,0.35841495479574265,-0.45577575749908855,1.3619521181314986,0.16108142081278048,-0.45597110826842835,1.5852725608459373,0.3652947252949342,-0.029953039608994494,1.2594348709314864,0.23483018522823093,-0.37022499769728706,1.6261158869755978,0.0398491212715771,0.0030042958139003878,1.3617470888112555,0.1938608752575931,-0.002602261888165519,1.2977549741599734,0.4239740607556918,-0.1857223490512134,0.6678775049598011,0.45268338435138294,-0.059990678340295284,1.0270825336311036,0.3595812117421864,-0.12831582558273477,0.6003773620981254,0.3425120919548123,-0.09228434576498755,1.1854441517236216,0.3200656687779142,-0.09608660357085283,1.0087648093305677,0.47665031846390654,-0.6180527202340941,1.0430046651537055,0.28527543491480367,-0.3195819521187157,1.4863538181544929,0.5044810736416191,-0.13300869130338264,1.0439810097612292,0.4746034947649532,-0.06650974779136921,0.8839767875260864,0.38406865703349086,-0.014528833499289299,0.48992135568170353,0.3629841362403718,-0.16624515059570605,1.3918122412353162,0.1084547864384209,-0.061562103299510416,1.3285373615113316,0.08349341689454798,-0.004681887475940245,1.2642072972082934,0.22366001989865142,-0.3160464678773817,1.1654614593019548,0.35712410489849694,-0.6076456045867592,1.1613353538197397,1.2786582708358765,-19.355260848999023,4.561479091644287,-0.6441822648048401,-0.3730247914791107,-2.4433608055114746,188.29019165039062,25.1529541015625,-700.5247192382812,-131.07737731933594,77.39592742919922,28.355937957763672,-1.8813217878341675,24.543556213378906,-1.6281859874725342,-3.8001656532287598,0.3201136291027069,2.6822478771209717
0.1679987935534376,-0.44089860276670645,1.442398562533966,0.15904301402485924,-0.2964652925236336,1.361393642149224,0.028102413553818567,-0.5243417839735549,0.07131238825717903,0.261712308603012,-0.5247333543190104,0.9362409198718356,0.03762718605259988,-0.33462778187745457,1.5814085186317266,-0.15290635180295697,-0.37023393227564577,1.091789820336348,0.11629139995880869,-0.25452724192908266,1.6258718268760781,-0.0873456464475946,-0.15659903197099043,1.331113003934456,-0.12799526186080168,-0.2727533200916076,1.210732349299437,0.09559120237827301,-0.5827562030380136,0.0831550056275153,0.11893775478153434,-0.4015039045190969,0.5193057802339264,0.1369344989540956,-0.4921757947431495,0.04472537310362257,-0.06188550698170007,-0.3585497290882843,1.0539674628649327,0.2318937107180523,-0.34412956573315806,0.4693317021557827,0.4021175474619234,-0.6625860457783503,1.008449272998911,0.02308630332387737,-0.42955662818341855,1.3891184306302609,0.15105263861698032,-0.4415469313200736,0.5841910800594368,0.0714776592563517,-0.4182218135587427,0.4081593727236552,0.07088803306271303,-0.34610336051871443,0.07884330214895555,-0.0908482593194341,-0.41588622760891125,1.2388610697739961,-0.03659056182580673,-0.19739736130596786,1.2714787510451893,-0.10198497862265204,-0.1518667210510235,1.2360911383139377,0.48023316875988287,-0.12147894214271315,0.5917801023121702,0.509275423572553,-0.42625799488942356,1.058401604559248,0.3588037766664233,-0.45531101593908097,1.3615809199431084,0.16149824519721878,-0.45574868490167014,1.5848260281101758,0.36564289467618954,-0.029203170895058396,1.2595548746206902,0.23529126221277066,-0.3700261882796193,1.6255820391588653,0.039934666050190956,0.0033050799315998817,1.3613291982783386,0.19412702558845873,-0.0020415799045435724,1.297571497445075,0.4239483839332663,-0.18592850249630727,0.6691554351555591,0.45344913681808685,-0.06020440019987869,1.0284445457505864,0.35932638737934314,-0.12864761594806284,0.6017877922350208,0.3430480720685018,-0.09138932155556237,1.1853399369495594,0.32065030493286273,-0.09654137292346417,1.0101439194963469,0.47725219151239523,-0.6179299396000161,1.0426863479298472,0.28560963031274594,-0.3192211278029625,1.485837068384057,0.5051895119496529,-0.13339481061164116,1.0449261231138216,0.4749305692828254,-0.0667994823183445,0.8852220092782911,0.3835919547752039,-0.014779542962903316,0.4912393532249312,0.36334765815971704,-0.16571624673261548,1.391573225622935,0.10871311173533761,-0.06109923617729288,1.3280187868914068,0.08383201325423276,-0.004091213867823837,1.263842049616062,0.2241151462870323,-0.3157044871161316,1.1650816129138137,0.35762055321837105,-0.6073894314221199,1.1610417117346201,1.1465896368026733,-19.260448455810547,4.926540374755859,-0.6106946468353271,-0.5027921199798584,-2.4581406116485596,184.94737243652344,24.92023468017578,-695.1473388671875,-129.96998596191406,76.85020446777344,28.003067016601562,-1.8227663040161133,24.706775665283203,-1.7718753814697266,-3.735010862350464,0.36873891949653625,2.708500862121582
0.16837889242251186,-0.44061890816846433,1.4419345374138939,0.15935177962906313,-0.2961478608333512,1.3609370948463086,0.02816926058850541,-0.5242952649167042,0.07136832370071222,0.26228597029944917,-0.5245341950694457,0.9358815057388205,0.0380539714747312,-0.33437346129227946,1.581054425397456,-0.15232194555516276,-0.3707119467242664,1.0909420970259913,0.11676723534697728,-0.25426357431917,1.625450177697946,-0.0872475371652881,-0.15660346738550046,1.3299215242562705,-0.1276212999757552,-0.27296750711289464,1.2097484370730571,0.0957469263712302,-0.5826686407556597,0.08323607973705065,0.11920932986286302,-0.4012752893744715,0.519257856520596,0.13699960530988428,-0.49208596565865526,0.04470113035760179,-0.06123499860925391,-0.3589582759023502,1.0531597713760983,0.23203328922884353,-0.34384906351171585,0.469296518935273,0.4025992151127746,-0.6624240839718193,1.0081243199228451,0.02348168186892736,-0.42942869742185075,1.3885588116993177,0.15129850202838316,-0.4413208606227344,0.5841218896259536,0.07164872916328986,-0.4180380423732151,0.40818996638651717,0.07095931268093601,-0.3460689129813617,0.07881160070564573,-0.09032404062566379,-0.4161875895317027,1.238156109456195,-0.0363551683427877,-0.19740538585264952,1.2703956776107383,-0.10166358020131952,-0.15198045692696477,1.2348800873914303,0.4800563466469973,-0.12168490926161507,0.5929272810354927,0.5098841960066991,-0.42628768796952354,1.0581934688896533,0.3591846999348394,-0.4548712412253121,1.3611917819408392,0.16189933592910008,-0.4555064015435857,1.584357669811375,0.365992961537759,-0.02843369951854085,1.2596630939584694,0.23574695089794942,-0.36979353289730504,1.6250471200374579,0.04000897120857081,0.0035603479636425977,1.36091978739429,0.19440373916499662,-0.0014710272680652028,1.2973870946871524,0.42393631177232755,-0.1861567198243362,0.6704031690856479,0.4541529170329997,-0.06044065180105089,1.0297332915249249,0.3591364450407344,-0.12896776041447722,0.6031597371132957,0.34355823646318046,-0.09048000609637886,1.185246035752707,0.32120338299416545,-0.09696963542936653,1.0114841721705254,0.4778107175763869,-0.6178464068482253,1.0424000608999997,0.28591358405075323,-0.3188805947240615,1.4853438146856448,0.5059307430753645,-0.1337672004241817,1.0458021827091444,0.47529207989080063,-0.06713259333608955,0.8864203659903924,0.38312138982166516,-0.01506649790368727,0.4925345719255359,0.36371064896615135,-0.16521063012792575,1.3913490085412334,0.10896079661633006,-0.060653900887989845,1.3275108890028189,0.0841787000069555,-0.0034852457257444182,1.2634835385328886,0.22456872700065966,-0.3153693291130445,1.164667648195431,0.35809245685867913,-0.6071556830248296,1.1607523367104942,1.0088250637054443,-19.12922477722168,4.7247395515441895,-0.6353752613067627,-0.6088494062423706,-2.459981679916382,179.7276153564453,25.49550437927246,-689.73388671875,-128.97801208496094,76.36665344238281,28.002965927124023,-1.8885843753814697,24.750736236572266,-2.2105536460876465,-3.6869211196899414,0.301474392414093,2.7230076789855957
0.1687838602441036,-0.440346103087561,1.441433854253087,0.15966008001605406,-0.2958466714087701,1.3604929820196519,0.028250282294184758,-0.5242345688358837,0.07141620120564043,0.262799229053472,-0.524299206027132,0.9355038809065788,0.038415545813541924,-0.3341461286836902,1.5807361081735978,-0.15172479827179025,-0.371206391676767,1.0900898129734773,0.1172425342563367,-0.25400819456735196,1.6250413717418317,-0.08711453390289221,-0.1566113717607315,1.3287027231510111,-0.12721794873278663,-0.2731893850083383,1.2087192616320603,0.09590617176268669,-0.5825804330852647,0.08331262671838928,0.1195192840197031,-0.40104150036904984,0.5192041028019608,0.13704866301638402,-0.4919996324260503,0.044699505101025896,-0.06058124380050512,-0.35936073455589496,1.0524303869695852,0.232185079019196,-0.343555411508936,0.46928467724891687,0.40306254836502453,-0.6622511398121221,1.0078117152712993,0.02387920834605168,-0.4293137120687409,1.3879992573071789,0.1515751154908281,-0.44108299545894397,0.5840475468446087,0.07182152951691324,-0.4178404329924394,0.4082283477317418,0.07103063801414525,-0.3460422047222687,0.07879976645753478,-0.08986981426495196,-0.4165064522268756,1.2374149428692875,-0.03604476665152817,-0.19735060069734686,1.2692625650901668,-0.10130219057893122,-0.15205568733890326,1.233640617882179,0.4799347858851319,-0.12185579550680735,0.5940416095075228,0.5104814375078441,-0.42631159944842195,1.0579726621015182,0.3595562650766594,-0.4544610467967608,1.3607813891590825,0.16228178570306062,-0.45524058841316906,1.5838634529650606,0.36634527650100507,-0.02764100324831263,1.2597573514016258,0.23619625561975485,-0.36952077740470307,1.6245109316529027,0.04006995986036907,0.003761689328983274,1.3605204230507477,0.19469296789129836,-0.0008887800537460425,1.2972015947695599,0.4239403581777156,-0.18641107805714702,0.6716151270053244,0.4547832736017688,-0.060703596248235916,1.0309352326077341,0.35902337379605564,-0.12927410702239597,0.6044860853264663,0.3440378148429441,-0.08955375861302513,1.1851643539027663,0.3217190715749532,-0.09736649308427674,1.012778387164438,0.4783178868870072,-0.6178093743047967,1.0421517226869697,0.28618170799601156,-0.31856410234969185,1.4848783987247391,0.506710826561151,-0.1341233237689694,1.046596428613789,0.4756943897794414,-0.06751709606572491,0.8875631978180235,0.38265809624005626,-0.015396395855466058,0.4938028026495548,0.3640730105192456,-0.1647326038619935,1.3911423245013155,0.10919587491758612,-0.06022933700942244,1.327015640719837,0.08453497211664716,-0.0028611568858174868,1.2631330087484902,0.22502047642572034,-0.3150422545951723,1.1642132606727398,0.35853528038950155,-0.6069485031018983,1.1604680172260233,1.0334460735321045,-19.186630249023438,4.352423667907715,-0.6375275254249573,-0.5426087379455566,-2.4478707313537598,172.87161254882812,25.95743179321289,-683.45849609375,-127.71601867675781,75.73103332519531,28.160709381103516,-2.003544569015503,24.731128692626953,-2.318934202194214,-3.751095771789551,0.22811587154865265,2.704145669937134
0.16918882806569535,-0.44007329800665773,1.4409331710922797,0.15996838040304498,-0.295545481984189,1.360048869192995,0.028331303999864107,-0.5241738727550633,0.07146407871056866,0.2633124878074949,-0.5240642169848183,0.935126256074337,0.03877712015235265,-0.33391879607510094,1.5804177909497394,-0.15112765098841777,-0.37170083662926756,1.089237528920963,0.11771783316569612,-0.25375281481553386,1.6246325657857175,-0.08698153064049632,-0.15661927613596252,1.327483922045752,-0.12681459748981805,-0.2734112629037819,1.2076900861910638,0.09606541715414318,-0.5824922254148698,0.08338917369972791,0.11982923817654319,-0.4008077113636282,0.5191503490833257,0.13709772072288373,-0.4919132991934454,0.044697879844450006,-0.05992748899175633,-0.3597631932094397,1.0517010025630724,0.23233686880954843,-0.3432617595061561,0.4692728355625607,0.4035258816172745,-0.6620781956524249,1.0074991106197535,0.024276734823175997,-0.42919872671563103,1.38743970291504,0.1518517289532731,-0.4408451302951535,0.5839732040632639,0.07199432987053662,-0.41764282361166366,0.40826672907696654,0.07110196334735447,-0.34601549646317564,0.07878793220942383,-0.08941558790424013,-0.41682531492204855,1.23667377628238,-0.03573436496026864,-0.19729581554204423,1.2681294525695952,-0.10094080095654293,-0.15213091775084173,1.232401148372928,0.4798132251232665,-0.12202668175199963,0.5951559379795529,0.5110786790089892,-0.4263355109273203,1.0577518553133831,0.35992783021847935,-0.4540508523682095,1.360370996377326,0.1626642354770212,-0.45497477528275243,1.5833692361187461,0.36669759146425107,-0.026848306978084414,1.2598516088447824,0.23664556034156028,-0.3692480219121011,1.6239747432683478,0.04013094851216733,0.00396303069432395,1.3601210587072057,0.19498219661760013,-0.00030653283942688216,1.2970160948519676,0.4239444045831036,-0.1866654362899578,0.672827084925001,0.45541363017053793,-0.06096654069542095,1.0321371736905431,0.3589103025513769,-0.12958045363031476,0.6058124335396369,0.34451739322270775,-0.0886275111296714,1.1850826720528256,0.32223476015574093,-0.09776335073918695,1.0140726021583506,0.4788250561976275,-0.617772341761368,1.0419033844739396,0.2864498319412699,-0.3182476099753222,1.4844129827638335,0.5074909100469375,-0.1344794471137571,1.0473906745184336,0.47609669966808216,-0.06790159879536027,0.8887060296456545,0.38219480265844735,-0.015726293807244846,0.4950710333735737,0.36443537207233984,-0.1642545775960613,1.3909356404613975,0.10943095321884218,-0.059804773130855034,1.326520392436855,0.08489124422633884,-0.0022370680458905553,1.262782478964092,0.22547222585078106,-0.31471518007730015,1.1637588731500488,0.3589781039203239,-0.6067413231789671,1.1601836977415527,1.1036579608917236,-19.41533660888672,4.173738956451416,-0.593273401260376,-0.4388449788093567,-2.4311747550964355,169.0460662841797,25.127620697021484,-678.32861328125,-126.46611785888672,75.11754608154297,27.873207092285156,-2.084298849105835,24.62822151184082,-2.057384729385376,-3.8893229961395264,0.2686951458454132,2.654510498046875
0.16952800267184806,-0.43984268176437213,1.4404994799996054,0.1602499804996102,-0.29529873035009335,1.3596534288876894,0.02840147822145496,-0.52413595038534,0.07152242821622763,0.26376352745373516,-0.5238579465261358,0.9348233193159103,0.039111357731189546,-0.3336904307469627,1.5801147938958857,-0.15061406194176896,-0.37212452233232407,1.0885112186930828,0.11812834127109176,-0.25352879381732435,1.6242700256653968,-0.08686823997375191,-0.1566351100012956,1.3264498250768675,-0.12647069048210485,-0.27358129827786754,1.2068147051413327,0.09619520534298673,-0.5824197779428091,0.08345479742679375,0.12006612742529404,-0.40060598156507443,0.5191140168944731,0.1371482579123895,-0.4918448275189526,0.04469496593348041,-0.05936417852633246,-0.3601044071036459,1.051071711131279,0.23246756867067703,-0.3430044053504799,0.4692633736212522,0.40393720172493663,-0.6619210206712318,1.0072207922572332,0.024602446319621715,-0.42909354321806636,1.3869705069933507,0.1520942963462397,-0.4406452737008499,0.5839124662394555,0.07214338216461882,-0.41748053323946255,0.40829521427486115,0.0711439684255431,-0.34599699607945433,0.07878638137847382,-0.08897600146565612,-0.4171005339910652,1.2360609722453237,-0.035501202272362274,-0.19729616189535878,1.267194496480045,-0.10065560919904946,-0.15221520915430112,1.2313459519518921,0.4797277466844249,-0.12218216700565736,0.5960895944115342,0.5116424873372577,-0.4262857760321226,1.0575405854657787,0.36024580619587804,-0.45369880454034994,1.3600212377033487,0.1629936775525674,-0.4547580702119316,1.5829487644283977,0.3669960568381461,-0.02617203075414069,1.2599219610754229,0.2370335529527522,-0.36903857212785063,1.6235121383966988,0.04018605403010024,0.004128026435250376,1.359785974420459,0.19521802925313544,0.00017353895224690518,1.2968691019032965,0.4239602464417748,-0.18688660381448188,0.6738405900680466,0.45594844222068787,-0.061226788285305554,1.0331242731864878,0.35882785817645246,-0.12984167712907127,0.6069114577296554,0.3449564440953021,-0.08784183361475044,1.1850176933190681,0.3226810454927533,-0.09809779172257477,1.015156735055494,0.47926133604633886,-0.61770469581844,1.0416809450711635,0.28668767026323355,-0.31793026448480344,1.4840220303724934,0.5081586875268166,-0.13475551897820257,1.0480690403095143,0.4764340739475181,-0.0682152524738517,0.8896443650422506,0.3818248220232149,-0.01601094405000276,0.49613205565522045,0.36473164406438535,-0.1638595662665683,1.3907539392543944,0.10962887943432426,-0.05942050102999472,1.3261194179784384,0.08520827972829735,-0.0017136966532855032,1.2624838725225815,0.22585976706040614,-0.31445778269838814,1.163380888913641,0.35934798602039447,-0.6065820614431078,1.1599389628464023,1.0795998573303223,-19.531404495239258,4.046356201171875,-0.6025275588035583,-0.48126688599586487,-2.444092273712158,167.8155517578125,23.706771850585938,-672.4963989257812,-125.07437133789062,74.43163299560547,27.49493408203125,-2.0413756370544434,24.4611759185791,-1.9482691287994385,-3.910038709640503,0.3488927185535431,2.6313562393188477
0.16978764701757998,-0.43966306301931674,1.4401467683299487,0.16049930551983663,-0.2951177826385624,1.3593168234983029,0.028458540099642132,-0.5241255566773825,0.07159343618430838,0.26413935718946896,-0.5236863908388757,0.9346106648445129,0.039412550874893225,-0.33346081707651254,1.5798303157288507,-0.15020147735709388,-0.372462674876712,1.0879371845169572,0.11846053082224547,-0.2533426790047955,1.623963411280651,-0.08677877771933347,-0.15666052896455424,1.3256389968442601,-0.1261986391433817,-0.27368866686789406,1.2061252293997253,0.09628938592427613,-0.5823663812599434,0.08350721722012323,0.1202146964554755,-0.4004430046539433,0.5190987436976654,0.13720058348794648,-0.491797946738881,0.044690494308408525,-0.05891019638800465,-0.36037158887117904,1.0505634112073885,0.2325727752107658,-0.3427909277132805,0.4692567882948364,0.40428564880067935,-0.6617829073343845,1.0069839188594691,0.024841348498763616,-0.42900020811731454,1.3866105355963803,0.15229570914972695,-0.4404913615312008,0.583868173968713,0.07226372801310178,-0.41736093617432957,0.4083117370968623,0.07115053143722332,-0.3459884173033253,0.07879726105178429,-0.08855411163623761,-0.4173229970284645,1.2356033317300659,-0.03536140541268501,-0.19736315073161725,1.2664990701422787,-0.10046252475076954,-0.15231045340465393,1.2305135032199077,0.4796858842404473,-0.12231903567614144,0.59680485606983,0.5121658819400712,-0.42614701804735805,1.0573408437880458,0.36049900406243784,-0.4534170438122276,1.3597447730058076,0.1632590443882721,-0.45460072653183087,1.582617435234272,0.3672294293018366,-0.02563648205867274,1.2599634168953295,0.23734743202364206,-0.3689056457273218,1.6231384806285631,0.040234048067536575,0.004249087904906821,1.3595285913012676,0.19538931716356844,0.0005301019912724242,1.2967686558401348,0.4239903465406784,-0.18706765070261544,0.6746142072393404,0.45636776089668274,-0.06148377593779405,1.0338516740609478,0.35878243529243975,-0.13004835621015914,0.6077356946389406,0.3453465056735159,-0.08722607584189108,1.1849729051653124,0.3230434367988283,-0.09835678398214427,1.0159869225609381,0.47961192533669883,-0.6176000446673261,1.0414898119225406,0.2868888995900059,-0.31761188775498345,1.4837210888894188,0.5086907104940603,-0.13493482531695966,1.0486073312380455,0.4766929546334096,-0.06844326444216911,0.8903355069507826,0.38156763725722864,-0.0162408992598783,0.49694260619334035,0.36494802757604233,-0.16356490266244145,1.3906024370761896,0.10978189653513447,-0.05908493327581331,1.3258324008903757,0.08547788636376526,-0.001312071625575045,1.2622480305614852,0.2261696939436805,-0.31428461043250483,1.1630952602980154,0.35962969716021553,-0.6064807227905223,1.159742077454826,1.0097965002059937,-19.479143142700195,3.8797576427459717,-0.6744109988212585,-0.6115453243255615,-2.4829626083374023,166.9835968017578,23.268035888671875,-666.6798095703125,-123.93046569824219,73.84696197509766,27.57342529296875,-1.9526357650756836,24.32280731201172,-2.116708278656006,-3.799901008605957,0.35315075516700745,2.66168212890625
0.17004729136331193,-0.4394834442742613,1.4397940566602923,0.16074863054006305,-0.29493683492703154,1.3589802181089161,0.02851560197782931,-0.5241151629694251,0.07166444415238914,0.2645151869252028,-0.5235148351516156,0.9343980103731155,0.039713744018596925,-0.3332312034060623,1.5795458375618159,-0.14978889277241877,-0.37280082742109993,1.0873631503408319,0.1187927203733992,-0.2531565641922667,1.623656796895905,-0.08668931546491503,-0.15668594792781287,1.3248281686116528,-0.1259265878046585,-0.27379603545792053,1.205435753658118,0.09638356650556555,-0.5823129845770779,0.08355963701345273,0.12036326548565697,-0.4002800277428122,0.5190834705008577,0.13725290906350343,-0.49175106595880935,0.04468602268333664,-0.05845621424967683,-0.3606387706387122,1.0500551112834982,0.23267798175085458,-0.3425774500760811,0.46925020296842057,0.40463409587642213,-0.6616447939975372,1.0067470454617051,0.025080250677905532,-0.42890687301656266,1.3862505641994098,0.15249712195321424,-0.44033744936155167,0.5838238816979705,0.07238407386158476,-0.4172413391091966,0.4083282599188634,0.07115709444890354,-0.34597983852719627,0.07880814072509475,-0.08813222180681908,-0.4175454600658638,1.2351456912148078,-0.03522160855300774,-0.1974301395678757,1.2658036438045124,-0.1002694403024896,-0.15240569765500675,1.229681054487923,0.47964402179646964,-0.12245590434662554,0.597520117728126,0.5126892765428847,-0.4260082600625935,1.0571411021103132,0.36075220192899765,-0.45313528308410517,1.3594683083082666,0.16352441122397682,-0.45444338285173014,1.582286106040146,0.36746280176552715,-0.025100933363204764,1.2600048727152364,0.23766131109453195,-0.36877271932679295,1.6227648228604272,0.04028204210497291,0.004370149374563271,1.359271208182076,0.19556060507400147,0.0008866650302979585,1.296668209776973,0.424020446639582,-0.187248697590749,0.6753878244106343,0.4567870795726776,-0.061740763590282556,1.0345790749354078,0.35873701240842704,-0.13025503529124702,0.608559931548226,0.34573656725172963,-0.0866103180690317,1.1849281170115566,0.32340582810490337,-0.0986157762417138,1.0168171100663823,0.47996251462705875,-0.6174953935162121,1.0412986787739178,0.2870901289167783,-0.3172935110251635,1.4834201474063444,0.5092227334613042,-0.13511413165571673,1.0491456221665767,0.47695183531930113,-0.06867127641048652,0.8910266488593146,0.38131045249124235,-0.01647085446975385,0.49775315673146026,0.36516441108769926,-0.16327023905831456,1.390450934897985,0.10993491363594468,-0.05874936552163189,1.3255453838023128,0.08574749299923315,-0.00091044659786457,1.2620121886003886,0.22647962082695486,-0.3141114381666215,1.1628096316823897,0.35991140830003665,-0.6063793841379368,1.1595451920632496,1.040504813194275,-19.349807739257812,3.9726274013519287,-0.719463050365448,-0.6381661891937256,-2.506930112838745,164.22731018066406,23.6817626953125,-660.5739135742188,-122.80057525634766,73.27348327636719,27.831754684448242,-1.968072772026062,24.365262985229492,-2.3860340118408203,-3.704374313354492,0.2836644649505615,2.7111430168151855
0.17036119271193118,-0.4392644006092817,1.4393787305086654,0.161030195357389,-0.29470234517230104,1.3585986723963,0.028592651364523054,-0.5240931167507803,0.07175797113026215,0.2649787790727931,-0.5233094587626047,0.9341794585944801,0.040090206097688104,-0.33297767189164823,1.5792029725005294,-0.14929110586445854,-0.37322346510871357,1.0866686654406668,0.1192030869917759,-0.252948023625557,1.6232952949227086,-0.0865550483299407,-0.1566901845450433,1.3238104550254266,-0.12557228945738433,-0.2739540906931391,1.2045855940572474,0.09650515202457541,-0.5822457771822317,0.08361845813839641,0.12056855058038471,-0.40006103085366307,0.519053125420943,0.13730704868274018,-0.491692559312511,0.044675266851257806,-0.05792667730310501,-0.36103559990987083,1.0494122213085755,0.232804612657487,-0.34231764216296723,0.46923067287498754,0.40503061844023647,-0.6615198607871074,1.0064896025405026,0.025374259707203365,-0.4288057621741137,1.3858004990002968,0.15273414063729987,-0.4401464658659815,0.5837707168219105,0.07254488820469142,-0.4170866113230093,0.40833924957458545,0.07116927833154502,-0.34596312430915455,0.07881760380125993,-0.08769477938382042,-0.4178203682828423,1.2345509383062654,-0.03498670817753732,-0.1974499166406543,1.2649193437683661,-0.0999658646074352,-0.1525371495066889,1.2286262843782538,0.47958226926279385,-0.12264772277596771,0.5983830518675166,0.5133655748225205,-0.4258577207855831,1.0568489929698162,0.3610919498844652,-0.4527928840048266,1.3591287317654945,0.1638519706710285,-0.45422657761747476,1.5818666547339484,0.3677574165214766,-0.024471525115189182,1.2600816413266769,0.2380206056481955,-0.36860706464739035,1.6223391906315128,0.040376664503224635,0.004552369525606759,1.3588923973752962,0.19579849969472315,0.0013470892753569175,1.296558704597271,0.4240776796806727,-0.1874790744769652,0.6763182886388918,0.45733250203906306,-0.062048366280975716,1.0354429842620496,0.35870259812730826,-0.13052984203723883,0.6095474101849739,0.34617628522266614,-0.08586678678626257,1.1848857446222116,0.32390883111006374,-0.09894575045400897,1.017830646985414,0.48038723324703064,-0.6173642222455006,1.0410845781004192,0.28733318560565546,-0.31693252980314346,1.483061707177699,0.5098651266650648,-0.13537272746791904,1.0497734740080422,0.47730759082251034,-0.06890012101819183,0.8918941504513191,0.3810314103862308,-0.016770077227855354,0.4987177921841476,0.3654471126613238,-0.1628788205369419,1.3902860927266,0.11013439312478564,-0.058350381731296225,1.3251617539007932,0.086037340543128,-0.00040508020131090934,1.2616939974936427,0.22683777418357645,-0.3138745190292005,1.1624721884727478,0.3602747269813588,-0.6062153954774339,1.159296669707393,1.1781057119369507,-19.246170043945312,4.341301441192627,-0.6583351492881775,-0.5158937573432922,-2.4914839267730713,159.48622131347656,24.489791870117188,-653.8961181640625,-121.45284271240234,72.58757019042969,28.050148010253906,-2.0125105381011963,24.52132797241211,-2.5331451892852783,-3.684027910232544,0.2430488020181656,2.733163356781006
0.17074201103077818,-0.43899673287639557,1.4388861798292754,0.16135152259113772,-0.2944018202309577,1.3581617002850337,0.02869435201170823,-0.524056699102288,0.07187927155354559,0.26555061152833975,-0.523062370174768,0.9339536334702511,0.0405594998637572,-0.332694641703012,1.5787880969363333,-0.14868823609111326,-0.3737503011396389,1.0858256246475195,0.11970987199306092,-0.252711824628691,1.6228660982570902,-0.08636552184228076,-0.1566682962688389,1.3225375828364039,-0.12511655313289718,-0.27417465945742775,1.203537257696619,0.09666053696677385,-0.5821615365759426,0.08368517423899757,0.12084378548805287,-0.3997729426582918,0.5190041916851966,0.13736342562251533,-0.49161971409786615,0.044656760497203726,-0.057303956093032245,-0.3615923277688342,1.0486033369373802,0.2329576669495232,-0.34200069357622537,0.4691951775688999,0.4054864341060057,-0.6614111830659261,1.006206790540392,0.025736233851693515,-0.4286950612502382,1.3852393181118745,0.15301507324079014,-0.43990976106844204,0.583706609065959,0.07275561369116733,-0.41688855564752164,0.4083434149918967,0.07118839462170538,-0.34593637637942043,0.07882531974094593,-0.08723815542873958,-0.41815995888796864,1.233787080112672,-0.034634513465922015,-0.19741146587180775,1.2638020995042183,-0.09952601637469223,-0.1527132574000106,1.2272973179027735,0.4794959856184903,-0.12290731257456818,0.5994281154002574,0.514230454303571,-0.4256926512481361,1.056442963958576,0.36153844294958554,-0.45237569762578866,1.3587113172802705,0.16425623433874142,-0.4539364364664286,1.5813385194895284,0.36812756343787867,-0.023726356752364855,1.2602019623810092,0.23843591263061326,-0.3684010450907101,1.621849456567638,0.040528795213148686,0.004810018717027603,1.3583638257538246,0.1961185425914676,0.0019356090078571238,1.296438026507169,0.4241683766837941,-0.18777029169415005,0.6774421975707376,0.45803345251359684,-0.06241839418545463,1.0364752540130489,0.35868176112309197,-0.1308886729032788,0.6107362202855925,0.3466772460779607,-0.08496566817460473,1.1848463516756398,0.32458525521076276,-0.09936326907466578,1.0190703148478704,0.48090337804019057,-0.6172003428272854,1.0408421508129069,0.28762782937446174,-0.3165190030407432,1.4826323518295161,0.5106436431605295,-0.13572911363070372,1.0505117843087934,0.47778282526707805,-0.06912999254780888,0.8929791623196065,0.38072541089642126,-0.01715472996210222,0.4998724656981348,0.36581160651137495,-0.16236807095096603,1.3901047978969598,0.11039117622553117,-0.05787318482970363,1.32465896819601,0.08635215187408277,0.00022823388348270604,1.2612742424405963,0.22725540685732631,-0.31355897875021627,1.1620708405971527,0.36073869496386574,-0.6059741384738329,1.1589844617622578,1.188545823097229,-19.14285659790039,4.860371112823486,-0.5561649799346924,-0.44899240136146545,-2.45871639251709,156.35035705566406,24.827199935913086,-648.42529296875,-120.30650329589844,71.97477722167969,28.24014663696289,-1.951254963874817,24.692638397216797,-2.4629783630371094,-3.7220754623413086,0.3209647238254547,2.7043275833129883
0.17112282934962517,-0.4387290651435094,1.4383936291498853,0.16167284982488644,-0.2941012952896144,1.3577247281737674,0.02879605265889341,-0.5240202814537958,0.07200057197682905,0.2661224439838864,-0.5228152815869312,0.9337278083460221,0.04102879362982629,-0.3324116115143757,1.578373221372137,-0.14808536631776797,-0.37427713717056427,1.084982583854372,0.12021665699434594,-0.252475625631825,1.6224369015914715,-0.08617599535462084,-0.15664640799263455,1.321264710647381,-0.12466081680841005,-0.27439522822171647,1.2024889213359908,0.09681592190897227,-0.5820772959696536,0.08375189033959875,0.12111902039572102,-0.3994848544629204,0.5189552579494502,0.13741980256229047,-0.49154686888322136,0.04463825414314965,-0.05668123488295948,-0.3621490556277976,1.0477944525661849,0.2331107212415594,-0.34168374498948356,0.46915968226281224,0.405942249771775,-0.6613025053447446,1.0059239785402816,0.026098207996183665,-0.42858436032636277,1.3846781372234522,0.1532960058442804,-0.43967305627090253,0.5836425013100075,0.07296633917764322,-0.416690499972034,0.4083475804092079,0.07120751091186574,-0.3459096284496863,0.07883303568063192,-0.08678153147365875,-0.4184995494930949,1.2330232219190786,-0.0342823187543067,-0.1973730151029612,1.2626848552400702,-0.09908616814194927,-0.15288936529333227,1.225968351427293,0.4794097019741867,-0.12316690237316863,0.6004731789329983,0.5150953337846212,-0.4255275817106891,1.056036934947336,0.36198493601470594,-0.4519585112467507,1.3582939027950465,0.16466049800645435,-0.45364629531538253,1.5808103842451082,0.3684977103542808,-0.022981188389540528,1.2603222834353416,0.23885121961303105,-0.36819502553402983,1.6213597225037633,0.040680925923072736,0.005067667908448448,1.3578352541323528,0.19643858548821203,0.00252412874035733,1.2963173484170674,0.4242590736869155,-0.1880615089113349,0.6785661065025834,0.4587344029881307,-0.06278842208993354,1.037507523764048,0.3586609241188757,-0.1312475037693188,0.611925030386211,0.34717820693325524,-0.08406454956294687,1.1848069587290682,0.32526167931146177,-0.09978078769532259,1.0203099827103268,0.4814195228333505,-0.6170364634090701,1.0405997235253948,0.2879224731432681,-0.31610547627834296,1.4822029964813335,0.5114221596559941,-0.13608549979348844,1.0512500946095447,0.47825805971164576,-0.06935986407742595,0.8940641741878939,0.3804194114066118,-0.01753938269634909,0.5010271392121219,0.3661761003614261,-0.16185732136499015,1.3899235030673198,0.1106479593262767,-0.05739598792811104,1.3241561824912267,0.08666696320503751,0.0008615479682763214,1.2608544873875498,0.22767303953107618,-0.31324343847123204,1.1616694927215576,0.3612026629463726,-0.6057328814702319,1.1586722538171226,0.9984914660453796,-19.115942001342773,5.035348892211914,-0.5663743019104004,-0.5478734970092773,-2.4393014907836914,154.71702575683594,24.456506729125977,-641.9269409179688,-118.9793930053711,71.27482604980469,28.50338363647461,-1.8486607074737549,24.699209213256836,-2.2964940071105957,-3.724909543991089,0.41565513610839844,2.6549437046051025
0.1715254092601356,-0.43845336992811684,1.4378953345169294,0.1619924029323044,-0.293796774172625,1.3572731941741034,0.02889505259396619,-0.5239792177021898,0.07212332485626075,0.26674102291168755,-0.5225652858910971,0.9334470292195579,0.04148151753902039,-0.3321098695626322,1.5779772815325401,-0.14745926163745243,-0.37482514854101157,1.084133359967478,0.12070978693170656,-0.25221833912347325,1.6220072130888503,-0.08596506407669444,-0.15663082357372668,1.3199649982105028,-0.12420486310953338,-0.2746244304819612,1.2014221762189803,0.09696704828926664,-0.5819934505895273,0.08382156624501903,0.12135114820538372,-0.3992007009635698,0.5189293088107709,0.13748154140367413,-0.4914683104548233,0.044627248852310196,-0.05604723435734087,-0.36273529809831784,1.0469822131640074,0.23323875113038828,-0.3413620712543955,0.46908447551016774,0.40639027509073544,-0.6611808466398164,1.005645189064228,0.026468448131191008,-0.4284588691611953,1.3841385971631435,0.1535596956085685,-0.43942947892953227,0.5835816607570017,0.07318036370472797,-0.4164865686009262,0.4083461731376237,0.07120735553518825,-0.3458753229174393,0.07884554483539222,-0.08621934041479568,-0.41883455547473286,1.232273978310705,-0.033994279129566346,-0.19744907891908228,1.2615897260754314,-0.09869543115133482,-0.1530659430666475,1.2246341328352492,0.479348589845051,-0.12347542665997482,0.6014317669813206,0.5158994889614598,-0.42547726389390744,1.0556417790469745,0.36240195399088576,-0.4515345840659363,1.3578719388175484,0.16505353725114405,-0.45335089326496947,1.58028992517105,0.36888634068089604,-0.022228725084923975,1.2604457136021545,0.2392723715512563,-0.3680058733516971,1.6208416024185963,0.04080583872458595,0.0053383510549003714,1.3573297988500026,0.19674376568553462,0.003102293633161994,1.2961884320571722,0.4243684429305279,-0.18836929269184338,0.6796641325121684,0.45941834995486086,-0.06312488870608884,1.0384788584235487,0.3586497218502278,-0.13160181588289752,0.6131126987223593,0.3476996448951841,-0.08316607347732746,1.184771500478517,0.325954817087445,-0.10018688867127658,1.021493019055057,0.4819633334579057,-0.6169258429119918,1.0403447016974947,0.288206494111099,-0.31575021902654343,1.4817333631957603,0.5122183910663554,-0.1364345018141317,1.0519536250079704,0.4787808706034098,-0.06961481490277295,0.8951360908959874,0.38014029607867567,-0.01795188597532987,0.5021186907165097,0.36651187444364786,-0.16135764909007694,1.3897537137104186,0.11090475560122767,-0.0569895628580688,1.3236212868564177,0.08702651194191925,0.0015320808987907008,1.2604548976516092,0.2281014069865476,-0.31293085360566514,1.1612450636380556,0.3616700518308886,-0.6055359951905067,1.1583727633716254,0.8992645740509033,-19.199954986572266,4.671975135803223,-0.6842341423034668,-0.6502335667610168,-2.451319456100464,153.65907287597656,24.12665557861328,-636.346435546875,-117.83760070800781,70.70521545410156,28.736465454101562,-1.8831837177276611,24.54332733154297,-1.9161349534988403,-3.7078850269317627,0.3844830095767975,2.6210873126983643
0.17195537454442472,-0.4381675727122667,1.4373898115379131,0.16230972343130615,-0.2934872241604407,1.3568033351013993,0.02899065388008853,-0.5239323071691374,0.07224790554567678,0.26741842886075273,-0.5223116318121651,0.9330970944947754,0.04191338949349541,-0.33178458022360774,1.5776051709194057,-0.14680391752364622,-0.3753998075297336,1.083276355108678,0.12118573296839825,-0.2519345155220158,1.621576905645282,-0.0857271964334889,-0.15662317209883242,1.3186315092819416,-0.12374863586086313,-0.27486449736633045,1.200332265026522,0.0971128155804233,-0.5819101025726622,0.08389496684863867,0.12152902888047773,-0.39892149899179574,0.5189322841088504,0.13755002780663256,-0.49138256236417405,0.044625683101695894,-0.05539903963687801,-0.3633586825519208,1.0461657517003697,0.23333528963540562,-0.34103445126520876,0.4689592948023057,0.406828496827195,-0.6610428523148922,1.0053714616409202,0.026849090411568303,-0.42831476555754805,1.383626290504506,0.15380168651902912,-0.43917725299367844,0.5835249317402871,0.07339853983347779,-0.4162752430960043,0.40833775304405895,0.07118294817327664,-0.3458315066943895,0.07886408590125722,-0.08552430086577968,-0.4191637920425427,1.231543126090473,-0.033786973996174266,-0.1976692509769604,1.2605224271483768,-0.09836649707216302,-0.15324311214961753,1.223293304838092,0.4793191542293852,-0.12384553142632079,0.6022815319481275,0.5166272270363688,-0.4255713527368394,1.05526030616255,0.3627818797203089,-0.45110217407839187,1.3574442496362902,0.1654324513792202,-0.4530488707569261,1.5797791259967728,0.3692982310293526,-0.02146708162883855,1.2605730563599542,0.23970087893948647,-0.36783794752809384,1.62028776059877,0.040896499776188894,0.005625436481840848,1.3568534337921647,0.1970302422611129,0.0036674277164621526,1.2960491484364136,0.4245013098250951,-0.1886979242823771,0.6807295867544136,0.46008089924884943,-0.06341912089199418,1.039373510720714,0.3586506441926325,-0.13195044147652504,0.614298930231309,0.3482468518002933,-0.08227092281773395,1.1847409937555426,0.32666898780311177,-0.10057862137524495,1.0226047887707388,0.48254195951073375,-0.6168822448774679,1.0400738305603432,0.2884771470597248,-0.31546828969819657,1.481213043067629,0.5130369154033282,-0.13677421143118118,1.0526133874394246,0.4793635529792861,-0.06990132619016216,0.8961915283013653,0.3798950125050071,-0.018399437130829734,0.503130807781851,0.3668115067955674,-0.16087191680211896,1.389598403150672,0.111161568454954,-0.05667219896930339,1.3230459832197783,0.08744235943682145,0.002249451028414362,1.2600806844944985,0.22854328338081473,-0.3126219879120391,1.1607915885401088,0.36214174567074175,-0.605394946226221,1.158089276970617,1.0922067165374756,-19.462718963623047,4.015247821807861,-0.7527082562446594,-0.5813273191452026,-2.49308705329895,151.718994140625,24.928619384765625,-630.9028930664062,-116.71773529052734,70.14633178710938,29.095073699951172,-2.071892261505127,24.3798828125,-1.3990482091903687,-3.7611448764801025,0.27864494919776917,2.6268887519836426
0.17238533982871385,-0.43788177549641655,1.4368842885588968,0.1626270439303079,-0.2931776741482564,1.356333476028695,0.029086255166210877,-0.523885396636085,0.0723724862350928,0.268095834809818,-0.5220579777332331,0.932747159769993,0.04234526144797044,-0.3314592908845832,1.5772330603062712,-0.14614857340983997,-0.3759744665184558,1.0824193502498778,0.12166167900508998,-0.25165069192055833,1.621146598201714,-0.08548932879028336,-0.15661552062393813,1.3172980203533804,-0.12329240861219286,-0.27510456425069973,1.1992423538340637,0.09725858287157997,-0.5818267545557969,0.0839683674522583,0.12170690955557176,-0.39864229702002163,0.5189352594069297,0.137618514209591,-0.4912968142735248,0.04462411735108159,-0.05475084491641514,-0.36398206700552377,1.045349290236732,0.233431828140423,-0.340706831276022,0.46883411409444364,0.40726671856365454,-0.660904857989968,1.0050977342176122,0.02722973269194562,-0.4281706619539008,1.3831139838458686,0.15404367742948974,-0.43892502705782455,0.5834682027235726,0.0736167159622276,-0.41606391759108236,0.4083293329504942,0.07115854081136501,-0.3457876904713397,0.07888262696712223,-0.08482926131676365,-0.41949302861035265,1.2308122738702407,-0.03357966886278217,-0.1978894230348385,1.2594551282213224,-0.0980375629929912,-0.15342028123258755,1.221952476840935,0.47928971861371933,-0.12421563619266678,0.6031312969149343,0.5173549651112778,-0.4256654415797714,1.0548788332781256,0.3631618054497321,-0.4506697640908475,1.3570165604550317,0.1658113655072964,-0.4527468482488828,1.5792683268224956,0.3697101213778092,-0.02070543817275309,1.260700399117754,0.2401293863277167,-0.3676700217044906,1.6197339187789437,0.04098716082779185,0.005912521908781335,1.3563770687343268,0.1973167188366912,0.0042325617997623355,1.295909864815655,0.42463417671966236,-0.18902655587291087,0.6817950409966589,0.46074344854283805,-0.06371335307789953,1.0402681630178792,0.3586515665350371,-0.13229906707015257,0.6154851617402588,0.34879405870540253,-0.08137577215814039,1.1847104870325682,0.3273831585187786,-0.10097035407921336,1.0237165584864205,0.48312058556356174,-0.6168386468429439,1.0398029594231915,0.28874780000835065,-0.3151863603698497,1.4806927229394975,0.513855439740301,-0.13711392104823067,1.0532731498708787,0.47994623535516245,-0.07018783747755139,0.8972469657067431,0.3796497289313386,-0.018846988286329615,0.5041429248471924,0.3671111391474869,-0.16038618451416098,1.3894430925909258,0.11141838130868034,-0.05635483508053797,1.322470679583139,0.08785820693172366,0.0029668211580380537,1.259706471337388,0.22898515977508185,-0.31231312221841306,1.160338113442162,0.36261343951059494,-0.6052538972619353,1.1578057905696086,1.2722387313842773,-19.709814071655273,3.7765097618103027,-0.6630252003669739,-0.4207855463027954,-2.5033459663391113,149.04896545410156,27.33479118347168,-624.7219848632812,-115.41386413574219,69.48690032958984,29.712350845336914,-2.1913745403289795,24.29537010192871,-1.1705518960952759,-3.852304458618164,0.26660001277923584,2.650416135787964
0.17280244827270508,-0.43759875719910424,1.436365513612103,0.16293958164998237,-0.2928668779647903,1.3558600564666141,0.02917777898641217,-0.5238309222341373,0.07247492893050049,0.26868095026900435,-0.5218047665444431,0.9324194737617543,0.042776386025330876,-0.33115561197925086,1.5768573544672784,-0.14550335498045613,-0.37655859554050775,1.0815665311371254,0.12214887749082994,-0.25137198760809487,1.6207038550976887,-0.08523178835775679,-0.15661009228387415,1.3159519568184355,-0.12284751088413971,-0.27535328920313856,1.1981575836409006,0.09741042796152317,-0.5817229120147149,0.08403555456770967,0.1219054302138998,-0.398365240025994,0.51892575562395,0.13768263467100283,-0.49121030632233775,0.04461989751616061,-0.05410140999500326,-0.36459717115029594,1.0445296851214985,0.2335529275090489,-0.34039263693702143,0.4687410733162962,0.40775407939557207,-0.6607496864748317,1.0047871513871958,0.027616934197035842,-0.42803979729185043,1.3825927151749466,0.1542843027620126,-0.43867569293407416,0.5834104402965268,0.07382430940471738,-0.4158527831368099,0.40833734321278453,0.07115480382710893,-0.3457387202228142,0.07889238621620152,-0.08421443590265237,-0.41982953378696314,1.2301065534945355,-0.033318378351974175,-0.1980042936194022,1.2583367319296528,-0.0977210026999183,-0.15358818653008796,1.2205890874988985,0.47926618819994643,-0.12458238888852644,0.6040148083737354,0.5180467422434826,-0.4256892975987188,1.0544875994423368,0.36354293392983494,-0.4502386176428258,1.3566040858527681,0.16618865570485197,-0.45246233292762805,1.5787478882745403,0.3700958942340699,-0.01994952487925821,1.2608274118789773,0.24058947351989365,-0.367458310545675,1.6191658523698516,0.04108176881213062,0.006175230331225503,1.355872949227592,0.1976102056684873,0.004805434282425019,1.295754220312005,0.4247854409233624,-0.18935709579890928,0.6828277647890002,0.4614216639900839,-0.06403217326528979,1.0411521338469145,0.35863927164614595,-0.1326720733318897,0.6166280073835361,0.3493537837701128,-0.08048635084700112,1.1846850170994436,0.328041512050376,-0.10131014488785471,1.0247578131442039,0.48367125309066267,-0.6167850012810815,1.0395267041313727,0.2890131990641158,-0.3148780617098145,1.4801936268016993,0.5146632739250233,-0.13744594304766874,1.0539087704475352,0.4804973943738748,-0.07047300272627381,0.8982692645085568,0.379439737623101,-0.019275414566231875,0.505126670891086,0.3674229118997687,-0.15989825948579423,1.3892651164768548,0.11166846179804264,-0.05596217172627418,1.3218930312339834,0.08824069654902085,0.0036466554491873136,1.2593082726396472,0.22944178614790076,-0.31198075729490116,1.1598766663216598,0.36306963219547905,-0.6051003952689519,1.1575238152055551,1.1607367992401123,-19.64398193359375,3.8641445636749268,-0.5517774820327759,-0.41130006313323975,-2.461589813232422,147.6251220703125,29.63580322265625,-619.0299682617188,-114.1778793334961,68.86042022705078,30.288005828857422,-2.1223838329315186,24.275894165039062,-1.767501711845398,-3.845998764038086,0.36014384031295776,2.68104887008667
0.17320304736495018,-0.4373193072858236,1.4358297219339586,0.16324597784620246,-0.29255448158411,1.3553820649124928,0.029264066969692113,-0.5237667351369036,0.07254894442905653,0.2691475563491417,-0.5215521240668581,0.9321203571281685,0.043206550902532816,-0.3308796828353642,1.5764770320314445,-0.14487113885038738,-0.3771548849462673,1.0807190869028205,0.12265052514409781,-0.2510998569280896,1.620245143475122,-0.0849489862753066,-0.15660751865103545,1.3145897463457474,-0.12241716129051534,-0.27561313190207576,1.197079414958196,0.09757007749763545,-0.5815927526414,0.0840947629994904,0.12213045448706245,-0.39809093737839074,0.5189002275664285,0.13774114886656502,-0.49112282264114215,0.044612269595709464,-0.05345038254282728,-0.365201642625774,1.043706043271829,0.23370556525935401,-0.3400956823533734,0.4686893031297141,0.4083045392932481,-0.6605724578859001,1.0044292428635604,0.02801255834295062,-0.42792593263435047,1.3820599384655226,0.15452317456831996,-0.4384300721599566,0.5833513508766692,0.07401831371598686,-0.41564189400893964,0.40836645154566165,0.07117760948688778,-0.3456831317370301,0.07889086881418102,-0.08370261272995283,-0.42017537251805626,1.229433104691916,-0.03298776570880256,-0.19798394753936902,1.2571527219766023,-0.09742033147308606,-0.15374419628488306,1.2191967273390056,0.47925024060224064,-0.12494483722114799,0.6049416533961202,0.5186923422560786,-0.42562296828686796,1.054083831657637,0.36392560685115144,-0.44980909369441846,1.3562111481530776,0.16656386062798909,-0.45220029842577236,1.5782150718944752,0.3704481298560338,-0.01920096963545346,1.260954000894597,0.2410901120512296,-0.36719037503596175,1.618579520294998,0.04118144501691425,0.006406636463805091,1.3553331904853416,0.19791269430656305,0.005388243573360035,1.2955775669473686,0.4249603289444715,-0.18969008620112937,0.6838184597081696,0.4621199962023078,-0.0643825666818595,1.0420223886998283,0.3586100046307046,-0.133076386587904,0.6177151416311201,0.34992958328976537,-0.07960428654012698,1.1846660148623764,0.32862819124333903,-0.10158323758090568,1.0257085200571856,0.48418601932904576,-0.6167184537807048,1.0392435350954927,0.28927185164382124,-0.31453590243067964,1.4797217841969421,0.5154573809824242,-0.13776809344721946,1.0545133906879172,0.4810080745362288,-0.07075643953898095,0.8992490103307939,0.37927506479206463,-0.019679282767241752,0.5060739859642571,0.3677502740297886,-0.15940751877940254,1.3890580357305262,0.11190989731952844,-0.055472817012904505,1.321312372060801,0.08858035161893889,0.004278290311386488,1.258879274327234,0.22991735283408732,-0.31161821722392213,1.1594049823994668,0.36350591998818693,-0.6049309024550268,1.1572437801503188,0.9159755110740662,-19.291156768798828,3.964327096939087,-0.5521485805511475,-0.5715188980102539,-2.4082255363464355,147.65492248535156,30.859968185424805,-612.848388671875,-112.94775390625,68.20732116699219,30.741771697998047,-2.0301358699798584,24.32744598388672,-2.603861093521118,-3.728243112564087,0.3544991612434387,2.701063871383667
0.17360364645719528,-0.43703985737254286,1.435293930255814,0.16355237404242257,-0.2922420852034297,1.3549040733583715,0.02935035495297206,-0.52370254803967,0.07262295992761258,0.26961416242927905,-0.5212994815892731,0.9318212404945828,0.04363671577973475,-0.3306037536914775,1.5760967095956109,-0.1442389227203186,-0.37775117435202693,1.0798716426685158,0.12315217279736568,-0.2508277262480843,1.6197864318525554,-0.08466618419285642,-0.15660494501819675,1.3132275358730594,-0.12198681169689098,-0.27587297460101295,1.1960012462754912,0.09772972703374774,-0.581462593268085,0.08415397143127112,0.1223554787602251,-0.3978166347307875,0.518874699508907,0.1377996630621272,-0.49103533895994655,0.044604641675258315,-0.052799355090651305,-0.365806114101252,1.0428824014221596,0.2338582030096591,-0.33979872776972536,0.46863753294313193,0.40885499919092416,-0.6603952292969685,1.004071334339925,0.0284081824888654,-0.42781206797685056,1.3815271617560987,0.1547620463746273,-0.4381844513858391,0.5832922614568117,0.07421231802725634,-0.4154310048810694,0.40839555987853876,0.07120041514666664,-0.345627543251246,0.07888935141216051,-0.0831907895572533,-0.4205212112491494,1.2287596558892964,-0.03265715306563094,-0.1979636014593358,1.2559687120235519,-0.0971196602462538,-0.1539002060396782,1.2178043671791128,0.4792342930045349,-0.12530728555376955,0.6058684984185048,0.5193379422686747,-0.4255566389750171,1.0536800638729373,0.36430827977246794,-0.4493795697460112,1.3558182104533871,0.16693906555112623,-0.4519382639239166,1.57768225551441,0.3708003654779977,-0.01845241439164871,1.2610805899102167,0.24159075058256552,-0.3669224395262485,1.6179931882201442,0.04128112122169788,0.00663804259638468,1.3547934317430914,0.19821518294463883,0.0059710528642950515,1.2954009135827325,0.4251352169655806,-0.19002307660334947,0.6848091546273389,0.4628183284145317,-0.06473296009842922,1.0428926435527421,0.3585807376152632,-0.13348069984391825,0.6188022758787041,0.3505053828094179,-0.07872222223325283,1.184647012625309,0.32921487043630204,-0.10185633027395664,1.0266592269701673,0.4847007855674289,-0.6166519062803281,1.0389603660596127,0.2895305042235267,-0.31419374315154475,1.479249941592185,0.5162514880398251,-0.13809024384677016,1.0551180109282992,0.4815187546985828,-0.07103987635168807,0.9002287561530309,0.37911039196102825,-0.02008315096825163,0.5070213010374284,0.36807763615980843,-0.15891677807301086,1.3888509549841976,0.11215133284101422,-0.05498346229953483,1.3207317128876188,0.08892000668885691,0.004909925173585662,1.2584502760148206,0.23039291952027388,-0.31125567715294317,1.158933298477274,0.36394220778089487,-0.6047614096411017,1.1569637450950825,0.8582539558410645,-19.02305030822754,4.04254150390625,-0.5607759356498718,-0.6378375291824341,-2.3745131492614746,147.69810485839844,31.148513793945312,-607.026123046875,-111.86756134033203,67.63617706298828,31.102794647216797,-2.0351247787475586,24.51705551147461,-3.0137124061584473,-3.666991949081421,0.20868945121765137,2.7003371715545654
0.17391729438739106,-0.43679961715115617,1.434847289758013,0.1638383969960623,-0.2919797204582896,1.3544933916322444,0.02943400345088926,-0.523641511797905,0.07267654315870724,0.27005162094997254,-0.5210726297651695,0.9315714386125274,0.04403075099065405,-0.3303737566368469,1.5757561720759663,-0.14369492839701128,-0.37826620688698936,1.079145459149847,0.1235746337433919,-0.2505996689101718,1.6194026539262556,-0.0844334030141499,-0.15660103849622586,1.3120541019944956,-0.12163376430703315,-0.27610065625203367,1.1950738378707937,0.09786453782673309,-0.5813632556144764,0.08420714000795061,0.12255430564481691,-0.39758419896790526,0.5188471023610096,0.13784952528330663,-0.4909675416863517,0.04460113744763349,-0.052222969966465686,-0.3663374462368472,1.0421736327228168,0.23400114565495622,-0.3395276411084939,0.468603547489801,0.40929066320720886,-0.6602350342155292,1.0037659858630983,0.028739058218328953,-0.42773059188135415,1.3810656785175501,0.15496582735255854,-0.4379578044280311,0.5832457411170795,0.07436756767480578,-0.4152598276931719,0.40843370009139673,0.07122599390267537,-0.34557903775118837,0.07888837596586604,-0.08273741067541357,-0.4208410833252976,1.228164987058829,-0.032440815811717746,-0.19802846584395067,1.2549760542957988,-0.0968578306106937,-0.15404312085631666,1.2166117901438909,0.47925329672185,-0.1256320813781773,0.6066298934797577,0.5199039209362687,-0.4255177873550661,1.0533254734727722,0.36464448401470057,-0.4490189611023625,1.3554844264163086,0.16726835984860033,-0.45170615825629395,1.5772130057117009,0.3711064329111813,-0.017807344788845818,1.2611868829521913,0.24200295911028685,-0.3667169287307373,1.6174823908221643,0.041353655103224,0.0068372062535413695,1.354342188858828,0.19845113229771322,0.0064931169671888335,1.2952534850464752,0.4253030177082447,-0.19029440854164148,0.6856283125103704,0.4634360476637518,-0.0650088544564926,1.0436270252758304,0.3586015065280807,-0.1338250609916567,0.6196958256873074,0.3509868798863809,-0.07795964574922397,1.184633299017584,0.32974176493701557,-0.10211973537425725,1.0274591392633932,0.48512413836275503,-0.6166183697861551,1.038719471716723,0.28976003500010006,-0.31388385223829196,1.4788577031615555,0.5169505714778079,-0.13836161353138107,1.0556119648826043,0.48195972540323306,-0.0713065554640743,0.9010229792618594,0.3789718360300885,-0.02045064911073603,0.507805492802961,0.3683503562744879,-0.15850921952171831,1.3886845520395317,0.11235660542764805,-0.05451669318860534,1.320260226134433,0.08923901270902314,0.0054692578431070685,1.2580813929339907,0.23078162519150222,-0.31094780485361617,1.1585539080054554,0.36434086989488035,-0.6045787553518813,1.156719047699543,1.0608103275299072,-19.068391799926758,4.213023662567139,-0.5475667715072632,-0.5021716952323914,-2.389988422393799,146.6637725830078,31.89246368408203,-601.3873291015625,-110.75798034667969,67.05439758300781,31.50261878967285,-2.082620859146118,24.702505111694336,-2.7968692779541016,-3.7198030948638916,0.12375441193580627,2.6796183586120605
0.1741170063121429,-0.436610755146734,1.4345174680482473,0.16409772397666578,-0.29178291440799536,1.3541709089910747,0.0295141933128139,-0.5235846042633057,0.072703353073818,0.27045088611691204,-0.5208795725904554,0.9313862560600634,0.044377443880237476,-0.3302039464577934,1.5754677665154666,-0.14326653506187415,-0.37867476490159696,1.0785781689827016,0.12389333279717046,-0.250429362848105,1.6191170649812712,-0.08426616646793506,-0.15659538542987494,1.3111280305496116,-0.12138200946004186,-0.27628619584026715,1.194343977416588,0.09796680130113829,-0.5813043050418626,0.0842523942917388,0.12271880491679867,-0.39740662326086434,0.5188167939912405,0.13788805043460517,-0.49092554039513037,0.044603036679574194,-0.05174439203068123,-0.366772940616734,1.0416153874618328,0.2341313843695533,-0.33929045034560146,0.4685928661696958,0.4095759050340842,-0.6600971589025283,1.0035295091717449,0.02898509119520123,-0.427691555970552,1.3806976143098035,0.15512362724503143,-0.4377560197122839,0.5832156906064773,0.07447203534920484,-0.41514068684041106,0.40848367518147094,0.07125520637098527,-0.34553981340484113,0.07888811066845394,-0.08236061396780395,-0.4211269301294491,1.2276735471573887,-0.032374218723039756,-0.19820498532017333,1.2542341339667111,-0.09664689685335223,-0.15416887678847407,1.2156809978927208,0.4793180987140201,-0.1259075394332014,0.6071744920402173,0.5203655681862737,-0.42551494098657017,1.0530353224040656,0.36491979826365084,-0.44874865527184593,1.3552281540750668,0.16753749539520565,-0.4515132696818042,1.5768270500448367,0.3713520040969975,-0.01729787706045917,1.261266581270079,0.24229929384016832,-0.36659321583659443,1.6170705698973296,0.041390623181860965,0.006994121149799084,1.3540069322712374,0.1985998922428548,0.0069355839271320234,1.2951443511129215,0.42546153167225664,-0.1904849466306484,0.6862226977253592,0.46394813613386343,-0.06518712935858215,1.0441833663460434,0.3586878397606856,-0.13409086420441305,0.620335713127591,0.35134480824533676,-0.07735363951581996,1.184626515337963,0.330190320875471,-0.10237044638750568,1.0280614586065937,0.48542770802579965,-0.6166280890932146,1.0385339717991304,0.2899514061725692,-0.3136162440113674,1.4785697736487484,0.5175251412075876,-0.13856644296882956,1.0559609078413603,0.4823093526805473,-0.0715512762105228,0.9015741036427731,0.37886750224410304,-0.020770489935152566,0.5083759367860705,0.36855147650699743,-0.1582106582771074,1.388571451041872,0.11251449209964827,-0.05407951900501127,1.3199317928971044,0.08953096135365252,0.005933849708430006,1.2577912815359256,0.2310565129810611,-0.3107115661861091,1.1582954537789554,0.36469022939536744,-0.6043788549915844,1.1565206548236064,1.1849957704544067,-19.24283218383789,4.397768974304199,-0.5614955425262451,-0.4031594395637512,-2.438880681991577,144.41055297851562,34.08424377441406,-595.4574584960938,-109.46891021728516,66.37226104736328,31.95925521850586,-2.021472454071045,24.722734451293945,-2.4773740768432617,-3.754633903503418,0.16753338277339935,2.6533117294311523
0.1743167182368948,-0.4364218931423118,1.4341876463384817,0.1643570509572692,-0.2915861083577011,1.353848426349905,0.029594383174738545,-0.5235276967287064,0.07273016298892877,0.27085015128385154,-0.5206865154157411,0.9312010735075995,0.04472413676982091,-0.33003413627873984,1.5751793609549667,-0.142838141726737,-0.37908332291620456,1.0780108788155562,0.12421203185094902,-0.2502590567860382,1.6188314760362865,-0.0840989299217202,-0.15658973236352403,1.3102019591047274,-0.12113025461305056,-0.2764717354285007,1.1936141169623824,0.0980690647755435,-0.5812453544692487,0.08429764857552699,0.12288330418878043,-0.3972290475538235,0.5187864856214712,0.1379265755859037,-0.49088353910390903,0.044604935911514904,-0.05126581409489674,-0.3672084349966207,1.041057142200849,0.2342616230841504,-0.339053259582709,0.46858218484959063,0.40986114686095954,-0.6599592835895273,1.0032930324803915,0.029231124172073523,-0.4276525200597498,1.3803295501020572,0.15528142713750434,-0.43755423499653673,0.5831856400958749,0.0745765030236039,-0.4150215459876503,0.4085336502715452,0.07128441883929518,-0.34550058905849396,0.07888784537104186,-0.0819838172601943,-0.4214127769336006,1.2271821072559483,-0.03230762163436176,-0.19838150479639602,1.2534922136376236,-0.09643596309601077,-0.15429463272063149,1.2147502056415507,0.47938290070619016,-0.12618299748822553,0.6077190906006769,0.5208272154362786,-0.42551209461807415,1.0527451713353593,0.3651951125126011,-0.44847834944132936,1.3549718817338248,0.16780663094181097,-0.45132038110731454,1.5764410943779725,0.3715975752828137,-0.016788409332072502,1.2613462795879666,0.2425956285700498,-0.36646950294245156,1.6166587489724948,0.041427591260497935,0.007151036046056804,1.3536716756836469,0.19874865218799634,0.0073780508870752316,1.295035217179368,0.42562004563626865,-0.19067548471965537,0.6868170829403479,0.46446022460397507,-0.0653654042606717,1.0447397074162565,0.3587741729932905,-0.1343566674171694,0.6209756005678745,0.35170273660429263,-0.07674763328241592,1.1846197316583418,0.33063887681392645,-0.10262115740075411,1.0286637779497942,0.48573127768884433,-0.6166378084002742,1.0383484718815381,0.2901427773450384,-0.31334863578444283,1.4782818441359413,0.5180997109373674,-0.13877127240627807,1.0563098508001163,0.4826589799578616,-0.07179599695697131,0.902125228023687,0.3787631684581175,-0.021090330759569113,0.5089463807691802,0.3687525967395069,-0.15791209703249648,1.3884583500442127,0.1126723787716485,-0.05364234482141718,1.319603359659776,0.0898229099982819,0.006398441573752964,1.2575011701378602,0.23133140077062,-0.3104753275186021,1.158036999552455,0.3650395888958546,-0.6041789546312876,1.1563222619476696,1.0798184871673584,-19.314342498779297,4.55469274520874,-0.6242382526397705,-0.448940247297287,-2.4755945205688477,142.5694122314453,36.43183135986328,-590.254150390625,-108.34046173095703,65.78193664550781,32.292789459228516,-1.8768457174301147,24.491849899291992,-2.315263271331787,-3.7254183292388916,0.27684152126312256,2.6291372776031494
0.1745899212084069,-0.4361796070210981,1.4338050539919873,0.16464250653192697,-0.2913534457715142,1.3534650597351277,0.029699941535807208,-0.5234704666974529,0.07276726521502268,0.2713395372921268,-0.5204794550968321,0.9309950305136624,0.04510142228609283,-0.3298043120183692,1.5748494212201098,-0.14232929820651252,-0.37958938524817787,1.0773252493498342,0.12459824303325438,-0.2500525250142773,1.6184827626146228,-0.08387683924065521,-0.15657899785318122,1.309067741529831,-0.12075694504853907,-0.27669927596256433,1.192702809706429,0.09817917107154202,-0.5811784687815913,0.08436097752376898,0.12309746582381773,-0.39700212985869276,0.5187559481093426,0.13797173950056366,-0.4908301401019886,0.04460046583453551,-0.05069395400189012,-0.3677529247588669,1.0403894347860323,0.23442301667289228,-0.33878016985015363,0.4685674256441609,0.4102203677229534,-0.6598280618917074,1.0030373757248683,0.029530441499506396,-0.4275870606401898,1.3798879566571571,0.15547657723458397,-0.4373101650286984,0.5831486304469456,0.07470636837036404,-0.41486659103276713,0.4085916835345969,0.07131817066018155,-0.34545631509348257,0.07888862076184608,-0.0815554019927189,-0.4217159536895373,1.2265974997684657,-0.03223319816717644,-0.19865903149772163,1.2526631343443662,-0.09611268699267843,-0.15444952792284505,1.2135978242419414,0.4794456149568621,-0.1264967414124912,0.6083489810394136,0.52140126125702,-0.4255115142129115,1.0524288980376642,0.36551122258830543,-0.4481751956292336,1.354657984332533,0.16814105508738006,-0.4510871974245602,1.5760013157168762,0.37190882121490326,-0.016174680106218493,1.2614731472849057,0.24297531595490626,-0.366270160339526,1.6161814612268612,0.04148554124727549,0.007378483758560865,1.3532384649807254,0.1989766274955099,0.007899603918996564,1.2948932055605957,0.42580188968718446,-0.19092622147688013,0.6875237733717786,0.46508417273594055,-0.06560586797480551,1.0453786076299403,0.35887634250896655,-0.13467182959152374,0.6217240760263228,0.3521760211677741,-0.07602410566135749,1.18461610505123,0.3312174583112957,-0.10287338966466733,1.0293677346595864,0.4861125011515144,-0.6166178410416407,1.0381171095450192,0.290371014977133,-0.3130334126238791,1.4779270390011616,0.5187865773968349,-0.13903679910874525,1.0567096803362006,0.483111937709202,-0.0721230540695964,0.9027343678553372,0.37868387908335555,-0.021481730037720387,0.5096203292047741,0.3690014379900812,-0.15751924795030758,1.3883400212060537,0.11286969490299952,-0.053182480770428454,1.3191683327914863,0.09015760748394278,0.006972141005715581,1.2571464066473854,0.23172171053704835,-0.31019662537716874,1.1576909450505743,0.3654495310901806,-0.603962861544249,1.1560775483680876,0.8963017463684082,-19.255952835083008,4.444392681121826,-0.6762171387672424,-0.5431381464004517,-2.4452874660491943,141.34371948242188,38.24094772338867,-584.2862548828125,-107.10970306396484,65.14472198486328,32.65871810913086,-1.9291982650756836,24.270524978637695,-2.056447982788086,-3.708413600921631,0.2969862222671509,2.622899055480957
0.1749613970912845,-0.43586588167394236,1.433351896259169,0.1649629015056108,-0.29107283549198254,1.353000278504479,0.029839422889917297,-0.5234128054206735,0.07281813041510567,0.27194943372776964,-0.5202536696432443,0.9307610927433367,0.04551961654735519,-0.3294942363701909,1.5744639416009385,-0.1417128759504154,-0.3802258312603496,1.0764813754732245,0.12507473206184558,-0.2497975518865301,1.6180496385555394,-0.08358139710019756,-0.15656146838866322,1.307655189013639,-0.12022109138501796,-0.2769829805520986,1.1915488700993013,0.09829976486153161,-0.5811009721842822,0.08444847608145499,0.12337803643270832,-0.396709231598093,0.5187251041859191,0.13802578083134645,-0.49076149997529606,0.044587478658418785,-0.04999735614050502,-0.36844316416031475,1.0395753535608583,0.23462607084915338,-0.33845907568142114,0.4685472134525413,0.4106785140388849,-0.6597057374700016,1.0027560712091181,0.029901011156177278,-0.4274862674589189,1.3793480392323425,0.15572167237270745,-0.4370095508284127,0.5831023149735091,0.07487019572086287,-0.4146637451273716,0.40866049226151396,0.0713579925455597,-0.3454052887314203,0.07889078777061392,-0.08105796190681837,-0.42204230421821015,1.2258883077182516,-0.03214830919384759,-0.19907162600005698,1.25171750527344,-0.095639185659242,-0.15464338842804068,1.2121491317717445,0.4795055374601819,-0.12686168155725427,0.6090929245711951,0.5221256074921184,-0.4255139638749969,1.0520776938523677,0.3658818852230413,-0.44782811719060733,1.3542670301648956,0.16856278375481926,-0.45080013074819614,1.5754895644472136,0.37230788802863746,-0.015421531436076736,1.2616630903142967,0.24346646328536878,-0.36596968498648397,1.6156166306394615,0.04157154843679919,0.007700248609068767,1.3526742691235827,0.19931053032247437,0.008526911582051462,1.2947072295953106,0.42601493094733217,-0.19125745645323336,0.6883806393833349,0.465857700648292,-0.06592949114690552,1.0461279066982647,0.3589996884496796,-0.13505299502848,0.622617756392782,0.35280356112102795,-0.07514342734750534,1.184616700110846,0.33196991119558444,-0.10312765615912067,1.030207601801449,0.48659756399740445,-0.6165581763974878,1.037824419555285,0.2906485507819826,-0.3126545183311235,1.4774828071625816,0.5196236080878618,-0.13938349075862114,1.057177555876852,0.48370306993162393,-0.07256021213699254,0.9034210864873912,0.3786380793282528,-0.021968817945865794,0.5104326847570622,0.3693140922299284,-0.15700031629461328,1.3882147016509478,0.11311973647418005,-0.052692275617691076,1.3185907679283067,0.0905494691174946,0.0076917400907428905,1.2567051897775259,0.23226636364463937,-0.30986114068339204,1.1572277506455682,0.36594048502626797,-0.6037251153923818,1.1557708943127007,0.8197568655014038,-19.246662139892578,4.085987567901611,-0.6616314649581909,-0.586325466632843,-2.4047136306762695,140.51466369628906,38.76429748535156,-579.3715209960938,-106.10163879394531,64.63555145263672,32.99500274658203,-2.1474075317382812,24.249767303466797,-1.4991159439086914,-3.7642717361450195,0.22203071415424347,2.639988660812378
0.17533287297416206,-0.43555215632678657,1.4328987385263505,0.16528329647929463,-0.29079222521245085,1.3525354972738304,0.029978904244027386,-0.5233551441438941,0.07286899561518864,0.2725593301634125,-0.5200278841896563,0.9305271549730112,0.04593781080861754,-0.32918416072201256,1.5740784619817672,-0.1410964536943183,-0.38086227727252125,1.075637501596615,0.12555122109043676,-0.2495425787587829,1.6176165144964558,-0.08328595495973992,-0.15654393892414523,1.306242636497447,-0.11968523772149688,-0.2772666851416329,1.1903949304921737,0.09842035865152118,-0.5810234755869733,0.084535974639141,0.12365860704159894,-0.3964163333374933,0.5186942602624957,0.13807982216212922,-0.4906928598486035,0.04457449148230205,-0.049300758279119915,-0.3691334035617626,1.038761272335684,0.23482912502541448,-0.33813798151268865,0.46852700126092167,0.41113666035481633,-0.6595834130482958,1.0024747666933678,0.030271580812848156,-0.4273854742776479,1.3788081218075279,0.15596676751083097,-0.43670893662812693,0.5830559995000726,0.07503402307136169,-0.4144608992219761,0.408729300988431,0.07139781443093786,-0.345354262369358,0.07889295477938178,-0.08056052182091784,-0.42236865474688295,1.2251791156680378,-0.032063420220518744,-0.19948422050239234,1.250771876202514,-0.09516568432580558,-0.15483724893323633,1.2107004393015477,0.4795654599635017,-0.12722662170201737,0.6098368681029768,0.5228499537272169,-0.4255164135370823,1.0517264896670715,0.36625254785777717,-0.44748103875198114,1.353876075997258,0.16898451242225848,-0.4505130640718321,1.574977813177551,0.37270695484237165,-0.014668382765934976,1.2618530333436877,0.24395761061583132,-0.36566920963344196,1.6150518000520617,0.04165755562632289,0.008022013459576668,1.35211007326644,0.1996444331494388,0.00915421924510636,1.2945212536300255,0.42622797220747993,-0.1915886914295866,0.6892375053948914,0.4666312285606435,-0.06625311431900555,1.0468772057665894,0.35912303439039267,-0.13543416046543624,0.6235114367592414,0.3534311010742819,-0.07426274903365321,1.1846172951704619,0.33272236407987327,-0.10338192265357402,1.0310474689433116,0.48708262684329456,-0.6164985117533349,1.037531729565551,0.2909260865868322,-0.3122756240383679,1.4770385753240016,0.5204606387788886,-0.13973018240849702,1.057645431417503,0.48429420215404584,-0.07299737020438869,0.904107805119445,0.37859227957315,-0.0224559058540112,0.5112450403093503,0.36962674646977556,-0.15648138463891895,1.3880893820958422,0.11336977804536061,-0.0522020704649537,1.318013203065127,0.09094133075104643,0.0084113391757702,1.2562639729076663,0.2328110167522304,-0.30952565598961534,1.1567645562405617,0.36643143896235536,-0.6034873692405145,1.1554642402573136,0.9745038747787476,-19.302244186401367,3.8473057746887207,-0.6280974745750427,-0.5533605217933655,-2.447352409362793,138.9183349609375,39.22704315185547,-573.46337890625,-104.87004089355469,64.04151153564453,33.36415100097656,-2.17946195602417,24.40864372253418,-1.4932312965393066,-3.8364503383636475,0.2107229232788086,2.6634345054626465
0.17569099295119575,-0.435242604044889,1.432405452262487,0.16559464701556212,-0.2904961934646234,1.3520452498600184,0.03010582944242567,-0.5233213301526,0.0729370228082731,0.2731674944624206,-0.5197887197630295,0.930276902404842,0.04629655514183817,-0.3288891710192952,1.573675182876208,-0.14045569345058986,-0.3815104414196993,1.0747715838697574,0.12602139180464458,-0.24926664384192979,1.6171622524987783,-0.08299400645079992,-0.15653132277213974,1.3048110095080951,-0.11916797307153412,-0.27754081474826825,1.18923476693646,0.09853745566446655,-0.5809475391708463,0.08461913237015142,0.12391646590009825,-0.39611625908226367,0.5186747905631729,0.1381302209731364,-0.49062733589023944,0.04456557881161077,-0.04860464902286303,-0.36981289365038966,1.03796405113296,0.23506714906913553,-0.3378694344139257,0.4684950667402602,0.4116135246508958,-0.6594265129984609,1.0021997029023455,0.030648188045655445,-0.42729303980899963,1.3782592459230234,0.15620020952149732,-0.4364293513215141,0.5830186173221134,0.07520545211108709,-0.4142475598399213,0.40879423862064124,0.07141433844947262,-0.34530343312696116,0.0789186597635217,-0.08003299372480407,-0.422701153731504,1.2244733459507393,-0.03190940253387225,-0.19983828094917416,1.2497654503939168,-0.09469237591799917,-0.15504190278862484,1.2092238816599183,0.4796598700202064,-0.12758860714881623,0.6105288810879979,0.5235223945797673,-0.4254199049330705,1.0513736917483096,0.3666504004242404,-0.44708652996661646,1.35345438793795,0.16938980256780883,-0.4502548859115468,1.5744690816134017,0.3731144684434726,-0.013929202199747057,1.2620416342817395,0.24441754383756623,-0.3653934035968307,1.614484704685527,0.04174757493499493,0.008360896789968396,1.3515348387080313,0.19997531207685437,0.009727571363135267,1.2943257320400896,0.4264380315084331,-0.19192917006003934,0.6900805059252985,0.46739694298497886,-0.066554659040065,1.047593288074266,0.3592773658649021,-0.13581134576276438,0.6243824357820662,0.35402016075241644,-0.07338770540640846,1.1846313614718962,0.3334544633101943,-0.10364278217173174,1.0318757102189475,0.487658528302679,-0.6163622136937073,1.0372450957629855,0.29118547899438846,-0.3119292293262008,1.4765834725455733,0.5213234963401263,-0.1400435251856087,1.0580830092461693,0.48484721898243127,-0.07344868733541458,0.9047382817363108,0.3785740514069993,-0.02296110098589432,0.5120111943672824,0.36991663548527964,-0.1559910730810355,1.3879467998908845,0.11361304729782191,-0.05174223799258472,1.3174224018261134,0.09133567105954055,0.00911147583935975,1.2558048558945687,0.23332494855025745,-0.30919212991038697,1.1562928898839762,0.3669102050314676,-0.6032958497472157,1.1551837905353268,1.1388014554977417,-19.280441284179688,4.081881999969482,-0.6656612753868103,-0.5296263694763184,-2.512913465499878,137.08448791503906,40.4073600769043,-567.830078125,-103.74727630615234,63.49367904663086,33.62960433959961,-2.035351276397705,24.562332153320312,-2.2918760776519775,-3.8168885707855225,0.2988845407962799,2.665386438369751
0.17603088604496014,-0.4349387467696967,1.4318574023562551,0.16589365455488495,-0.29017911594829815,1.3515202485962419,0.03021561918126431,-0.5233200606920861,0.07302847107415956,0.27377329490437413,-0.5195312969731969,0.9300043849360864,0.046574167808554806,-0.3286147691950893,1.5732476127068729,-0.13978171901197625,-0.3821745973746508,1.073875582770796,0.1264829398780469,-0.24896210224817922,1.6166791434319603,-0.08270682572134284,-0.15652541184662194,1.303353351473019,-0.1186760769577216,-0.277801877319418,1.1880661095214995,0.09864978060521037,-0.5808737319431557,0.0846963661494634,0.12414332989924,-0.3958063917049509,0.5186708433343875,0.13817564881597924,-0.49056606458512364,0.04456222664244128,-0.04790920656889877,-0.3704777140885789,1.0371898389020504,0.23535289669668435,-0.33767259861065063,0.46844713468820054,0.412115933484589,-0.6592224273855323,1.0019331558650693,0.03103303479413124,-0.42721201252463636,1.3776981443758831,0.15641774844057513,-0.43617846426979595,0.5829934264650408,0.07538725522081582,-0.41401989994854327,0.40885389334713385,0.07139906773207993,-0.34525287289493134,0.07897648716111057,-0.079464404344164,-0.423042043550125,1.2237722467113015,-0.03166104448552164,-0.20011245962602411,1.2486760549197924,-0.09421933079693492,-0.1552612863925119,1.2077092962549223,0.4798013454438835,-0.12794656030192278,0.611150024150381,0.5241239998514289,-0.4251883474012084,1.0510187188521127,0.36708535925047286,-0.4466272927080559,1.3529907571558921,0.16977265896584023,-0.45003613207908655,1.5739644710591298,0.3735335094249801,-0.013209083987190263,1.262228403659846,0.24483487898150816,-0.36515126392146613,1.6139145185615842,0.04184306960626943,0.008723141810554528,1.3509445395690716,0.20030206427076794,0.010227290031481637,1.2941171834800418,0.4266440213121326,-0.19228226355961614,0.6909045841520195,0.46815199429625703,-0.06682607316911614,1.0482640392732936,0.35947398347965137,-0.13618309934012937,0.6252224814418136,0.354556706172741,-0.07252035146912206,1.1846638120562825,0.33415878578921815,-0.10391263922812133,1.0326880856065561,0.48835839775224393,-0.6161213335611962,1.0369667268746736,0.29142011100093257,-0.311627186982837,1.476113534131587,0.5222215999830637,-0.1403113565598892,1.0584792396090679,0.4853482195083669,-0.07391932742386462,0.9052920045442139,0.3785934503504772,-0.02349100715252538,0.5127142969740937,0.37017545666520957,-0.15553981953898804,1.387780659246129,0.11384707432708992,-0.051323855295777335,1.3168135368271379,0.09173339403030886,0.00978505202192835,1.2553213104506993,0.23379695479640897,-0.3088612767639539,1.155809661805235,0.36737233824682547,-0.6031674160467868,1.1549391020212743,1.0675978660583496,-19.24761390686035,4.5731987953186035,-0.6548144817352295,-0.5661081075668335,-2.5034902095794678,135.28260803222656,42.154052734375,-562.0465698242188,-102.67344665527344,62.92000198364258,33.87670135498047,-1.9501018524169922,24.587921142578125,-3.166624069213867,-3.722856044769287,0.3252367079257965,2.6270642280578613
0.17637077913872454,-0.43463488949450435,1.4313093524500233,0.1661926620942078,-0.28986203843197283,1.3509952473324656,0.030325408920102957,-0.5233187912315722,0.07311991934004604,0.27437909534632765,-0.5192738741833642,0.9297318674673308,0.04685178047527146,-0.32834036737088335,1.5728200425375376,-0.1391077445733626,-0.3828387533296023,1.0729795816718348,0.12694448795144922,-0.24865756065442862,1.6161960343651425,-0.08241964499188575,-0.15651950092110412,1.3018956934379426,-0.11818418084390905,-0.27806293989056785,1.186897452106539,0.0987621055459542,-0.5807999247154653,0.08477359992877537,0.12437019389838178,-0.39549652432763815,0.5186668961056021,0.13822107665882205,-0.49050479328000784,0.04455887447327178,-0.047213764114934484,-0.3711425345267681,1.0364156266711406,0.2356386443242332,-0.33747576280737557,0.4683992026361409,0.4126183423182822,-0.6590183417726037,1.001666608827793,0.03141788154260705,-0.42713098524027315,1.377137042828743,0.15663528735965293,-0.43592757721807784,0.5829682356079683,0.07556905833054457,-0.41379224005716525,0.4089135480736265,0.07138379701468724,-0.34520231266290147,0.07903431455869943,-0.07889581496352392,-0.423382933368746,1.2230711474718636,-0.03141268643717103,-0.2003866383028741,1.247586659445668,-0.09374628567587066,-0.15548066999639895,1.2061947108499262,0.47994282086756057,-0.12830451345502936,0.6117711672127641,0.5247256051230904,-0.4249567898693464,1.0506637459559156,0.3675203180767053,-0.4461680554494953,1.352527126373834,0.17015551536387166,-0.4498173782466263,1.5734598605048578,0.37395255040648756,-0.012488965774633438,1.2624151730379523,0.2452522141254501,-0.3649091242461015,1.6133443324376415,0.04193856427754392,0.009085386831140674,1.3503542404301119,0.2006288164646815,0.010727008699828029,1.293908634919994,0.42685001111583204,-0.19263535705919296,0.6917286623787406,0.46890704560753527,-0.06709748729816731,1.0489347904723212,0.35967060109440063,-0.13655485291749436,0.626062527101561,0.3550932515930656,-0.07165299753183561,1.184696262640669,0.334863108268242,-0.10418249628451091,1.0335004609941647,0.4890582672018089,-0.6158804534286852,1.0366883579863617,0.29165474300747674,-0.3113251446394731,1.4756435957176006,0.5231197036260011,-0.1405791879341697,1.0588754699719662,0.4858492200343025,-0.07438996751231468,0.9058457273521171,0.3786128492939551,-0.02402091331915646,0.5134173995809049,0.37043427784513955,-0.15508856599694057,1.3876145186013733,0.11408110135635793,-0.050905472598969936,1.3162046718281626,0.09213111700107719,0.010458628204496981,1.2548377650068296,0.23426896104256048,-0.30853042361752087,1.155326433726494,0.36783447146218345,-0.6030389823463579,1.1546944135072215,0.9439315795898438,-19.295541763305664,4.723743438720703,-0.5406160354614258,-0.592932403087616,-2.4511632919311523,133.4152374267578,43.68997573852539,-555.4959716796875,-101.47315216064453,62.19871139526367,34.160057067871094,-2.071763038635254,24.538026809692383,-3.098076820373535,-3.7172861099243164,0.21853569149971008,2.595153331756592
0.1767071368086417,-0.4343356369741705,1.4307652482923292,0.16648322274748062,-0.28956145679713874,1.3504953131770456,0.030416379935595372,-0.5232985805202004,0.07321771416837806,0.27495355775814184,-0.5190181921649453,0.9294430862199392,0.04723767430478373,-0.3280301678259641,1.5723993525599802,-0.1384417051511095,-0.38350640740615644,1.0720933952078915,0.12741677907128995,-0.24836078828928487,1.6157207173227475,-0.08211321319570605,-0.15650117663752955,1.300424639752369,-0.11767903932475098,-0.27834583670887725,1.1857352272564212,0.09887533195760866,-0.5807232825171869,0.08485377747688862,0.12455428465707412,-0.3951943163445454,0.5186948215724617,0.13826494195208644,-0.4904415698240924,0.04455800756614729,-0.04650427218501932,-0.37184294545097857,1.0356058861246171,0.23587527111271359,-0.3372737254133288,0.4683324080824062,0.4131093490992161,-0.6588430534924893,1.0014026480794742,0.03180338548410017,-0.42703749900622084,1.376559180139706,0.15685171135608722,-0.435644784313164,0.5829525692573446,0.07575916637055921,-0.4135722602834765,0.4089600806994154,0.07136863198698751,-0.3451596190597837,0.07908509597675689,-0.07831306627254613,-0.4237058186373174,1.2223966903244423,-0.031097824444735293,-0.2005744788623014,1.2463917234875508,-0.09332904264034815,-0.1557047101638175,1.2046895090317884,0.48012474021374785,-0.12870187850187945,0.612380249216067,0.525358295598567,-0.4247964879140159,1.050326363140384,0.36792967098438184,-0.4457300017211611,1.3520886787515602,0.170538898138021,-0.44963596396098865,1.572971795568403,0.3743565005577163,-0.01177915735848693,1.2626054405376612,0.24566844678083002,-0.3646622471856755,1.6127796173095703,0.042033275083595556,0.00945573421010118,1.3497551545402071,0.20097983584103996,0.011231028265165565,1.2936793463119607,0.42713348597090767,-0.19297012479494738,0.6924941760814742,0.4696806485684502,-0.06739072634881695,1.0495640947329288,0.35988382649737477,-0.13691013755387818,0.6268742810811428,0.3556662205828736,-0.07078952510033223,1.1847161133557755,0.33555033802986145,-0.10448083878550309,1.0342855477175175,0.48972039506924864,-0.6156561437821546,1.036412641702109,0.2919160709870572,-0.3110325231852121,1.475165749227764,0.5240150220346766,-0.14086383433136718,1.0592594320410924,0.4863988088061478,-0.07486761213335769,0.9063579700640495,0.37866790918324955,-0.02453031516726443,0.5140918540638804,0.37070158321336405,-0.15462520787652756,1.3874765784535188,0.11433531511698337,-0.0504416749374756,1.3155998354716016,0.09255160366659922,0.011138594857361529,1.2543660402297974,0.2347461771688714,-0.30824918245637656,1.1548663661969418,0.3683445422065179,-0.602872276542992,1.1544319193884236,1.021993637084961,-19.281719207763672,4.409033298492432,-0.49790138006210327,-0.5508689880371094,-2.4138143062591553,131.92311096191406,44.18439865112305,-550.2255859375,-100.44249725341797,61.55195617675781,34.39772415161133,-2.1829214096069336,24.482872009277344,-2.358917713165283,-3.80513334274292,0.16442608833312988,2.608873128890991
0.17703857013820024,-0.4340427982195324,1.4302266399986696,0.16676201809518384,-0.2892838515686673,1.3500302939225506,0.03048113915785555,-0.5232519873522765,0.07332434885154497,0.2754843707708333,-0.5187649347924239,0.9291316518523046,0.047774388325332796,-0.3276701071700513,1.5719882457066845,-0.13778671807307283,-0.38417893386637136,1.0712208791284372,0.12790403372009856,-0.24807483734970062,1.6152562534572272,-0.08177996741373414,-0.15646556231951872,1.2989349278393172,-0.11715544884814727,-0.2786591455143019,1.1845819620501916,0.09898981398946007,-0.5806426916098752,0.08493805527440365,0.12467879840228337,-0.3949027768034019,0.5187671411511124,0.13830663083700945,-0.49037562730099193,0.044560602274014066,-0.04577521134217252,-0.37259292883786144,1.0347466597099177,0.23604347958963437,-0.3370644429464214,0.46823934075848156,0.41358447444952084,-0.6587078757830803,1.0011422896622033,0.032189804801581706,-0.42692665923510165,1.375957971574455,0.15706658242455382,-0.43531755111272763,0.5829501691835606,0.0759608419920435,-0.4133629778165691,0.40898833611350977,0.07135361416993156,-0.34512788254693644,0.07912606335189563,-0.07771059568502652,-0.4240036261397482,1.2217593418051864,-0.030690331958752405,-0.20064206275817575,1.2450497847124442,-0.09298952393825875,-0.15593523625901204,1.2031973772096318,0.48036299216628864,-0.1291541386864438,0.6129725318870797,0.5260342833222142,-0.4247354347974259,1.0500134807943509,0.3683033585054985,-0.44532145362421377,1.351685307673271,0.17092301407890603,-0.4495065583298538,1.572506776313908,0.3747394313381997,-0.01108370901591189,1.262800580421031,0.2460831438271415,-0.3644087716246283,1.6122225224971771,0.04212689407737247,0.009837367016797422,1.3491438299614862,0.20136465593580377,0.011741038365597945,1.293421169779948,0.42752488643325715,-0.19327936735966347,0.693178117768654,0.4704800913270735,-0.06771436439740736,1.0501356693293085,0.360120184176805,-0.13724248330818106,0.6276466287919228,0.35628992240160506,-0.06993145905188379,1.184718414252957,0.33621376007795334,-0.10481885744147743,1.0350326252299429,0.4903299543044425,-0.6154549144553823,1.0361406201163665,0.2922145826433668,-0.31075302368363006,1.4746768879179923,0.5249064610099161,-0.1411719016533419,1.0596263061296072,0.4870160740633674,-0.07535501306765521,0.9068124369280227,0.3787726396756456,-0.02501115742885809,0.5147264058029415,0.370980705843856,-0.1541449898076768,1.3873779175692047,0.11461764611057097,-0.04991462071802443,1.3150006104384038,0.09300379690695676,0.011827462522424004,1.253910779953003,0.23523064991397571,-0.3080370437033129,1.1544385580037604,0.36892138308049827,-0.6026522631676782,1.1541446246058735,1.1092709302902222,-19.183578491210938,4.073807239532471,-0.6397944092750549,-0.5056436061859131,-2.4155988693237305,129.93218994140625,44.50416946411133,-543.8397216796875,-99.18130493164062,60.811683654785156,34.6793327331543,-2.118346929550171,24.358800888061523,-1.7414829730987549,-3.8023746013641357,0.2414470613002777,2.64894700050354
0.17737000346775875,-0.43374995946489425,1.42968803170501,0.16704081344288704,-0.2890062463401959,1.3495652746680558,0.030545898380115726,-0.5232053941843525,0.07343098353471188,0.27601518378352485,-0.5185116774199025,0.92882021748467,0.04831110234588186,-0.3273100465141385,1.571577138853389,-0.13713173099503614,-0.38485146032658635,1.070348363048983,0.12839128836890717,-0.24778888641011637,1.6147917895917072,-0.08144672163176221,-0.1564299480015079,1.297445215926265,-0.11663185837154358,-0.27897245431972656,1.183428696843962,0.09910429602131149,-0.5805621007025636,0.08502233307191867,0.1248033121474926,-0.3946112372622585,0.5188394607297632,0.13834831972193243,-0.4903096847778914,0.04456319698188084,-0.045046150499325734,-0.3733429122247443,1.0338874332952184,0.23621168806655518,-0.336855160479514,0.4681462734345569,0.41405959979982565,-0.6585726980736714,1.0008819312449322,0.03257622411906323,-0.4268158194639825,1.375356763009204,0.1572814534930204,-0.4349903179122912,0.5829477691097765,0.07616251761352778,-0.41315369534966173,0.4090165915276041,0.07133859635287562,-0.34509614603408917,0.07916703072703438,-0.0771081250975069,-0.424301433642179,1.2211219932859307,-0.030282839472769517,-0.20070964665405008,1.2437078459373374,-0.09265000523616937,-0.15616576235420657,1.2017052453874753,0.48060124411882943,-0.1296063988710081,0.6135648145580923,0.5267102710458617,-0.42467438168083593,1.0497005984483176,0.3686770460266151,-0.4449129055272665,1.351281936594982,0.17130713001979106,-0.449377152698719,1.5720417570594132,0.3751223621186831,-0.010388260673336851,1.2629957203044007,0.246497840873453,-0.36415529606358105,1.611665427684784,0.042220513071149386,0.010218999823493663,1.3485325053827653,0.20174947603056761,0.012251048466030322,1.2931629932479354,0.4279162868956067,-0.19358860992437957,0.6938620594558337,0.4712795340856969,-0.06803800244599777,1.0507072439256884,0.3603565418562352,-0.13757482906248394,0.6284189765027027,0.3569136242203365,-0.06907339300343535,1.1847207151501384,0.3368771821260452,-0.10515687609745177,1.035779702742368,0.49093951353963633,-0.6152536851286099,1.0358685985306242,0.29251309429967637,-0.3104735241820481,1.4741880266082208,0.5257978999851555,-0.1414799689753166,1.059993180218122,0.487633339320587,-0.07584241400195273,0.907266903791996,0.3788773701680417,-0.025491999690451753,0.5153609575420026,0.37125982847434796,-0.15366477173882606,1.3872792566848906,0.11489997710415858,-0.04938756649857327,1.3144013854052057,0.09345599014731432,0.012516330187486479,1.2534555196762085,0.23571512265908007,-0.3078249049502493,1.1540107498105787,0.3694982239544786,-0.6024322497923643,1.1538573298233235,1.0783056020736694,-19.227025985717773,4.045230865478516,-0.7686183452606201,-0.5035513639450073,-2.4656193256378174,127.76366424560547,45.29073715209961,-537.1853637695312,-97.96934509277344,60.15507507324219,34.95502853393555,-2.0212080478668213,24.19751739501953,-1.3943469524383545,-3.6242966651916504,0.3301777243614197,2.6775500774383545
0.1777151971808727,-0.43346866550824503,1.4291702278007734,0.167362132880664,-0.2887318232004216,1.3490710145985054,0.030611072256791078,-0.5231516669128115,0.07352588912903868,0.27658413681170796,-0.5182669383800582,0.9285240096366958,0.04882053210591242,-0.3269726945864444,1.5711650654969627,-0.1364733713944227,-0.3855330170385095,1.0694705721558324,0.12887026426314516,-0.24750236621656957,1.6143164320892056,-0.08111601803969865,-0.1563957097218526,1.2959285074511901,-0.11611306969545142,-0.27930741525248975,1.1822624247989908,0.09921047063112653,-0.5804765626097357,0.08510923394254896,0.12494647100765184,-0.39431519692899375,0.5188902059927681,0.13839099558674736,-0.4902420263021987,0.044573190455503814,-0.044334321362984125,-0.3741066437091259,1.0330503381640705,0.23635713867103028,-0.3365979664866498,0.4680244854053125,0.4145218084091382,-0.6584331547187654,1.0005991466787478,0.03294197726526007,-0.4267118803614023,1.374785991101865,0.15750669808873277,-0.4346734295716349,0.5829399058360927,0.07635996273613922,-0.41295560957580213,0.4090464932733024,0.07133674918865131,-0.3450617844004505,0.07920377886551895,-0.07653580551707984,-0.4246112323359938,1.220424148223258,-0.029923158432572892,-0.20082370051188975,1.2423605668228983,-0.09228095494901503,-0.15639113240092006,1.2001914081984009,0.4808374975394729,-0.13005869386606658,0.6141294536014266,0.5273974964160792,-0.4246103921966837,1.0494022627934716,0.36904301380874305,-0.44451575889097933,1.350899566483024,0.17164917850237807,-0.4492328440807513,1.5715966903610734,0.37551988054387614,-0.009692405355132104,1.263176788557444,0.24691588791790386,-0.36389782343873917,1.6111174409357918,0.04230482947229352,0.01059370137448884,1.3479315666173468,0.2020900540349894,0.012787857655719496,1.292912958276193,0.4282778486214726,-0.1939046425831239,0.6945207901545708,0.47211066258466794,-0.06831108849026904,1.0512316400641637,0.36058949629794684,-0.13794848463491888,0.6291338090865027,0.3575156657210249,-0.06822219588454594,1.184701965936762,0.3375881307369826,-0.10545483094621572,1.0364873502033436,0.4915104822705913,-0.6150990035754955,1.0356099277932123,0.29280280504400363,-0.31016386650650707,1.473700688769486,0.5266780685510066,-0.14177452777789917,1.0603091245060725,0.4882775642816594,-0.0762285901147206,0.9077222798241684,0.37899747461277916,-0.025977798608063846,0.5159272233776698,0.3715448770795437,-0.15318441442799885,1.3871845437201442,0.11517570434224526,-0.04890556524920939,1.313756325189641,0.09388720085042596,0.013231185806101003,1.2529603706685124,0.23625544986582747,-0.30763660114727276,1.153617145999378,0.37004693794921534,-0.6022188135527617,1.1535672829640622,0.9998945593833923,-19.50269889831543,4.319511413574219,-0.6574305295944214,-0.5340318083763123,-2.527902603149414,125.71053314208984,46.48226547241211,-530.8047485351562,-96.86034393310547,59.546348571777344,35.150978088378906,-2.0295021533966064,24.21133041381836,-1.4268351793289185,-3.5294454097747803,0.3182014524936676,2.6754150390625
0.1780799538489209,-0.4332037846378933,1.4286820012212589,0.16774390825372656,-0.2884619239939759,1.3485351832497199,0.030676835642153063,-0.5230877971807063,0.07360411963320726,0.2772073129944454,-0.5180343097408876,0.9282494491299257,0.04929117219436246,-0.3266676273566998,1.5707516180758445,-0.13581021712315797,-0.3862274119396083,1.0685852821299573,0.12933747036172852,-0.24721503672220851,1.6138255872473812,-0.08078892864533609,-0.15636342773769077,1.2943734183216726,-0.11560110767550817,-0.2796731587277343,1.1810776611037601,0.09930483468913084,-0.5803839911688242,0.08519986400146358,0.12511613738063154,-0.3940127578792193,0.5189102793371441,0.13843507462779417,-0.4901719282794472,0.04459370265634644,-0.043646990315408925,-0.3748899206815176,1.0322447067854421,0.23647023470985967,-0.33627265731230477,0.4678618655299509,0.4149656534589679,-0.6582874047835142,1.0002844791538668,0.033278349589630454,-0.42661775184782924,1.3742584905877018,0.15774669059065002,-0.4343712483810273,0.5829242756035155,0.07655139341457,-0.4127734419920587,0.40907873558682323,0.0713536265670069,-0.3450236906673735,0.0792345285711699,-0.07600635122384458,-0.42493807874767986,1.2196402960265709,-0.02963145029120494,-0.20100382009878853,1.2410056954188062,-0.09186991999875632,-0.15660917216184123,1.198646712776841,0.48107090967380445,-0.13051103835074315,0.614654792065652,0.5281006981994931,-0.4245422281176839,1.0491246079766987,0.36939800654026056,-0.44413482156020917,1.3505470531665726,0.1719314202370233,-0.44906734808391296,1.5711799899473886,0.3759381380302227,-0.008995971445068252,1.263337851360144,0.24733869761031194,-0.3636346682412735,1.6105824029998275,0.04237592050077899,0.010958548851113825,1.3473453932250572,0.20236773364591282,0.013362766755436406,1.2926744980527864,0.42859698901113297,-0.19423032862855896,0.6951436787251605,0.4729868382807599,-0.06851230541996607,1.0516889632142932,0.360817612401697,-0.13838086982831257,0.6297668731765241,0.35808691303461593,-0.0673807642317766,1.1846532900601823,0.3383666472324472,-0.10569582761123479,1.0371389404827396,0.4920265873931101,-0.6150104983752926,1.0353702377799332,0.29308000364840425,-0.3098113333547352,1.4732155168293328,0.5275422141251974,-0.1420498816974905,1.0605526625715345,0.48896011749640206,-0.07647085624025357,0.9081789484087205,0.3791394360018092,-0.026470644337846724,0.5163964080494761,0.37183835056443876,-0.1527038591586991,1.3870954434603255,0.11544204310865591,-0.048487615210331056,1.3130461017027597,0.0942885809584169,0.013982988153861817,1.252408512380739,0.236875184620453,-0.30748218317695014,1.153272170104728,0.3705556643324972,-0.6020147279398331,1.1532733235138142,0.9458637237548828,-19.570066452026367,4.463253498077393,-0.45292651653289795,-0.5608658790588379,-2.5075886249542236,123.46417236328125,47.75960159301758,-524.0647583007812,-95.5592269897461,58.79417037963867,35.3206787109375,-2.110743522644043,24.363975524902344,-1.7376465797424316,-3.636713981628418,0.2600707709789276,2.6465582847595215
0.17844471051696909,-0.43293890376754157,1.4281937746417444,0.16812568362678912,-0.2881920247875302,1.3479993519009343,0.030742599027515048,-0.5230239274486012,0.07368235013737584,0.2778304891771828,-0.5178016811017169,0.9279748886231555,0.04976181228281251,-0.32636256012695514,1.5703381706547264,-0.1351470628518932,-0.38692180684070715,1.067699992104082,0.1298046764603119,-0.24692770722784743,1.6133347424055566,-0.08046183925097351,-0.1563311457535289,1.2928183291921553,-0.11508914565556491,-0.28003890220297883,1.1798928974085297,0.09939919874713515,-0.5802914197279128,0.0852904940603782,0.12528580375361126,-0.39371031882944485,0.51893035268152,0.13847915366884098,-0.4901018302566958,0.04461421485718907,-0.0429596592678337,-0.3756731976539094,1.0314390754068135,0.2365833307486891,-0.33594734813795973,0.4676992456545893,0.41540949850879755,-0.6581416548482629,0.9999698116289859,0.033614721914000854,-0.42652362333425625,1.3737309900735388,0.1579866830925673,-0.43406906719041977,0.5829086453709381,0.07674282409300077,-0.41259127440831517,0.409110977900344,0.07137050394536248,-0.3449855969342964,0.07926527827682085,-0.07547689693060931,-0.4252649251593659,1.218856443829884,-0.02933974214983697,-0.20118393968568732,1.2396508240147142,-0.0914588850484976,-0.15682721192276242,1.197102017355281,0.48130432180813604,-0.13096338283541975,0.6151801305298774,0.5288038999829071,-0.42447406403868404,1.048846953159926,0.36975299927177807,-0.443753884229439,1.3501945398501214,0.17221366197166854,-0.44890185208707456,1.5707632895337036,0.37635639551656924,-0.00829953753500437,1.2634989141628443,0.24776150730272004,-0.3633715130438078,1.6100473650638631,0.042447011529264465,0.011323396327738827,1.3467592198327678,0.20264541325683624,0.013937675855153342,1.2924360378293802,0.42891612940079327,-0.19455601467399408,0.6957665672957503,0.4738630139768518,-0.06871352234966313,1.0521462863644226,0.3610457285054472,-0.13881325502170633,0.6303999372665455,0.35865816034820697,-0.06653933257900721,1.1846046141836026,0.33914516372791187,-0.10593682427625388,1.0377905307621356,0.492542692515629,-0.6149219931750898,1.035130547766654,0.2933572022528048,-0.30945880020296335,1.4727303448891798,0.5284063596993882,-0.14232523561708185,1.0607962006369964,0.4896426707111447,-0.07671312236578653,0.9086356169932726,0.37928139739083927,-0.026963490067629624,0.5168655927212823,0.37213182404933387,-0.15222330388939934,1.3870063432005069,0.11570838187506656,-0.04806966517145271,1.3123358782158783,0.09468996106640787,0.014734790501622665,1.2518566540929656,0.23749491937507858,-0.3073277652066275,1.1529271942100778,0.37106439071577907,-0.6018106423269044,1.1529793640635662,0.9372720718383789,-19.138063430786133,4.322459697723389,-0.4624406695365906,-0.6040486693382263,-2.408830165863037,121.59553527832031,48.263633728027344,-518.5690307617188,-94.39563751220703,58.147212982177734,35.4739875793457,-2.215247392654419,24.48610496520996,-2.2251620292663574,-3.7753398418426514,0.2775905132293701,2.6092634201049805
0.1787686591215481,-0.43270540780184286,1.4277682288593014,0.1684235953139943,-0.28794760735619146,1.3475274960726302,0.03080874653101362,-0.5229661510085428,0.07375608147769575,0.2783478743193165,-0.5176031441483276,0.9277422609708167,0.05011472408197178,-0.3260748300528684,1.569972191030616,-0.13457349737156307,-0.38752732302574133,1.0669304827191182,0.13019363878183807,-0.246669778069913,1.6129149616948817,-0.08018096541332094,-0.1562933348958066,1.2914687126677558,-0.11465072797130275,-0.28034804198915597,1.1788608625235146,0.0994746649008713,-0.5802178159849534,0.08537026260368871,0.12545089611154517,-0.3934490722141519,0.5189400115944692,0.13851740240853352,-0.4900457516608649,0.04463772110591661,-0.04236594076878978,-0.37634374063141296,1.0307451948424837,0.2367025807697252,-0.3356774895396454,0.4675788823145115,0.41580738492359387,-0.6579963256981199,0.999691024126596,0.03391568254161354,-0.4264413779539778,1.3732503585468065,0.1581955678415614,-0.43380251112363194,0.5828955155729458,0.07690669132384244,-0.41243587927707775,0.4091450206886064,0.07138958639952521,-0.344951217439001,0.07929023308371076,-0.07499737142036293,-0.4255234749111908,1.218208375750788,-0.02904856782899985,-0.20131610393129437,1.2384668075485734,-0.09111624285085312,-0.1570091936367237,1.1957671804143892,0.48150655538435805,-0.13134096513520802,0.6156075879043301,0.5293902772546604,-0.4243688263640498,1.0485721467346545,0.3700623287270401,-0.4434100730924417,1.349883069265757,0.17240979650754804,-0.448754174721162,1.5704212946607576,0.3767142217877685,-0.0076921353307830235,1.2636470135474047,0.24811204108378745,-0.36314924278401384,1.6095808827324418,0.04251196880559653,0.011629497626216598,1.346215934153424,0.2028859302598909,0.01445614500279655,1.292237260878481,0.42919565125411707,-0.1948302152338407,0.6962892523664512,0.4746153736548708,-0.0689160218647379,1.0525344874685174,0.36126509713416066,-0.13916854550506894,0.6309363259779697,0.35913991395211375,-0.06580373343845078,1.1845822373762827,0.3398106832377958,-0.10614110946359223,1.0383303054910622,0.49301829302547784,-0.6148369513600078,1.0349081423108941,0.29358993520010385,-0.3091589177878487,1.4723153631418746,0.5291659644502678,-0.1425490433609249,1.0609871567479823,0.49025797922879655,-0.07694976453650866,0.9090314659456543,0.3794251713926429,-0.02740224594534035,0.5172597805395821,0.37235537033207367,-0.15183482368458187,1.3869180845109044,0.11593839151180343,-0.04768145533389603,1.3117344600475387,0.09504319364760096,0.015400633962195829,1.2513839843257373,0.23798855413861622,-0.3071796994730337,1.1526271937698718,0.37148696134816733,-0.6016346279359022,1.1527369346050238,1.026329517364502,-18.774093627929688,4.242386341094971,-0.6569675207138062,-0.6110950112342834,-2.371103048324585,119.4349136352539,48.56186294555664,-511.79217529296875,-93.06129455566406,57.44833755493164,35.7197265625,-2.220383644104004,24.438743591308594,-2.4671554565429688,-3.7170779705047607,0.36040428280830383,2.6100144386291504
0.17903338626816573,-0.43251745822216503,1.4274336466726087,0.16859980238391864,-0.2877401695740934,1.3471484827679514,0.030875451474246994,-0.5229172172727964,0.07382328354364989,0.27871173343911076,-0.517454081714548,0.9275704870950308,0.05029678629057494,-0.3258122599973584,1.5696750975997242,-0.1341299448927112,-0.3880038566838037,1.0663289964593798,0.130469052207391,-0.24645451525386597,1.6125983106379478,-0.07996716049333283,-0.15624750042889293,1.290417281997125,-0.11431903926199241,-0.2805750373972962,1.178050470667959,0.09952270604719389,-0.5801717385353632,0.08543426870362253,0.12560935056959557,-0.3932476048635331,0.5189345568813235,0.1385471901011388,-0.4900100183309309,0.04466557237535518,-0.04190807462676078,-0.3768506818358472,1.0302134892403685,0.23683076156981733,-0.3354881018992291,0.46751984248295525,0.41613857527047593,-0.6578516071995363,0.9994643064129431,0.034165253023931516,-0.4263763776086024,1.3728377442091506,0.15835930841253293,-0.4335876549316558,0.5828860144544121,0.0770305579417194,-0.4123193368513063,0.40918167636094505,0.07141186890272509,-0.344922228118047,0.07930677822044749,-0.07459030353421013,-0.42568291121760743,1.2177573602325868,-0.02875816819893308,-0.20137867444990487,1.2375307391021426,-0.09087285355029517,-0.15713884720936516,1.194736894195443,0.4816635420286892,-0.131610051093512,0.61589299833143,0.5298071165155891,-0.42420978676404386,1.0483014739507082,0.3703053907448093,-0.44312014021226115,1.3496311606950318,0.17248097059643822,-0.44863235610012975,1.5701877139262017,0.3769843491004003,-0.007213937675284342,1.2637763001666165,0.24835768665205563,-0.36298630554352374,1.609213889632004,0.04256802466112059,0.011850345324700237,1.3457348879599413,0.20307251616128233,0.014892707390723039,1.2920960730669515,0.4294176779144647,-0.19502969905240647,0.6966665201629234,0.47518804911153995,-0.06912038269273887,1.0528223773106833,0.36147177125641844,-0.13941195464094744,0.6313324174936243,0.35949179253830815,-0.06522172050464234,1.184598026291424,0.3403122193173857,-0.10629211823819883,1.0387078113113808,0.49343511245108596,-0.6147569356769915,1.0347108205422662,0.2937581387181945,-0.30893544314910243,1.472002242771995,0.5297738575185371,-0.1426980462887429,1.061101804900643,0.49077570092993855,-0.07717824511427358,0.9093390522611062,0.37957157589347157,-0.027762505574312226,0.5175451314607203,0.3724774368946126,-0.1515799646099277,1.3868310471244205,0.11611567960669662,-0.04733640505679396,1.3112909422804977,0.09532655359844103,0.015941732208435692,1.2510262344846663,0.2382991901345995,-0.30704085222932676,1.152392462586725,0.371784501073771,-0.6014993510498906,1.1525692864759078,1.078263282775879,-19.008411407470703,4.325438022613525,-0.7158978581428528,-0.5869487524032593,-2.426715850830078,117.50070190429688,49.18495559692383,-505.49969482421875,-91.90098571777344,56.80806350708008,35.91637420654297,-2.070903778076172,24.340116500854492,-2.5481679439544678,-3.610105514526367,0.35602664947509766,2.6447603702545166
0.17929811341478336,-0.4323295086424872,1.4270990644859163,0.16877600945384297,-0.28753273179199523,1.3467694694632726,0.030942156417480365,-0.52286828353705,0.07389048560960403,0.27907559255890496,-0.5173050192807684,0.9273987132192447,0.050478848499178094,-0.32554968994184835,1.5693780041688326,-0.13368639241385935,-0.3884803903418661,1.0657275101996415,0.13074446563294392,-0.2462392524378189,1.6122816595810139,-0.0797533555733447,-0.15620166596197924,1.289365851326494,-0.11398735055268207,-0.2808020328054365,1.1772400788124033,0.09957074719351648,-0.580125661085773,0.08549827480355635,0.12576780502764595,-0.3930461375129144,0.5189291021681779,0.13857697779374406,-0.4899742850009969,0.04469342364479374,-0.04145020848473177,-0.37735762304028136,1.029681783638253,0.23695894236990947,-0.3352987142588129,0.467460802651399,0.416469765617358,-0.6577068887009526,0.9992375886992902,0.03441482350624949,-0.42631137726322704,1.3724251298714947,0.15852304898350444,-0.4333727987396796,0.5828765133358785,0.07715442455959635,-0.41220279442553487,0.40921833203328367,0.07143415140592499,-0.34489323879709305,0.0793233233571842,-0.07418323564805733,-0.425842347524024,1.2173063447143857,-0.02846776856886631,-0.20144124496851534,1.2365946706557116,-0.09062946424973722,-0.15726850078200663,1.1937066079764966,0.48182052867302044,-0.131879137051816,0.6161784087585298,0.5302239557765177,-0.42405074716403784,1.0480308011667618,0.3705484527625785,-0.44283020733208056,1.3493792521243064,0.1725521446853284,-0.44851053747909747,1.5699541331916456,0.37725447641303206,-0.00673574001978566,1.263905586785828,0.24860333222032382,-0.3628233683030337,1.608846896531566,0.04262408051664466,0.012071193023183878,1.3452538417664586,0.20325910206267375,0.015329269778649528,1.2919548852554221,0.4296397045748123,-0.19522918287097224,0.6970437879593957,0.4757607245682091,-0.06932474352073985,1.0531102671528494,0.36167844537867616,-0.1396553637768259,0.6317285090092791,0.3598436711245025,-0.06463970757083388,1.1846138152065655,0.34081375539697556,-0.10644312701280544,1.0390853171316994,0.49385193187669413,-0.6146769199939753,1.034513498773638,0.29392634223628517,-0.30871196851035615,1.4716891224021154,0.5303817505868065,-0.14284704921656097,1.061216453053304,0.49129342263108056,-0.07740672569203849,0.909646638576558,0.37971798039430027,-0.028122765203284102,0.5178304823818586,0.3725995034571515,-0.15132510553527354,1.3867440097379369,0.11629296770158982,-0.04699135477969189,1.310847424513457,0.09560991354928111,0.016482830454675555,1.2506684846435951,0.2386098261305828,-0.30690200498561987,1.1521577314035782,0.3720820407993746,-0.601364074163879,1.152401638346792,1.0191441774368286,-19.6687068939209,4.3388848304748535,-0.5467486381530762,-0.5898391008377075,-2.5078492164611816,115.60171508789062,50.2047233581543,-499.4412841796875,-90.75328826904297,56.12681198120117,36.030738830566406,-1.9565749168395996,24.358938217163086,-2.6312010288238525,-3.660611152648926,0.2623075842857361,2.684113025665283
0.17959111499667957,-0.4321160123541655,1.4266719993771306,0.1689979424145048,-0.2873055904314218,1.3463397144481837,0.03099750182807248,-0.522819957295001,0.07397237643352803,0.2795116275252885,-0.517126733202808,0.927175190472445,0.05074958580342546,-0.3252629400385137,1.5690095781885236,-0.13316522062515582,-0.38905481041859313,1.0649918637528326,0.13109127555461908,-0.24598973017457307,1.6118859863833876,-0.07948434066693516,-0.1561459597224826,1.2880886728005694,-0.11360011513758181,-0.28106367533767457,1.1762774298522647,0.09962445261906709,-0.5800710787244191,0.08557783494031192,0.1259808399967405,-0.39279950780189593,0.5189061340512029,0.1386093393412252,-0.48992286874166385,0.044727700059332985,-0.04091815966866074,-0.3779552126957091,1.0290065976168146,0.23712399244209786,-0.3350708946486972,0.46739427306202075,0.4168704300625435,-0.6575664786116177,0.9989931817283694,0.03471560031175612,-0.42622470298152887,1.371935459754325,0.15871338139207947,-0.43311570974572605,0.5828707291195724,0.07731540624471689,-0.41204724850638813,0.40925797321741153,0.07146263474117447,-0.34485952141663884,0.07934305983416687,-0.07373118425244529,-0.42603986009659356,1.2167316562687325,-0.028096793093009317,-0.20151350940793555,1.2354458195484237,-0.09030535222580102,-0.15746941696235675,1.1924212223646657,0.48204286485318315,-0.13222366213699838,0.6164814604828689,0.5307448123464521,-0.4239092409512065,1.0477138149817258,0.3708304663170252,-0.4425074937722541,1.3490697435590606,0.17268461169095228,-0.44833455999560706,1.5696308512166637,0.3775763685833539,-0.006160866561660332,1.2640657117035214,0.24889941974882257,-0.3626133343143179,1.6084110967765581,0.04271970439504905,0.012342433223118439,1.3446786820099055,0.20350077205541117,0.015850669210961697,1.2917584315041044,0.42988890458811196,-0.1954783492826468,0.6974777445098422,0.4764527445597364,-0.06952754964447573,1.0533920820580414,0.36191688902330715,-0.13993527648958148,0.6321654864494374,0.36033162430224824,-0.06391499406775303,1.1846737113614745,0.341428401207687,-0.10661871829964467,1.039489041101064,0.494346310662118,-0.6145747467776798,1.034277265435023,0.29411789029836655,-0.3084730627323618,1.4713094494990167,0.5311172253248707,-0.1430430869442343,1.0613121569946111,0.49190425872802734,-0.07765503074751784,0.9099916177277533,0.37990166982080764,-0.028541513336267282,0.5181470552817086,0.3727802171415051,-0.15098047328015038,1.3866531355491538,0.11649220650213837,-0.046650282187473704,1.3102525928557314,0.09596010380184017,0.01713123651751814,1.2502382991724457,0.239073448623253,-0.30678521136179665,1.1517305046517328,0.37248269059010686,-0.601167200614285,1.152182928773741,0.9824989438056946,-19.716856002807617,4.1958184242248535,-0.5110491514205933,-0.6307970285415649,-2.5075137615203857,113.4727783203125,51.30320358276367,-492.4245300292969,-89.42068481445312,55.33481216430664,36.14436721801758,-2.011380434036255,24.404815673828125,-2.712261915206909,-3.762600898742676,0.1951255202293396,2.7031524181365967
0.17992600463084035,-0.4318646690900752,1.426107922531911,0.16928761743551846,-0.2870492585842183,1.3458347865287832,0.031036018301418285,-0.5227725310436148,0.07407602838037029,0.2800545896718044,-0.5169051528371723,0.9268750027315507,0.051151693619738335,-0.3249403681384017,1.568535474357226,-0.13252905726630168,-0.3897742474118605,1.064057461473326,0.131543858063142,-0.24568945317473634,1.6113732433476986,-0.07913353318804939,-0.1560756286347149,1.2864770530075427,-0.1131305883064965,-0.28137664694265024,1.175089214811262,0.09968654956939994,-0.5800038964937855,0.0856804380945812,0.12627473498219685,-0.3924859708902852,0.5188572201507771,0.138645514007041,-0.4898482185128509,0.04477149520735472,-0.04027621059474963,-0.3786870963526088,1.0281188480111938,0.23734366365813261,-0.3347861387871749,0.4673166475351283,0.41737401909780814,-0.6574324513507994,0.9987225684503845,0.035092238336801515,-0.4261059191645376,1.3713316329267642,0.15894310911562268,-0.43279605363773194,0.582870451425085,0.07753137321464272,-0.4118339196340927,0.40930203738196796,0.07150030449427516,-0.3448187995035917,0.07936752422262501,-0.07321249062059733,-0.4262937819523527,1.215973748671298,-0.027606445993759398,-0.20160013521151826,1.233981734869496,-0.0898616509820452,-0.15777590737634936,1.190757911726339,0.48236201516050375,-0.1326799488916302,0.6168106474623775,0.5314197686334319,-0.4237937101267821,1.0473282163506312,0.371170185851735,-0.4421362162425818,1.348674901668599,0.17290788301766313,-0.44807834716032674,1.5691746785151248,0.37797494943173515,-0.005442769692236253,1.2642715229893362,0.24927023610729254,-0.3623335273652677,1.6078733612370018,0.042873947566609505,0.012688328980758081,1.3439640947525076,0.2038240481094019,0.01649775315347489,1.2914801022864335,0.43017836142059984,-0.19580111953596405,0.69799568439951,0.47732157126957214,-0.06972805250263371,1.053664897056605,0.3622023986270096,-0.14026926857548833,0.6326630356296009,0.3610211694674776,-0.06297887231389816,1.1847989515752981,0.3422106169904304,-0.10683072812312486,1.0399316067727196,0.4949555922028244,-0.6144397475861556,1.0339833853260572,0.2943440228700638,-0.3082112960073332,1.470831180250408,0.5320417099441124,-0.14330880585687839,1.061379795437617,0.49265304207801813,-0.07793270539961113,0.9103919936726425,0.3801405961742464,-0.02904691110482277,0.5185098829648352,0.37304781545076937,-0.15050284372062875,1.3865565772088158,0.1167239648666208,-0.046315102461750156,1.3094335924710658,0.09640930190879776,0.017938617123475897,1.2497008016567357,0.23976371777768163,-0.30670108976743077,1.151018099279593,0.37303609603288157,-0.6008790727482727,1.1518885726170824,1.0215402841567993,-19.073043823242188,3.9626333713531494,-0.7011561393737793,-0.6660696864128113,-2.4156363010406494,111.64881134033203,51.8791618347168,-486.1849670410156,-88.2709732055664,54.67427444458008,36.331321716308594,-2.180176258087158,24.293075561523438,-2.718001127243042,-3.75652813911438,0.17575164139270782,2.663292407989502
0.1802608942650012,-0.4316133258259849,1.4255438456866916,0.16957729245653216,-0.28679292673701484,1.3453298586093827,0.03107453477476409,-0.5227251047922286,0.07417968032721257,0.2805975518183203,-0.5166835724715365,0.9265748149906563,0.05155380143605123,-0.3246177962382898,1.5680613705259285,-0.13189289390744752,-0.3904936844051279,1.0631230591938197,0.13199644057166499,-0.2453891761748996,1.6108605003120093,-0.07878272570916359,-0.15600529754694725,1.284865433214516,-0.11266106147541116,-0.28168961854762586,1.1739009997702592,0.0997486465197328,-0.5799367142631519,0.08578304124885047,0.1265686299676532,-0.3921724339786744,0.5188083062503511,0.13868168867285677,-0.4897735682840379,0.04481529035537646,-0.0396342615208385,-0.37941898000950847,1.0272310984055728,0.23756333487416734,-0.3345013829256525,0.46723902200823586,0.4178776081330729,-0.6572984240899812,0.9984519551723998,0.035468876361846924,-0.42598713534754634,1.3707278060992032,0.15917283683916592,-0.4324763975297378,0.5828701737305976,0.07774734018456857,-0.4116205907617973,0.4093461015465244,0.07153797424737586,-0.3447780775905445,0.07939198861108315,-0.07269379698874935,-0.42654770380811186,1.2152158410738636,-0.027116098894509458,-0.201686761015101,1.2325176501905681,-0.08941794973828934,-0.15808239779034197,1.1890946010880123,0.48268116546782436,-0.13313623564626206,0.617139834441886,0.5320947249204118,-0.4236781793023577,1.0469426177195367,0.37150990538644474,-0.4417649387129095,1.3482800597781377,0.17313115434437398,-0.4478221343250464,1.568718505813586,0.3783735302801164,-0.004724672822812143,1.264477334275151,0.24964105246576251,-0.3620537204162175,1.6073356256974454,0.04302819073816996,0.01303422473839774,1.3432495074951096,0.20414732416339268,0.01714483709598811,1.2912017730687628,0.43046781825308766,-0.1961238897892813,0.6985136242891778,0.47819039797940793,-0.06992855536079169,1.0539377120551685,0.3624879082307121,-0.14060326066139517,0.6331605848097643,0.36171071463270693,-0.06204275056004327,1.1849241917891218,0.3429928327731739,-0.10704273794660504,1.0403741724443751,0.4955648737435309,-0.6143047483946313,1.0336895052170911,0.294570155441761,-0.3079495292823046,1.4703529110017992,0.532966194563354,-0.14357452476952248,1.0614474338806228,0.49340182542800903,-0.07821038005170443,0.9107923696175316,0.38037952252768525,-0.029552308873378282,0.5188727106479619,0.3733154137600337,-0.1500252141611071,1.386460018868478,0.11695572323110325,-0.04597992273602659,1.3086145920864005,0.09685850001575536,0.018745997729433684,1.2491633041410257,0.24045398693211031,-0.30661696817306494,1.1503056939074536,0.3735895014756563,-0.6005909448822603,1.1515942164604238,1.092819333076477,-18.784936904907227,3.8580572605133057,-0.7467071413993835,-0.6303436160087585,-2.3513011932373047,109.42652893066406,52.28803253173828,-478.9515380859375,-86.92186737060547,53.90142059326172,36.582767486572266,-2.24851393699646,24.188568115234375,-2.6297261714935303,-3.6837921142578125,0.1916952133178711,2.624838352203369
0.1805688611521626,-0.4313651917391266,1.4250254157363185,0.1698863606973989,-0.28653025153456935,1.3448170044564254,0.031117628421017667,-0.5226773706492999,0.0742752728181959,0.2811922397439843,-0.5164341792365573,0.9262289566709506,0.051917279718924826,-0.32433048581445456,1.5676174242764909,-0.13124309647951696,-0.3912046385916653,1.0621876937664108,0.13243510282987,-0.24508824786603056,1.6103449467791626,-0.07841060266194755,-0.15593295332217058,1.2832266873871254,-0.11213708422239253,-0.28203412140442047,1.1726666167871842,0.09981247141266501,-0.5798706925467939,0.08588767234260673,0.1268191754028497,-0.39186556805048556,0.5187855394470771,0.13869339188203117,-0.4897432268060596,0.044825381741223747,-0.038957723496568133,-0.3801981763334464,1.0263254121439347,0.2377744936785161,-0.3342372676394633,0.4671673687878034,0.4183678670434762,-0.6571712493896484,0.9981866786811525,0.0358246641097874,-0.42587229885802363,1.3701105109903198,0.15938370225840057,-0.4321657650123369,0.5828723118005209,0.07795322765380341,-0.41142175252863905,0.40940389846334396,0.07156483720469949,-0.3447354846442772,0.07943986657242112,-0.07218481082197847,-0.42680048883356003,1.2144692702009188,-0.02653690781567666,-0.20166915763687615,1.2309466560944817,-0.08896835118729547,-0.15836969432451867,1.1874438271617258,0.4830224523875887,-0.13359205661625262,0.6174407585567196,0.5327837179038698,-0.4235663708077361,1.0465956555297042,0.37185898403458245,-0.44139731246114566,1.3478776863868662,0.1734223019405706,-0.44752227588994614,1.5682370070590088,0.3787790031622577,-0.0040211829461700155,1.2646965033171194,0.25000637611806,-0.36179684349243213,1.6068052637656003,0.04318164148374109,0.013402281779277794,1.3425173309465117,0.20451002217681202,0.01773913688217567,1.2908954809833046,0.43078364323306556,-0.19645265998035077,0.6990030407905579,0.47905662340044186,-0.07012750099826333,1.054182374714226,0.3628141621485451,-0.14093217845784117,0.6336261132695028,0.36239517169282925,-0.06115025121545951,1.1850614318784498,0.34377725116464475,-0.1072499912404856,1.040816169700875,0.4961470647758206,-0.6141709570853126,1.0334079091912074,0.29480374846237384,-0.30770065452878836,1.4698606997925714,0.5339024659024169,-0.14382355832895696,1.0614870305092918,0.49415419295134133,-0.07851059295681138,0.9111077674966774,0.3806491709308119,-0.03006643146917914,0.5191858651622242,0.37356428989511453,-0.14955630227429978,1.3863834024265111,0.1172198536281554,-0.045486109294244,1.3077974548403002,0.09730653859526905,0.019532221893699745,1.2486229329709186,0.24104155649412545,-0.3063994861201735,1.1496308513035047,0.37412434658467375,-0.6003469244533817,1.1513120022830585,1.1063816547393799,-19.232040405273438,4.148521423339844,-0.5640180110931396,-0.5396372079849243,-2.385699987411499,107.44654083251953,52.692108154296875,-472.94366455078125,-85.7674560546875,53.23727798461914,36.73777389526367,-2.195584297180176,24.374147415161133,-2.45733642578125,-3.689382553100586,0.24338257312774658,2.630017042160034
0.1808361073844875,-0.4311219115328315,1.4245760267144008,0.17022476118329344,-0.28625798200732033,1.3442921618752133,0.031167645041294247,-0.522629170820413,0.07435867538219255,0.2818651629106098,-0.516142719036696,0.9258140216007927,0.05222233083247151,-0.32409650837348786,1.5672190913696162,-0.13057267752210827,-0.39190276253302364,1.0612508715777997,0.1328527107094692,-0.24478633445225015,1.609825142369365,-0.07800623981763197,-0.15585756422766786,1.2815469134327593,-0.11153075070619979,-0.28242631527959117,1.1713624047917246,0.09987890981877877,-0.5798064261082782,0.08599537069483704,0.12700415464327824,-0.39156879198472233,0.5188023201282451,0.13866808201303546,-0.4897799023137187,0.044784496186782194,-0.03822886968487937,-0.3810489330662797,1.0253925966900705,0.23797277746018983,-0.3340043712234655,0.4671047486808916,0.4188379641400268,-0.6570544391870499,0.9979294740798458,0.03614891581360669,-0.42576343270129713,1.3694728451059355,0.15956603844236852,-0.43186878067570805,0.5828781037141155,0.07814386987824314,-0.41124483138717566,0.4094824661679615,0.07157535488341028,-0.3446900617602645,0.0795231575627398,-0.07169050719613666,-0.42705155440316295,1.213739846123765,-0.02582334021772475,-0.20149390762116737,1.2292139615049427,-0.08850983295910407,-0.15862796011547378,1.1858120150124,0.48339722093367415,-0.1340471730869732,0.6176989350887324,0.5334939413907512,-0.4234601923369414,1.0463071309572813,0.37222221834178004,-0.4410352087672183,1.3474639216006197,0.17381611239436445,-0.44715640348511815,1.5677172026492112,0.3791949002454612,-0.00333978614611059,1.26493587596527,0.2503633920522715,-0.36157464823186003,1.6062860544154187,0.04333389368500338,0.013803857761058974,1.341758550594974,0.2049323459038671,0.018253600631920698,1.2905468950603183,0.43113935003612214,-0.19679050507727047,0.6994493156671524,0.4799189143721631,-0.07032409133944685,1.0543844569597813,0.3632020418415006,-0.14125342139147765,0.6340432103895983,0.3630719329939773,-0.06032373076489826,1.1852168217794785,0.3445650010018159,-0.10745005028334674,1.0412573072294526,0.49668828141412985,-0.6140389926978295,1.0331448928409854,0.2950486254119715,-0.30747127888218456,1.4693474013679075,0.5348565646552093,-0.14404735529166182,1.0614842138937768,0.49491198153685256,-0.0788448949696015,0.9112946360513864,0.3809652864340915,-0.030593750366188624,0.5194238890085788,0.37378484874174295,-0.1491005758674729,1.386336948105831,0.11753294672446929,-0.0447523623569221,1.3069831355912795,0.09775282338952386,0.020286446939907117,1.248078215398536,0.2414737929226152,-0.30598029637376206,1.1490128223864449,0.3746311191888834,-0.6001696165231679,1.1510481528493743,0.9657061100006104,-19.82159423828125,4.794952869415283,-0.4184085726737976,-0.4999682307243347,-2.4649600982666016,105.48728942871094,53.224205017089844,-466.98388671875,-84.59158325195312,52.579593658447266,36.84982681274414,-2.0484979152679443,24.681365966796875,-2.4327213764190674,-3.7601699829101562,0.3015891909599304,2.6455588340759277
0.18110335361681237,-0.4308786313265365,1.424126637692483,0.17056316166918797,-0.2859857124800714,1.3437673192940012,0.03121766166157083,-0.5225809709915262,0.07444207794618922,0.28253808607723535,-0.5158512588368347,0.925399086530635,0.05252738194601819,-0.3238625309325212,1.5668207584627416,-0.12990225856469959,-0.392600886474382,1.0603140493891887,0.1332703185890684,-0.24448442103846973,1.6093053379595674,-0.07760187697331639,-0.15578217513316514,1.279867139478393,-0.11092441719000704,-0.28281850915476187,1.170058192796265,0.09994534822489252,-0.5797421596697624,0.08610306904706734,0.12718913388370678,-0.39127201591895905,0.5188191008094131,0.13864277214403972,-0.4898165778213779,0.04474361063234064,-0.0375000158731906,-0.381899689799113,1.0244597812362064,0.23817106124186357,-0.33377147480746766,0.46704212857397975,0.4193080612365773,-0.6569376289844513,0.9976722694785389,0.03647316751742599,-0.4256545665445707,1.3688351792215512,0.1597483746263365,-0.43157179633907927,0.5828838956277103,0.07833451210268286,-0.4110679102457122,0.4095610338725791,0.07158587256212108,-0.34464463887625185,0.07960644855305848,-0.07119620357029487,-0.4273026199727658,1.213010422046611,-0.025109772619772843,-0.20131865760545858,1.2274812669154036,-0.08805131473091266,-0.1588862259064289,1.1841802028630743,0.48377198947975963,-0.1345022895576938,0.6179571116207451,0.5342041648776326,-0.4233540138661467,1.0460186063848584,0.3725854526489776,-0.44067310507329094,1.3470501568143731,0.1742099228481583,-0.4467905310802902,1.5671973982394136,0.37961079732866476,-0.0026583893460511644,1.2651752486134207,0.25072040798648304,-0.36135245297128793,1.605766845065237,0.043486145886265676,0.014205433742840154,1.3409997702434364,0.20535466963092222,0.018768064381665728,1.2901983091373317,0.4314950568391787,-0.1971283501741902,0.699895590543747,0.4807812053438843,-0.07052068168063037,1.0545865392053364,0.36358992153445613,-0.14157466432511412,0.6344603075096938,0.3637486942951253,-0.05949721031433701,1.185372211680507,0.3453527508389871,-0.10765010932620787,1.04169844475803,0.49722949805243916,-0.6139070283103463,1.0328818764907635,0.2952935023615692,-0.30724190323558076,1.4688341029432437,0.5358106634080015,-0.1442711522543667,1.0614813972782615,0.49566977012236385,-0.07917919698239162,0.9114815046060953,0.38128140193737103,-0.03112106926319811,0.5196619128549336,0.37400540758837136,-0.14864484946064602,1.3862904937851508,0.11784603982078318,-0.0440186154196002,1.3061688163422591,0.09819910818377867,0.021040671986114486,1.2475334978261532,0.24190602935110495,-0.30556110662735064,1.1483947934693848,0.37513789179309315,-0.5999923085929543,1.15078430341569,0.8876057863235474,-19.573272705078125,5.0289764404296875,-0.5570757389068604,-0.5741824507713318,-2.4616410732269287,103.2610855102539,53.79263687133789,-459.76416015625,-83.18819427490234,51.78907775878906,36.94359588623047,-1.9137026071548462,24.7199649810791,-2.4764556884765625,-3.78169846534729,0.32994315028190613,2.64900279045105
0.18137478043898841,-0.4306481676977991,1.423670481767086,0.17089053475304153,-0.2857264739196032,1.343225575046034,0.031292451443829084,-0.5225117376308568,0.07452654563482629,0.28315956362627986,-0.5156101450225375,0.9250560147280724,0.05288541886881486,-0.3235568929192246,1.5663899943133854,-0.1292534987658065,-0.3933157795509755,1.059372534025584,0.1336837088479506,-0.24417135158911446,1.608788776674018,-0.07719011964979552,-0.15569872305487956,1.278175546830853,-0.11033987633834613,-0.2832056161583654,1.168753871657201,0.10000836907189019,-0.579679538181286,0.08621077032278705,0.12737966580501456,-0.3909696774273519,0.518839631352993,0.13863074661090674,-0.4898504272892775,0.04470620013230684,-0.03679232276507366,-0.3827170524869533,1.0235259055301844,0.23834023486502123,-0.3335433417302094,0.46696876172001,0.4197741979794786,-0.6568120405176617,0.9974188615154747,0.03679944081416982,-0.42553526937764213,1.3681887974407498,0.15994358975563616,-0.4312629192475452,0.5828828270861645,0.0785209581453279,-0.41090094845816,0.4096555911152568,0.07158720073913107,-0.3446070470458624,0.07968780029540425,-0.07067058157693867,-0.42755082442073633,1.2123027487306406,-0.024394151270512934,-0.20109098357771407,1.2256783618042801,-0.08756427981255467,-0.15915643512610567,1.182515522896849,0.48414570946764474,-0.13493529665253018,0.6181872148584846,0.5348777706852023,-0.4232450405394794,1.045706101403331,0.3729599755232697,-0.44030389924909896,1.3466480080260346,0.17459951763022813,-0.4464336279409611,1.5666568721367033,0.3800240983532754,-0.0019832556195702273,1.2654102867012782,0.2510922557569497,-0.36108187980801854,1.6052163270925055,0.04361656693038561,0.014624593660716471,1.3402351585050292,0.2057240041379897,0.019312016150932615,1.2898836824672901,0.4318655409066882,-0.1974728296430695,0.7002790376840048,0.48165568921542323,-0.07073458395158218,1.0547568294780933,0.36397273774375977,-0.14190048349416806,0.6348294282196373,0.3644233506839007,-0.05866517616275528,1.18550379268381,0.3461775315419727,-0.1078284370978147,1.0421003841406462,0.49779036833553125,-0.6137703161760671,1.0326155858324064,0.29552911769672735,-0.30697010970668287,1.468324141194489,0.5367600222099695,-0.14448997538709482,1.061445385415033,0.4963962500853254,-0.07954248344365333,0.9116034171241798,0.3816331138476631,-0.031617821860343,0.5198695324114616,0.3742189227745233,-0.14820896769990985,1.3862293518536928,0.11816740736661367,-0.04332913595887014,1.3053966109326345,0.09864658965969716,0.02179983748579457,1.2469875484902337,0.24234778076311608,-0.30519378348099474,1.1477899241526395,0.3756598002764563,-0.5998073684063968,1.15051370267047,1.0069921016693115,-18.917438507080078,4.8571457862854,-0.7512890696525574,-0.602057933807373,-2.402115821838379,101.07147216796875,54.213768005371094,-452.71319580078125,-81.87100219726562,51.00961685180664,37.02473449707031,-1.9539726972579956,24.398143768310547,-2.235736846923828,-3.7078592777252197,0.2880045771598816,2.6478543281555176
0.18165266336194727,-0.4304374967584547,1.4232038756869487,0.17120087817804702,-0.2854873591306194,1.3426577294899138,0.031405498514210935,-0.5224100221071811,0.0746126581994903,0.2837015935127309,-0.5154467813226561,0.9248239216425561,0.05332528197804822,-0.32314058921195027,1.5659091464731079,-0.12863818728765908,-0.39405656926679294,1.058423770974014,0.13409058581914332,-0.24384105383165627,1.6082772237575607,-0.07676694300395766,-0.15560281928011913,1.2764657025305641,-0.1097889899812787,-0.28358486748689055,1.167449381967254,0.1000661121693668,-0.579619456995402,0.08631847611326256,0.12757877275249024,-0.39065874886039076,0.5188659528233358,0.1386392361280934,-0.4898799124932447,0.04467415617199134,-0.036117308211839776,-0.38348284462429827,1.0225903924727282,0.23846445355983759,-0.3333225646950551,0.4668787986237482,0.42023421873320016,-0.6566728957441469,0.9971713167152657,0.03712883606454393,-0.42539986356204706,1.3675289556680137,0.16015869388911896,-0.4309356761294485,0.5828711639176931,0.0787009240084926,-0.4107493669386731,0.4097748410622805,0.07157433753376766,-0.3445815487413217,0.0797661572497412,-0.0700965945096995,-0.42779461042770484,1.2116286651977641,-0.02367535830530902,-0.20078235094910427,1.223767030318052,-0.0870332064612812,-0.15944508862811207,1.1808000850361704,0.48451781016311896,-0.13533416015422894,0.6183739644012703,0.5354948276715562,-0.4231317511062748,1.0453565633849593,0.37335193137459405,-0.43992372557816917,1.346263797867377,0.17498260213444564,-0.4460905760724024,1.5660843454449382,0.38043339027474254,-0.0013177939814003757,1.2656386309112144,0.25148700838846877,-0.3607365964659003,1.604617459095077,0.04371327403562748,0.015070908517878954,1.3394615413337354,0.20601150719140537,0.019901506380726935,1.2896214992005304,0.4322588455598086,-0.19782755459775986,0.7005654597124517,0.4825490026284527,-0.07097522110141664,1.054878023286529,0.36434773439603135,-0.14223336976095538,0.635124458777194,0.3650947564485057,-0.0578246271817495,1.185598605515941,0.3470594991516593,-0.10797320518469967,1.042441789677601,0.4983815898168955,-0.6136262720783815,1.032344238647562,0.2957504302855359,-0.30663281008107773,1.4678193322870117,0.5377020610878799,-0.14470111741530184,1.061358110004703,0.49707438002358995,-0.07995053069875728,0.9116250177882365,0.3820397974244806,-0.03206737080453246,0.520030198507751,0.3744215604090533,-0.14780373210149098,1.3861455277891348,0.11850155317625462,-0.042708018930345204,1.3046894420851145,0.09909591917565325,0.022566632546533783,1.2464396969372074,0.24280422620031217,-0.30490655812206646,1.1472053772566335,0.37620508315547413,-0.5996106416973846,1.1502326758492072,1.1125695705413818,-19.00086784362793,4.7553253173828125,-0.6522599458694458,-0.49845850467681885,-2.38570499420166,98.60730743408203,54.632240295410156,-445.50238037109375,-80.48735046386719,50.199039459228516,37.1455078125,-2.0903899669647217,24.26528549194336,-1.7831175327301025,-3.7051007747650146,0.2621649503707886,2.6547305583953857
0.18193054628490613,-0.43022682581911026,1.4227372696068112,0.17151122160305252,-0.28524824434163554,1.3420898839337936,0.03151854558459279,-0.5223083065835056,0.07469877076415431,0.28424362339918186,-0.5152834176227746,0.9245918285570397,0.0537651450872816,-0.32272428550467586,1.5654282986328303,-0.1280228758095116,-0.39479735898261037,1.0574750079224442,0.13449746279033603,-0.24351075607419803,1.6077656708411034,-0.07634376635811976,-0.15550691550535872,1.2747558582302752,-0.10923810362421124,-0.2839641188154157,1.166144892277307,0.1001238552668434,-0.5795593758095179,0.08642618190373806,0.12777787969996598,-0.3903478202934297,0.5188922742936785,0.13864772564528005,-0.48990939769721187,0.044642112211675834,-0.03544229365860587,-0.3842486367616432,1.021654879415272,0.23858867225465397,-0.3331017876599009,0.46678883552748635,0.4206942394869217,-0.656533750970632,0.9969237719150569,0.037458231314918065,-0.42526445774645205,1.3668691138952773,0.16037379802260177,-0.4306084330113518,0.5828595007492217,0.07888088987165728,-0.41059778541918623,0.40989409100930424,0.07156147432840423,-0.34455605043678095,0.07984451420407816,-0.06952260744246032,-0.4280383964346734,1.2109545816648875,-0.022956565340105078,-0.20047371832049446,1.2218556988318234,-0.0865021331100077,-0.15973374213011848,1.179084647175492,0.48488991085859323,-0.13573302365592774,0.6185607139440562,0.5361118846579104,-0.4230184616730703,1.0450070253665873,0.37374388722591845,-0.43954355190723937,1.3458795877087195,0.17536568663866314,-0.4457475242038436,1.565511818753173,0.38084268219620976,-0.0006523323432304953,1.2658669751211507,0.25188176101998777,-0.360391313123782,1.6040185910976485,0.04380998114086934,0.015517223375041456,1.3386879241624416,0.20629901024482108,0.02049099661052128,1.2893593159337706,0.43265215021292897,-0.19818227955245024,0.7008518817408985,0.4834423160414822,-0.07121585825125114,1.0549992170949645,0.36472273104830294,-0.14256625602774273,0.6354194893347507,0.36576616221311076,-0.05698407820074369,1.1856934183480723,0.3479414667613459,-0.10811797327158466,1.0427831952145556,0.4989728112982598,-0.6134822279806958,1.0320728914627175,0.29597174287434447,-0.3062955104554726,1.4673145233795344,0.5386440999657902,-0.14491225944350886,1.0612708345943729,0.49775250996185455,-0.08035857795386125,0.9116466184522932,0.38244648100129813,-0.03251691974872192,0.5201908646040405,0.37462419804358327,-0.14739849650307207,1.386061703724577,0.11883569898589558,-0.042086901901820246,1.3039822732375947,0.09954524869160936,0.023333427607273027,1.245891845384181,0.24326067163750825,-0.3046193327631382,1.1466208303606273,0.37675036603449197,-0.5994139149883725,1.1499516490279444,1.0766748189926147,-19.554317474365234,4.759213447570801,-0.45416954159736633,-0.43382516503334045,-2.429516077041626,96.38792419433594,55.04092025756836,-438.96044921875,-79.22295379638672,49.471981048583984,37.231285095214844,-2.0830066204071045,24.492156982421875,-1.4939520359039307,-3.838824987411499,0.31140416860580444,2.6714115142822266
0.182185312325986,-0.43003340835208137,1.4223087804996415,0.1717800304589682,-0.2850380213252756,1.3415905750350448,0.03160045688219418,-0.5222471788624264,0.07478714055868964,0.2847219620714124,-0.5151115638136075,0.9243874841967955,0.05415029346400144,-0.3223874947882646,1.5650093985709133,-0.12748598045860696,-0.39544193644002573,1.0566486163644602,0.13485577564365817,-0.24322377865677638,1.607307521712701,-0.07598017827169785,-0.15542340051654158,1.2732520857394136,-0.1087507526112708,-0.2842908515440707,1.1650070180956102,0.10018178021276233,-0.5795082003865021,0.08651793217718207,0.1279533655931618,-0.39008170149184224,0.5189152243516303,0.1386585147274251,-0.4899205094733775,0.04463036455806123,-0.034852008933559164,-0.38494802439054904,1.0208480188388698,0.238693974862825,-0.33290217047100823,0.4666898204198736,0.4211058019604904,-0.6563955452663219,0.9966896742779687,0.03775695720009061,-0.4251458705063687,1.3662874149960398,0.16056591997675548,-0.43033285794273907,0.5828478837644817,0.07903790242032499,-0.41045810390781884,0.4099937513569333,0.0715501852185521,-0.3445332846696803,0.07991107891233551,-0.06902881553828322,-0.42824028994863395,1.2103492964971934,-0.022409527747589628,-0.200352637825028,1.220288420749816,-0.08606059077066301,-0.15996918235196184,1.1775737570611058,0.4852366105018073,-0.1360964680843006,0.6187023034948387,0.5366695493657068,-0.4229307002973872,1.0446967589144676,0.37407274840288607,-0.4392149462210422,1.3455423002211464,0.17569570218687816,-0.4454506714612443,1.5650275491720793,0.38119733876345174,-6.100090084881706e-05,1.2660687944746964,0.2522188686574532,-0.3601083585758083,1.6035133683128862,0.043893485471902305,0.01588059549793502,1.3380004550447526,0.2065525682556708,0.021007777530922003,1.2891270751195238,0.4330274970918302,-0.19847391945439458,0.7010677812115246,0.48422964548827796,-0.07142424087552045,1.0550959643149218,0.3650719148433761,-0.14284956405889118,0.6356559358290489,0.36633916968936164,-0.056252475679907585,1.1857665402210311,0.34867341806557006,-0.10824069824834533,1.0430368670564614,0.4994855127389857,-0.6133625381040257,1.0318200947433118,0.29615872170751456,-0.30598904616785366,1.466897679085763,0.5394724883780574,-0.14510178363678472,1.061172829163785,0.49836244577208894,-0.08069225785550692,0.9116563191082304,0.382802905132439,-0.032909933070572,0.5203048543424795,0.3748028085918616,-0.1470372085737077,1.385971829591208,0.11909961473468124,-0.04156505151201558,1.303379864487427,0.09993987165342104,0.024005541207873262,1.2454121302295205,0.24365283894223094,-0.30435203568430136,1.1461177669613567,0.3772315266511298,-0.5992191741798097,1.1497016268850162,0.9984273314476013,-19.71762466430664,4.557155609130859,-0.5285819172859192,-0.5294340252876282,-2.474090814590454,94.32908630371094,55.45417785644531,-432.1013488769531,-77.9822998046875,48.716461181640625,37.24248504638672,-1.9658622741699219,24.669464111328125,-1.7284824848175049,-3.8603134155273438,0.3376670479774475,2.673640251159668
0.18240362482256448,-0.4298671982837039,1.4219403989267665,0.17198334249439617,-0.2848733584118995,1.3411993431729197,0.0316332694611802,-0.5222500549839032,0.07487906983109895,0.2850998645981416,-0.5149263217551818,0.9242268974417882,0.05444916091637303,-0.32217608994206054,1.5646881853902577,-0.1270727413083544,-0.39593479456688396,1.0560151952386692,0.13513750661879975,-0.24300511408325853,1.6069335862500778,-0.07571055675973956,-0.1553594216901735,1.2720732726403419,-0.10836359194868449,-0.2845347664806227,1.1641318837538461,0.10023999191968647,-0.5794710686664708,0.08658452182761486,0.12809160290076244,-0.38988624424334395,0.5189328579515811,0.13867293004661996,-0.48990264776724063,0.04465062261885957,-0.03439533662988453,-0.38554269721768547,1.0202440333287448,0.23876944825743998,-0.33273592073198976,0.46657653098666907,0.4214409494538181,-0.6562588204019117,0.996476781782725,0.038007319855522234,-0.42505380486613076,1.3658289413973195,0.16072180080196716,-0.43013875941369706,0.5828363396079335,0.07915871935767053,-0.41033718779387063,0.4100625204132093,0.07154137833623697,-0.34451482790392757,0.07995904815562119,-0.06866148523739632,-0.42837612222362037,1.20985250105921,-0.022133335165852155,-0.2005273126164414,1.2192636884206178,-0.0857602319501291,-0.16012070932431727,1.1763854230081798,0.48554325463953396,-0.13640405935858257,0.6187726792120776,0.5371335570188548,-0.4228831947047189,1.0444484207014375,0.37430211413182957,-0.43896765928000014,1.345279006176437,0.1759420320737046,-0.445226671186504,1.564682454265506,0.3814658395798001,0.0004134329250976604,1.2662287861700878,0.2524650745735263,-0.3599236917416781,1.6031558168250204,0.043956170043605844,0.01611317330909683,1.3374488347808258,0.20675259754555114,0.02140990146343281,1.2889420512496241,0.4333745259421551,-0.19866607908085482,0.7011724720332796,0.48484984637293593,-0.07158176059409088,1.0551541611453554,0.3653803937482518,-0.14305469102614762,0.6357999997620551,0.36675701063397703,-0.055692673346262114,1.1858054571199101,0.3491688051957958,-0.10832866293606379,1.0431521896100202,0.499874394115628,-0.6132812529604956,1.0315965506809437,0.296291558849101,-0.3057312068362899,1.4666195482212976,0.5401216587483488,-0.14525721816728446,1.0610579033166367,0.4988648446881218,-0.08090866616131454,0.9116472543667484,0.38308007398385874,-0.03321379406488691,0.5203452390550778,0.3749435302733585,-0.14674522273785232,1.3858724149647137,0.11925278307981049,-0.0411997369755775,1.3029426543523144,0.10024822658754341,0.02452834942902357,1.2450398609338218,0.2439436445765148,-0.3041161639702241,1.1457431967684766,0.37761157139247614,-0.5990275649834942,1.1495004967348466,1.0283112525939941,-19.333045959472656,4.1338067054748535,-0.7536286115646362,-0.5936232209205627,-2.450536012649536,92.31080627441406,55.936092376708984,-424.4085693359375,-76.6062240600586,47.858211517333984,37.23640823364258,-1.9928243160247803,24.563610076904297,-2.146164655685425,-3.715623378753662,0.309396356344223,2.6559722423553467
0.18262193731914292,-0.4297009882153265,1.4215720173538915,0.17218665452982415,-0.28470869549852335,1.3408081113107946,0.03166608204016622,-0.5222529311053801,0.07497099910350824,0.2854777671248707,-0.5147410796967563,0.9240663106867809,0.05474802836874462,-0.3219646850958565,1.564366972209602,-0.12665950215810184,-0.39642765269374214,1.0553817741128784,0.13541923759394134,-0.24278644950974068,1.6065596507874547,-0.07544093524778127,-0.1552954428638054,1.2708944595412703,-0.10797643128609816,-0.28477868141717466,1.163256749412082,0.10029820362661059,-0.5794339369464394,0.08665111147804766,0.12822984020836306,-0.38969078699484566,0.5189504915515318,0.1386873453658148,-0.48988478606110375,0.044670880679657916,-0.03393866432620991,-0.3861373700448219,1.0196400478186196,0.23884492165205495,-0.33256967099297124,0.46646324155346447,0.4217760969471458,-0.6561220955375014,0.9962638892874812,0.03825768251095386,-0.4249617392258928,1.3653704677985994,0.16087768162717883,-0.4299446608846551,0.5828247954513853,0.07927953629501608,-0.4102162716799225,0.41013128946948524,0.07153257145392185,-0.34449637113817483,0.08000701739890685,-0.06829415493650942,-0.4285119544986068,1.2093557056212267,-0.021857142584114683,-0.20070198740785486,1.2182389560914197,-0.0854598731295952,-0.1602722362966727,1.1751970889552539,0.4858498987772607,-0.13671165063286458,0.6188430549293165,0.5375975646720027,-0.42283568911205066,1.0442000824884075,0.3745314798607731,-0.43872037233895816,1.3450157121317277,0.17618836196053106,-0.4450026709117637,1.5643373593589327,0.38173434039614845,0.0008878667510441379,1.2663887778654792,0.25271128048959945,-0.3597390249075479,1.6027982653371546,0.044018854615309376,0.016345751120258635,1.3368972145168987,0.20695262683543147,0.02181202539594362,1.2887570273797244,0.43372155479248,-0.19885823870731506,0.7012771628550346,0.4854700472575939,-0.0717392803126613,1.0552123579757893,0.3656888726531275,-0.14325981799340406,0.6359440636950613,0.3671748515785925,-0.055132871012616644,1.1858443740187892,0.3496641923260215,-0.10841662762378225,1.043267512163579,0.5002632754922702,-0.6131999678169655,1.0313730066185756,0.2964243959906875,-0.3054733675047262,1.466341417356832,0.5407708291186402,-0.14541265269778422,1.0609429774694885,0.49936724360415474,-0.08112507446712215,0.9116381896252663,0.38335724283527856,-0.03351765505920182,0.5203856237676759,0.3750842519548555,-0.14645323690199694,1.3857730003382196,0.11940595142493973,-0.04083442243913942,1.302505444217202,0.1005565815216658,0.02505115765017388,1.244667591638123,0.24423445021079865,-0.3038802922561469,1.1453686265755962,0.3779916161338225,-0.5988359557871787,1.1492993665846767,1.1103004217147827,-19.182035446166992,3.843958616256714,-0.7256351113319397,-0.5058936476707458,-2.416830062866211,90.69901275634766,56.3221549987793,-418.0328063964844,-75.39277648925781,47.15069580078125,37.26156234741211,-2.151195764541626,24.29969024658203,-2.3669698238372803,-3.6260199546813965,0.26770156621932983,2.6287996768951416
0.1828877031063007,-0.42949397743537726,1.4211519348700314,0.1724100952708958,-0.28451536684636247,1.3403530663607137,0.031703438110254854,-0.5222539911601717,0.0750685969355288,0.2859153528975335,-0.514548041469214,0.9238835284054674,0.05507173233770376,-0.3217018756842771,1.5639766269172264,-0.126169985357598,-0.39702501064104745,1.0546216994326636,0.13573500272256647,-0.24252202423499122,1.606115504211148,-0.0751166047269343,-0.15521075973743634,1.2694855454741725,-0.10753448562856938,-0.28507809656740024,1.1622094914613181,0.10036157573641136,-0.5793907643351334,0.08672978955980958,0.12840292851952526,-0.38946274692649085,0.5189787176073781,0.1387051534623105,-0.48985558343644175,0.0447082066328715,-0.03342455606414192,-0.3868255893027545,1.0188846221033312,0.23896179604806647,-0.3324012898451445,0.46634713303766506,0.42215497061511537,-0.6559706369772652,0.9960138624077601,0.03854923008244163,-0.4248505820896452,1.364824959773891,0.161064864907241,-0.42970108403670076,0.5828189046572376,0.07942497081413173,-0.4100770809200426,0.4102094921943368,0.0715273292673542,-0.3444682907387121,0.08006410971777328,-0.06785533885588711,-0.42864833767248306,1.2087725596317394,-0.02149749285732675,-0.2008971157452918,1.2170428752109705,-0.08507271449001422,-0.1604754983737374,1.1737631527793329,0.4862159070194952,-0.1370637887311692,0.6189037272274889,0.5381775878320466,-0.42277754547185453,1.0439154533360968,0.3747953204623121,-0.4384152106200623,1.3447120542952558,0.1764812238070349,-0.4447252638391312,1.5639137252671829,0.38205089479290094,0.0014317532993979318,1.266575136721529,0.2530067595622397,-0.3595144843917019,1.6023657612058502,0.044123544277536945,0.01665226692358487,1.3362259314154947,0.2071883961657025,0.022287976428471634,1.2885469737037127,0.43411265935329413,-0.1990631753887167,0.7013876970043246,0.4862245192985661,-0.071873875988635,1.0552313004108453,0.3660749219209942,-0.14347749215778924,0.6360773224112214,0.3676716268358641,-0.054489548607969944,1.185904551815513,0.3503239144947355,-0.10850477087872706,1.0434066487463893,0.500701034898,-0.6131115095899594,1.0311204358836672,0.29659198535396564,-0.3052119834237541,1.4659711154091437,0.5415346472468597,-0.14556914533408272,1.060768022639862,0.4999736940229176,-0.0813940299785887,0.9116044446135199,0.3837062527012351,-0.03386545356437069,0.5204058037885767,0.375250531545538,-0.14611636040522563,1.3856653640207075,0.11959765419758707,-0.04039819106854352,1.3019966400222274,0.10093695508772567,0.025673752656786227,1.2441996103090955,0.24459302780643993,-0.3036242158503722,1.1449100462016681,0.37841974105069176,-0.5986380929386379,1.14906907298707,1.0706695318222046,-19.520709991455078,4.0315680503845215,-0.48348468542099,-0.41491878032684326,-2.424957036972046,88.59835815429688,56.605934143066406,-410.6491394042969,-73.99861145019531,46.35392379760742,37.307594299316406,-2.0962917804718018,24.329235076904297,-2.4907431602478027,-3.7615551948547363,0.256874680519104,2.623544692993164
0.18322988717958627,-0.4292212616134164,1.4206485937762734,0.17266595107040658,-0.2842758751862886,1.3397952574767813,0.03174811097121002,-0.522252126640042,0.07517532335705314,0.28644905194936204,-0.5143424483719251,0.9236650026791933,0.05543543277493374,-0.32135628489469065,1.5634749519903928,-0.12555763182162452,-0.39779065401348845,1.053657663184286,0.13610557609835996,-0.24218390640241422,1.6055582903868315,-0.07470417138657824,-0.15509273462145534,1.2677060791988246,-0.10700431478438001,-0.2854668886851001,1.1608850474389185,0.10043325810539011,-0.579337863535281,0.08682793472578983,0.1286321405247347,-0.3891822358235618,0.5190240016441472,0.1387284252521218,-0.4898081175144145,0.04477301854270183,-0.03281795353141449,-0.38766445476093037,1.017885318655052,0.23914534218658673,-0.33222947629871746,0.466226484700544,0.4226042604604304,-0.6557954514263482,0.9957040347010884,0.03890710141485099,-0.4247086802065767,1.3641392924138254,0.1613024573353742,-0.4293778278180306,0.5828221179791634,0.07961004923116291,-0.4099084608602208,0.4103028868010502,0.0715278276297825,-0.3444247125395086,0.08013589374276976,-0.06730140281828825,-0.42878560800820786,1.208050355611258,-0.02100344461123677,-0.20112518226074066,1.2155708564038308,-0.08454577432365609,-0.1607620741259183,1.1719337014962508,0.48667751459885905,-0.13748766457205575,0.6189487732404115,0.5389444411590399,-0.4227022704304449,1.0435723816322175,0.3751146790404983,-0.43801684796020685,1.3443433950278934,0.17684902023795424,-0.44436185101404885,1.5633636124876162,0.3824448341762783,0.002087485790329756,1.2668039569791578,0.2533815876142868,-0.3592257317130929,1.6018125541162807,0.04429587850112788,0.01707785170130578,1.3353619445238682,0.2074817208856936,0.022882817855832568,1.2882966122879886,0.4345747429803507,-0.19928868810664738,0.7015076411875668,0.4871952202146416,-0.07197155502458281,1.0551870279754234,0.36658588969549594,-0.14371537219807012,0.6361931805184345,0.3682955170901406,-0.05371172634872383,1.1859989679412337,0.351248280102054,-0.10859320169647797,1.043584135194488,0.5012175069739487,-0.6130114999038494,1.0308211208968763,0.296815539333994,-0.3049448909151633,1.4654523821066547,0.5424830929333011,-0.14572734193296621,1.0604963977605302,0.500747707900622,-0.08174760696410342,0.9115309547509579,0.38417095459060163,-0.034284008580525174,0.5203934463838867,0.3754579693276361,-0.14570719245451177,1.3855444875774006,0.11985141241195185,-0.03984775596501813,1.3013725414970854,0.10143330671041215,0.026457043265960833,1.2435774953160066,0.2450607446645269,-0.30333560201900683,1.1443161767050132,0.3789252937826889,-0.5984301592735265,1.148791814876708,0.9160397052764893,-19.673208236694336,4.444952011108398,-0.4253285527229309,-0.4716484248638153,-2.429821014404297,86.52115631103516,56.690425872802734,-404.16192626953125,-72.8369140625,45.65329360961914,37.34274673461914,-1.8855242729187012,24.590763092041016,-2.7612369060516357,-3.9310176372528076,0.3171347975730896,2.6361083984375
0.1835720712528718,-0.42894854579145547,1.4201452526825153,0.17292180686991734,-0.2840363835262147,1.339237448592849,0.03179278383216518,-0.5222502621199121,0.07528204977857751,0.28698275100119064,-0.5141368552746363,0.9234464769529191,0.055799133212163746,-0.32101069410510413,1.5629732770635592,-0.12494527828565102,-0.39855629738592946,1.0526936269359084,0.13647614947415346,-0.2418457885698372,1.6050010765625151,-0.07429173804622217,-0.15497470950547432,1.265926612923477,-0.10647414394019061,-0.2858556808028,1.1595606034165187,0.10050494047436888,-0.5792849627354287,0.08692607989177009,0.12886135252994418,-0.3889017247206328,0.5190692856809161,0.1387516970419331,-0.48976065159238724,0.04483783045253217,-0.032211350998687036,-0.3885033202191062,1.0168860152067727,0.23932888832510701,-0.33205766275229043,0.46610583636342295,0.4230535503057455,-0.6556202658754311,0.9953942069944167,0.039264972747260374,-0.42456677832350825,1.3634536250537594,0.1615400497635074,-0.42905457159936033,0.5828253313010892,0.0797951276481941,-0.40973984080039905,0.41039628140776363,0.07152832599221082,-0.3443811343403052,0.08020767776776623,-0.06674746678068938,-0.42892287834393267,1.2073281515907768,-0.020509396365146766,-0.20135324877618954,1.2140988375966912,-0.08401883415729794,-0.16104864987809928,1.1701042502131682,0.48713912217822297,-0.1379115404129423,0.6189938192533342,0.5397112944860332,-0.4226269953890352,1.0432293099283383,0.37543403761868444,-0.43761848530035147,1.343974735760531,0.1772168166688736,-0.44399843818896656,1.5628134997080494,0.38283877355965557,0.002743218281261608,1.2670327772367869,0.2537564156663339,-0.35893697903448385,1.6012593470267114,0.04446821272471883,0.017503436479026708,1.3344979576322418,0.20777504560568474,0.02347765928319353,1.2880462508722645,0.43503682660740733,-0.19951420082457808,0.701627585370809,0.4881659211307172,-0.07206923406053063,1.0551427555400015,0.36709685746999765,-0.14395325223835098,0.6363090386256477,0.3689194073444171,-0.05293390408947768,1.1860933840669543,0.3521726457093725,-0.10868163251422888,1.0437616216425865,0.5017339790498974,-0.6129114902177394,1.0305218059100851,0.2970390933140224,-0.30467779840657255,1.4649336488041658,0.5434315386197425,-0.1458855385318497,1.0602247728811984,0.5015217217783264,-0.08210118394961814,0.9114574648883959,0.3846356564799681,-0.03470256359667968,0.5203810889791969,0.37566540710973423,-0.1452980245037979,1.3854236111340934,0.12010517062631663,-0.03929732086149273,1.3007484429719431,0.10192965833309865,0.027240333875135473,1.2429553803229174,0.24552846152261393,-0.3030469881876415,1.143722307208358,0.37943084651468606,-0.5982222256084152,1.1485145567663457,0.8216248750686646,-19.252948760986328,4.65334415435791,-0.668546199798584,-0.6298030614852905,-2.4113991260528564,84.20980072021484,56.863624572753906,-396.7809753417969,-71.4925537109375,44.8353385925293,37.36945343017578,-1.9010637998580933,24.562490463256836,-2.7199933528900146,-3.876939058303833,0.3933377265930176,2.634369373321533
0.18387643134357123,-0.4286928472929443,1.4196502665020772,0.17320536550701848,-0.283797214362795,1.3386673698362135,0.0318470729996037,-0.5222309527807678,0.07537608070681427,0.287567325775197,-0.5139370971168113,0.9232008615076936,0.05615549544427568,-0.3206899768074617,1.5624617172392787,-0.12432386765614252,-0.3993256644697379,1.0517195557916401,0.13685038843691744,-0.24150967321648503,1.604439767780683,-0.07388910241671746,-0.15485112882213087,1.2641282468442097,-0.10593954251696733,-0.28621886443618116,1.158225674502897,0.10057116008752229,-0.5792327294286513,0.08702529379666246,0.1290864564527739,-0.3886102187317728,0.5191182896790915,0.13877580694804917,-0.48971215443105887,0.04490615091971214,-0.03156983679690899,-0.38936703666945954,1.0159187814257793,0.2395307548985576,-0.3318822604930953,0.4660156714600443,0.42353225859585186,-0.6554596301735631,0.9950956816704858,0.03960292569256776,-0.42443007388651766,1.3627577427996704,0.1617629648439142,-0.42874204776934444,0.5828355945498738,0.0799788860789198,-0.4095761894390283,0.41048388232458505,0.07153576928258731,-0.3443353624138611,0.08027629120065677,-0.06622457854597774,-0.42907354729065045,1.2065312483452804,-0.02001883347352215,-0.20159223892830855,1.2126052190136436,-0.08353898693986286,-0.16137064963776543,1.1682759089185701,0.4876067221954169,-0.1383327069069376,0.6189879257947404,0.5404394407146025,-0.4225137482415761,1.0428878732074964,0.375768231042963,-0.43722861255241546,1.3436148364022868,0.17758449685099897,-0.44363601160365224,1.5622580469838832,0.3832337704320617,0.003388111787965354,1.2672656774520874,0.25411762010972233,-0.3586359114836383,1.60070315496811,0.04463238609547646,0.017918932220793715,1.333595811136511,0.20809577129139806,0.024096277104505633,1.2877548048827823,0.43550110396170455,-0.19974212101753183,0.7017161348797628,0.48914154199574955,-0.07219151190377229,1.0550484136240372,0.3675965341116419,-0.14418871355372548,0.6364146068396158,0.36956998232184657,-0.05212366529154463,1.186161190468744,0.353112461156403,-0.10877127456941352,1.0438923385759062,0.5022996581153364,-0.6127799658585857,1.0302146910042163,0.2972568536041588,-0.3044067159393765,1.4643965706919992,0.544389921703086,-0.1460618136931729,1.0599343081973247,0.5023218953846306,-0.08238272980743686,0.911370895161534,0.3851376329826203,-0.03511471602300934,0.5203238670399647,0.3758731748884087,-0.14488626345498673,1.385315259560844,0.12037215589095425,-0.03874862105246412,1.3000966997336079,0.10242076188523248,0.028026342268613783,1.2423266353986122,0.2460348911040666,-0.302780596625726,1.143122167776752,0.3799553665499024,-0.5979828522694821,1.1482427285996495,0.9527326822280884,-19.006982803344727,4.4912428855896,-0.7560349702835083,-0.6128379106521606,-2.401829481124878,82.51886749267578,57.08193588256836,-390.5291442871094,-70.3020248413086,44.11457061767578,37.33051681518555,-2.0967519283294678,24.33293342590332,-2.1495890617370605,-3.708662986755371,0.36132481694221497,2.6243107318878174
0.18411858093659608,-0.42846513781326495,1.419169021955389,0.17353448802173532,-0.2835585756215039,1.338077110367895,0.03191717846060036,-0.5221829513050863,0.0754492308895122,0.28823557772383784,-0.5137469358988945,0.9229106906036667,0.056499788260075026,-0.3204101698584115,1.5619338993599874,-0.12368756049121453,-0.40010115607882174,1.050728979884394,0.13723065632561973,-0.24117685141448944,1.6038717238713573,-0.07350258144321821,-0.15471841069246758,1.2622987955611273,-0.10539765395717511,-0.28653992885193286,1.156873500702397,0.10062839490491034,-0.5791815939723262,0.08712626549581819,0.1293048036611633,-0.38830062904894747,0.5191734120348431,0.13880129533492966,-0.4896619611524588,0.044980242040427706,-0.030870902086823995,-0.3902716264622101,1.0150042938080845,0.23976275376630143,-0.33170095574579495,0.46597564378321565,0.4240593524859441,-0.6553229251444734,0.9948157457918521,0.039908118132773215,-0.4243019178805762,1.3620450597330434,0.16196173954977106,-0.428447175894352,0.5828574530730973,0.08016047347953777,-0.40942071027905735,0.4105619541461894,0.07155463515182599,-0.34428598238340274,0.08033968984389936,-0.06575275577654113,-0.4292462534265013,1.2056114845323247,-0.01953400307279451,-0.2018491955881087,1.2110760744833788,-0.08313659523052491,-0.1617509125676376,1.1664493932629263,0.4880841781958839,-0.13874941723828282,0.6188982503106263,0.5411039239523426,-0.4223380469723253,1.0425491256034927,0.3761268238851566,-0.4368527034753995,1.343269344789303,0.17795198583445013,-0.4432752071232196,1.5616938114560992,0.3836305065956337,0.004015178017978182,1.2675052881240845,0.25445641730202745,-0.3583145892087197,1.60014205342097,0.04478313701091618,0.018317834153426003,1.3326309021340301,0.2084615643549439,0.024754000836921634,1.2873957855811973,0.43596898942001605,-0.19997400087335251,0.7017530484112683,0.49012525488209246,-0.07235424831164199,1.0548717205887599,0.3680776398110863,-0.14442019670313558,0.6365032508870624,0.3702644466465672,-0.05126010981813963,1.1861852308772258,0.35407768752401236,-0.10886290879142994,1.0439461319651824,0.5029462697292795,-0.6125966081556106,1.0298947472840745,0.2974650847990781,-0.30412907104026404,1.4638293201954948,0.545364649189229,-0.14626782333219288,1.0596128569928227,0.5031650948603421,-0.08254580341575556,0.9112628124999684,0.38570091641501875,-0.035516337873969246,0.5201928547478669,0.3760814854246102,-0.14447023744219978,1.3852275081028211,0.12066089617248797,-0.03820277534622626,1.299399488216994,0.10290323374237839,0.028816820702065288,1.2416869859821749,0.24660499292789703,-0.3025507548490897,1.1425117159521343,0.3805110828075188,-0.5976917689407109,1.1479798312613507,1.1378049850463867,-19.379301071166992,4.3709397315979,-0.5515419244766235,-0.44995176792144775,-2.404703378677368,80.98190307617188,57.11806869506836,-384.19140625,-69.10792541503906,43.36716842651367,37.23963928222656,-2.1929209232330322,24.377735137939453,-1.4251673221588135,-3.6655170917510986,0.24043522775173187,2.6325294971466064
0.18436073052962093,-0.42823742833358563,1.418687777408701,0.17386361053645216,-0.28331993688021273,1.3374868508995763,0.03198728392159702,-0.5221349498294047,0.07552238107221015,0.2889038296724787,-0.5135567746809776,0.9226205196996399,0.056844081075874374,-0.32013036290936125,1.5614060814806958,-0.12305125332628655,-0.40087664768790565,1.0497384039771478,0.13761092421432203,-0.24084402961249385,1.603303679962032,-0.07311606046971897,-0.15458569256280433,1.260469344278045,-0.10485576539738291,-0.28686099326768455,1.155521326901897,0.10068562972229837,-0.5791304585160009,0.0872272371949739,0.12952315086955266,-0.3879910393661221,0.5192285343905948,0.13882678372181015,-0.4896117678738588,0.045054333161143274,-0.030171967376739002,-0.3911762162549606,1.0140898061903898,0.2399947526340453,-0.3315196509984945,0.465935616106387,0.4245864463760363,-0.6551862201153837,0.9945358099132184,0.04021331057297867,-0.4241737618746347,1.3613323766664165,0.16216051425562789,-0.42815230401935955,0.582879311596321,0.08034206088015575,-0.4092652311190864,0.41064002596779375,0.07157350102106468,-0.34423660235294445,0.08040308848714196,-0.06528093300710452,-0.42941895956235215,1.204691720719369,-0.019049172672066874,-0.20210615224790887,1.209546929953114,-0.08273420352118695,-0.16213117549750977,1.1646228776072824,0.4885616341963509,-0.13916612756962807,0.6188085748265121,0.5417684071900829,-0.4221623457030745,1.042210377999489,0.37648541672735025,-0.4364767943983836,1.342923853176319,0.17831947481790125,-0.4429144026427869,1.5611295759283155,0.38402724275920563,0.004642244247991008,1.2677448987960815,0.25479521449433257,-0.3579932669338012,1.5995809518738298,0.04493388792635589,0.01871673608605829,1.331665993131549,0.20882735741848976,0.025411724569337636,1.287036766279612,0.43643687487832755,-0.2002058807291732,0.7017899619427738,0.49110896776843543,-0.07251698471951168,1.0546950275534825,0.36855874551053075,-0.14465167985254565,0.636591894934509,0.37095891097128786,-0.05039655434473463,1.1862092712857075,0.35504291389162174,-0.10895454301344637,1.0439999253544587,0.5035928813432226,-0.6124132504526353,1.0295748035639327,0.29767331599399743,-0.3038514261411515,1.4632620696989906,0.546339376675372,-0.1464738329712129,1.0592914057883205,0.5040082943360537,-0.08270887702407426,0.9111547298384028,0.38626419984741717,-0.03591795972492915,0.5200618424557693,0.3762897959608116,-0.1440542114294128,1.3851397566447985,0.12094963645402168,-0.0376569296399884,1.2987022767003797,0.10338570559952431,0.029607299135516792,1.2410473365657377,0.2471750947517275,-0.30232091307245346,1.1419012641275166,0.3810667990651352,-0.5974006856119396,1.147716933923052,1.074107050895691,-19.702667236328125,4.489686965942383,-0.4560237526893616,-0.41720858216285706,-2.402101516723633,79.0883560180664,56.95547103881836,-376.5728759765625,-67.7263412475586,42.51546859741211,37.19521713256836,-2.061852216720581,24.629005432128906,-1.4418736696243286,-3.767972230911255,0.22567062079906464,2.6361007690429688
0.18460481924726474,-0.42798747443008106,1.4181936843111025,0.17418803326440171,-0.2830863827901171,1.336884438596814,0.03204479894989373,-0.5220935206539583,0.07559249952238127,0.28952609402257085,-0.5133560000863296,0.9223194245668437,0.05717498227485165,-0.3198178905919688,1.56089456112969,-0.12242086622740656,-0.4016559694381739,1.0487448231668661,0.13798941210504398,-0.24051334861888002,1.6027395143019443,-0.07271425871314198,-0.15445490615652097,1.258607016691309,-0.10430289617437402,-0.28720218905352596,1.1541430859376263,0.10075399415283803,-0.5790813732028797,0.0873233342530909,0.12972837753149846,-0.38769179291480427,0.5192778467737287,0.1388752825607527,-0.48951909148337824,0.045179548802853416,-0.029519669955213948,-0.39203878921388785,1.0131489849643203,0.24021088879629476,-0.33131838140898195,0.46589992185499496,0.4250898118938831,-0.6550469764613158,0.9942739700639485,0.040526667042382496,-0.4240485219568606,1.3606033664665476,0.16235230034155562,-0.42785725081401155,0.5829026281636283,0.08052457066018455,-0.4091148699158864,0.41072220177642554,0.07159631637646663,-0.34418632677256666,0.08046494397205232,-0.06481761148581838,-0.42958256587484817,1.2038255270743212,-0.01858547442771545,-0.20234388418939728,1.2079666576638128,-0.08228441242696041,-0.162522431117612,1.1627861186368575,0.48908941862204214,-0.13958980986811467,0.6186907672329455,0.542457588362378,-0.42204833006029885,1.0418584265851027,0.376830794657303,-0.43611598014831543,1.3425537746473653,0.17868322247503607,-0.44254042765754736,1.560572386380063,0.3844202301952223,0.005281893972042212,1.2679890834337828,0.25512434196787953,-0.35769284575782867,1.5990215230067044,0.045070694444935444,0.019133295755932055,1.3307008176844641,0.20918653192405667,0.02606594774699367,1.2866950954822516,0.4369423956369722,-0.2004426676064532,0.7017959308940054,0.49209145204910376,-0.07267042979696728,1.0544833266577185,0.3690620364238884,-0.14487006465922916,0.6366121071261286,0.3716323594778579,-0.04951602459225239,1.1862630942799397,0.3559649022209723,-0.1090261744619008,1.0440372435857128,0.5041913701011644,-0.6122536359243835,1.0292857378129139,0.29786824346180785,-0.30355970408545424,1.4627297530505832,0.5473063476630394,-0.14664341556216706,1.0589590007500933,0.5048395926194474,-0.08293844243844613,0.9109928697742374,0.3868506639603747,-0.03630009133812804,0.5199080639524966,0.37647766427488516,-0.1436212199265199,1.385040414846496,0.1212203371406391,-0.037083036013391656,1.297968281025918,0.10387673883988761,0.030393185100166583,1.240402669109256,0.247731818836059,-0.30207443701115666,1.1412940984530164,0.381624524759141,-0.5971343372239183,1.1474483080257643,0.8685054183006287,-19.385807037353516,4.545431613922119,-0.6057847738265991,-0.5125084519386292,-2.3664910793304443,77.33621978759766,56.852500915527344,-370.2314453125,-66.55117797851562,41.85086441040039,37.23835754394531,-1.8644487857818604,24.62896156311035,-2.227370262145996,-3.786661386489868,0.310333788394928,2.6241471767425537
0.18485216569426832,-0.4277001498945502,1.4176780056479752,0.1745045603505823,-0.28286137091402974,1.3362616095321858,0.032081162051254546,-0.5220631329429071,0.0756575246619073,0.2900710992071013,-0.5131373950187734,0.9219999767297151,0.05748338555756782,-0.3194505404557613,1.5604104206262046,-0.12180042483948716,-0.4024417258256318,1.047746194119485,0.13836490959915893,-0.2401862641833476,1.6021818641005763,-0.0722867852409944,-0.15432736504551592,1.2566894569144345,-0.10373157943716114,-0.2875772055411181,1.1527210521382212,0.10084105633347239,-0.5790357321303412,0.08741124191426283,0.12991156167541906,-0.38740992309241895,0.5193173984028646,0.1389624389591596,-0.4893550434649385,0.04539065363983444,-0.028945723178469603,-0.3928307738919921,1.0121639232761812,0.24040037561331362,-0.33108357088455304,0.46587150775833636,0.4255533137463576,-0.6549034679172845,0.9940425315440096,0.040853739080839585,-0.4239281810672078,1.3598469266828324,0.1625323455460024,-0.42756189297366615,0.5829283942449961,0.08070863003762352,-0.40897310688006167,0.41081127228326353,0.07162576686862289,-0.34413454666832427,0.08052420695096452,-0.06436857206142503,-0.4297308844841079,1.2030493313113586,-0.018157278206076072,-0.20254931860412193,1.2063004907393298,-0.08175499036612102,-0.1629321544573007,1.160932150897601,0.48970175480211015,-0.14002520507139873,0.6185256976954985,0.5431882620647254,-0.42203794627000163,1.0414842927692742,0.3771539715346911,-0.43578052520751953,1.3421423900995824,0.1790406847039595,-0.4421443262242324,1.5600270340774234,0.38480691976894604,0.005942683966077888,1.2682409523338671,0.2554372243139128,-0.35742753842808556,1.598464904242004,0.04518407437678994,0.019579520424371506,1.329735194610444,0.209534587252219,0.026714289992652955,1.2863825701719878,0.4375111437001765,-0.200687698279785,0.7017499129503768,0.4930718722722388,-0.07280826543932718,1.0542128125563364,0.3696025984966202,-0.14506644425013207,0.6365173537999589,0.37227050140993484,-0.04860697805092038,1.1863669520182325,0.356814250646048,-0.10906420125077103,1.0440468835514902,0.5047090124610244,-0.6121339099296671,1.0290485470500212,0.29804082066807525,-0.3032443324066945,1.4622561252669783,0.5482602877332674,-0.1467518007123707,1.0586081932712075,0.5056508968997475,-0.08327971408698731,0.9107406636737041,0.3874760716166717,-0.03664947935188841,0.5197160382144499,0.37663118965578396,-0.14315972640024907,1.384921601276524,0.12146073130779708,-0.036462021880591965,1.2971724879662723,0.1043821552040561,0.031171355717229496,1.2397495713454998,0.24826606831803225,-0.3018000153516302,1.140692453510714,0.38218562630628117,-0.5969095435363567,1.1471700581493758,0.8986167907714844,-18.96727752685547,4.362910270690918,-0.6728135347366333,-0.5444044470787048,-2.3323256969451904,75.19326782226562,56.79196548461914,-362.9329833984375,-65.15135955810547,41.05145263671875,37.19819641113281,-1.8507168292999268,24.41120147705078,-2.719768524169922,-3.669304609298706,0.3225637376308441,2.6281423568725586
0.18509951214127193,-0.4274128253590192,1.4171623269848477,0.17482108743676286,-0.28263635903794243,1.3356387804675576,0.032117525152615366,-0.5220327452318558,0.07572254980143332,0.2906161043916317,-0.5129187899512171,0.9216805288925866,0.05779178884028401,-0.3190831903195539,1.5599262801227192,-0.12117998345156775,-0.4032274822130898,1.0467475650721039,0.13874040709327387,-0.23985917974781518,1.6016242138992083,-0.0718593117688468,-0.15419982393451084,1.2547718971375599,-0.10316026269994824,-0.2879522220287102,1.151299018338816,0.10092811851410677,-0.5789900910578026,0.08749914957543477,0.1300947458193397,-0.38712805327003363,0.5193569500320006,0.13904959535756647,-0.4891909954464988,0.045601758476815475,-0.028371776401725234,-0.3936227585700963,1.0111788615880424,0.2405898624303325,-0.3308487603601241,0.46584309366167775,0.42601681559883203,-0.654759959373253,0.9938110930240707,0.041180811119296695,-0.42380784017755496,1.359090486899117,0.16271239075044922,-0.42726653513332075,0.582954160326364,0.0808926894150625,-0.4088313438442369,0.4109003427901015,0.07165521736077915,-0.3440827665640818,0.08058346992987671,-0.06391953263703166,-0.4298792030933677,1.2022731355483958,-0.017729081984436672,-0.20275475301884657,1.204634323814847,-0.08122556830528162,-0.16334187779698942,1.159078183158344,0.4903140909821782,-0.14046060027468282,0.6183606281580515,0.5439189357670727,-0.4220275624797044,1.0411101589534457,0.3774771484120792,-0.43544507026672363,1.3417310055517992,0.17939814693288297,-0.44174822479091735,1.5594816817747836,0.38519360934266983,0.006603473960113592,1.2684928212339515,0.2557501066599461,-0.35716223109834244,1.5979082854773035,0.04529745430864443,0.020025745092810975,1.328769571536424,0.20988264258038128,0.02736263223831227,1.286070044861724,0.4380798917633808,-0.20093272895311678,0.7017038950067482,0.49405229249537386,-0.07294610108168709,1.0539422984549542,0.37014316056935204,-0.14526282384103498,0.6364226004737892,0.3729086433420118,-0.047697931509588336,1.1864708097565253,0.3576635990711237,-0.10910222803964126,1.0440565235172676,0.5052266548208842,-0.6120141839349507,1.0288113562871288,0.2982133978743427,-0.3029289607279348,1.4617824974833735,0.5492142278034955,-0.14686018586257435,1.0582573857923216,0.5064622011800476,-0.08362098573552852,0.9104884575731707,0.38810147927296873,-0.03699886736564881,0.5195240124764032,0.37678471503668276,-0.1426982328739782,1.3848027877065519,0.12170112547495507,-0.03584100774779225,1.2963766949066262,0.1048875715682246,0.03194952633429245,1.2390964735817436,0.24880031780000553,-0.30152559369210374,1.1400908085684114,0.38274672785342134,-0.5966847498487953,1.146891808272987,1.1391032934188843,-19.020458221435547,4.018804550170898,-0.5500385761260986,-0.4846633970737457,-2.365018844604492,73.2544937133789,56.82059860229492,-355.8395080566406,-63.85451889038086,40.2369499206543,37.06782913208008,-2.0494625568389893,24.34828758239746,-2.437213897705078,-3.589646577835083,0.2647188603878021,2.645803451538086
0.1853712655554544,-0.427121126592554,1.4166381919620843,0.17512837861547406,-0.2824243785727103,1.3350175579652093,0.032156891886465595,-0.5219924479525611,0.07578481913895796,0.2911652866380894,-0.512703646295118,0.9213688509748471,0.05810987896329125,-0.31871235321294394,1.5594256504481991,-0.12056073876998283,-0.404015341736623,1.045748760763383,0.13911174578185112,-0.23952387263443298,1.601048117441847,-0.07139792887876366,-0.15406768951589697,1.2528346204599798,-0.10259285283009738,-0.288338057252745,1.149869608958036,0.10101716425146488,-0.5789395134575319,0.08758357574312102,0.1302680021386273,-0.3868463221962089,0.5193989699250026,0.1391157970720569,-0.4890665126754748,0.045776220001527014,-0.027758671495051974,-0.39446130069281093,1.0102042717649447,0.2407621754617091,-0.3306193829372229,0.4658155193589381,0.42646459869991077,-0.6546190651442041,0.993572030635859,0.041508118665178874,-0.423666011517411,1.3583238381423697,0.16289158520714336,-0.4269719550151699,0.5829818104671327,0.08107443844640491,-0.4086906798430626,0.41099303901590256,0.07169108314822052,-0.3440267619312994,0.08064934902435897,-0.06341770349304802,-0.43005028742038653,1.2014804944297335,-0.017279072572162615,-0.20293273347497776,1.2029568525339593,-0.08071276412302296,-0.16373423018202876,1.1571930335057492,0.4908936642455739,-0.14083443128115294,0.6181648294657272,0.5446570434712417,-0.42202919869628175,1.040695875685736,0.37780521435058667,-0.4351012794584628,1.3413186132513135,0.17975114364892442,-0.4413700657372443,1.5589373372248467,0.38558802136916986,0.007257585424547453,1.268740775964118,0.25607596199638794,-0.3568805769974033,1.5973456932219448,0.04544258118909321,0.020501472543160246,1.3277903218932499,0.21022179609300284,0.027991682957142387,1.2857493845042804,0.43864337833511907,-0.20116326770443,0.7016086286266908,0.49504662408733996,-0.07308714254605059,1.0536546963729605,0.37070564126336814,-0.14544616289288792,0.6363043913383357,0.3735546026600907,-0.04681489986694413,1.1865780266704937,0.3585522169901046,-0.10914625479093451,1.0440342805243485,0.5057367536405853,-0.6119223756111221,1.0285886830052002,0.29839138627447037,-0.3026160281028179,1.4612828872061723,0.5501938874753105,-0.14694746845210624,1.057845412105914,0.5073035335698665,-0.08389424411764998,0.9102309425145585,0.38874706754226557,-0.037333784452238616,0.5192980298538081,0.3769443015389095,-0.14227493901718533,1.3846825282305282,0.12196921184659004,-0.03522789452397666,1.2955399199037363,0.10540191348124024,0.032711383954479985,1.2384175393755072,0.24929631101769326,-0.30128684501774267,1.1395232227464385,0.3832846729960663,-0.5964751162671096,1.1466034370542362,1.2825143337249756,-19.4197940826416,3.794417381286621,-0.4850653111934662,-0.4631943702697754,-2.4630677700042725,71.67079162597656,56.843055725097656,-349.2973937988281,-62.719818115234375,39.49274826049805,36.97208786010742,-2.1617190837860107,24.49677085876465,-2.207287073135376,-3.639348030090332,0.28375276923179626,2.643770217895508
0.18568490660249792,-0.4268219207000259,1.4160995439977835,0.17541981898001488,-0.282234762826108,1.3343990926710976,0.032201413503101725,-0.5219351437115511,0.07584235892439915,0.2917216376259627,-0.5124944431694928,0.9210705079187621,0.05844459379868988,-0.3183355317111836,1.558896721790958,-0.11994354789521522,-0.40480681069639346,1.0447496556683091,0.13947594706092448,-0.23917445362798426,1.600440363220821,-0.07087835009573706,-0.15392767198827884,1.2508635053176753,-0.10203214798936781,-0.2887424597677016,1.148427541484896,0.10110961420103809,-0.5788804637083155,0.08766202691523049,0.13042422016428795,-0.38656482924491364,0.5194452258924774,0.13914603601820422,-0.48900993242366425,0.04588779367950578,-0.027078362770798003,-0.3953797454569513,1.0092476539264452,0.24090501456367258,-0.33039932989126797,0.4657893863241404,0.4268854050249453,-0.6544826576449224,0.9933198840412872,0.041835830392723046,-0.4234873051971,1.357539668580554,0.16306931959674847,-0.4266787096364609,0.5830126940611972,0.08125222242431135,-0.40855190202297753,0.4110919577593835,0.071737958969462,-0.3439635070941306,0.08072658280367093,-0.06282527577625403,-0.4302604426413972,1.2006596295249383,-0.01679162700839391,-0.20306359700217153,1.2012599805332966,-0.08022847981346365,-0.16409677025300776,1.1552543689478312,0.491417009260086,-0.14110260481471257,0.6179162928994918,0.545407909529888,-0.42205146384357617,1.040212687277636,0.37814167097506934,-0.4347431824992824,1.3409044914292974,0.18009647657934402,-0.4410226996864704,1.55839472219644,0.38599568679435364,0.007900235088178198,1.2689820131323986,0.25642408178934195,-0.3565708683026548,1.5967728491650512,0.04564219269753489,0.021027833146246646,1.3267876861111219,0.21054567216543962,0.028587625244792712,1.2854147626469468,0.43919783504988186,-0.20136893518417087,0.7014288412814109,0.4960648305960838,-0.07323368589412298,1.0533377676215392,0.3713057390506694,-0.14560712156015515,0.6361459269626251,0.37421397830279457,-0.04597651541529114,1.1866910086562301,0.35950822985132797,-0.10920057877503483,1.043957319480694,0.5062339061143383,-0.6118784800467901,1.0283909248595207,0.29857866145325024,-0.30230728142111507,1.4607386853521234,0.5512176875444438,-0.1469985344848096,1.0573284639822726,0.5081964006881841,-0.08405077702902405,0.9099643161360002,0.389427290106846,-0.03764386629895461,0.519013769875299,0.3771142902358478,-0.1419172040526046,1.3845597872670912,0.12228482402861118,-0.03462834096828242,1.2946328110252785,0.10593157356592597,0.03344524494489493,1.2376942642477176,0.2497266482142423,-0.3011093188990031,1.139014089739086,0.38378287674180717,-0.5962915007049674,1.1462976954235935,1.1228797435760498,-19.4619140625,3.9802565574645996,-0.6836399435997009,-0.5694735050201416,-2.495737075805664,70.023193359375,56.52562713623047,-341.784423828125,-61.398780822753906,38.654300689697266,36.92066192626953,-2.038896083831787,24.570066452026367,-2.5590784549713135,-3.7220051288604736,0.3569434583187103,2.628087043762207
0.18599854764954143,-0.42652271480749776,1.415560896033483,0.17571125934455567,-0.2820451470795057,1.3337806273769859,0.03224593511973785,-0.5218778394705412,0.07589989870984033,0.292277988613836,-0.5122852400438676,0.920772164862677,0.05877930863408852,-0.31795871020942335,1.5583677931337168,-0.1193263570204476,-0.4055982796561639,1.0437505505732354,0.13984014833999783,-0.23882503462153556,1.5998326089997954,-0.07035877131271048,-0.15378765446066067,1.248892390175371,-0.10147144314863825,-0.28914686228265823,1.146985474011756,0.1012020641506113,-0.5788214139590989,0.08774047808733997,0.13058043818994863,-0.38628333629361844,0.5194914818599524,0.13917627496435153,-0.4889533521718537,0.04599936735748455,-0.026398054046544037,-0.39629819022109175,1.0082910360879456,0.24104785366563608,-0.33017927684531306,0.4657632532893427,0.4273062113499799,-0.6543462501456406,0.9930677374467155,0.04216354212026722,-0.4233085988767889,1.3567554990187387,0.16324705398635359,-0.42638546425775187,0.5830435776552617,0.08143000640221779,-0.4084131242028925,0.4111908765028644,0.07178483479070348,-0.34390025225696186,0.0808038165829829,-0.06223284805946004,-0.4304705978624079,1.1998387646201432,-0.016304181444625202,-0.2031944605293653,1.1995631085326341,-0.07974419550390434,-0.16445931032398678,1.1533157043899132,0.49194035427459815,-0.1413707783482722,0.6176677563332564,0.5461587755885345,-0.4220737289908706,1.039729498869536,0.37847812759955196,-0.434385085540102,1.3404903696072812,0.18044180950976366,-0.4406753336356965,1.5578521071680334,0.38640335221953737,0.008542884751808944,1.269223250300679,0.256772201582296,-0.3562611596079062,1.5962000051081575,0.04584180420597657,0.021554193749333046,1.3257850503289936,0.21086954823787638,0.029183567532443038,1.285080140789613,0.4397522917646446,-0.20157460266391172,0.7012490539361309,0.49708303710482765,-0.07338022924219535,1.053020838870118,0.3719058368379706,-0.14576808022742238,0.6359874625869145,0.3748733539454984,-0.04513813096363815,1.1868039906419665,0.3604642427125514,-0.10925490275913516,1.0438803584370393,0.5067310585880911,-0.6118345844824582,1.0281931667138409,0.29876593663203005,-0.30199853473941224,1.4601944834980745,0.5522414876135769,-0.14704960051751295,1.0568115158586313,0.5090892678065015,-0.08420730994039813,0.9096976897574418,0.3901075126714264,-0.0379539481456706,0.51872950989679,0.37728427893278615,-0.14155946908802386,1.3844370463036544,0.12260043621063231,-0.034028787412588184,1.2937257021468207,0.10646123365061172,0.03417910593530988,1.2369709891199276,0.25015698541079134,-0.30093179278026355,1.1385049567317331,0.3842810804875481,-0.5961078851428253,1.145991953792951,0.9481378793716431,-19.31305503845215,4.241525650024414,-0.8677812814712524,-0.6281176209449768,-2.4487318992614746,68.63288116455078,55.999271392822266,-335.3387145996094,-60.25423812866211,37.92784118652344,36.820404052734375,-1.8631181716918945,24.46002197265625,-2.7575578689575195,-3.754565715789795,0.3500121235847473,2.6210978031158447
0.186267078046175,-0.4262688248757495,1.4150890711916992,0.1759617907173981,-0.28186382299030066,1.3332304403876627,0.0322874320103534,-0.5218320470179943,0.07595357361761544,0.29277864286046945,-0.5121123300285528,0.9205046687891941,0.059070243734545655,-0.3176265239024794,1.5578996507537286,-0.1187948336985135,-0.40629458906042654,1.0428741562445432,0.14016446898019075,-0.23852949337848764,1.5993035354756362,-0.06990000131903895,-0.15365809515513332,1.2471460358591269,-0.10101079109390051,-0.28950195789139793,1.145746397261588,0.10128519318948519,-0.578768840491377,0.08781179112215705,0.13072334165802066,-0.38602914601959143,0.5195320539719221,0.1391978422488203,-0.48892379364627875,0.04606165934280054,-0.025841430637566075,-0.39710686237409415,1.0074495361340756,0.2411677682439223,-0.32997777377138077,0.46574017109460386,0.42768229963566295,-0.6542380458077058,0.9928394933015305,0.04245240471344317,-0.42315383822910047,1.3560596057121328,0.16340238973498344,-0.4261273089426243,0.5830669764256635,0.08158058675610466,-0.4082887289145135,0.4112821699471663,0.0718250164133034,-0.34385015889508835,0.080866841624016,-0.061747048013158994,-0.4306516350302475,1.199106536164189,-0.015882419891014014,-0.2033225523665646,1.198055424634984,-0.07929065011885783,-0.16475522177700963,1.1516019735509986,0.4924262967824146,-0.1416360901434295,0.6174269783378437,0.5467874279480107,-0.42204142840492803,1.0393169084132112,0.3787711268623933,-0.4340646900483315,1.3401334897571842,0.1807374951509845,-0.44037747619957324,1.5573626134964014,0.38676349729891646,0.009116461152050457,1.2694414206687978,0.2570749225699349,-0.3559919366773391,1.5956987819529527,0.046005666946733234,0.022018246707315267,1.324911363866945,0.21117026926271174,0.029730373555609313,1.2847703867005986,0.4402472192779282,-0.20174423997469296,0.7010678618356881,0.49797462114435154,-0.07349278832113505,1.0527314577276343,0.3724347675675588,-0.14590018198190147,0.6358321823229064,0.3754690329464066,-0.04440080423820889,1.1868971907934607,0.36127145238072667,-0.10928287587763853,1.0437763684632761,0.5071948571315664,-0.6117847024999707,1.0279969213814135,0.298940569014344,-0.30174432497545584,1.4597001468503712,0.5531322105436135,-0.1471125457361834,1.056350152816204,0.509879004284246,-0.08437330783992412,0.9094230238570283,0.39070137521091675,-0.038217536198431684,0.518468151029372,0.3774399319231905,-0.14124556608646122,1.3843399367190354,0.12286763206519039,-0.033485337616937456,1.292943868613401,0.1069323910856681,0.03482871313289497,1.2363288151902079,0.25055493039405896,-0.3007437057842482,1.1380600390450055,0.38473951525443434,-0.5959262866650196,1.1457134572085956,1.039381980895996,-19.358732223510742,4.079613208770752,-0.737807035446167,-0.5271638631820679,-2.3996403217315674,67.04195404052734,55.55110549926758,-328.17279052734375,-58.97514724731445,37.120689392089844,36.64917755126953,-1.9554810523986816,24.402509689331055,-2.2644898891448975,-3.741652250289917,0.2417258322238922,2.617570161819458
0.18645651031606245,-0.4260943930670126,1.4147344156606307,0.17614059125548168,-0.28169703769762783,1.3327999742615302,0.03232362527178218,-0.5218064396191906,0.07600047175359252,0.2931816370676685,-0.5120030572477555,0.9202912605756166,0.05928441436825604,-0.31737260204672024,1.5575380925311157,-0.11841352197606832,-0.4068240433536618,1.0422129259993698,0.14041886192481248,-0.2383284227342795,1.5989124226254343,-0.06954785495601742,-0.15354687355409394,1.2457937827173449,-0.10072557406117584,-0.28977059755499,1.14486324945033,0.10135197871370821,-0.5787276226953165,0.08787058797103679,0.13084289905251256,-0.3858228289331032,0.5195626598714993,0.13920420442788017,-0.4889416156817746,0.0460375395930366,-0.02550168011016798,-0.39772305652400514,1.0068098867176385,0.2412474863971306,-0.32980879667578944,0.46572243831805044,0.4279799782085103,-0.6541792935882973,0.9926531603004759,0.04267314827649404,-0.4230410645142296,1.3555184981680863,0.16351845115423203,-0.4259306814102148,0.5830772511216978,0.08168346760486135,-0.4081895523118657,0.41136009300386667,0.07185346026294279,-0.3438231431885271,0.08090495271299848,-0.06144821155347571,-0.4307816158856777,1.1985297250431894,-0.015575830300418746,-0.20344578425418464,1.1968794678220687,-0.07889100312199814,-0.16493430496841077,1.1502826470412955,0.4928466568127373,-0.1418963840959088,0.6171998044118187,0.5472017877938732,-0.4219134509168713,1.039028106146301,0.37898792691578137,-0.4338104012391425,1.339876979392096,0.18094612801114454,-0.4401664283891387,1.5569662641215798,0.38704031903222696,0.009568922789088939,1.2696191451407426,0.25729804017291164,-0.35579370248396663,1.595323140652764,0.04610684691675451,0.02237304790401893,1.3242637803222959,0.21143038965613636,0.030191022841050137,1.284504236369733,0.44063776682149497,-0.20185070109880524,0.700884206602905,0.49864418222414736,-0.07354575854460925,1.052490379241918,0.37283891222334853,-0.14598168531395742,0.6356824851588697,0.3759530246849881,-0.043840674621774656,1.1869557049890227,0.3618177468610915,-0.1092646447386568,1.0436249852969945,0.5076001720712674,-0.6117243237842788,1.027803328653045,0.29909303320559444,-0.30158574158782203,1.4592932450850278,0.5537895927366042,-0.14719632021243997,1.0559862540257687,0.5104879089538624,-0.08455590188305899,0.9091342612607589,0.39114381195298886,-0.03839960088644991,0.5182469475348264,0.377570448332275,-0.14100851912964257,1.3842877698260427,0.12304993353734743,-0.033040261537527406,1.2923816959589522,0.10730096853233331,0.03533058765264142,1.23582884610094,0.2508960780718469,-0.3005371010856123,1.1377277180848533,0.38512821811319187,-0.5957482249926258,1.1454827327601957,1.1445926427841187,-19.405109405517578,3.985229253768921,-0.5615711212158203,-0.47673115134239197,-2.3743598461151123,65.74951171875,55.33014678955078,-322.1665954589844,-57.824405670166016,36.44853591918945,36.493446350097656,-2.1450517177581787,24.493820190429688,-1.83100163936615,-3.7617533206939697,0.15372467041015625,2.6028263568878174
0.18664594258594985,-0.42591996125827564,1.4143797601295622,0.17631939179356523,-0.28153025240495505,1.3323695081353977,0.03235981853321096,-0.521780832220387,0.0760473698895696,0.2935846312748675,-0.5118937844669582,0.9200778523620391,0.059498585001966406,-0.3171186801909611,1.5571765343085031,-0.11803221025362316,-0.40735349764689704,1.0415516957541966,0.14067325486943422,-0.23812735209007138,1.5985213097752324,-0.06919570859299592,-0.15343565195305459,1.2444415295755626,-0.1004403570284512,-0.29003923721858205,1.1439801016390718,0.10141876423793122,-0.5786864048992562,0.08792938481991654,0.13096245644700447,-0.385616511846615,0.5195932657710763,0.13921056660694003,-0.48895943771727035,0.04601341984327266,-0.02516192958276992,-0.3983392506739161,1.0061702373012011,0.2413272045503389,-0.3296398195801981,0.465704705541497,0.42827765678135765,-0.6541205413688888,0.9924668272994212,0.04289389183954489,-0.42292829079935884,1.35497739062404,0.1636345125734806,-0.4257340538778053,0.5830875258177322,0.08178634845361804,-0.4080903757092179,0.41143801606056707,0.07188190411258218,-0.3437961274819658,0.08094306380198096,-0.06114937509379246,-0.4309115967411079,1.1979529139221898,-0.015269240709823502,-0.20356901614180464,1.1957035110091532,-0.07849135612513847,-0.16511338815981189,1.1489633205315926,0.49326701684305996,-0.14215667804838805,0.6169726304857936,0.5476161476397357,-0.4217854734288146,1.0387393038793904,0.37920472696916946,-0.43355611242995357,1.3396204690270077,0.18115476087130458,-0.43995538057870426,1.5565699147467582,0.38731714076553747,0.010021384426127383,1.2697968696126876,0.25752115777588835,-0.35559546829059424,1.5949474993525752,0.04620802688677579,0.022727849100722564,1.323616196777647,0.211690510049561,0.030651672126490923,1.2842380860388674,0.4410283143650617,-0.2019571622229175,0.7007005513701218,0.4993137433039431,-0.07359872876808343,1.052249300756202,0.3732430568791383,-0.14606318864601336,0.6355327879948331,0.3764370164235696,-0.043280545005340475,1.187014219184585,0.36236404134145633,-0.10924641359967506,1.0434736021307132,0.5080054870109684,-0.6116639450685868,1.0276097359246765,0.2992454973968449,-0.30142715820018817,1.4588863433196846,0.5544469749295948,-0.14728009468869657,1.0556223552353334,0.5110968136234788,-0.08473849592619384,0.9088454986644896,0.39158624869506087,-0.03858166557446812,0.5180257440402808,0.3777009647413595,-0.14077147217282399,1.38423560293305,0.12323223500950446,-0.03259518545811739,1.2918195233045036,0.10766954597899848,0.03583246217238782,1.2353288770116717,0.25123722574963475,-0.30033049638697645,1.137395397124701,0.38551692097194934,-0.5955701633202319,1.1452520083117959,0.9967746734619141,-19.25860595703125,4.511168003082275,-0.6058313250541687,-0.6280867457389832,-2.388591766357422,64.67573547363281,55.017738342285156,-316.4164123535156,-56.66187286376953,35.771053314208984,36.33344268798828,-2.09236478805542,24.59124183654785,-2.0122265815734863,-3.7805635929107666,0.19801290333271027,2.61094331741333
0.18685814876430082,-0.4257247183496589,1.4139583016073467,0.17656292238377577,-0.281343593897409,1.331849928723266,0.032417042711317935,-0.521749483828513,0.07610862672526315,0.2940532099332241,-0.5117515222915751,0.9198294155645055,0.05973468535881958,-0.31686331953433966,1.5567503188619551,-0.11757248033158828,-0.4079802681673441,1.0407686399308262,0.14096547051376065,-0.23787086984969133,1.5980445509714796,-0.06880566759022656,-0.15330945438896584,1.2428320827863075,-0.1000265662638557,-0.29035134643118904,1.142841351742776,0.1014938068804362,-0.5786363269319598,0.08800294092356764,0.1311197690419014,-0.38539564333214665,0.5196245253480822,0.13921749187226326,-0.4889600296683659,0.046010171143424435,-0.024717115951294936,-0.3990833240234299,1.0054100838718036,0.2414135465164058,-0.32944275567073694,0.4656550704643426,0.4286447530550673,-0.6540208916790438,0.9922244983003629,0.043137440396263105,-0.42279782516277387,1.3543423382651727,0.16376749677768607,-0.4255116949018264,0.5831013673188671,0.08190248936217352,-0.40797101681595604,0.4115232894357467,0.07192845731381549,-0.34376225171499697,0.08096577705729087,-0.06081243616757014,-0.43101496155688307,1.1972623771389588,-0.014902706634228597,-0.20369608838431882,1.194296195017581,-0.07804623147509746,-0.16533401717018606,1.147385578281832,0.4937605390090816,-0.14246025681495667,0.6166602227072052,0.5481644971481222,-0.4217125256329972,1.038421498229172,0.3794543281296231,-0.4332582581516923,1.3393277079853791,0.1813928855965469,-0.4397165301619776,1.556117874897079,0.3876327035442883,0.010537830736512769,1.2699986096249511,0.2577699144549717,-0.3553743234138615,1.594498688811498,0.04633884526641163,0.02316738878506303,1.3228205979265124,0.21196275544877083,0.03117847960713683,1.2839330703217462,0.4414806699515968,-0.20208095112778493,0.7004577028040855,0.5001069062592968,-0.07365475955191038,1.0519001381286721,0.37372701412794607,-0.14616507854287988,0.6353209843698716,0.3769862728797837,-0.04263379513625278,1.1870768401796454,0.3630607384719596,-0.10920586150805682,1.0432693563549724,0.5084906074384979,-0.6115960845884109,1.02735599066248,0.29941553272158894,-0.301207711759782,1.4584260105297266,0.5552324778986293,-0.14734388049075145,1.055159012213448,0.5118038978008245,-0.08491564828236371,0.9084959866984791,0.3921334017191502,-0.03879027480617264,0.5177057926228504,0.37784447298934126,-0.14047267934344462,1.3841780218857014,0.12345580697454364,-0.03205673941811979,1.2911317593214529,0.10809753879608697,0.0364327955226235,1.2347409740978519,0.25158272890855143,-0.30022327552568046,1.136940739012712,0.38595650409231125,-0.5953767544386402,1.1449892820901428,0.870880663394928,-19.153573989868164,4.960784435272217,-0.7120786309242249,-0.7365664839744568,-2.4475278854370117,63.59329605102539,54.413299560546875,-309.6329345703125,-55.400577545166016,34.95170593261719,36.14801025390625,-1.9626587629318237,24.576017379760742,-2.3434131145477295,-3.7363626956939697,0.29563334584236145,2.648717164993286
0.1871111581953156,-0.4254921888870909,1.4134171543926592,0.17692242765071375,-0.28112132921321503,1.3311706880070515,0.03251194728180667,-0.5217078494907215,0.0761956095646154,0.2946392940665712,-0.511550154117559,0.9195182192207172,0.060010076469636894,-0.3166053810261733,1.5562082592225233,-0.11697225113528852,-0.40878139692821247,1.039767313279853,0.14132545182839132,-0.2375151084995033,1.5974143431676144,-0.06834773202457572,-0.1531564248910803,1.2407618307119965,-0.09938241422965831,-0.29074133858578094,1.1412446481107876,0.10158364352652963,-0.578570374491199,0.0881029406920174,0.13134472637085723,-0.38514870350921393,0.5196569560971481,0.1392254260004751,-0.4889297510515775,0.04604431640800853,-0.0240840642583489,-0.4000565142722319,1.004434027419185,0.2415117561471778,-0.3291953695530923,0.4655482770986115,0.42913622270948837,-0.6538479673546671,0.9918818431382148,0.04342184789996864,-0.4226356614997845,1.3535389681130845,0.16393080097160592,-0.42524323375611905,0.5831215993458072,0.0820423878778685,-0.40781549798534406,0.41162173213153486,0.07200745643665458,-0.3437160850064644,0.08096090252727073,-0.06040723032213207,-0.4310706393016095,1.1963680818775633,-0.014428772023009375,-0.20383004126268506,1.192474360497582,-0.07751962602977329,-0.16562908243955365,1.145344841164469,0.49438514333489714,-0.14284138754010198,0.6161951042761077,0.5489529114685311,-0.42173817270244196,1.03805172818386,0.37976269794023587,-0.4328823490746764,1.338969997814949,0.18168384991339498,-0.43942786674231094,1.5555660562799467,0.3880176773627862,0.011168916253311312,1.270243377480286,0.25806460781207935,-0.35511213022944155,1.5939187833804958,0.04652276579660689,0.023758751593086068,1.3217598049845918,0.21225672481667915,0.031823820520858456,1.2835584207875839,0.44204376494845016,-0.20223578563983866,0.7001087995159705,0.5011215225750246,-0.07371627383970267,1.0513573247470605,0.37435396893924433,-0.14630349436836526,0.6349979066690862,0.3776524619550894,-0.0418318506478277,1.1871468191904737,0.36402690701729407,-0.10912531770963148,1.042970398403951,0.5091187126983869,-0.6115148192802012,1.0269944721105082,0.299617049660509,-0.300879219016492,1.4578699471540009,0.5562475305914089,-0.14737185325152827,1.054517498276881,0.5126868869295182,-0.08508305094938798,0.908037632111682,0.3928681714151868,-0.03904644301198175,0.517208917843585,0.37801125828201404,-0.140063258492394,1.3841107404784652,0.12375332190599661,-0.031351005532069556,1.2902189775413235,0.10863198415185044,0.03720953427748565,1.2339955230817101,0.2519360356378239,-0.30029411737295175,1.1362668935036817,0.3864872476813809,-0.5951558484739026,1.1446692193580779,1.0587317943572998,-19.22507095336914,4.8192830085754395,-0.6667163372039795,-0.6063487529754639,-2.494108200073242,62.6667366027832,53.842750549316406,-303.62969970703125,-54.377288818359375,34.281837463378906,36.01297378540039,-2.0096189975738525,24.41471290588379,-2.5426430702209473,-3.6734468936920166,0.33817246556282043,2.6768124103546143
0.1873641676263304,-0.4252596594245229,1.4128760071779718,0.17728193291765174,-0.2808990645290211,1.3304914472908373,0.032606851852295414,-0.52166621515293,0.07628259240396765,0.29522537819991834,-0.5113487859435429,0.919207022876929,0.060285467580454236,-0.3163474425180069,1.5556661995830916,-0.11637202193898871,-0.4095825256890808,1.0387659866288799,0.14168543314302204,-0.23715934714931527,1.5967841353637493,-0.06788979645892486,-0.15300339539319474,1.2386915786376853,-0.09873826219546086,-0.29113133074037284,1.1396479444787992,0.10167348017262307,-0.5785044220504382,0.08820294046046717,0.13156968369981312,-0.38490176368628115,0.5196893868462139,0.13923336012868692,-0.48889947243478915,0.046078461672592635,-0.02345101256540281,-0.4010297045210339,1.0034579709665665,0.24160996577794977,-0.3289479834354476,0.46544148373288036,0.4296276923639095,-0.6536750430302904,0.9915391879760667,0.0437062554036742,-0.42247349783679505,1.3527355979609963,0.16409410516552578,-0.4249747726104117,0.5831418313727473,0.08218228639356348,-0.40765997915473207,0.41172017482732304,0.0720864555594937,-0.34366991829793186,0.08095602799725059,-0.06000202447669396,-0.43112631704633597,1.1954737866161675,-0.01395483741179011,-0.20396399414105132,1.190652525977583,-0.07699302058444908,-0.16592414770892125,1.143304104047106,0.49500974766071265,-0.14322251826524734,0.61572998584501,0.54974132578894,-0.42176381977188665,1.037681958138548,0.3800710677508487,-0.4325064399976604,1.338612287644519,0.1819748142302431,-0.4391392033226443,1.5550142376628142,0.38840265118128414,0.011800001770109909,1.2704881453356205,0.25835930116918704,-0.35484993704502155,1.5933388779494937,0.046706686326802166,0.024350114401109155,1.320699012042671,0.2125506941845875,0.032469161434580146,1.2831837712534215,0.4426068599453035,-0.2023906201518924,0.6997598962278556,0.5021361388907527,-0.07377778812749496,1.0508145113654483,0.37498092375054265,-0.14644191019385067,0.6346748289683007,0.3783186510303952,-0.04102990615940254,1.187216798201302,0.36499307556262867,-0.10904477391120614,1.0426714404529294,0.509746817958276,-0.6114335539719916,1.0266329535585366,0.29981856659942907,-0.30055072627320195,1.4573138837782753,0.5572625832841885,-0.14739982601230509,1.053875984340314,0.5135698760582121,-0.08525045361641227,0.907579277524885,0.39360294111122357,-0.03930261121779088,0.5167120430643195,0.3781780435746869,-0.1396538376413434,1.384043459071229,0.12405083683744961,-0.03064527164601926,1.2893061957611942,0.10916642950761396,0.03798627303234787,1.2332500720655681,0.25228934236709644,-0.3003649592202231,1.1355930479946517,0.38701799127045056,-0.5949349425091649,1.1443491566260129,1.2455723285675049,-19.303422927856445,4.485131740570068,-0.5978477597236633,-0.4401090443134308,-2.4522244930267334,61.618412017822266,53.27348709106445,-296.73590087890625,-53.161354064941406,33.582881927490234,35.82561492919922,-2.1643452644348145,24.30617332458496,-2.3950276374816895,-3.6976466178894043,0.28390413522720337,2.66666316986084
0.18762028969774971,-0.42503387722748004,1.4123269285982019,0.17761473814087197,-0.2806891698316233,1.329820390173931,0.032690787299332634,-0.5216335000976032,0.07636984149055766,0.2958457311553671,-0.5111428285079287,0.9188734337391443,0.06059418251084177,-0.3160484038441386,1.5551146671472007,-0.11577846030920545,-0.4103981719309131,1.0377544444917843,0.14204478387208963,-0.23683075177551105,1.5961640169288938,-0.06742418176241663,-0.15285300734816798,1.2365969158955756,-0.09812501673617505,-0.2914945089955204,1.1380683086960521,0.10176742350719623,-0.5784379301086956,0.08830300066003342,0.1317918384262663,-0.3846558117807306,0.5197208857299477,0.13927801710781673,-0.48882667833803506,0.046147687638190805,-0.022839670969999778,-0.40202248145807656,1.0025036907353937,0.24171310798912649,-0.3287237257949564,0.4653456625559472,0.4301238038287258,-0.6535318262924422,0.9912100133319565,0.043996171335017445,-0.42231734925942704,1.3519226288953363,0.1642644088591961,-0.4247042340355993,0.5831596881940665,0.08231750193563914,-0.40750269118129023,0.4118146343243043,0.0721690139875112,-0.34361908875948544,0.08094711771962658,-0.05958834119659188,-0.4312248570930879,1.1945685752180237,-0.013481784963499232,-0.20411836573027617,1.188819579138661,-0.07643337946212449,-0.16624263923195814,1.1412410021617712,0.4956521590221797,-0.14358088485156464,0.6152359515625909,0.5505107945164308,-0.4217785857371147,1.037254706715906,0.38036683285670564,-0.4321278509320013,1.33824516072968,0.1822695585572167,-0.4388557317241138,1.5544658242077227,0.38878936961984,0.012445152629265533,1.2707433668982904,0.2586632115852754,-0.35455955668593087,1.5927462206771041,0.046902616884534724,0.024956001477649085,1.3196536194015023,0.21286994477869658,0.033142560340513466,1.2828003355604134,0.4431919028230061,-0.2025431337587486,0.6993697176113823,0.5031672695417277,-0.07384657516878172,1.0502599270533253,0.37564657549589675,-0.14653469614733924,0.6342928125368839,0.3789896255494743,-0.040226162750495974,1.187288514825682,0.3659429294581445,-0.10895788134229893,1.0423439239824055,0.5103250719261485,-0.6113489745863226,1.0262673291938984,0.30000607753234193,-0.30022632532956584,1.4567601745886518,0.5582828207915982,-0.14745832612084236,1.0532163375655548,0.5144838199315481,-0.08540249539428199,0.9070715410819906,0.39436435304730144,-0.039522245310444314,0.5162034113675553,0.37834218391124774,-0.13923489669991646,1.3839410330286088,0.12434537925862318,-0.02995847853591406,1.28837253459242,0.10970273246334879,0.0387728935884719,1.2324845404024944,0.25271304696798325,-0.30033034614182463,1.1350067417747927,0.3875464437319743,-0.5947181493635999,1.1440494968401675,1.1303664445877075,-19.213171005249023,4.357466220855713,-0.6797118782997131,-0.44241321086883545,-2.3795852661132812,60.734771728515625,52.895469665527344,-291.2033386230469,-52.132144927978516,33.007328033447266,35.63809585571289,-2.2460944652557373,24.293243408203125,-1.9979989528656006,-3.7934367656707764,0.22234919667243958,2.648958444595337
0.18788211096990975,-0.424820449178582,1.411763327800675,0.17789865596010193,-0.2805019244058243,1.3291643171120953,0.032754638435824816,-0.5216171161228458,0.07645757807209001,0.29652882984142426,-0.5109284681989658,0.9184988437109436,0.06096391288551272,-0.3156741113457459,1.5545457901544129,-0.11519710689980465,-0.41124039947591867,1.0367241979434791,0.14240298000787266,-0.23655189692184625,1.5955623719865912,-0.0669445066854654,-0.15270745576612207,1.2344575575645398,-0.0975683607802486,-0.29180859137844567,1.1365199239048738,0.10186888613053505,-0.5783704503482541,0.08840317150812275,0.1320088616270103,-0.38441166873799254,0.519750678381383,0.1393899131097541,-0.4886760389962733,0.046281145873251335,-0.02226808025742211,-0.40305112134541893,1.0015892824589812,0.24182528168555126,-0.3285418160703798,0.4652699313021654,0.4306284143829977,-0.6534430037271108,0.9909055213265072,0.04429617311978181,-0.4221722142191123,1.3510920843541228,0.16444752853832498,-0.424429891717355,0.5831731960473471,0.08244414301897515,-0.40734216393224454,0.41190180064037146,0.07225808945317931,-0.3435597216451405,0.08093081804498142,-0.05915913585302058,-0.43140187741115393,1.1936433765272432,-0.013010347743105433,-0.20431012369149568,1.1869662858003023,-0.07581325048050346,-0.1666040238955163,1.1391369507012779,0.49632717481512106,-0.14389757062030942,0.6146889727636679,0.5512455741301278,-0.42177342855377703,1.0367222077009695,0.38063951892568576,-0.4317443548448828,1.337860791888458,0.18257122402949047,-0.43858176627695955,1.5539236455563679,0.3891792824331498,0.013116056932173397,1.2710177290518552,0.2589839983065397,-0.3542175660070205,1.5921302149627383,0.04712053763353271,0.02558848228527613,1.3186364244941056,0.2132354849419057,0.03386733303500324,1.282400812534307,0.44381713196141825,-0.20269139782087692,0.6989039644500278,0.5042286377079439,-0.0739286785192837,1.0496837903332237,0.3763830807824798,-0.14654393444787586,0.6338028801198038,0.37966936214870173,-0.03941912554352492,1.1873634129960016,0.3668629114596259,-0.10885936426405876,1.0419641172649055,0.5108120488804697,-0.6112583271715025,1.0258941871440963,0.3001679436655234,-0.2999094164134651,1.4562107758806242,0.5593125516215697,-0.14757272137316646,1.0525234898194573,0.5154544415063416,-0.08552641160046028,0.9064733871561013,0.3951745465496518,-0.03967498595647464,0.5156732529204413,0.3785014813704206,-0.1387985246070963,1.3837742576535963,0.1246344790553415,-0.029306365719792882,1.2874006435571128,0.11024243665846765,0.03957760758352592,1.2316822413577149,0.2532656490802765,-0.3001026465798056,1.1345807187604589,0.38807070117123077,-0.5945088867320131,1.1437871945614846,0.8786728382110596,-19.073062896728516,4.344597339630127,-0.8134279251098633,-0.5573115944862366,-2.362978219985962,59.76075744628906,52.587432861328125,-286.1441345214844,-51.15857696533203,32.429100036621094,35.51594924926758,-2.1659555435180664,24.29546546936035,-1.6216351985931396,-3.850098133087158,0.2570677399635315,2.6461689472198486
0.18814393224206982,-0.42460702112968396,1.411199727003148,0.17818257377933192,-0.2803146789800252,1.3285082440502596,0.032818489572317,-0.5216007321480883,0.0765453146536224,0.2972119285274815,-0.5107141078900028,0.9181242536827429,0.061333643260183715,-0.3152998188473531,1.5539769131616252,-0.11461575349040379,-0.4120826270209243,1.0356939513951737,0.14276117614365572,-0.23627304206818145,1.5949607270442887,-0.06646483160851413,-0.15256190418407617,1.2323181992335035,-0.09701170482432211,-0.29212267376137097,1.1349715391136952,0.10197034875387387,-0.5783029705878125,0.08850334235621209,0.13222588482775435,-0.3841675256952545,0.5197804710328184,0.13950180911169147,-0.4885253996545116,0.04641460410831188,-0.02169648954484439,-0.40407976123276135,1.0006748741825684,0.24193745538197606,-0.3283599063458032,0.4651942000483835,0.4311330249372697,-0.6533541811617795,0.9906010293210579,0.0445961749045462,-0.4220270791787975,1.350261539812909,0.16463064821745385,-0.42415554939911065,0.5831867039006278,0.0825707841023112,-0.4071816366831988,0.4119889669564386,0.07234716491884743,-0.3435003545307955,0.08091451837033625,-0.05872993050944924,-0.43157889772922,1.1927181778364624,-0.012538910522711595,-0.20450188165271518,1.1851129924619435,-0.07519312149888238,-0.16696540855907446,1.1370328992407843,0.4970021906080625,-0.14421425638905425,0.6141419939647447,0.5519803537438247,-0.4217682713704393,1.0361897086860328,0.3809122049946659,-0.4313608587577643,1.3374764230472362,0.18287288950176428,-0.4383078008298053,1.5533814669050128,0.3895691952464596,0.01378696123508132,1.27129209120542,0.25930478502780396,-0.3538755753281101,1.5915142092483723,0.047338458382530715,0.02622096309290323,1.3176192295867086,0.2136010251051148,0.03459210572949308,1.2820012895082007,0.44444236109983054,-0.20283966188300526,0.6984382112886732,0.5052900058741601,-0.07401078186978567,1.049107653613122,0.3771195860690628,-0.1465531727484125,0.6333129477027236,0.3803490987479292,-0.038612088336553795,1.1874383111663211,0.36778289346110743,-0.10876084718581856,1.0415843105474054,0.5112990258347909,-0.6111676797566824,1.0255210450942942,0.3003298097987049,-0.2995925074973643,1.4556613771725964,0.5603422824515412,-0.14768711662549056,1.0518306420733596,0.516425063081135,-0.08565032780663856,0.9058752332302119,0.3959847400520021,-0.03982772660250498,0.5151430944733272,0.37866077882959354,-0.13836215251427614,1.3836074822785838,0.12492357885205982,-0.028654252903671653,1.2864287525218054,0.11078214085358658,0.04038232157858002,1.2308799423129353,0.25381825119256973,-0.2998749470177865,1.134154695746125,0.3885949586104873,-0.5942996241004261,1.1435248922828019,0.9474031329154968,-19.25244140625,4.252317905426025,-0.7223689556121826,-0.5686697959899902,-2.415881872177124,58.50666809082031,52.12935256958008,-280.3992004394531,-50.04997253417969,31.755735397338867,35.39788055419922,-2.0066332817077637,24.288196563720703,-1.533738374710083,-3.8167266845703125,0.3417891561985016,2.6561994552612305
0.18841522586661458,-0.42437649621868767,1.4106377426362195,0.17846564539023582,-0.28011220871217996,1.3278345145926571,0.03288191760464614,-0.5215924717732613,0.07664481180393143,0.2978701279652829,-0.5105000722487242,0.9177615382023995,0.06169215058106064,-0.3149444019754991,1.5534130788796785,-0.11403541553099426,-0.41292094819198377,1.0346662883726967,0.1431128063936107,-0.23596733305233206,1.5943433184497404,-0.06598409099985435,-0.15240704431044347,1.2301558516672906,-0.09647312232398042,-0.2924677999011728,1.1334068518600717,0.10206400467366572,-0.5782355046430171,0.08860455714906287,0.13242686115550678,-0.38391364607589923,0.5198187603066299,0.13960375094058497,-0.48840274735791794,0.04653797994386281,-0.02110946524444206,-0.405097821789072,0.9997530399963557,0.24205511561687418,-0.3281730298964393,0.4651268030831356,0.4316076762628871,-0.6532586165611318,0.990310484210387,0.04490201854893307,-0.42187026991749443,1.3494220565486428,0.16481463828228957,-0.42388657791330325,0.5832041077661199,0.08271204213926334,-0.4070183566666597,0.41208019161855935,0.07242569645607708,-0.34344099777818515,0.08091045590425959,-0.05828577836371023,-0.43174559085179637,1.1917853667246585,-0.012052683005516525,-0.20468020389806355,1.1832437558679392,-0.07459708009630642,-0.1673192740572209,1.1349085525961113,0.497676774662062,-0.14451061243450403,0.6135602757236026,0.5527105120238879,-0.42174128892011203,1.0356866508130207,0.38119071435849394,-0.4309841634224582,1.3370676695905774,0.18317639763584198,-0.43804221457203496,1.5528311784693738,0.3899556817795267,0.01444980292118441,1.2715461167278668,0.25963562608554663,-0.3535597100360504,1.5908967805224539,0.04757789095604655,0.026879594975848034,1.3165791697849503,0.21395934832017152,0.035288928076624836,1.281594029720256,0.4450773060913907,-0.20296804695729387,0.6979405854316737,0.5063525690937674,-0.07407223773713144,1.0484716951452344,0.37779998601667136,-0.14656057702192407,0.6328104706789485,0.3810354703112153,-0.03780035553685092,1.1875103909448284,0.36875376884905703,-0.10867152614704031,1.0411574477391528,0.511810463390603,-0.6110738063884886,1.0251693172960092,0.3004994886797785,-0.2992996792524856,1.4550871931953935,0.5613647531594661,-0.1477522211062987,1.0511008374738378,0.5174001747409239,-0.0857893738722959,0.9052518173953555,0.3967955587123403,-0.03998546678548221,0.5145781482292328,0.37881653602944304,-0.1379609498756611,1.3834437877926606,0.1252189077782315,-0.02797824916559343,1.285472542244867,0.11134358224095095,0.04119665212682536,1.2300696163777485,0.2543770737995375,-0.2996669105741362,1.1337139728842982,0.3891282618440539,-0.5940725807322572,1.1432491335647785,1.2738512754440308,-19.520980834960938,4.171411991119385,-0.5408474206924438,-0.4663397967815399,-2.4889557361602783,57.30462646484375,51.62419128417969,-274.8000793457031,-49.04154586791992,31.091651916503906,35.18916702270508,-1.9667984247207642,24.280502319335938,-2.175848960876465,-3.69618558883667,0.36293596029281616,2.6740639209747314
0.1887042463220508,-0.42411397575147897,1.4100787833036965,0.17874713338270093,-0.27988124623993377,1.3271277424515477,0.03294455382775589,-0.5215994141354466,0.07676631801866537,0.29848173023849134,-0.5102866441998261,0.9174210450901891,0.062029654758408756,-0.31462430949045334,1.5528586816708774,-0.11345697791371126,-0.4137519588632299,1.0336434602342695,0.14345214905723042,-0.23561136839010857,1.5936964093059893,-0.0655013563247114,-0.15223476463398397,1.2279504813895321,-0.09596836300480445,-0.29287102221455796,1.1318116557124436,0.10214305090539108,-0.5781680645532166,0.08870772560996724,0.13259780690666065,-0.3836415451488748,0.5198729504023166,0.13968706424563926,-0.4883324708172817,0.046642487288902926,-0.02049355808682494,-0.40609608388302343,0.9988173087503737,0.2421830435166296,-0.32797685857640196,0.46507500314357264,0.4320262610320224,-0.6531504347229635,0.9900460397170869,0.045218794816327804,-0.4216916131854847,1.3485658451026639,0.16500025721180517,-0.4236276575567707,0.5832288027401792,0.08288065476083992,-0.40684992504238293,0.41217901118543765,0.0724844957843719,-0.343381660416821,0.08092929449993254,-0.05781365434534306,-0.43189295736567074,1.1908383095106543,-0.0115387765043076,-0.20483338216085306,1.1813446826097982,-0.0740461168773719,-0.16765906797438268,1.132746224963902,0.49835055074747037,-0.14476892285493034,0.6129135450977363,0.5534320218081505,-0.4216734620415612,1.035238689934181,0.3814801216026805,-0.4306201952084011,1.3366132820678862,0.18348335417986705,-0.437792309368683,1.552265713151717,0.39033575627385386,0.015097555995838619,1.2717620836977928,0.2599852831158417,-0.3532927365393828,1.5902766887320587,0.04785758137258867,0.027587166728316147,1.3154963199666005,0.21430416553225737,0.035933443345129476,1.2811722911351564,0.44573043360812775,-0.20305922992576828,0.6973833121013957,0.5074173687704351,-0.07409505331457056,1.0477237845493468,0.37837538882991334,-0.14656454904486013,0.6322845173197866,0.38173425873581146,-0.03697983527074983,1.1875771963043718,0.36981988757454004,-0.1085994148392551,1.0406425228182055,0.5123676772149194,-0.6109738958789813,1.0248576647398489,0.3006837885604789,-0.2990519162637508,1.4544666253573058,0.562373637067561,-0.14772508142898413,1.050301870762907,0.5183836892740615,-0.08595673438926406,0.9045811257022895,0.39760754731119863,-0.04015256324474582,0.5139480991079318,0.37896566788684455,-0.13762556435848705,1.3832858589706043,0.12552589407523737,-0.027257535273566953,1.2845456773871617,0.11194570323094626,0.04202897936747167,1.2292442686905134,0.2549475376179676,-0.2994956722520045,1.1332457403078775,0.3896784936355439,-0.5938122619856272,1.142948192081704,1.3562662601470947,-19.353715896606445,4.326432704925537,-0.5803069472312927,-0.41377508640289307,-2.5041162967681885,56.1224250793457,51.244998931884766,-269.1579895019531,-48.05934143066406,30.384981155395508,34.954776763916016,-2.103508472442627,24.334304809570312,-2.9315407276153564,-3.6443893909454346,0.2761581540107727,2.672470808029175
0.18899326677748698,-0.42385145528427026,1.4095198239711737,0.179028621375166,-0.2796502837676876,1.3264209703104386,0.03300719005086564,-0.521606356497632,0.07688782423339931,0.2990933325116997,-0.510073216150928,0.9170805519779787,0.06236715893575685,-0.3143042170054076,1.5523042844620762,-0.11287854029642828,-0.41458296953447604,1.0326206320958422,0.1437914917208501,-0.23525540372788514,1.5930495001622385,-0.06501862164956848,-0.1520624849575245,1.2257451111117736,-0.09546360368562853,-0.29327424452794304,1.1302164595648154,0.10222209713711643,-0.5781006244634161,0.08881089407087162,0.13276875265781451,-0.38336944422185026,0.5199271404980034,0.13977037755069352,-0.48826219427664547,0.04674699463394303,-0.019877650929207874,-0.40709434597697475,0.9978815775043918,0.24231097141638497,-0.32778068725636467,0.4650232032040097,0.43244484580115766,-0.6530422528847953,0.9897815952237868,0.045535571083722505,-0.421512956453475,1.347709633656685,0.16518587614132077,-0.4233687372002381,0.5832534977142384,0.0830492673824165,-0.40668149341810617,0.4122778307523159,0.0725432951126667,-0.3433223230554568,0.08094813309560549,-0.05734153032697592,-0.4320403238795451,1.1898912522966498,-0.011024870003098718,-0.20498656042364258,1.1794456093516572,-0.07349515365843745,-0.1679988618915444,1.1305838973316926,0.4990243268328786,-0.14502723327535666,0.6122668144718701,0.5541535315924132,-0.42160563516301036,1.0347907290553415,0.381769528846867,-0.43025622699434396,1.3361588945451952,0.1837903107238921,-0.43754240416533113,1.5517002478340605,0.39071583076818095,0.015745309070492774,1.2719780506677185,0.26033494014613673,-0.3530257630427152,1.5896565969416638,0.04813727178913077,0.028294738480784197,1.3144134701482508,0.21464898274434321,0.03657795861363407,1.2807505525500569,0.44638356112486477,-0.20315041289424263,0.6968260387711178,0.5084821684471028,-0.07411786889200968,1.0469758739534594,0.3789507916431553,-0.14656852106779616,0.6317585639606249,0.3824330471604075,-0.03615931500464881,1.1876440016639154,0.370886006300023,-0.10852730353146989,1.040127597897258,0.5129248910392357,-0.6108739853694739,1.0245460121836885,0.3008680884411793,-0.29880415327501614,1.453846057519218,0.563382520975656,-0.1476979417516696,1.0495029040519765,0.5193672038071991,-0.0861240949062322,0.9039104340092237,0.39841953591005685,-0.04031965970400942,0.5133180499866309,0.379114799744246,-0.137290178841313,1.383127930148548,0.1258328803722432,-0.026536821381540537,1.2836188125294565,0.11254782422094152,0.04286130660811791,1.2284189210032785,0.2555180014363977,-0.29932443392987285,1.1327775077314566,0.39022872542703385,-0.5935519432389973,1.1426472505986296,1.1462886333465576,-19.01598358154297,4.592724323272705,-0.7225121259689331,-0.47846096754074097,-2.4709889888763428,55.13236618041992,51.0054817199707,-264.4765319824219,-47.1931037902832,29.8034610748291,34.832183837890625,-2.20318865776062,24.50210952758789,-2.9696574211120605,-3.7384018898010254,0.21590539813041687,2.6556591987609863
0.1892543254999925,-0.42361749915887187,1.4090219698599633,0.17927432733754448,-0.2794447908831748,1.325790991648933,0.03305855033832868,-0.5216065373839132,0.07699030911586932,0.29966124734341704,-0.5098918046777612,0.9167648441349434,0.06264129683177992,-0.3140225416875833,1.551801922700263,-0.1123685549623919,-0.4153235786600618,1.0317171137064498,0.14408753336166702,-0.2349506335838741,1.5924837695841758,-0.06458209720224341,-0.15192822070903336,1.22378271818161,-0.09502703790238362,-0.2936245019467461,1.128807602339233,0.10229591139598398,-0.5780436500216162,0.08890099919690991,0.13291826834347073,-0.38312534928716574,0.5199729825881932,0.13983876011426874,-0.4881985668611053,0.04683399482920075,-0.019344814639809915,-0.4079810471230785,0.9970441702383244,0.24243224167961946,-0.3276037926113369,0.4649812594944278,0.43282115262075765,-0.6529545325119764,0.9895477782416817,0.04581530137443976,-0.42135272865855933,1.346949962195971,0.16535554806522976,-0.4231363009932815,0.5832798473092894,0.08320289053368252,-0.40653483742317614,0.41236447217251293,0.0725892847465561,-0.34327164692002415,0.08096905954379514,-0.056933430948646266,-0.4321677191861418,1.1890520518583967,-0.010591263475747702,-0.2051475504721632,1.1777609967632798,-0.0730101148295679,-0.1682984342194156,1.1286643155363223,0.49964088571584775,-0.14523645830864937,0.6116934523282461,0.5548132484322352,-0.4215580518573325,1.034394272510579,0.38202284764967215,-0.4299380025820227,1.3357652581685426,0.18404592635319722,-0.43731764171099824,1.5512024789851233,0.39104465286660667,0.016294198221718226,1.2721643161694736,0.2606225250572558,-0.3528009108853656,1.5891006336306894,0.04836226481056174,0.02890517615053234,1.3134536751058719,0.21495170585367063,0.03717308080699663,1.280380127643118,0.44696138976820254,-0.20322804907891923,0.6963070872801029,0.5094186839283696,-0.07415378014772933,1.0462893681810392,0.37950884817254465,-0.1465736846902118,0.6312601944271302,0.3830438512840018,-0.035427843393227534,1.1877009746254674,0.37183147047134424,-0.10843101807481406,1.0396656617028823,0.513419978271257,-0.6108067246857068,1.0242663353484198,0.30102979559574694,-0.2985774271239508,1.4532961276982794,0.56428995550863,-0.14769717727769288,1.0487907538745578,0.5202279359299615,-0.08625051632079463,0.9032936026126344,0.399149688861228,-0.04044764318706973,0.5127410985381398,0.3792574629187584,-0.1369867418084713,1.3829957807300897,0.1261117636466658,-0.02591312815749785,1.2827907755280172,0.11307412969404892,0.04360389236410128,1.227685837161462,0.2560059248611627,-0.29916397788074633,1.1323338970048538,0.3907096333653721,-0.5933412971678159,1.142372742196582,0.906982421875,-19.0404052734375,4.679421901702881,-0.7205267548561096,-0.5685051083564758,-2.4334404468536377,54.100093841552734,50.655574798583984,-260.09051513671875,-46.307464599609375,29.285629272460938,34.72102737426758,-2.1382923126220703,24.59943962097168,-2.3430893421173096,-3.8352513313293457,0.29888758063316345,2.640702247619629
0.18946189221167406,-0.4234381878612847,1.4086410126938724,0.17945158072062675,-0.27928802242736944,1.3253079222527562,0.03308833927064147,-0.5215937832728127,0.07705640536270394,0.3001455862001078,-0.509771642305993,0.9164965515894605,0.06279421227657242,-0.3138143600809653,1.5513991070109487,-0.11198952182239254,-0.4158912456982973,1.0310418400543415,0.14430073826320913,-0.23474380077905213,1.5920733371317781,-0.0642339749298743,-0.1518666816270904,1.2222851514816284,-0.09472092931831119,-0.2938734352193921,1.1277552195732168,0.10235971666329743,-0.5780066968194696,0.08896611359537832,0.13302678738208795,-0.3829348310334793,0.5200028545809108,0.13987857952023183,-0.48814765951096617,0.046887503085744305,-0.018970896533092124,-0.4086543273254736,0.9963948610207892,0.2425407755947271,-0.3274637750837187,0.4649581711813314,0.4331165798847249,-0.6529059558119995,0.9893725530201236,0.046024161101078355,-0.42122775622156283,1.3463749759244603,0.16549471267406515,-0.4229545301159486,0.5833093622662374,0.08332783817652835,-0.4064298391539529,0.41242781626862407,0.07261076887810466,-0.3432375400863736,0.08099398014462547,-0.05664781349038841,-0.43225690870490296,1.1884191861215807,-0.010311274289690104,-0.20532348480643026,1.1764866567605379,-0.07265119222517046,-0.16852106089820926,1.1272091170809917,0.5001479856028462,-0.14535178086220824,0.6112604472810859,0.5553547526826922,-0.4215491953867161,1.0340963459962251,0.38220712769505205,-0.4297072880512831,1.3354878413756162,0.1842033245804294,-0.4371409784287017,1.5508342164241715,0.39127542690330785,0.01665395638899298,1.2722937614712495,0.26079136330560343,-0.35265663868149383,1.5886673508890417,0.048482619336997435,0.029329792096816153,1.3127292892001323,0.21517390111424275,0.037673711900087385,1.2801078680335292,0.4473951683928635,-0.20327976967720007,0.6958614471337653,0.5101097861662606,-0.07421474400537693,1.0457203325056872,0.38003372050673756,-0.1465811278942405,0.6308145939514337,0.38348633761437523,-0.03486672572988943,1.1877391377821664,0.3725461172347037,-0.10828848642031878,1.039305095246296,0.5137962146310617,-0.6108019245381386,1.0240478294574662,0.3011482818829303,-0.29839094535799215,1.4528813314753652,0.565003312976155,-0.14774686971444959,1.048244687500379,0.5208537799633102,-0.08629861945249387,0.9027798083049572,0.39972328666030177,-0.04050080184608895,0.5122657252463284,0.3793877512216568,-0.13674442361522193,1.382912948431558,0.126336884617016,-0.0254750396895981,1.2821518005124781,0.11345539678702292,0.04417479875812073,1.2271292580674027,0.25633594492413353,-0.29902414878867317,1.131937388947468,0.3910579217585507,-0.5932256770844491,1.1421488014278034,0.9351453185081482,-19.28757667541504,4.466400146484375,-0.6201906800270081,-0.5294296145439148,-2.4279050827026367,52.88636779785156,50.20488739013672,-255.23953247070312,-45.31040573120117,28.724958419799805,34.56242752075195,-2.0420186519622803,24.542987823486328,-1.9070801734924316,-3.804668426513672,0.39305412769317627,2.6047589778900146
0.18966945892335563,-0.4232588765636975,1.4082600555277818,0.17962883410370903,-0.2791312539715641,1.3248248528565791,0.03311812820295427,-0.5215810291617122,0.07712250160953857,0.30062992505679853,-0.509651479934225,0.9162282590439778,0.06294712772136492,-0.31360617847434735,1.5509962913216344,-0.11161048868239322,-0.4164589127365327,1.0303665664022332,0.14451394316475122,-0.23453696797423015,1.5916629046793804,-0.06388585265750524,-0.15180514254514746,1.2207875847816467,-0.09441482073423879,-0.29412236849203804,1.1267028368072005,0.1024235219306109,-0.5779697436173231,0.08903122799384673,0.13313530642070517,-0.3827443127797929,0.5200327265736283,0.13991839892619493,-0.48809675216082704,0.04694101134228785,-0.018596978426374363,-0.4093276075278686,0.9957455518032542,0.2426493095098347,-0.32732375755610055,0.464935082868235,0.43341200714869216,-0.6528573791120226,0.9891973277985655,0.046233020827716936,-0.42110278378456634,1.3457999896529496,0.16563387728290052,-0.42277275923861574,0.5833388772231853,0.08345278581937417,-0.40632484088472975,0.4124911603647352,0.07263225300965324,-0.343203433252723,0.08101890074545579,-0.05636219603213057,-0.4323460982236641,1.1877863203847645,-0.010031285103632532,-0.2054994191406973,1.175212316757796,-0.07229226962077304,-0.16874368757700287,1.125753918625661,0.5006550854898446,-0.14546710341576707,0.6108274422339256,0.5558962569331491,-0.4215403389160996,1.0337984194818712,0.3823914077404319,-0.4294765735205436,1.33521042458269,0.18436072280766158,-0.43696431514640516,1.5504659538632197,0.391506200940009,0.017013714556267705,1.2724232067730252,0.26096020155395105,-0.35251236647762213,1.588234068147394,0.04860297386343313,0.02975440804309993,1.3120049032943928,0.21539609637481485,0.038174342993178095,1.2798356084239404,0.4478289470175244,-0.2033314902754809,0.6954158069874278,0.5108008884041514,-0.07427570786302452,1.0451512968303351,0.38055859284093047,-0.14658857109826923,0.6303689934757372,0.3839288239447486,-0.03430560806655136,1.1877773009388652,0.3732607639980632,-0.1081459547658235,1.0389445287897097,0.5141724509908663,-0.6107971243905705,1.0238293235665126,0.3012667681701136,-0.2982044635920335,1.452466535252451,0.5657166704436801,-0.14779656215120623,1.0476986211262003,0.5214796239966588,-0.08634672258419311,0.90226601399728,0.4002968844593755,-0.04055396050510817,0.511790351954517,0.3795180395245552,-0.1365021054219726,1.3828301161330268,0.12656200558736624,-0.025036951221698384,1.2815128254969388,0.11383666387999687,0.04474570515214013,1.2265726789733433,0.2566659649871043,-0.29888431969660006,1.131540880890082,0.39140621015172916,-0.5931100570010823,1.1419248606590247,1.087824821472168,-19.306032180786133,4.2397003173828125,-0.635982096195221,-0.4570519030094147,-2.4290719032287598,51.923580169677734,49.9388542175293,-250.77186584472656,-44.46061706542969,28.228012084960938,34.4235725402832,-2.0066959857940674,24.34234619140625,-2.0348458290100098,-3.7062246799468994,0.3702036142349243,2.5602850914001465
0.1898935501346525,-0.4230683856452538,1.407797781047442,0.17986629034904456,-0.2789681005162119,1.3242680086994802,0.033169646013454096,-0.5215709122600934,0.0771847687020207,0.3011399045685269,-0.5095125215732499,0.9159228039893094,0.0631504277914565,-0.31336345479188377,1.550536799115061,-0.11118040909830308,-0.4171163019360296,1.0295807983701593,0.1447597373992402,-0.2342934071622937,1.59116053897024,-0.06345563004447136,-0.15172339492286277,1.2190172648587765,-0.09403748400756066,-0.29441057471250065,1.1254674062034153,0.10250509061560725,-0.577928113226859,0.08910600293353693,0.13328007366878308,-0.3825315728487558,0.5200668932586316,0.13996589677223306,-0.48803920145855834,0.04700314085807232,-0.01815014030315624,-0.41010775846361325,0.9949819567977198,0.24277701352211023,-0.32715250620778824,0.4649137258529663,0.4337668722828492,-0.6527766123512723,0.9889778068523534,0.04646725237172171,-0.42096765171613126,1.3451207497262008,0.16579168354043897,-0.42256425390180374,0.5833739618591914,0.0835906628346601,-0.4061974263349116,0.41256321798886686,0.07263621781638127,-0.3431606732851622,0.08106634247776688,-0.056011003152226777,-0.4324620456885028,1.1870731573231172,-0.009710927907106107,-0.2056805557565184,1.173725027122245,-0.07187696659801812,-0.1690160521608315,1.1240321405676028,0.501241479488398,-0.14561208115508226,0.6102704279470128,0.5564908811588161,-0.42151776291676707,1.033421940361427,0.38259645664928765,-0.42920482790233283,1.3348794046616712,0.18455302044255845,-0.4367630714612291,1.5500463697294526,0.3917989628204447,0.017465874454043552,1.2725977329228888,0.261164350225436,-0.35230685800116585,1.5877344995144977,0.048778420400540555,0.030285691731418197,1.3111440401203585,0.2156660415676256,0.03874370090614091,1.2795137182766239,0.4483538100261562,-0.2033721889486376,0.6948746300691011,0.5116233277005076,-0.07431646150271624,1.0445023261948136,0.3811841589330837,-0.14657854866113093,0.6298220382620957,0.38449800705278153,-0.03371518583881935,1.1877920177598662,0.37407855048084887,-0.10798523693487344,1.0385018263431574,0.5145854807847383,-0.6107891099342447,1.0235824727064726,0.3014055099708355,-0.297966616635291,1.4519744614102192,0.5665429179242115,-0.14781460136372523,1.047042892468686,0.5222330874954628,-0.08640507258326802,0.9016549180675026,0.40098113433414734,-0.040613182900559826,0.5111972571208777,0.37965649445325333,-0.13619740514565778,1.382730105065352,0.1268323248387962,-0.024525500895665187,1.2807623361120162,0.11428981506271867,0.045431008476097844,1.2259270655398338,0.2570752657407167,-0.2987262952011942,1.1310606129122096,0.3918154060051141,-0.5929560195531277,1.1416561343022529,1.1077178716659546,-19.19170379638672,4.416751861572266,-0.721962034702301,-0.4729893207550049,-2.4439845085144043,51.102317810058594,49.63851547241211,-245.55633544921875,-43.5110969543457,27.651411056518555,34.240108489990234,-2.011786460876465,24.23904800415039,-2.249880790710449,-3.74383544921875,0.31131863594055176,2.5926852226257324
0.19014996132313808,-0.42285602870366434,1.4071764594671743,0.18022149631025774,-0.2787924587529227,1.3235668697894014,0.033263662953349135,-0.521565953429961,0.07723954641907815,0.3017000341849611,-0.5093368004686785,0.9155446634387339,0.06345227426103012,-0.3130531708728399,1.549966454308554,-0.11065048867503542,-0.4179491771274055,1.0285789163302113,0.1450692725349341,-0.23397801068938334,1.5904783626265873,-0.06286482882396081,-0.15160212177314505,1.2167134717205503,-0.09352083341372727,-0.2947755941985459,1.1238739555639938,0.10262140245577751,-0.5778773348063033,0.0891996727553227,0.13349573815007082,-0.38227536993113576,0.520109459856488,0.1400284127437121,-0.487968657141095,0.047082132542666216,-0.017560679206488974,-0.411096935980762,0.9939948322362459,0.24294221198914065,-0.3269201651807653,0.46489575505256653,0.43423799089840703,-0.6526328856187151,0.9886716486799796,0.04675110820557501,-0.42081264860385303,1.3442376019149427,0.16598595066970545,-0.4223034591074811,0.583419940132179,0.08375382818133625,-0.4060261681774594,0.4126523182486856,0.0726059168848573,-0.3431009888056888,0.08115783289370947,-0.05553155246233903,-0.4326303285478756,1.1862029421408444,-0.00931161563128038,-0.20587186742302596,1.171821233057818,-0.07135139010994643,-0.16938569823539018,1.121788964168915,0.501982963440434,-0.14581506094889135,0.6094708661764663,0.557189401806585,-0.4214683531333279,1.0328918215849543,0.3828421270117065,-0.4288528303042153,1.3344435433283548,0.1848135772130347,-0.43651375139983284,1.5495264066370908,0.3922129656305376,0.01809876126588769,1.2728604319079821,0.2614375619304101,-0.3519815785798016,1.587105283476659,0.04906162042910885,0.031025604974009694,1.310016243465689,0.2160293800102559,0.03944748039326521,1.2790947566363986,0.449056823374025,-0.20339133003294863,0.6941465944643842,0.5127026468318029,-0.07431768633375894,1.0436970121813136,0.3820066701694829,-0.14653436548465135,0.6290768451051207,0.38531499415241327,-0.03306744733072871,1.187760876306635,0.37509806612074764,-0.107788949082328,1.0378984755632894,0.5150704742070065,-0.6107748086681429,1.0232801824216022,0.3015838691730373,-0.29762830540833884,1.4513312416360868,0.5675899649890053,-0.14777073059354398,1.0461726772864133,0.5232361596546425,-0.0864834642494159,0.900853511612147,0.40188180665109324,-0.04068426525109256,0.5103739128010163,0.3798109223412362,-0.13577069285393553,1.382596494346265,0.12719104661057326,-0.02387056340592985,1.2797937377399167,0.11488356306803539,0.04634005873655241,1.2251073114129882,0.25763963019808395,-0.2985326826375052,1.1304165203839738,0.39234372968507913,-0.5927268422597292,1.14129981260426,1.0159233808517456,-19.221506118774414,4.798284530639648,-0.6915074586868286,-0.5406385660171509,-2.465060234069824,50.78010177612305,49.15675735473633,-241.47601318359375,-42.714561462402344,27.142797470092773,34.03256607055664,-2.0147554874420166,24.386730194091797,-2.093203067779541,-3.863650321960449,0.28669729828834534,2.6682868003845215
0.1904063725116237,-0.42264367176207485,1.4065551378869063,0.18057670227147096,-0.2786168169896334,1.3228657308793226,0.03335767989324418,-0.5215609945998286,0.07729432413613559,0.3022601638013953,-0.5091610793641071,0.9151665228881584,0.06375412073060376,-0.312742886953796,1.5493961095020472,-0.1101205682517677,-0.4187820523187814,1.0275770342902633,0.145378807670628,-0.23366261421647294,1.5897961862829348,-0.062274027603450216,-0.15148084862342734,1.2144096785823242,-0.09300418281989382,-0.29514061368459105,1.122280504924572,0.10273771429594779,-0.5778265563857476,0.08929334257710848,0.13371140263135858,-0.3820191670135157,0.5201520264543444,0.14009092871519113,-0.4878981128236316,0.04716112422726012,-0.016971218109821655,-0.4120861134979109,0.9930077076747718,0.2431074104561711,-0.32668782415374226,0.46487778425216675,0.43470910951396485,-0.6524891588861579,0.9883654905076058,0.04703496403942834,-0.42065764549157475,1.3433544541036846,0.16618021779897196,-0.42204266431315846,0.5834659184051665,0.0839169935280124,-0.40585491002000723,0.4127414185085044,0.07257561595333333,-0.3430413043262153,0.08124932330965207,-0.055052101772451255,-0.4327986114072484,1.1853327269585716,-0.008912303355454619,-0.20606317908953356,1.1699174389933908,-0.07082581362187469,-0.16975534430994893,1.119545787770227,0.50272444739247,-0.14601804074270044,0.6086713044059198,0.5578879224543539,-0.4214189433498888,1.0323617028084813,0.38308779737412535,-0.42850083270609773,1.3340076819950382,0.185074133983511,-0.43626443133843656,1.5490064435447288,0.39262696844063055,0.018731648077731877,1.2731231308930757,0.26171077363538425,-0.3516562991584374,1.5864760674388203,0.04934482045767717,0.03176551821660125,1.3088884468110191,0.21639271845288624,0.04015125988038958,1.2786757949961731,0.44975983672189396,-0.20341047111725966,0.6934185588596673,0.5137819659630983,-0.07431891116480165,1.0428916981678136,0.3828291814058822,-0.14649018230817176,0.6283316519481457,0.386131981252045,-0.03241970882263801,1.1877297348534035,0.37611758176064647,-0.10759266122978255,1.0372951247834212,0.5155554676292747,-0.6107605074020411,1.0229778921367316,0.3017622283752391,-0.2972899941813867,1.4506880218619542,0.5686370120537991,-0.14772685982336273,1.0453024621041405,0.5242392318138224,-0.08656185591556378,0.9000521051567911,0.40278247896803926,-0.0407553476016253,0.5095505684811548,0.37996535022921907,-0.13534398056221325,1.382462883627178,0.12754976838235033,-0.023215625916194457,1.2788251393678172,0.11547731107335216,0.04724910899700706,1.2242875572861425,0.25820399465545124,-0.29833907007381616,1.129772427855738,0.3928720533650442,-0.5924976649663306,1.140943490906267,0.9034895300865173,-19.296533584594727,4.906253814697266,-0.5635718703269958,-0.6221568584442139,-2.4375317096710205,50.63617706298828,48.45224380493164,-237.08438110351562,-41.8348388671875,26.55944061279297,33.788490295410156,-2.0698599815368652,24.570112228393555,-1.8795175552368164,-3.8542442321777344,0.25780701637268066,2.678576946258545
0.1906717707532526,-0.4224174168725677,1.405930153384114,0.1809090744728679,-0.2784390230940667,1.3221423764102507,0.03345622300534257,-0.5215516521638592,0.07734516123618117,0.30287318430002164,-0.5089855169421,0.9147675816981208,0.06407181892716728,-0.3124462464293897,1.5487969505865842,-0.109576514336151,-0.41962400547518636,1.0265658428732134,0.14569642404649433,-0.23335049718322343,1.5891215473610834,-0.0617014207439312,-0.15137586357775112,1.2120827177897193,-0.09247685090595523,-0.29551774593970637,1.1206534268050794,0.1028488383733279,-0.5777736820329894,0.08938840252427471,0.13392287690118448,-0.3817587722314904,0.5201883449262341,0.14015651916135227,-0.4878207848265471,0.04724654379541313,-0.01639449252864185,-0.4130976222800893,0.9920098455931177,0.24327149153347838,-0.3264613213227285,0.46485437857394185,0.4351762974301711,-0.65236537987428,0.988043470690582,0.047320074044069314,-0.42049638433566944,1.3424627374339577,0.16636626484082234,-0.42178765151477016,0.583505489869623,0.08407466697031694,-0.4056831725089755,0.41282483594899144,0.0725461489317433,-0.34298596378193785,0.08133385318103216,-0.05458139763244532,-0.43298949330847786,1.1844160971262596,-0.00858916759503302,-0.20635463763645154,1.1680342604387675,-0.0702370244466903,-0.17014923245208152,1.117295655785807,0.5034596501596716,-0.1462057853573995,0.6078357349168386,0.5586018419226274,-0.4213840265739833,1.0318519747415125,0.3833366975879038,-0.42815815109685557,1.3335695858822754,0.1853222589668454,-0.43602905550737253,1.5485074265508463,0.39302343352148866,0.019341652781165994,1.273381558672482,0.26201871698660567,-0.3513409869856392,1.5858131181325343,0.049620621911687965,0.032497836184373366,1.3077575161757058,0.21674591278200908,0.04085547285191469,1.2782437420443984,0.4504703312914893,-0.20342279876896877,0.6926568561042381,0.5148729747099592,-0.07431023817090009,1.0420375892658107,0.3836450808687715,-0.14641774041171104,0.6275755758119734,0.3869796040042347,-0.031784141969725184,1.187701277780217,0.37715698561526295,-0.10740263307380755,1.0366509132432622,0.5160583458988872,-0.6107016560060299,1.0226553830484681,0.30194816136399644,-0.2969759481632157,1.450036881183157,0.5696656254940475,-0.14774046520030262,1.044366076292581,0.525248241345614,-0.08666260942619368,0.8992160001140557,0.40370124770908167,-0.040803395359721405,0.5087027341522128,0.3801075793950763,-0.134921827088326,1.38231862795274,0.1278927359507968,-0.022541106626120022,1.27782653676753,0.11606925571744411,0.04816749921401606,1.223465092332158,0.2587696153497854,-0.29816306135709714,1.1291589346153057,0.39340999056369264,-0.5922663123994474,1.140577793713437,0.900853157043457,-19.1722354888916,4.6903862953186035,-0.5939013957977295,-0.6384907364845276,-2.3960185050964355,50.11799240112305,47.91207504272461,-233.284423828125,-41.15764617919922,26.11527442932129,33.631446838378906,-2.16629695892334,24.544294357299805,-2.0092251300811768,-3.7283639907836914,0.2066761553287506,2.642594814300537
0.19095514310116798,-0.4221633660872251,1.4052978430362726,0.18119577915463225,-0.2782569249339451,1.3213745908231924,0.03356381846184762,-0.5215335425162158,0.07738811710220299,0.303591986563032,-0.5088102718852213,0.9143270392291594,0.06442122057771049,-0.3121768926942585,1.5481401634532095,-0.10900419343583634,-0.4204841145616493,1.0255360327019598,0.14603020290270546,-0.2330449390292957,1.5884619832828346,-0.0611652026063954,-0.151303454740158,1.2097094216883577,-0.09192815635180633,-0.29591910373296165,1.1189590937254446,0.10294958692512765,-0.5777166158158258,0.08948624272220182,0.13412597074808663,-0.3814899937206546,0.5202121671461901,0.14022825855687754,-0.4877298894702204,0.04734481913068436,-0.01584323797843711,-0.4141537935923266,0.9909905084711037,0.2434333378313393,-0.3262464948837331,0.4648201031400668,0.4356356239476741,-0.6522814963037604,0.9876897275842579,0.04760769239028557,-0.42032260709251,1.3415538830472933,0.16653587170784045,-0.42154420270825066,0.5835322477170174,0.08422135660387822,-0.4055104762907849,0.41289688775081507,0.07251834973002112,-0.3429393111080523,0.08140446196328725,-0.05412818659220312,-0.43322557329342065,1.1834066379938695,-0.008418384865419761,-0.2068463899441902,1.1661923129037517,-0.06952180989728071,-0.17059160472936186,1.115031612629922,0.5041822905572044,-0.14636305961387835,0.6069281499906881,0.5593465590319097,-0.4213780958131449,1.0313830280935528,0.3835920575044013,-0.42783410146536416,1.3331270202106198,0.18554552037589597,-0.4358215681369731,1.548050301753922,0.3933848231438769,0.019905893267779928,1.2736314440405132,0.26239612363032155,-0.3510456093099733,1.5850827022893539,0.04988162621658369,0.03321496360250654,1.3066203175791054,0.21707881888411693,0.04156055279224122,1.2777855064695245,0.4511957883045373,-0.2034214995554741,0.6918278190473848,0.5159873626879509,-0.07428176952711005,1.0410858905868026,0.38444775678464116,-0.14628878107528814,0.6267977337174069,0.3878884980615401,-0.031172918427168163,1.1876781894671207,0.3782361658993146,-0.10722512431097347,1.0359249801825214,0.5165969938631878,-0.6105537043502,1.0222924363534183,0.3021492419258648,-0.29671043256260704,1.44936989869503,0.5706573716852049,-0.14786902287148482,1.0432973492224484,0.5262691256226293,-0.0868080866257876,0.8983104978965608,0.40465620929831697,-0.04080537393294423,0.5078059198051099,0.3802254111166821,-0.1345087912501089,1.3821530823676003,0.12820419511258208,-0.021827423735367567,1.2767679257108675,0.11665759363908638,0.049104569344133694,1.2226372057238952,0.25933774851805325,-0.29802226033431806,1.1286066399504806,0.3939671547997077,-0.5920306092855946,1.1401933455309332,1.0547510385513306,-18.989057540893555,4.562040328979492,-0.7518627643585205,-0.555706262588501,-2.414363384246826,48.885643005371094,47.405799865722656,-229.4116668701172,-40.51310729980469,25.725778579711914,33.52395248413086,-2.185239315032959,24.42471694946289,-2.3859012126922607,-3.6491615772247314,0.19891975820064545,2.6078591346740723
0.1912385154490834,-0.4219093153018825,1.4046655326884314,0.18148248383639665,-0.2780748267738235,1.3206068052361344,0.03367141391835268,-0.5215154328685723,0.07743107296822481,0.30431078882604246,-0.5086350268283427,0.9138864967601978,0.06477062222825375,-0.3119075389591274,1.5474833763198348,-0.10843187253552163,-0.42134422364811236,1.024506222530706,0.1463639817589166,-0.232739380875368,1.5878024192045856,-0.06062898446885955,-0.15123104590256484,1.207336125586996,-0.0913794617976574,-0.29632046152621705,1.1172647606458095,0.10305033547692741,-0.5776595495986623,0.08958408292012894,0.13432906459498878,-0.38122121520981883,0.5202359893661461,0.14029999795240283,-0.4876389941138937,0.0474430944659556,-0.015291983428232323,-0.4152099649045641,0.9899711713490896,0.24359518412920023,-0.3260316684447377,0.4647858277061917,0.43609495046517704,-0.652197612733241,0.9873359844779337,0.04789531073650185,-0.42014882984935054,1.340645028660629,0.1667054785748586,-0.4213007539017311,0.5835590055644118,0.08436804623743951,-0.4053377800725943,0.4129689395526387,0.07249055052829895,-0.34289265843416683,0.08147507074554235,-0.05367497555196088,-0.43346165327836345,1.182397178861479,-0.008247602135806487,-0.2073381422519289,1.1643503653687357,-0.06880659534787105,-0.17103397700664225,1.112767569474037,0.5049049309547374,-0.14652033387035723,0.6060205650645376,0.5600912761411919,-0.42137216505230657,1.0309140814455928,0.38384741742089884,-0.42751005183387275,1.3326844545389642,0.18576878178494655,-0.43561408076657365,1.5475931769569977,0.39374621276626526,0.02047013375439391,1.2738813294085445,0.2627735302740375,-0.3507502316343074,1.5843522864461734,0.05014263052147942,0.033932091020639765,1.3054831189825045,0.21741172498622477,0.0422656327325678,1.2773272708946506,0.45192124531758543,-0.2034202003419794,0.6909987819905312,0.5171017506659426,-0.07425330088332,1.0401341919077942,0.38525043270051085,-0.14615982173886521,0.6260198916228402,0.38879739211884556,-0.030561694884611086,1.1876551011540242,0.3793153461833663,-0.10704761554813938,1.0351990471217807,0.5171356418274886,-0.6104057526943699,1.0219294896583684,0.30235032248773325,-0.2964449169619983,1.448702916206903,0.5716491178763623,-0.147997580542667,1.0422286221523158,0.5272900098996447,-0.08695356382538151,0.8974049956790658,0.40561117088755233,-0.04080735250616705,0.5069091054580069,0.38034324283828796,-0.13409575541189175,1.3819875367824606,0.12851565427436734,-0.02111374084461505,1.2757093146542051,0.11724593156072873,0.05004163947425141,1.2218093191156325,0.25990588168632117,-0.297881459311539,1.1280543452856557,0.3945243190357227,-0.5917949061717419,1.1398088973484293,1.1815648078918457,-19.121562957763672,4.530704021453857,-0.7445782423019409,-0.4608677327632904,-2.465642213821411,47.12687683105469,46.770423889160156,-224.7893829345703,-39.731441497802734,25.257577896118164,33.365848541259766,-2.0932657718658447,24.4403133392334,-2.4690232276916504,-3.718217134475708,0.2806967794895172,2.5935592651367188
0.1915171772044226,-0.4216595892085145,1.4040215899612731,0.18175902484071174,-0.27787806439083934,1.3198395016177602,0.03377558511762034,-0.5214882635122893,0.07746793583824935,0.30494695625557805,-0.5084763250208848,0.913460016053244,0.06510755293910075,-0.31162408763999183,1.5468321643917766,-0.1078697584618796,-0.4222085499605595,1.023477050642304,0.14670069313404574,-0.23243874010463425,1.5871248529446835,-0.06007093608083318,-0.1511339426830115,1.2049601851709633,-0.09085853417582862,-0.29671870606229794,1.1155623513341741,0.10316683593767367,-0.5776019948997245,0.08967341295141258,0.13452152907848358,-0.3809699731946781,0.52025815726116,0.14035451185229597,-0.4875798109943504,0.04750930504342973,-0.014746858917226094,-0.41627401705609246,0.9889708850162708,0.24377277419464477,-0.3258417708589541,0.4647665454062405,0.43655368429146063,-0.652112732659902,0.986991743970391,0.048189630645592466,-0.41997764807268484,1.3397357834885453,0.16687635875103488,-0.4210578261424374,0.583579693211625,0.08450847109224623,-0.4051728963062463,0.4130405517208655,0.07247415900427774,-0.34284597970792,0.08153631370391277,-0.05324573024169896,-0.43368755655967633,1.1814326730784992,-0.007997778679139391,-0.20775214128738995,1.1624290232626808,-0.06816581727949202,-0.1714612030923761,1.1104714949399432,0.5056655622081251,-0.14665354551463727,0.6050695117735705,0.5608334791976095,-0.421360001264029,1.030425217767425,0.38410443166233843,-0.42717868800194847,1.332243947003851,0.18596203575860584,-0.43544062103656744,1.547130073143157,0.39412364738666456,0.021053284998761076,1.2741222918428332,0.2631325993119486,-0.3504683946734233,1.5836296472328388,0.0504225728576941,0.03467668658307447,1.304332151712961,0.21775236212654617,0.04298716962386832,1.2768680974347701,0.4526484543519304,-0.203396574254857,0.6901306077739261,0.5182295816623611,-0.07421114579435216,1.0391476742479187,0.3860297722137527,-0.14601472784943928,0.6252122586531356,0.38963766425650637,-0.029895654935019736,1.1876587946683366,0.3804219889127655,-0.10684260770382473,1.0344426718768696,0.5176861436161774,-0.6102878068456586,1.0215714017286996,0.3025360451826197,-0.29616429099184,1.4480397113111636,0.572680678588665,-0.14804842402011353,1.0411612107264285,0.5283054101546079,-0.0870549286783531,0.8964617110246065,0.40656061588928394,-0.04079708443424165,0.5059765993759333,0.38046032881105185,-0.13367360124722225,1.3818276054811793,0.12883721198269862,-0.020358396971610647,1.2746423798681095,0.11785761646877058,0.05098102826452408,1.2209826309159892,0.2604277556305689,-0.2976628203463081,1.127432034899857,0.39504387668821195,-0.5915798235018522,1.1394473231391402,1.1601287126541138,-19.436506271362305,4.195156097412109,-0.6050153374671936,-0.4603525698184967,-2.4861321449279785,46.11723709106445,46.21439743041992,-221.0607147216797,-39.10097885131836,24.839092254638672,33.175270080566406,-2.053884983062744,24.47113037109375,-2.4455132484436035,-3.7958805561065674,0.35620084404945374,2.6125471591949463
0.191786203656765,-0.42141870907600354,1.403353853730966,0.18201477650478975,-0.27765130700654544,1.3190731838444212,0.03387275215435699,-0.5214425629337892,0.07749233576191576,0.3054140978893697,-0.5083514616781513,0.9130622980413058,0.06541897490966003,-0.3113118003535744,1.546192356292775,-0.10732852198824978,-0.42308150241706544,1.0224491843324623,0.14704340284332534,-0.23214815761770635,1.586410464040491,-0.05946823490771238,-0.15098632822763053,1.2025788359294665,-0.09039440255192732,-0.2971105825723402,1.1138434224570823,0.10331555621217418,-0.5775434410335213,0.08974533582365275,0.1346922516822815,-0.38075460128436817,0.5202769413097015,0.1403737917838507,-0.4875854938136821,0.04750992861631888,-0.014214273122762222,-0.41735418910617067,0.9880095662068058,0.24398256742105578,-0.3257028641092856,0.46477793088022445,0.43701120579479547,-0.6520258142853415,0.9866669405967194,0.04849765829692613,-0.41981177520475643,1.338825738982649,0.16704984342321655,-0.42081596416156025,0.5835879645402858,0.08463608162687314,-0.4050239925550309,0.4131112646385534,0.07248110136646309,-0.3427992476927524,0.08157839929524636,-0.0528655057427603,-0.4338926438562917,1.1805601173284037,-0.007586281008043931,-0.2080070995386468,1.1603452831704095,-0.06767729564958457,-0.17185744833176497,1.1081099016776939,0.5065039020303069,-0.14673753817941967,0.6040295459182057,0.5615705398731674,-0.4213350881014439,1.0298956147092857,0.3843648297502505,-0.4268323633055024,1.3318076492934827,0.18609391088714664,-0.43533676329827464,1.5466547395219865,0.39453390132117744,0.021675117338532633,1.2743450028217391,0.26345415961071356,-0.3502142546291383,1.5829229147623707,0.05074125207615214,0.03547746698612605,1.3031530212487605,0.2181088127541226,0.04374236846034297,1.27640700557374,0.453379247066201,-0.20332727956258698,0.6891823802760105,0.5193849097419259,-0.07414099570388431,1.0380899359453593,0.3867613781761649,-0.1458366314652345,0.6243436898024667,0.39033757337671243,-0.029117490516494454,1.1877172691932578,0.3815848048258301,-0.10658135173829976,1.0336240285279734,0.5182608918638418,-0.6102312365115083,1.0212232521827647,0.3026903540586794,-0.29585275744760275,1.4473842333089437,0.5737936780942197,-0.14794030664673705,1.0400964903910428,0.5293095930917373,-0.08706606373141539,0.8954411441127196,0.4074987769620308,-0.04076176640633124,0.5049710874723283,0.38057588938845704,-0.13323279596026372,1.3816791579423362,0.12917942580896496,-0.019517837453090804,1.2735584192718101,0.11851705657626618,0.05192515976875032,1.2201583940067038,0.26085500843477566,-0.29728496740788024,1.1266665105393392,0.3954865117834893,-0.591406919012796,1.1391325366023362,1.1188414096832275,-19.41105842590332,3.886174201965332,-0.6182634830474854,-0.547508180141449,-2.444596529006958,45.67277526855469,45.412628173828125,-217.18289184570312,-38.37363052368164,24.367647171020508,32.944950103759766,-2.144387722015381,24.353986740112305,-2.4674947261810303,-3.7306101322174072,0.294711709022522,2.6337413787841797
0.1920552301091074,-0.4211778289434926,1.4026861175006589,0.18227052816886774,-0.2774245496222515,1.3183068660710822,0.03396991919109363,-0.521396862355289,0.07751673568558219,0.3058812395231613,-0.5082265983354177,0.9126645800293677,0.0657303968802193,-0.31099951306715706,1.5455525481937737,-0.10678728551462,-0.42395445487357125,1.0214213180226206,0.1473861125526049,-0.23185757513077845,1.5856960751362985,-0.05886553373459163,-0.15083871377224956,1.2001974866879699,-0.08993027092802607,-0.2975024590823824,1.112124493579991,0.10346427648667467,-0.5774848871673179,0.08981725869589294,0.1348629742860794,-0.3805392293740582,0.520295725358243,0.14039307171540544,-0.48759117663301377,0.04751055218920802,-0.013681687328298395,-0.4184343611562488,0.9870482473973408,0.24419236064746677,-0.32556395735961713,0.46478931635420845,0.43746872729813024,-0.6519388959107809,0.986342137223048,0.048805685948259764,-0.41964590233682797,1.337915694476753,0.1672233280953982,-0.4205741021806831,0.5835962358689466,0.08476369216150005,-0.4048750888038155,0.41318197755624125,0.07248804372864844,-0.34275251567758475,0.08162048488657996,-0.052485281243821666,-0.4340977311529071,1.1796875615783087,-0.007174783336948507,-0.2082620577899036,1.1582615430781384,-0.06718877401967716,-0.17225369357115383,1.1057483084154447,0.5073422418524887,-0.1468215308442021,0.602989580062841,0.5623076005487252,-0.42131017493885875,1.0293660116511465,0.38462522783816255,-0.4264860386090563,1.3313713515831145,0.1862257860156874,-0.4352329055599819,1.5461794059008163,0.39494415525569027,0.02229694967830414,1.274567713800645,0.26377571990947846,-0.3499601145848533,1.5822161822919025,0.051059931294610145,0.03627824738917756,1.3019738907845606,0.21846526338169903,0.04449756729681755,1.27594591371271,0.45411003978047143,-0.20325798487031696,0.6882341527780951,0.5205402378214905,-0.07407084561341647,1.0370321976428,0.38749298413857713,-0.14565853508102974,0.6234751209517978,0.3910374824969184,-0.02833932609796924,1.1877757437181788,0.3827476207388947,-0.10632009577277482,1.0328053851790777,0.5188356401115063,-0.610174666177358,1.02087510263683,0.30284466293473905,-0.2955412239033655,1.4467287553067238,0.5749066775997742,-0.14783218927336056,1.0390317700556573,0.5303137760288668,-0.08707719878447766,0.8944205772008328,0.40843693803477754,-0.04072644837842083,0.5039655755687235,0.38069144996586224,-0.13279199067330522,1.3815307104034928,0.1295216396352313,-0.01867727793457103,1.272474458675511,0.11917649668376173,0.05286929127297648,1.2193341570974185,0.2612822612389823,-0.29690711446945245,1.1259009861788214,0.3959291468787667,-0.5912340145237398,1.1388177500655319,1.167312502861023,-19.116283416748047,4.097727298736572,-0.7450484037399292,-0.569344162940979,-2.379605770111084,45.32670974731445,44.43232345581055,-213.5930633544922,-37.63163757324219,23.93787956237793,32.75917053222656,-2.1736226081848145,24.257816314697266,-2.221179246902466,-3.6663708686828613,0.20478728413581848,2.6272480487823486
0.19232279888742806,-0.4209439084427246,1.402019805268736,0.18253637931698205,-0.27721825740392636,1.3175482584151212,0.034060980113136845,-0.5213608860180078,0.07754923139285567,0.30638593751073673,-0.5081101250372185,0.912246060095086,0.06604045178025762,-0.3106959333384274,1.544907313506335,-0.10623610109732247,-0.42482895320219705,1.0203930027042794,0.14772051560464283,-0.23156367639536102,1.5849761698419684,-0.05823172268685918,-0.15069189791055704,1.1977674007810506,-0.08940354270848219,-0.29787071453814473,1.1103939289683538,0.10360236728674924,-0.5774237996102959,0.08989441812975911,0.13503903046941126,-0.38032579461470345,0.5203154202525979,0.14042643127062462,-0.4875665353426081,0.04752508740847474,-0.013146639604195475,-0.4195356237769916,0.9860850812386204,0.2443735311856333,-0.3254106149866881,0.4647761763425063,0.43792560415354786,-0.6518636389283945,0.9860156019594496,0.04910574129332374,-0.41948080561216305,1.337001519092661,0.16740966884308303,-0.42033758019374695,0.5835988047896632,0.08489790793187571,-0.40472269240791436,0.4132463979405283,0.07249798562797095,-0.3427043275919971,0.08165390381207134,-0.05208367231419151,-0.43430769339894615,1.1787531837722325,-0.006757704630518802,-0.20848972273879493,1.1561507470165657,-0.06669278361446022,-0.1726377498333817,1.1033584276177237,0.5081752192303045,-0.14691822563871643,0.6019214485457401,0.5630363738102628,-0.42129815152741423,1.0288515465938493,0.38488038214824055,-0.4261480782995161,1.3309244829297855,0.186354349706544,-0.4351151478014245,1.5456789021460426,0.3953382801634586,0.022917032288079012,1.2747830353825298,0.26409610637173747,-0.34968315207997697,1.5814953766121769,0.05137343528921043,0.03710556980715877,1.3008080894583898,0.2188253429601129,0.04524153089829231,1.2754943408318702,0.4548494534579334,-0.2031715428641695,0.68725689367348,0.5217472403649462,-0.07392897683855715,1.0359688916348464,0.3882877110744154,-0.14546539691209004,0.6225377511701837,0.39175283430230534,-0.027544297401281406,1.1878366044025548,0.38391104602063725,-0.10604715436104908,1.0319490251162196,0.519397463328791,-0.6101570505377473,1.0205208080888584,0.3030028300766913,-0.2952463517816651,1.446053713362738,0.575972197663705,-0.14777178546746836,1.0379222386720166,0.5313505056678064,-0.08709135903230567,0.8933798947081661,0.40940599409949696,-0.04066749205751135,0.5029216766456105,0.380814842534381,-0.13238887804628208,1.3813534878342357,0.12987489586338302,-0.017846427823953504,1.2713923454284668,0.1198271113688385,0.05383116141923805,1.2184908437413096,0.26173935707239127,-0.29663998702701355,1.1251317542909787,0.39640581040390277,-0.5910479412568326,1.138479037790109,1.184057593345642,-18.999309539794922,4.762965679168701,-0.7591866850852966,-0.5078760385513306,-2.3797965049743652,44.66510772705078,43.45374298095703,-210.0896453857422,-36.9485969543457,23.537250518798828,32.605133056640625,-2.0055630207061768,24.425092697143555,-1.816794991493225,-3.7490997314453125,0.2546949088573456,2.628105640411377
0.19258731776318014,-0.4207245496329882,1.4013564724795866,0.18282336169323385,-0.277054784609782,1.3168057826970587,0.03413926516443688,-0.5213452557854305,0.07759866597044547,0.3069692149462289,-0.5080112062937376,0.9117840161386704,0.06634764634812905,-0.3104105724996289,1.5442507247261654,-0.10566410252096636,-0.4257066859709506,1.0193637479220006,0.14803753857383664,-0.2312628390477193,1.5842447225621203,-0.05753282020917001,-0.150546752952582,1.1952353427741702,-0.08874584315036306,-0.2981895474803369,1.1086390188198216,0.10371821795571719,-0.5773574107924834,0.08998253406179661,0.1352262461422295,-0.3801164129711934,0.5203370209166546,0.14048924973074173,-0.4874784466841363,0.0475687300724699,-0.012606440765770853,-0.420681014360971,0.9851180498568427,0.24449481425301128,-0.3252270688481678,0.46471172146844547,0.43838113220716945,-0.6518127811665566,0.9856854430492351,0.049389116120654226,-0.4193173328180187,1.3360787006403436,0.16762290845643607,-0.42011223111721063,0.5835894425183732,0.08504594388781794,-0.4045629883246706,0.4132976524087767,0.07251420348191893,-0.34265309295906926,0.08166918940595444,-0.0516373205757299,-0.434527855539164,1.1776894552028732,-0.006328948680928209,-0.2086602817011985,1.1539833415423009,-0.06618116623321116,-0.1729963030049343,1.100909360591939,0.5089969767245236,-0.1470414971969775,0.6007943857979301,0.5637478072516966,-0.4213130974414333,1.0283687548921598,0.3851245648616197,-0.42582761886104054,1.3304554966111846,0.1864759848508614,-0.43496830692354416,1.5451257347271143,0.39569865818449995,0.023533453924322368,1.2749828960721856,0.2644140368068455,-0.3493584379652478,1.580745125448467,0.05167611112312371,0.0379884262871466,1.29967017679025,0.21919301542027897,0.0459619869311519,1.275062684586506,0.45560690484299565,-0.20304922340129386,0.6862188915148476,0.5230623617866971,-0.07363705050866336,1.0348939362740674,0.3892145065084988,-0.14524078670124344,0.6214564286715147,0.3925004969566863,-0.02671398344566885,1.187902457666713,0.3850757462891522,-0.10574976340034939,1.0310137500826098,0.5199322434055884,-0.610220940105173,1.0201536563058562,0.30316906989804954,-0.2949863404825034,1.445337737632903,0.5769383761266998,-0.147811213125851,1.0367189487874113,0.5324553330213029,-0.0871118489184127,0.8922971242310985,0.41043969199357444,-0.04055907715432691,0.5017974602662965,0.38095462203815283,-0.1320646300615854,1.381116059047497,0.130251256193941,-0.017035892782177747,1.27031409740448,0.1204592605547005,0.054830146262681255,1.2176076165887693,0.2622588937053617,-0.29660453139156695,1.1243547651151948,0.39695367187458946,-0.5908343148547293,1.1380902655077296,1.0492463111877441,-19.21431541442871,4.9844512939453125,-0.6370588541030884,-0.5525009632110596,-2.4512033462524414,43.377620697021484,42.59298324584961,-205.84521484375,-36.234127044677734,23.086360931396484,32.4265251159668,-1.8600413799285889,24.633943557739258,-1.6747575998306274,-3.8104794025421143,0.37518173456192017,2.6346633434295654
0.19285183663893218,-0.42050519082325183,1.4006931396904372,0.18311034406948562,-0.27689131181563764,1.3160633069789962,0.034217550215736914,-0.5213296255528532,0.07764810054803525,0.3075524923817211,-0.5079122875502567,0.911321972182255,0.06665484091600044,-0.3101252116608304,1.543594135945996,-0.10509210394461031,-0.42658441873970404,1.0183344931397218,0.14835456154303045,-0.23096200170007763,1.5835132752822725,-0.056833917731480915,-0.15040160799460697,1.19270328476729,-0.08808814359224398,-0.298508380422529,1.1068841086712895,0.10383406862468514,-0.577291021974671,0.09007064999383411,0.13541346181504774,-0.3799070313276834,0.5203586215807112,0.14055206819085886,-0.48739035802566455,0.04761237273646506,-0.012066241927346276,-0.42182640494495033,0.9841510184750653,0.24461609732038928,-0.32504352270964754,0.46464726659438466,0.438836660260791,-0.6517619234047188,0.9853552841390205,0.04967249094798469,-0.41915386002387434,1.3351558821880265,0.16783614806978908,-0.4198868820406743,0.5835800802470833,0.08519397984376016,-0.40440328424142685,0.4133489068770251,0.07253042133586692,-0.34260185832614143,0.08168447499983753,-0.05119096883726833,-0.4347480176793818,1.176625726633514,-0.005900192731337653,-0.20883084066360202,1.151815936068036,-0.06566954885196215,-0.17335485617648685,1.0984602935661545,0.5098187342187427,-0.14716476875523857,0.59966732305012,0.5644592406931302,-0.4213280433554523,1.0278859631904704,0.38536874757499884,-0.425507159422565,1.3299865102925839,0.18659761999517877,-0.43482146604566385,1.544572567308186,0.3960590362055412,0.02414987556056567,1.2751827567618415,0.2647319672419535,-0.3490337238505187,1.579994874284757,0.05197878695703696,0.03887128276713435,1.2985322641221104,0.21956068788044497,0.04668244296401144,1.2746310283411417,0.4563643562280579,-0.2029269039384182,0.6851808893562154,0.5243774832084478,-0.07334512417876958,1.0338189809132885,0.3901413019425821,-0.14501617649039686,0.6203751061728459,0.3932481596110672,-0.025883669490056358,1.187968310930871,0.38624044655766704,-0.10545237243964974,1.030078475049,0.5204670234823858,-0.6102848296725987,1.0197865045228542,0.3033353097194078,-0.2947263291833417,1.4446217619030681,0.5779045545896947,-0.1478506407842336,1.0355156589028063,0.5335601603747993,-0.08713233880451973,0.891214353754031,0.4114733898876518,-0.04045066225114248,0.5006732438869824,0.38109440154192464,-0.1317403820768887,1.380878630260758,0.13062761652449897,-0.016225357740402062,1.2692358493804932,0.12109140974056244,0.05582913110612437,1.2167243894362292,0.26277843033833215,-0.29656907575612035,1.123577775939411,0.39750153334527616,-0.5906206884526259,1.1377014932253504,0.8916811347007751,-19.406614303588867,4.670187473297119,-0.5782113075256348,-0.6747491955757141,-2.504096508026123,42.21958923339844,42.11228561401367,-202.36328125,-35.675655364990234,22.739500045776367,32.22636795043945,-1.97114098072052,24.53594207763672,-2.101768970489502,-3.712916374206543,0.4072019159793854,2.6051368713378906
0.1930931673342029,-0.4202992750319424,1.4000985346093082,0.18338296448947577,-0.2767456209422737,1.3153831674563174,0.03428436788600801,-0.521318252118218,0.07769104414033574,0.3080888566197149,-0.5078119161902674,0.9108864290035323,0.06692260010352988,-0.3098594548291718,1.5430028264885707,-0.10459577721475766,-0.42737277454098327,1.017413603548972,0.14864317796482945,-0.2306949124233612,1.5828612671782638,-0.05621805044495507,-0.15028215066486636,1.1904190052424046,-0.08752104467311443,-0.29881546927603664,1.105312329254403,0.10393910203745824,-0.577233115174123,0.09014808524720716,0.135591254427733,-0.37971875683361334,0.5203744117787342,0.14061370403166637,-0.4873106629643219,0.04765506883133326,-0.011569965593763538,-0.4228458157833049,0.9833048005767216,0.2447110138192082,-0.3248622407581633,0.4645778222984036,0.43924877718584426,-0.6517039730848856,0.985052630206607,0.04993332929859887,-0.41901293120636846,1.334323782794523,0.16802950420521742,-0.4196873042757148,0.5835713748110841,0.08532970408532793,-0.4042640178408844,0.41339240247840126,0.07254708681674983,-0.3425564436328332,0.08169509169479079,-0.050783739456080446,-0.4349475526651799,1.1756832599639893,-0.005477782110652785,-0.20896264318598817,1.1498482590479566,-0.06520476887952413,-0.17368084547535473,1.0962760195826853,0.510558084146866,-0.14725021228490287,0.5986533622868013,0.5651101758148497,-0.4213244684089888,1.0274564383045728,0.385584291638128,-0.425219781746138,1.329556795145502,0.1867344081401825,-0.4346725693996379,1.5440518753418069,0.39637873149076047,0.024678384293092794,1.2753552451038992,0.2650215084979076,-0.34875217455112384,1.5793244286088755,0.05225123770979066,0.03964420736132078,1.297500177724472,0.21990419480184845,0.04732371994991176,1.2742357506657278,0.45704546945774,-0.20281312017646058,0.6842392840922273,0.5255239811164654,-0.07311491352438138,1.03282760784326,0.3909582416742843,-0.14480999556203553,0.619389479523463,0.39390154429618884,-0.025139025369326017,1.1880339873547585,0.3872796754963351,-0.10519044190053119,1.0292192413317447,0.5209480441169233,-0.6102990902812275,1.0194429482845282,0.30348241921292235,-0.29449165972652813,1.443985174823281,0.5788043168996343,-0.1478871600517374,1.0344283130784697,0.5345459110689479,-0.08714681217409917,0.8902276833325822,0.4123854627277677,-0.040338985276538016,0.4996658368221182,0.38121956014475283,-0.13143161393159272,1.3806753695405871,0.1309533010650155,-0.015514786201004955,1.2682793685142568,0.12166426612051906,0.056729124476578054,1.2159507400942164,0.2632284087455825,-0.29654168530015756,1.122883042752348,0.39799045648006415,-0.5904285418276756,1.1373462827000398,0.9345985054969788,-19.30803680419922,4.402950763702393,-0.6602451205253601,-0.6715204119682312,-2.4800233840942383,41.437007904052734,41.39987564086914,-198.9390869140625,-35.07097625732422,22.382568359375,31.94989776611328,-2.1712915897369385,24.295879364013672,-2.4839699268341064,-3.638826370239258,0.32300347089767456,2.577251434326172
0.19328486083063068,-0.42012213570195317,1.3996510497781616,0.18362484134684334,-0.2766379944930803,1.3148364663518817,0.03432663819376404,-0.5213159908916777,0.07772009296725128,0.30852479729431354,-0.5077084353230646,0.9105076140520588,0.0671059429300147,-0.3096356628252971,1.5425512555813947,-0.1042614355313265,-0.4279698077712627,1.0167246831963395,0.14887098662111142,-0.23050006511096924,1.5823793085600366,-0.055779930364513265,-0.15021768091431517,1.18866512653054,-0.08714788774682199,-0.29909741843970405,1.104132564059946,0.10402097976118918,-0.5771933651917818,0.0902026571728141,0.13574887580232115,-0.3795756648313131,0.5203777639479037,0.14067280832801432,-0.48724893544683395,0.04769573867666405,-0.011167710872108005,-0.4235955512286811,0.982717199041354,0.24474948938220542,-0.32468580558205284,0.46449769752112446,0.4395679671638059,-0.651630840258093,0.9848088541172988,0.05014592550374221,-0.41892026058885434,1.3336858788862924,0.16818029727071326,-0.41954289322459937,0.5835640754131292,0.08543907356331285,-0.40416850085487427,0.4134192892553791,0.07256471049904034,-0.3425234872477734,0.0816957140279724,-0.05046025637093168,-0.4351029326485482,1.1750003695487976,-0.00506895445965677,-0.20901148270396208,1.1483081257501186,-0.06484025023532232,-0.17393712773425687,1.094658568205423,0.5111210303788153,-0.14725468019085214,0.5978815104590347,0.5656316067209307,-0.4212812472455549,1.0271409376962295,0.38573853109056583,-0.4250032197165963,1.3292111448499542,0.18690363317728043,-0.4345192721249252,1.5436007011410418,0.3966113402946106,0.025018704466102316,1.27546913951438,0.26525027916723526,-0.34856302493455393,1.5788248165553769,0.05245898789818712,0.04018180901246352,1.2966946256871255,0.22019597236683824,0.04779550428841482,1.273918345866614,0.4575631713235615,-0.2027176081492806,0.6835040284308377,0.5263095193153975,-0.07301681298787231,1.0320151531143695,0.3915400215430765,-0.1446432648164942,0.618608701801458,0.39435311520336475,-0.02457776823889048,1.188099285229942,0.3880503173695494,-0.1050044188263598,1.0285227835573107,0.5213139859453731,-0.610207113899932,1.0191499012590244,0.30358857784839655,-0.29431123765099126,1.4435185290725026,0.5795619071319402,-0.14791745354501618,1.0335891600081464,0.53527676328918,-0.08714840643798673,0.8894467270926925,0.41303718193674716,-0.04022032543030007,0.49890847469599836,0.3813134208814987,-0.131155982317514,1.3805452498379132,0.1311705077424744,-0.01501819903388721,1.26758354547008,0.12211019883783446,0.05741721422516348,1.215411655752864,0.2635294890759007,-0.2965315593690272,1.1223643887911412,0.398353214739569,-0.5902823753506932,1.1370629153109544,1.095982313156128,-19.206201553344727,4.357632637023926,-0.7216086983680725,-0.5775723457336426,-2.4316747188568115,41.11470031738281,40.410850524902344,-196.40496826171875,-34.569156646728516,22.060117721557617,31.75514793395996,-2.2281978130340576,24.271120071411133,-2.1546826362609863,-3.75472354888916,0.2694166600704193,2.584470272064209
0.19347655432705846,-0.419944996371964,1.3992035649470147,0.1838667182042109,-0.2765303680438869,1.3142897652474461,0.03436890850152006,-0.5213137296651373,0.07774914179416682,0.30896073796891216,-0.507604954455862,0.9101287991005853,0.06728928575649956,-0.3094118708214223,1.5420996846742188,-0.10392709384789531,-0.4285668410015422,1.0160357628437067,0.14909879527739342,-0.23030521779857724,1.5818973499418094,-0.055341810284071424,-0.15015321116376398,1.1869112478186754,-0.08677473082052951,-0.29937936760337147,1.1029527988654888,0.10410285748492014,-0.5771536152094405,0.09025722909842106,0.13590649717690928,-0.3794325728290128,0.5203811161170732,0.1407319126243623,-0.48718720792934594,0.04773640852199485,-0.010765456150452437,-0.4243452866740574,0.9821295975059863,0.24478796494520264,-0.3245093704059424,0.4644175727438453,0.43988715714176757,-0.6515577074313006,0.9845650780279905,0.05035852170888556,-0.41882758997134023,1.3330479749780617,0.1683310903362091,-0.4193984821734839,0.5835567760151743,0.08554844304129777,-0.4040729838688642,0.4134461760323569,0.07258233418133085,-0.34249053086271347,0.08169633636115403,-0.0501367732857829,-0.4352583126319165,1.174317479133606,-0.004660126808660719,-0.209060322221936,1.1467679924522804,-0.06447573159112047,-0.17419340999315905,1.0930411168281606,0.5116839766107647,-0.14725914809680143,0.597109658631268,0.5661530376270117,-0.42123802608212096,1.0268254370878864,0.3858927705430037,-0.4247866576870546,1.328865494554406,0.18707285821437836,-0.4343659748502125,1.5431495269402764,0.3968439490984607,0.02535902463911187,1.2755830339248606,0.26547904983656295,-0.3483738753179841,1.5783252045018783,0.05266673808658359,0.040719410663606306,1.295889073649779,0.22048774993182807,0.048267288626917926,1.2736009410674998,0.458080873189383,-0.20262209612210066,0.682768772769448,0.5270950575143296,-0.07291871245136325,1.0312026983854787,0.3921218014118687,-0.14447653407095284,0.617827924079453,0.3948046861105407,-0.0240165111084549,1.188164583105125,0.3888209592427639,-0.10481839575218839,1.027826325782877,0.521679927773823,-0.6101151375186364,1.0188568542335208,0.30369473648387074,-0.2941308155754544,1.4430518833217243,0.5803194973642463,-0.14794774703829494,1.0327500069378228,0.5360076155094121,-0.0871500007018743,0.8886657708528026,0.41368890114572665,-0.04010166558406211,0.49815111256987843,0.3814072816182446,-0.13088035070343523,1.3804151301352394,0.13138771441993333,-0.014521611866769424,1.266887722425903,0.12255613155514988,0.05810530397374897,1.2148725714115118,0.26383056940621885,-0.2965214334378969,1.1218457348299342,0.3987159729990738,-0.5901362088737109,1.1367795479218692,1.1920127868652344,-19.32842254638672,4.2794294357299805,-0.6467087864875793,-0.486526757478714,-2.4154982566833496,40.56208801269531,39.291595458984375,-194.0727081298828,-34.12603759765625,21.72391128540039,31.668323516845703,-2.090958595275879,24.423574447631836,-1.6492130756378174,-3.889547109603882,0.3068227469921112,2.5941035747528076
0.19368171237951873,-0.4197525910983812,1.3986831044913917,0.1841240366365736,-0.2763929122331127,1.31364308169346,0.03442841089201092,-0.5213061777369076,0.07779334310368197,0.3094433810537225,-0.5074872676505158,0.9097182834582613,0.06751167859314688,-0.30916934376520827,1.541579303559878,-0.10352005786108259,-0.42925773911326137,1.0152476185204966,0.14936241564273045,-0.23007906613168336,1.5813236651041649,-0.054836897814757375,-0.15007043689094632,1.1848766075459536,-0.08637377361933521,-0.29969235845156855,1.1015854904193751,0.10420464761308487,-0.5771070451333823,0.09031116688587018,0.13609128546537153,-0.379254332786759,0.5203810364797415,0.1407981820601896,-0.4871201088886387,0.047780202041744005,-0.01030947356824053,-0.4252294687344539,0.9814280438304737,0.24484919021461185,-0.32432850558828835,0.4643436743328903,0.440253270234888,-0.6514882799608028,0.9842762221761097,0.05060009903811067,-0.41870941705261633,1.3323099891476284,0.16849666907889954,-0.4192362655176232,0.5835512919931223,0.08568248484555065,-0.4039595058520898,0.41347250327566604,0.07260779288924293,-0.34245139163061483,0.08168956352434806,-0.049779911685907674,-0.4354530837855592,1.1735346684392713,-0.004209398440029835,-0.20914727064552685,1.1449754472994647,-0.06404383965330013,-0.17450615386201057,1.0911479769953039,0.5123475705156263,-0.14725291025855683,0.5961740934690892,0.5667317834318868,-0.42120646808715845,1.0264408527225848,0.3860726335289463,-0.4245360666848966,1.3284670988850247,0.18729214286369994,-0.434170675248105,1.5426274411725682,0.3971381159314257,0.02578432029668267,1.2757325768470764,0.2657348211139243,-0.34816186875104904,1.5777464495194669,0.05293042920776551,0.04136234064222567,1.294957701141471,0.22082250589961247,0.04882831469992337,1.2732251706897029,0.4586944977771368,-0.20249926020076733,0.6818864654428911,0.5280162701938326,-0.07280964039216768,1.0302606059225978,0.3928040548764317,-0.1442649613646482,0.616932510342819,0.395346289093526,-0.02337178709725571,1.1882321315490647,0.3897072815934554,-0.10458364972955737,1.0270117442339461,0.5220849064012237,-0.6100251630244665,1.018542035131265,0.3038131706663315,-0.2939147636393048,1.4425068033846797,0.5811734765965417,-0.14793597758803145,1.0317798981208675,0.5368429202315034,-0.08715503454356399,0.88773030249883,0.41447351270953553,-0.03996180252030196,0.49724208884286564,0.3814950216783593,-0.1305772755171684,1.3802739316659258,0.13165121629143392,-0.013924422974556379,1.2660748573723217,0.12306905288668658,0.05890513648161826,1.214235680584876,0.26419900515616335,-0.29647310689979833,1.121304736824225,0.39911598376683055,-0.5899821467549595,1.1364681168107797,1.1203128099441528,-19.415102005004883,4.057992458343506,-0.5771273970603943,-0.4962009787559509,-2.4484214782714844,39.378326416015625,38.226497650146484,-191.25498962402344,-33.63882827758789,21.34446144104004,31.57835578918457,-1.9600331783294678,24.461097717285156,-1.8786122798919678,-3.8407719135284424,0.31617915630340576,2.5968520641326904
0.1939163642213834,-0.4195267461388316,1.3980027926678689,0.18441517947130645,-0.27619011591601844,1.3127773889642678,0.03452565974944474,-0.5212870366525966,0.07787073556555817,0.3100283246561391,-0.5073384630759031,0.9092383282074076,0.06781960954729294,-0.3088857780229177,1.540908195325081,-0.10295378673352945,-0.4301542460128961,1.0142421264522123,0.1497044807040928,-0.22978434302159495,1.5805490561668447,-0.0541856782079138,-0.14994756699792597,1.1822269657589743,-0.08591192057787979,-0.30007334537064,1.0998073729458235,0.10435005538905692,-0.5770455358044201,0.09036371560878312,0.1363355822318437,-0.3789991017998449,0.5203734395519787,0.14088014656344786,-0.4870412436542132,0.04783083789593336,-0.009735801386714793,-0.426408152903942,0.9804768807051198,0.24496024817425682,-0.3241379377463006,0.4642834146291215,0.44072216729454644,-0.651426968985046,0.9838886201776417,0.05090515882961007,-0.41853538195029,1.331352776249513,0.16869463549544478,-0.4190350461085111,0.5835497845087619,0.08587057079305711,-0.40380668462506986,0.41349760487379617,0.07265041403423082,-0.3423987090192883,0.08166659174375976,-0.049349935244250784,-0.43573414035980274,1.1725329847525288,-0.003666887547056032,-0.20931769571951683,1.1426299999881264,-0.06346436811993456,-0.17494257554313203,1.0886509481644788,0.5132316307516287,-0.14722322174255423,0.5948799181458176,0.5674360761579299,-0.421200457985038,1.0259049420325173,0.38630862425494666,-0.42421093602843635,1.3279531657301038,0.18762108190170185,-0.4338833705478946,1.5419500253058427,0.3975671241614992,0.026395752729959022,1.2759602069854736,0.26604973658031184,-0.34789979457855225,1.5769943338356271,0.05331665761028693,0.04223598981436511,1.2937507218872475,0.22125140503542312,0.04958482266755291,1.2727215519014574,0.45951823880340875,-0.20231657193985997,0.6806820449450158,0.5292346745926813,-0.07267653547375408,1.029034545090025,0.3937063933603021,-0.1439551634109573,0.6157859891455695,0.3960851051949507,-0.022544230871050595,1.1883046098102796,0.3908469992757633,-0.10424217724839585,1.0259384153694506,0.5225753942072786,-0.6099395736163815,1.0181795248132668,0.3039584941421913,-0.2936206653418131,1.4417899152301006,0.582238593638338,-0.14783207026143738,1.0305229338589095,0.5379070256719526,-0.08716760269853453,0.8864563790378193,0.4155492218124945,-0.03977549431339795,0.4960008539900875,0.3815693545420438,-0.13021408583944208,1.380108465422068,0.13201612668321622,-0.013106868398801411,1.2650056145838555,0.12372871118270795,0.05994973884315676,1.2133845469809525,0.26471498134909877,-0.2963411028416741,1.120714794721035,0.39959759526694844,-0.5898107894209047,1.136095212784824,1.0535764694213867,-19.279680252075195,4.044729232788086,-0.6312270760536194,-0.538741409778595,-2.479090929031372,38.259281158447266,37.605403900146484,-188.6947479248047,-33.18559265136719,21.047893524169922,31.411968231201172,-2.0090129375457764,24.35944938659668,-2.809279203414917,-3.6472299098968506,0.26719197630882263,2.6088509559631348
0.19415101606324808,-0.4193009011792821,1.397322480844346,0.1847063223060393,-0.27598731959892425,1.3119116962350756,0.034622908606878576,-0.5212678955682856,0.07794812802743438,0.31061326825855584,-0.5071896585012903,0.9087583729565538,0.06812754050143902,-0.3086022122806271,1.5402370870902837,-0.10238751560597625,-0.4310507529125308,1.0132366343839279,0.1500465457654552,-0.2294896199115065,1.5797744472295243,-0.05353445860107016,-0.14982469710490562,1.1795773239719947,-0.08545006753642433,-0.3004543322897115,1.0980292554722717,0.104495463165029,-0.576984026475458,0.09041626433169606,0.1365798789983159,-0.3787438708129308,0.5203658426242159,0.14096211106670614,-0.4869623784197877,0.04788147375012273,-0.009162129205189004,-0.4275868370734303,0.9795257175797658,0.24507130613390182,-0.3239473699043129,0.4642231549253527,0.44119106435420496,-0.6513656580092891,0.9835010181791735,0.05121021862110949,-0.41836134684796367,1.3303955633513975,0.16889260191199007,-0.418833826699399,0.5835482770244017,0.0860586567405636,-0.4036538633980498,0.41352270647192635,0.07269303517921871,-0.3423460264079618,0.08164361996317146,-0.04891995880259386,-0.43601519693404633,1.171531301065786,-0.0031243766540821824,-0.2094881207935068,1.1402845526767882,-0.06288489658656894,-0.17537899722425354,1.0861539193336538,0.5141156909876312,-0.1471935332265516,0.5935857428225461,0.5681403688839729,-0.42119444788291754,1.0253690313424495,0.3865446149809471,-0.42388580537197607,1.327439232575183,0.1879500209397038,-0.43359606584768423,1.5412726094391171,0.3979961323915728,0.027007185163235428,1.2761878371238708,0.2663646520466994,-0.34763772040605545,1.5762422181517872,0.05370288601280838,0.04310963898650463,1.2925437426330237,0.22168030417123377,0.05034133063518251,1.2722179331132117,0.46034197982968084,-0.2021338836789526,0.6794776244471404,0.5304530789915299,-0.07254343055534047,1.0278084842574517,0.39460873184417256,-0.14364536545726636,0.6146394679483199,0.39682392129637545,-0.02171667464484541,1.1883770880714948,0.39198671695807125,-0.10390070476723427,1.0248650865049551,0.5230658820133336,-0.6098539842082965,1.0178170144952685,0.3041038176180511,-0.29332656704432125,1.4410730270755212,0.5833037106801342,-0.14772816293484328,1.0292659695969513,0.5389711311124018,-0.08718017085350507,0.8851824555768083,0.41662493091545355,-0.03958918610649393,0.49475961913730926,0.38164368740572835,-0.12985089616171572,1.3799429991782106,0.13238103707499851,-0.012289313823046374,1.263936371795389,0.12438836947872939,0.06099434120469535,1.2125334133770291,0.2652309575420342,-0.2962090987835499,1.120124852617845,0.40007920676706643,-0.5896394320868499,1.1357223087588684,1.1669347286224365,-19.176847457885742,4.360509872436523,-0.6842662692070007,-0.46591660380363464,-2.468780994415283,37.38090515136719,36.894859313964844,-185.89883422851562,-32.66348648071289,20.76077651977539,31.211606979370117,-2.108509063720703,24.34920883178711,-3.0462865829467773,-3.628840923309326,0.25335416197776794,2.608680486679077
0.1943884961159024,-0.41906701975705607,1.3966275706196463,0.18499137890457315,-0.27577595146286565,1.3110591946848182,0.03471675145112915,-0.5212489686264897,0.07802599848599623,0.3111946540360419,-0.5070329796004769,0.9082615861040078,0.06844844696241496,-0.30832177301905805,1.5395514416378855,-0.10183827722112077,-0.43195233193059623,1.0122305916634617,0.15037202548901765,-0.22919746651160008,1.5790037173309075,-0.05290019219827576,-0.14971332513536048,1.176901911662904,-0.08498791775462645,-0.30084861439979627,1.096243930573495,0.10463371552181559,-0.5769254784315627,0.09046665556876865,0.13681753275804961,-0.3785022072839421,0.5203544278413255,0.14103795721238813,-0.4868869639390352,0.047926484921712746,-0.008579892613647524,-0.42877153864759476,0.9785663069083991,0.2452005356155484,-0.32373938003912667,0.4641712773714634,0.4416593006312452,-0.6512947473304951,0.9831193632242695,0.051510691938810776,-0.41819502087618343,1.3294375183566518,0.16909256903146275,-0.4186344703301689,0.5835417341317563,0.08624798089068456,-0.40349571308158094,0.4135472604770534,0.07273299024989273,-0.3422937782000232,0.08162215176895754,-0.04848154591063398,-0.4362907408681137,1.1705443993309477,-0.002568296355346482,-0.20965378731489182,1.1379124170897024,-0.06231421292666965,-0.17581733701047517,1.0836267147632626,0.5150060714870098,-0.14715830300817426,0.5922689601680302,0.5688510002284649,-0.42118752308633944,1.0248207493333628,0.3867845520475842,-0.42357387201280783,1.3269292518792564,0.1882744293339205,-0.4333162255437169,1.5405764346880628,0.398381480021982,0.027588225611244976,1.2764123958467648,0.26668255938994173,-0.3473729541562251,1.5754825768881286,0.05410007507053035,0.043992888244078605,1.291331868692739,0.2221045304114455,0.0510985972791515,1.271709321745184,0.46118217617865426,-0.2019315447830996,0.6782369098521227,0.5316643799772325,-0.0724163545135236,1.0265490906128032,0.3955230041844955,-0.1433168881578951,0.6134477749170847,0.39755944572142415,-0.02090746641701819,1.1884537145791465,0.39314973334602954,-0.10355225735843578,1.0237660850120696,0.5235731891843657,-0.6098223587140342,1.017446366761694,0.3042631276593303,-0.2930552535104436,1.4403400721139465,0.5843744382558279,-0.14762429078880526,1.0280159557891997,0.5400590369638227,-0.08718844698063585,0.8838846276927469,0.4177195151515354,-0.03938400582564589,0.49347609419696387,0.38172588235889837,-0.12948508476776793,1.3797674009342067,0.13275243751457982,-0.011457121937184189,1.2628503279970182,0.12507057392241935,0.06203163365851959,1.2116894137780398,0.26577415124864767,-0.29608408800813535,1.1194637540160426,0.4005648013179665,-0.5894465564891992,1.1353243194668499,1.2810726165771484,-19.277679443359375,4.5443620681762695,-0.6430431604385376,-0.3693711459636688,-2.4395155906677246,36.97403335571289,36.04570007324219,-183.9914093017578,-32.25990295410156,20.550992965698242,31.140920639038086,-2.12668514251709,24.456087112426758,-2.2849466800689697,-3.795806646347046,0.31564730405807495,2.5827362537384033
0.19463231683468188,-0.41881512110399094,1.3958999317213399,0.18526279055420924,-0.2755453658617095,1.3102362669066878,0.03480295823356568,-0.5212305217783972,0.07810494058228881,0.31176806339957064,-0.5068586469683426,0.9077270638863773,0.06879844367257411,-0.30804834312555807,1.53883320468151,-0.1013272251465068,-0.43286528231095,1.0112233144163296,0.15066032195525453,-0.22891107423613402,1.5782416839868028,-0.05230393378520447,-0.14962773076844532,1.1741687235058538,-0.08452510270012531,-0.3012727034703785,1.0944424470923595,0.10475592589042834,-0.5768735693977368,0.09051220986177984,0.13704029332525683,-0.3782909611203023,0.5203344536735522,0.14110008639511684,-0.4868192858253883,0.04795888591779778,-0.007978455167393277,-0.4299697308548239,0.9775884057709713,0.24537050447716618,-0.32349233112193104,0.4641381920568201,0.44212605547628653,-0.6512023147368273,0.9827510411573561,0.05180088267815823,-0.41804597827772433,1.3284776078549443,0.1692970215978212,-0.418439290776158,0.5835239021786002,0.08644008101118321,-0.4033256152903797,0.41357058681399617,0.07276696815395987,-0.34224250389645433,0.08160405451838938,-0.04802421904138185,-0.4365539258185601,1.1695906377786043,-0.001981794324338088,-0.20980878546833992,1.135480448110214,-0.06176323111212215,-0.17625997706458268,1.0810318581315856,0.5159106216091194,-0.147110648650602,0.5909014933354018,0.5695758423465767,-0.4211785476037998,1.0242447316251844,0.38703333655532624,-0.42329152614272986,1.3264281323413976,0.1885886803170703,-0.43305311993455253,1.5398382037285938,0.3986689434047566,0.028101129189059625,1.2766300686542562,0.26700717432806825,-0.34710215244269527,1.5747060637600374,0.054521837210072976,0.04489766027383653,1.2901090211820918,0.22251828032120174,0.05185756482652677,1.2711895173353864,0.46205926429949057,-0.2016851504314814,0.6769148262328659,0.5328597555689464,-0.07230279482407681,1.025214966953985,0.39646403146105885,-0.14294653297062743,0.6121548095483654,0.398287590420404,-0.020139393217812322,1.1885396411876805,0.39436498392891406,-0.10318817261187052,1.022609527142632,0.5241182042865563,-0.6099117168330199,1.0170574754673913,0.30445379467792066,-0.2928350219466039,1.4395710964076567,0.5854577442865497,-0.1475204975153042,1.0267815244513632,0.541200301801132,-0.08718710065825491,0.8825332076344269,0.41885641621832814,-0.03913651557256844,0.4920977576086853,0.3818257036094634,-0.12911339565519467,1.3795690873995523,0.13313838822261387,-0.01059211414640413,1.2617266174183777,0.1258033253745922,0.0630525377708555,1.210861408157854,0.2663783648649588,-0.29597475572137644,1.1186431271350936,0.40105932561174923,-0.5892054383328419,1.1348700906267228,1.1316500902175903,-19.414308547973633,4.318417549133301,-0.5925968885421753,-0.451612263917923,-2.397376537322998,36.560089111328125,35.181419372558594,-182.44229125976562,-31.89017677307129,20.343891143798828,31.153907775878906,-2.159048557281494,24.442346572875977,-1.7150263786315918,-3.886577606201172,0.3476458787918091,2.574190855026245
0.19487613755346134,-0.4185632224509258,1.3951722928230337,0.18553420220384534,-0.27531478026055345,1.3094133391285574,0.034889165016002206,-0.5212120749303047,0.07818388267858138,0.31234147276309937,-0.5066843143362083,0.9071925416687466,0.06914844038273323,-0.30777491323205813,1.538114967725135,-0.10081617307189288,-0.4337782326913037,1.0102160371691975,0.15094861842149138,-0.228624681960668,1.5774796506426982,-0.05170767537213323,-0.14954213640153013,1.171435535348804,-0.0840622876456242,-0.3016967925409607,1.092640963611224,0.10487813625904108,-0.576821660363911,0.09055776415479104,0.13726305389246402,-0.37807971495666254,0.5203144795057789,0.14116221557784553,-0.4867516077117415,0.04799128691388282,-0.007377017721139082,-0.43116792306205287,0.9766105046335436,0.24554047333878395,-0.32324528220473536,0.4641051067421768,0.44259281032132786,-0.6511098821431596,0.9823827190904428,0.052091073417505664,-0.4178969356792652,1.3275176973532368,0.1695014741641796,-0.41824411122214716,0.5835060702254441,0.08663218113168185,-0.40315551749917844,0.4135939131509389,0.072800946058027,-0.3421912295928854,0.08158595726782122,-0.04756689217212977,-0.4368171107690066,1.1686368762262611,-0.001395292293329743,-0.20996378362178802,1.133048479130726,-0.06121224929757469,-0.17670261711869015,1.0784370014999087,0.5168151717312288,-0.14706299429302974,0.5895340265027735,0.5703006844646883,-0.42116957212126016,1.023668713917006,0.3872821210630682,-0.42300918027265183,1.3259270128035388,0.1889029313002201,-0.4327900143253882,1.5390999727691246,0.39895640678753125,0.02861403276687423,1.2768477414617476,0.2673317892661947,-0.3468313507291655,1.5739295506319464,0.05494359934961556,0.045802432303594376,1.2888861736714445,0.22293203023095792,0.05261653237390197,1.2706697129255888,0.4629363524203268,-0.20143875607986325,0.6755927426136094,0.5340551311606602,-0.07218923513463002,1.023880843295167,0.3974050587376221,-0.1425761777833598,0.6108618441796462,0.3990157351193838,-0.01937132001860652,1.1886255677962145,0.3955802345117985,-0.10282408786530528,1.0214529692731946,0.524663219388747,-0.6100010749520055,1.016668584173089,0.30464446169651105,-0.2926147903827642,1.4388021207013668,0.5865410503172716,-0.14741670424180317,1.0255470931135267,0.5423415666384412,-0.08718575433587396,0.8811817875761071,0.4199933172851208,-0.03888902531949102,0.49071942102040683,0.3819255248600284,-0.1287417065426214,1.3793707738648977,0.13352433893064786,-0.009727106355624146,1.260602906839737,0.126536076826765,0.0640734418831913,1.210033402537668,0.26698257848126994,-0.2958654234346175,1.1178225002541449,0.4015538499055319,-0.5889643201764846,1.134415861786596,0.9512772560119629,-19.294090270996094,4.180585861206055,-0.6502481698989868,-0.5869132876396179,-2.3753879070281982,35.81619644165039,34.583404541015625,-180.50048828125,-31.47167205810547,20.10997772216797,31.127559661865234,-2.222877025604248,24.263595581054688,-1.8632240295410156,-3.8177459239959717,0.3141639530658722,2.6013433933258057
0.1951167332316866,-0.4183154623240035,1.3944382128731305,0.1858004865958201,-0.2750912858358282,1.3085771439880725,0.03497656106036033,-0.5211907145598077,0.07824824738088033,0.3129010398853693,-0.506527890235383,0.9066462329286613,0.06947024921510392,-0.3074950543263101,1.5373971039885717,-0.10030401111981334,-0.43470038715379916,1.0092064844851463,0.15125724633797905,-0.22834211368335794,1.5767045305264706,-0.05109263294135895,-0.14946057371153737,1.1686861061102507,-0.0836058504361388,-0.30211009134519967,1.0908434892332317,0.1049970177477164,-0.5767658566007551,0.09060551111419864,0.13748168195320282,-0.377869353685158,0.5202984121066845,0.1412247872066419,-0.48668891388848917,0.04802194145193558,-0.0068025961973155625,-0.43234298166060287,0.975636052769541,0.24571199828623147,-0.3230013635182223,0.46407046534170376,0.4430547012694624,-0.6510263707069371,0.9820165881850073,0.05238909274339675,-0.41775387061747493,1.326551646783652,0.16970809381331828,-0.41805381362406624,0.5834833021392886,0.08681643987382878,-0.40299578558727606,0.41362477010054305,0.07282495011408992,-0.34214423527780746,0.08157120921359157,-0.04713665647123824,-0.4370769367411437,1.1676851734025588,-0.0008114572484909871,-0.2101253868629601,1.130606312822822,-0.060665421434585635,-0.17715618288181473,1.0758272160757458,0.5177315866315602,-0.14699325675995933,0.5881428301137015,0.5710257553304268,-0.42114958364442484,1.0231145596662106,0.3875250694964895,-0.42272196749582985,1.325413023201835,0.18921507690225214,-0.4325304663437881,1.538358117965673,0.39928976717768916,0.029163776187608556,1.277080619966747,0.2676497313952604,-0.346562577645905,1.573144044110317,0.05535895580314839,0.04671785840456254,1.287659148506771,0.22333878527907344,0.05336752197156282,1.270170580077645,0.4638089619034173,-0.20117372933109076,0.6742480972547406,0.5352650864037457,-0.07205193309693148,1.0225269028682582,0.3983606265376735,-0.1421685472673533,0.6095504104498997,0.39975711407250913,-0.018593833177344317,1.188708857787366,0.396794341356549,-0.10244977870178934,1.0202541292108447,0.5251960446502989,-0.6100713567228506,1.0162517615896187,0.3048244076750136,-0.29236747329400864,1.4380297137806748,0.5876352820570105,-0.14733355393670253,1.0242695368283632,0.5434825846691005,-0.08717359968812655,0.8798152882334412,0.42111617144172553,-0.03861132420180058,0.4893275672532865,0.3820218246010755,-0.12836481793629415,1.3791515118633675,0.13391510838803075,-0.00886240806075938,1.2594799186220234,0.12725906286215938,0.06512055415290077,1.209183714050331,0.2675377708791897,-0.2957406025256542,1.1169975030895891,0.4020509024625582,-0.5887485809673537,1.133961043018379,1.0645025968551636,-19.082155227661133,4.463305473327637,-0.7391260266304016,-0.5549825429916382,-2.40240216255188,34.96812438964844,34.23997497558594,-178.6663818359375,-31.089845657348633,19.907873153686523,31.00156593322754,-2.2138595581054688,24.109493255615234,-2.165868043899536,-3.7291364669799805,0.27564647793769836,2.6587002277374268
0.19534992717749236,-0.4180772004538024,1.3936893501818575,0.18605500351119517,-0.2748840662422559,1.307710499163495,0.03506668655830898,-0.5211626674165789,0.07827915576909551,0.3134288379293404,-0.5064125676818242,0.9060728731534339,0.06972736455746834,-0.30720044031048455,1.536680096822069,-0.09978930190797673,-0.4356436657392426,1.008191709486854,0.15161253659930451,-0.2280683217952583,1.5758993751955348,-0.0504344796502827,-0.14938826405054687,1.165899402258412,-0.08316405090373873,-0.3024986256037327,1.0890552160755689,0.10510825918407629,-0.5767011141145466,0.09065829042271273,0.13769082557286647,-0.37766102331363605,0.5202913110619349,0.1412883742854295,-0.4866376594202408,0.04804858772565197,-0.006290178429890446,-0.43346494673103686,0.9746695172707766,0.24588709457820615,-0.32276462896770197,0.4640322525967036,0.44350542917551583,-0.6509633340582942,0.9816554861747666,0.052705079317092896,-0.4176245244923017,1.3255715042550043,0.16991968709506736,-0.41787472051500485,0.5834492052232982,0.08698270200992263,-0.40285984421802673,0.41367291042346827,0.07282606337145464,-0.3421070638871351,0.08156414783948304,-0.04676859722232187,-0.4373290535827346,1.1667381955298366,-0.0002337431555169768,-0.21030214932185926,1.1281407428103567,-0.060128127230911065,-0.1776348240426834,1.0731831678491555,0.5186752321704334,-0.1468728365290244,0.5866971724475456,0.5717513511907186,-0.4211043194429764,1.0226105838421955,0.3877546236609781,-0.4224235847691037,1.3248694957486842,0.18952239048204675,-0.43227908340905674,1.537607946143245,0.3997284649618414,0.02979807006750281,1.277348396793896,0.2679523588805799,-0.34629846043539364,1.5723378970133548,0.055759610682232494,0.04765773647224272,1.286422535283676,0.2237294865463743,0.054100201520698755,1.2697188901585459,0.46467129254577966,-0.20086593970360345,0.672851670854139,0.5365085031417821,-0.07186014042390103,1.0211274813342568,0.399349566030976,-0.14167536681653647,0.6081965903177956,0.4005288667236732,-0.017794741255952817,1.1887860965255082,0.3980058232285329,-0.10205200366330462,1.0189582480500077,0.5257008932284172,-0.6100978567110782,1.015770834408059,0.30497974798774086,-0.2920579927054462,1.4372494319416829,0.5887545891944936,-0.14729778093612747,1.0228930052542529,0.544623036258268,-0.08713663904773479,0.8784141806971948,0.42220678678806256,-0.03826428667352294,0.4879046904527588,0.3821100421891307,-0.12797599606561344,1.37888417141327,0.1343169372701487,-0.007998420084388736,1.2583585882818462,0.12795963646560315,0.06622781629199224,1.2082842616055975,0.2679804555627684,-0.2955802339591727,1.1161624757659356,0.40255375759096335,-0.588591088522349,1.1335048703168402,1.2687455415725708,-19.11334991455078,4.735877990722656,-0.7210140228271484,-0.4303741157054901,-2.4411494731903076,34.16842269897461,33.63928985595703,-177.13963317871094,-30.735017776489258,19.723737716674805,30.877178192138672,-2.14458966255188,24.21210479736328,-1.9404842853546143,-3.793264389038086,0.2768067717552185,2.691880464553833
0.1955831211232981,-0.4178389385836014,1.3929404874905846,0.18630952042657017,-0.27467684664868364,1.3068438543389176,0.035156812056257626,-0.5211346202733501,0.0783100641573107,0.3139566359733114,-0.5062972451282652,0.9054995133782064,0.06998447989983274,-0.306905826294659,1.5359630896555667,-0.09927459269614017,-0.436586944324686,1.0071769344885617,0.15196782686062996,-0.22779452990715868,1.575094219864599,-0.04977632635920651,-0.14931595438955636,1.1631126984065734,-0.08272225137133869,-0.30288715986226566,1.087266942917906,0.1052195006204362,-0.5766363716283381,0.09071106973122682,0.13789996919253014,-0.3774526929421141,0.5202842100171854,0.14135196136421715,-0.4865864049519924,0.04807523399936837,-0.005777760662465372,-0.4345869118014708,0.9737029817720123,0.24606219087018083,-0.3225278944171817,0.4639940398517034,0.44395615708156927,-0.6509002974096513,0.981294384164526,0.05302106589078902,-0.41749517836712846,1.3245913617263567,0.1701312803768164,-0.41769562740594346,0.5834151083073079,0.08714896414601644,-0.4027239028487774,0.41372105074639354,0.07282717662881937,-0.3420698924964627,0.08155708646537452,-0.04640053797340553,-0.43758117042432554,1.1657912176571146,0.0003439709374569841,-0.2104789117807584,1.1256751727978915,-0.059590833027236535,-0.17811346520355203,1.0705391196225653,0.5196188777093066,-0.14675241629808944,0.5852515147813898,0.5724769470510104,-0.4210590552415279,1.0221066080181804,0.3879841778254667,-0.4221252020423776,1.324325968295533,0.18982970406184133,-0.4320277004743254,1.5368577743208172,0.4001671627459936,0.03043236394739701,1.277616173621045,0.26825498636589934,-0.3460343432248823,1.5715317499163926,0.056160265561316564,0.04859761453992282,1.2851859220605812,0.22412018781367515,0.054832881069834624,1.2692672002394467,0.4655336231881419,-0.20055815007611616,0.6714552444535377,0.5377519198798185,-0.07166834775087061,1.0197280598002554,0.4003385055242784,-0.1411821863657197,0.6068427701856917,0.4013006193748373,-0.016995649334561387,1.1888633352636502,0.39921730510051673,-0.10165422862481993,1.0176623668891704,0.5262057418065355,-0.6101243566993056,1.0152899072264994,0.3051350883004681,-0.2917485121168838,1.4364691501026912,0.5898738963319765,-0.1472620079355524,1.0215164736801425,0.5457634878474356,-0.08709967840734302,0.8770130731609485,0.4232974021343995,-0.03791724914524533,0.48648181365223125,0.3821982597771859,-0.1275871741949328,1.3786168309631728,0.1347187661522666,-0.007134432108018166,1.2572372579416693,0.12866021006904688,0.06733507843108362,1.207384809160864,0.26842314024634706,-0.29541986539269127,1.1153274484422824,0.40305661271936843,-0.5884335960773442,1.1330486976153014,1.2311733961105347,-19.225261688232422,4.580155372619629,-0.6474775075912476,-0.4230487048625946,-2.4501278400421143,33.97657775878906,32.81100845336914,-176.19534301757812,-30.495065689086914,19.6171875,30.83089828491211,-2.139247417449951,24.48521614074707,-1.8163814544677734,-3.8759067058563232,0.2677045166492462,2.6723077297210693
0.19579911014891618,-0.41762290707487143,1.3922591833089362,0.18655665830665866,-0.27450255664768597,1.3060642599270045,0.03523431289077594,-0.521112488200333,0.0783349708808179,0.3144609188007203,-0.5061876777781557,0.9049840964228901,0.07021714746952057,-0.30664736585111807,1.5353034805777848,-0.09881355874980523,-0.4374323755700067,1.0062698267943022,0.15228869395934982,-0.22753921299185975,1.5743644387516755,-0.0491831052480944,-0.1492495316740693,1.16059404966847,-0.08229264538019698,-0.3032399402154202,1.0856474890614187,0.10530872411088438,-0.5765753238406403,0.09076065614523478,0.13809485358512955,-0.37726373309331224,0.5202739471631335,0.14140756250611994,-0.4865417435074484,0.048094220360778026,-0.005309172847388402,-0.4355934323459271,0.9728278190094903,0.24621655629170652,-0.322326801273207,0.46396024712663614,0.44436594429395054,-0.650837953516979,0.9809605305558009,0.05330403627741415,-0.4173734436761464,1.3237137352393953,0.17033548870228774,-0.4175335867515463,0.5833744746170296,0.08729878887040725,-0.40260270474762316,0.4137645371702333,0.0728287376611438,-0.3420376592124535,0.08155104128138119,-0.04604913410268083,-0.437811862159249,1.1649301770507106,0.0008676056804086067,-0.2106229755657398,1.1234401424989007,-0.05908498187728276,-0.17855546134986625,1.0681604265377223,0.5204713222206823,-0.14664329183812172,0.5839206355297013,0.5731210227044213,-0.4210289576590456,1.0216391173419574,0.3881967180217339,-0.42186042094072757,1.3238376836903047,0.19010763324254396,-0.43179956335105646,1.5361780978196504,0.40055324956281296,0.030987936213908603,1.2778426100876157,0.2685359519049032,-0.345776517067524,1.5707972941809143,0.056514757802549574,0.049442138004776655,1.2840730457116436,0.2244770609779863,0.05550761372837799,1.2688511073194593,0.4663140694826644,-0.2002747090447028,0.6701821996676212,0.538877881915364,-0.0715131579053323,1.0184519961969742,0.401219682977689,-0.14074543444131385,0.6056059369977737,0.4019811265910698,-0.01625649977031331,1.1889347714304135,0.40032219432837124,-0.10130098832166748,1.0164806542807068,0.5266542225484027,-0.6101247155113726,1.0148573190171197,0.30528439216266406,-0.2914933773460767,1.4357643135336062,0.5908818118619603,-0.14721258260951137,1.0202656329072863,0.5467887051058131,-0.08705196302655517,0.8757366380154692,0.42428242844461606,-0.03759727683781788,0.48518383424013656,0.3822844553467454,-0.12726154706336015,1.3783802441413828,0.13508636430399307,-0.0063416186553605005,1.2562271475002467,0.1292967363106494,0.06835175754613433,1.2065973226597766,0.26883832784677975,-0.29527644566352795,1.1145783347009823,0.40350486742739644,-0.588301629025415,1.132644842792031,0.9472275972366333,-19.161836624145508,4.081505298614502,-0.6490746736526489,-0.5982087850570679,-2.4140236377716064,34.23236083984375,32.09177780151367,-175.48207092285156,-30.297744750976562,19.54153060913086,30.72255516052246,-2.1989309787750244,24.5811767578125,-2.3455843925476074,-3.8128151893615723,0.23088562488555908,2.633685350418091
0.19597466761209317,-0.4174591169155986,1.3917366416249055,0.18678645545382372,-0.2744056511892388,1.3054892339848525,0.035282145766232974,-0.5211042565423132,0.0783457736922613,0.3149099408692082,-0.5060916351561515,0.904604845094365,0.07039236277341841,-0.30647386630244605,1.5347787570084956,-0.09847866167739924,-0.4380478655660389,1.0056157372645196,0.15252866662594655,-0.22732731226264247,1.5738117870510808,-0.04874247475989807,-0.1491969432805153,1.1587053304476456,-0.0818916942110125,-0.3035086988909355,1.0844247605626947,0.10534620542844005,-0.5765229585944422,0.09080273925715329,0.13825622879412788,-0.37712029397290275,0.5202562540572211,0.14144439669634332,-0.48651257566860967,0.04809520592826684,-0.0049435854203296135,-0.436328658254336,0.9721673821771382,0.24632220416767708,-0.32220946543461443,0.46393684144841124,0.4446795208762023,-0.6507772376008382,0.9806907106906373,0.0535094186244224,-0.41726959585551393,1.3230770214503964,0.17052234238050631,-0.41741161936561005,0.5833184795071747,0.08740998567729595,-0.40251615332649243,0.4137970869312223,0.07283135096462356,-0.34201703047910276,0.08154738414415855,-0.045736870370706596,-0.43799220489350377,1.1642710890201544,0.001264153950807572,-0.21069019746701448,1.1217468805265742,-0.05865302190357291,-0.17891134171197745,1.0664053180359847,0.5211094443174387,-0.14656071243992705,0.5828594855520111,0.5735735258716621,-0.4210345016311336,1.0212573667630456,0.38836927539268074,-0.4216746036580067,1.3234792197776946,0.19031650908538048,-0.43162605388472414,1.5356640853234476,0.4008157006063998,0.0313585126889709,1.2779718967068274,0.26876601187006527,-0.3455334748850753,1.570231313144924,0.05676076784483248,0.050062578152988486,1.2832509510169756,0.22475443810027165,0.05604617119402874,1.2685186673473838,0.46690208755976315,-0.20004848721406318,0.6691991016762147,0.5397278254000556,-0.07144398470440054,1.0174658237308856,0.4018476196373535,-0.14044128955397386,0.6046440231286927,0.4024472070352131,-0.01565821474535234,1.1889925715544365,0.4011765908425217,-0.10105240464654586,1.0155672377703207,0.5269702388750797,-0.610063642559462,1.0145383273923634,0.30541951036611137,-0.2913659552469948,1.435236773348802,0.5916279571143207,-0.1471310743186253,1.0193101655173775,0.5475431216868343,-0.08697897400583653,0.8747531829882932,0.4250193205199494,-0.037340907799388416,0.4841793636908595,0.38236589917283975,-0.12708442756869145,1.378215928346116,0.13537352023929947,-0.005716065333428403,1.2554784038208968,0.12978275125192487,0.0691555665546892,1.2060729561262573,0.2691888973018191,-0.2951728557020623,1.114031117878213,0.4038248111475382,-0.5882296466472133,1.1323639349826915,0.8445590734481812,-19.02190589904785,3.7988858222961426,-0.7099424004554749,-0.7031925916671753,-2.377976894378662,34.46841812133789,31.71331787109375,-175.02395629882812,-30.150774002075195,19.42148780822754,30.51873016357422,-2.238679885864258,24.486278533935547,-2.7096645832061768,-3.7128467559814453,0.2330993115901947,2.618595600128174
0.19615022507527016,-0.4172953267563258,1.3912140999408746,0.1870162526009888,-0.27430874573079167,1.3049142080427005,0.035329978641690005,-0.5210960248842934,0.07835657650370471,0.3153589629376961,-0.5059955925341474,0.9042255937658399,0.07056757807731628,-0.306300366753774,1.5342540334392067,-0.09814376460499322,-0.43866335556207114,1.0049616477347367,0.15276863929254328,-0.22711541153342518,1.5732591353504863,-0.0483018442717017,-0.1491443548869613,1.1568166112268208,-0.08149074304182799,-0.30377745756645075,1.0832020320639706,0.10538368674599571,-0.5764705933482441,0.09084482236907182,0.13841760400312625,-0.3769768548524932,0.5202385609513087,0.14148123088656672,-0.48648340782977095,0.04809619149575565,-0.004577997993270795,-0.43706388416274494,0.971506945344786,0.24642785204364764,-0.3220921295960218,0.46391343577018634,0.44499309745845417,-0.6507165216846972,0.9804208908254737,0.05371480097143065,-0.41716574803488143,1.3224403076613975,0.1707091960587249,-0.41728965197967377,0.5832624843973198,0.08752118248418467,-0.4024296019053617,0.41382963669221134,0.07283396426810335,-0.341996401745752,0.08154372700693592,-0.045424606638732344,-0.4381725476277585,1.1636120009895983,0.0016607022212065717,-0.21075741936828915,1.120053618554248,-0.05822106192986303,-0.17926722207408866,1.0646502095342472,0.5217475664141952,-0.14647813304173235,0.5817983355743206,0.5740260290389029,-0.4210400456032216,1.0208756161841335,0.38854183276362764,-0.42148878637528575,1.3231207558650844,0.190525384928217,-0.4314525444183918,1.5351500728272445,0.40107815164998667,0.031729089164033226,1.2781011833260392,0.26899607183522734,-0.3452904327026266,1.5696653321089333,0.05700677788711541,0.05068301830120038,1.2824288563223074,0.22503181522255702,0.05658472865967955,1.2681862273753084,0.46749010563686194,-0.19982226538342357,0.6682160036848082,0.5405777688847472,-0.07137481150346876,1.0164796512647971,0.40247555629701803,-0.14013714466663388,0.6036821092596117,0.4029132874793564,-0.015059929720391317,1.1890503716784597,0.4020309873566722,-0.10080382097142422,1.0146538212599343,0.5272862552017565,-0.6100025696075515,1.014219335767607,0.30555462856955873,-0.2912385331479129,1.434709233163998,0.5923741023666811,-0.1470495660277392,1.0183546981274687,0.5482975382678555,-0.08690598498511788,0.8737697279611171,0.4257562125952828,-0.03708453876095892,0.48317489314158235,0.3824473429989341,-0.12690730807402276,1.378051612550849,0.13566067617460592,-0.005090512011496254,1.254729660141547,0.1302687661932004,0.06995937556324414,1.2055485895927378,0.2695394667568586,-0.2950692657405967,1.1134839010554434,0.40414475486768003,-0.5881576642690115,1.1320830271733517,1.0594425201416016,-19.089738845825195,3.873030424118042,-0.6929954290390015,-0.5962035059928894,-2.384795904159546,34.203338623046875,31.524700164794922,-174.70921325683594,-30.04876708984375,19.29640007019043,30.409244537353516,-2.2240638732910156,24.41468620300293,-2.2987003326416016,-3.70735764503479,0.3122490346431732,2.6204590797424316
0.19635730451404654,-0.4171027336392971,1.3906115481000862,0.18726680773180843,-0.27418353512192406,1.304252674248045,0.035386702181487685,-0.5210790422973254,0.078368779580226,0.31582915200697664,-0.5058804818533904,0.903800992480177,0.07080023699988988,-0.30608734246713437,1.5336570783166696,-0.09775029147500233,-0.43937303303488046,1.004201860025229,0.15302276307877327,-0.22688556499532517,1.5726277776901296,-0.04779664984602012,-0.14909296152212761,1.1546271115738824,-0.08107529505347179,-0.304099956144955,1.0817769317832213,0.10542947576930191,-0.5764180767220377,0.09088659253193448,0.13860922464669145,-0.3768139663121558,0.5202102013771107,0.14152000244978247,-0.4864506010484222,0.04809655298460398,-0.0041738168289422286,-0.4379395965412753,0.9707582772567572,0.24654145464794525,-0.32195467768323344,0.46388506366322374,0.4453510138274029,-0.6506625596458548,0.9800960850834057,0.053949664211184384,-0.4170530153722163,1.3216946701340329,0.17093362400172563,-0.4171503748720055,0.5832005796448284,0.08765105288845815,-0.4023268586456381,0.41386239605628894,0.0728359262008738,-0.3419788180794937,0.0815363275812359,-0.045069131556133554,-0.43839231612074453,1.162836734624888,0.0021074744142262057,-0.21086011076999817,1.1180981314734908,-0.05776429892400439,-0.1796844375399959,1.0626213244649747,0.5224708688772277,-0.14636849737818666,0.5805785335254985,0.574552568674877,-0.4210390191007134,1.0204555664630914,0.38873087891087627,-0.42127045441344874,1.3226906426300276,0.1907695032014752,-0.431246761898726,1.5345503093785797,0.4013737345373394,0.03214400160490283,1.2782411014796882,0.2692617614142942,-0.3450406395540332,1.569013856302034,0.05731634933822203,0.05141198445136185,1.2814841787546676,0.2253584126812338,0.05719567633647201,1.2677988597494088,0.46817482351664674,-0.19954742145854115,0.6670699684035699,0.5415490842023433,-0.07128053833267942,1.015326692963278,0.4031982481084912,-0.1397757563024562,0.6025593191977368,0.4034349680538999,-0.01436366853365883,1.1891126549796553,0.40301186769016534,-0.10050256433125758,1.0135860320748082,0.527657973549224,-0.6099467716667036,1.0138646766839439,0.30569676556531955,-0.29106683821867635,1.4341027774163428,0.5932300330589939,-0.14695703028547052,1.017246022524423,0.5491665553375585,-0.08684892216018888,0.8726185904630762,0.4266318124256387,-0.03678767484248868,0.4820095463995112,0.38252549430984534,-0.1266772390546783,1.377850348388912,0.13599166098908083,-0.0043728064278461265,1.2538656464080937,0.13082821353875249,0.07087641754588546,1.2049251157321677,0.26988281072764997,-0.29497794629327506,1.1128801962003012,0.40450944593607985,-0.5880493798003291,1.1317373752988726,1.2640571594238281,-19.32437515258789,4.090364456176758,-0.6137547492980957,-0.4456223249435425,-2.4320437908172607,33.670196533203125,31.104280471801758,-174.27894592285156,-29.90362548828125,19.217424392700195,30.362926483154297,-2.165597915649414,24.472139358520508,-2.103302001953125,-3.751483917236328,0.33577272295951843,2.6241588592529297
0.19664025040257055,-0.4168408181493646,1.3898164294413384,0.18756732275549148,-0.2739902002527224,1.3033829351134647,0.03546482359139335,-0.5210409981525497,0.07838435278625677,0.3163502853832497,-0.505719478556652,0.9032672438400471,0.07117115005554742,-0.3057791908450474,1.532886277760891,-0.09721583868099366,-0.44030939901111926,1.0031876800865527,0.15331094549191707,-0.22661252684940567,1.5718069921266165,-0.04713606424876399,-0.1490444443281123,1.151713699694501,-0.08062495641558377,-0.30455179482895806,1.0798647672135309,0.10549525960983819,-0.5763651957575059,0.09092760949537454,0.13887363938701072,-0.3766042673035173,0.5201561699639883,0.1415634368429121,-0.48640903613425246,0.04809541245367353,-0.003676749042710246,-0.4391534288987418,0.9697972559771001,0.24667420253058933,-0.3217688108122112,0.46384473845658714,0.4458156462931475,-0.6506248527015281,0.979638940451161,0.0542554814639865,-0.4169188988524557,1.320686877168567,0.1712484849209817,-0.4169694370781349,0.583124451684636,0.08782586652711527,-0.40218514519811466,0.413895659888817,0.07283632042786933,-0.3419685632187799,0.08151992129174289,-0.044609656273726615,-0.4387069737279652,1.1617818526084849,0.002675124522705622,-0.2110481694439389,1.1155115263351543,-0.05724784048483863,-0.18024927308622574,1.0599335195212964,0.5233991817133316,-0.14619374324549114,0.5789768908986983,0.5752572977779716,-0.42102217891358384,1.0199433391457362,0.38895960990956285,-0.4209738667832305,1.3220880852629806,0.19109844223947714,-0.43096330525069837,1.5337441622816175,0.40174905847239967,0.032665620946528875,1.2784066073941869,0.26961320362343694,-0.3447745983174305,1.5681566134193876,0.05777889909531105,0.05240214877570698,1.2802444712215701,0.2258034726444459,0.05798085130109689,1.2672792933634576,0.46909227651476065,-0.1991555548661592,0.6655317789671438,0.542812514778794,-0.07112585506494472,1.0137723179052998,0.40414899469211396,-0.13927659550249974,0.6010493355871037,0.40409046589144015,-0.01343160031351036,1.189185728300486,0.4042971667074999,-0.10007453547013519,1.0121467018759014,0.5281637543874071,-0.6099036695151929,1.0134241738856233,0.3058557952476653,-0.2907885883422877,1.4333063892970812,0.5943501931152596,-0.14683795389750146,1.0157686085100996,0.5503113905325631,-0.08683019017936378,0.8710638782046489,0.4278412512596079,-0.03639334867036107,0.4804570061086819,0.3825957212621803,-0.12631973219628367,1.3775601576495644,0.13642813225850361,-0.0034333106549765445,1.2527242030528998,0.1315643965013769,0.07206598634751422,1.2040631123725942,0.2702087645499122,-0.2949161592698255,1.1121405370977542,0.40498183401215154,-0.5878537241986256,1.1312358987252444,1.2298842668533325,-19.409513473510742,4.171332359313965,-0.5991197824478149,-0.4407249391078949,-2.4724936485290527,33.40774154663086,30.69466781616211,-174.18911743164062,-29.803014755249023,19.215213775634766,30.311098098754883,-2.131155014038086,24.455860137939453,-2.605862617492676,-3.7094881534576416,0.27262964844703674,2.6405370235443115
0.1969231962910946,-0.416578902659432,1.3890213107825904,0.18786783777917457,-0.2737968653835208,1.3025131959788847,0.035542945001299016,-0.521002954007774,0.07839992599228755,0.31687141875952285,-0.5055584752599135,0.9027334951999172,0.07154206311120498,-0.3054710392229604,1.5321154772051122,-0.09668138588698495,-0.4412457649873582,1.0021735001478764,0.15359912790506092,-0.22633948870348614,1.5709862065631033,-0.0464754786515078,-0.148995927134097,1.1488002878151193,-0.08017461777769572,-0.30500363351296117,1.0779526026438404,0.10556104345037448,-0.5763123147929741,0.09096862645881461,0.13913805412733002,-0.37639456829487883,0.5201021385508657,0.14160687123604168,-0.4863674712200828,0.048094271922743084,-0.003179681256478221,-0.4403672612562085,0.968836234697443,0.2468069504132334,-0.32158294394118897,0.46380441324995053,0.44628027875889215,-0.6505871457572014,0.9791817958189162,0.05456129871678866,-0.41678478233269506,1.3196790842031012,0.17156334584023777,-0.41678849928426426,0.5830483237244436,0.08800068016577241,-0.4020434317505912,0.41392892372134504,0.07283671465486485,-0.3419583083580661,0.08150351500224988,-0.044150180991319635,-0.43902163133518585,1.160726970592082,0.0032427746311850863,-0.21123622811787965,1.1129249211968175,-0.056731382045672823,-0.1808141086324556,1.057245714577618,0.5243274945494355,-0.1460189891127956,0.5773752482718979,0.5759620268810663,-0.42100533872645424,1.0194311118283808,0.3891883409082495,-0.4206772791530123,1.3214855278959337,0.19142738127747908,-0.4306798486026707,1.532938015184655,0.40212438240746,0.033187240288154965,1.2785721133086856,0.2699646458325797,-0.3445085570808278,1.567299370536741,0.05824144885240012,0.05339231310005219,1.2790047636884727,0.226248532607658,0.05876602626572184,1.2667597269775062,0.4700097295128747,-0.19876368827377724,0.6639935895307174,0.5440759453552448,-0.07097117179721002,1.0122179428473215,0.40509974127573684,-0.13877743470254322,0.5995393519764705,0.40474596372898053,-0.01249953209336181,1.189258801621317,0.40558246572483453,-0.09964650660901275,1.0107073716769945,0.5286695352255903,-0.6098605673636822,1.0129836710873028,0.30601482493001103,-0.290510338465899,1.4325100011778193,0.5954703531715254,-0.14671887750953239,1.0142911944957758,0.5514562257275676,-0.08681145819853868,0.8695091659462215,0.4290506900935773,-0.03599902249823343,0.4789044658178525,0.38266594821451516,-0.12596222533788903,1.377269966910217,0.13686460352792645,-0.0024938148821068828,1.2515827596977056,0.13230057946400137,0.0732555551491431,1.2032011090130206,0.27053471837217447,-0.29485437224637595,1.111400877995207,0.40545422208822324,-0.587658068596922,1.130734422151616,1.0668394565582275,-19.196861267089844,4.219638824462891,-0.6795735359191895,-0.579898476600647,-2.4599239826202393,33.28553771972656,30.451160430908203,-174.56829833984375,-29.711673736572266,19.226713180541992,30.282808303833008,-2.1789965629577637,24.36037826538086,-2.8025593757629395,-3.6487584114074707,0.24878911674022675,2.650092363357544
0.19719900052673767,-0.41633381462649793,1.388223902673911,0.18815783278042117,-0.27359987025624083,1.3016190970970305,0.035624871190810044,-0.5209689221240037,0.07842655652603565,0.3174365753961714,-0.5054054106308135,0.9021969648781202,0.07188012899941955,-0.3051768389363952,1.5313400863022204,-0.09615894411968082,-0.4421889334917068,1.0011773553510377,0.15390446831453714,-0.22606286756842342,1.5701518789032438,-0.04579391453834563,-0.1489355835002779,1.14586533221188,-0.07968555380966492,-0.30545323139784347,1.0760520570325536,0.10563684578072156,-0.5762609334181477,0.09099841581669864,0.1394078977258,-0.376191022182932,0.5200516214433885,0.14165022406751746,-0.48633109477182096,0.04809296612214568,-0.0027535861051203626,-0.44150101437868655,0.9678546942227724,0.24693728006438703,-0.3214079519573427,0.46374939836018925,0.446733160622862,-0.6505461591758476,0.9787369512564299,0.054862166465019534,-0.41664511389684994,1.3186696886226832,0.17186960415137523,-0.41660871193898436,0.5829717722160137,0.08815952560660854,-0.4019087411907335,0.413964691639736,0.07283808118262827,-0.341947057586632,0.08148537445443356,-0.04369703246070852,-0.4393314467558008,1.1596933117765464,0.003823978831029361,-0.21141585446154043,1.1103097093815837,-0.056227314538809664,-0.18138312957934194,1.0545333896251705,0.5252814950137737,-0.14579931454153253,0.5757591134270297,0.5766539121700438,-0.42099255372751626,1.0189096809223,0.38941846274776964,-0.4204031080994385,1.3208858094468023,0.19176809953537996,-0.43039158124797394,1.5321306661264786,0.4025019042144548,0.033688063554416406,1.2787340133395415,0.27031526670155936,-0.34423507513194684,1.5664338970815899,0.05869227340629951,0.05440085813008391,1.2777667961373236,0.2267019934212135,0.0595307321170505,1.2662624712811401,0.4709430655698902,-0.19836865937867704,0.6624146593327555,0.5453569531835467,-0.070807943157605,1.0106488924152806,0.4060832842296322,-0.138242170708069,0.598010085473787,0.40543117004119794,-0.011615584175787065,1.1893260940810702,0.40686178927784716,-0.09920631719148713,1.0092412778083852,0.5291683504123561,-0.6098707464357086,1.0125385779418692,0.3061768595153922,-0.2902559246251125,1.4316969687575536,0.5966036947357732,-0.14662117313667639,1.0128076562028847,0.5526236749642731,-0.08677233294244634,0.8679328470040631,0.4302721199215642,-0.0355889170079042,0.4773181647259669,0.3827318280737921,-0.12563506013016829,1.3769679282674727,0.13730899915592557,-0.0015382276410823392,1.2504378020368665,0.13305288444686406,0.07444482346046834,1.2023438906038044,0.2709322260902417,-0.2947714020874327,1.110624095462016,0.4059216248870685,-0.5874713761917013,1.130234845821431,1.0973939895629883,-19.062509536743164,4.4519572257995605,-0.7132072448730469,-0.6136894226074219,-2.419285297393799,33.18350601196289,30.31473159790039,-174.97569274902344,-29.65946388244629,19.225200653076172,30.300756454467773,-2.1854662895202637,24.35067367553711,-2.339489221572876,-3.7214157581329346,0.2884785830974579,2.6278157234191895
0.19745719689407096,-0.4161302149789223,1.3874208498869511,0.18842189048497093,-0.2733938506995605,1.3006649388382767,0.03571617813003774,-0.5209447825389193,0.07848044909191447,0.31811027214029763,-0.5052719189236495,0.9016535762722129,0.07213720962997304,-0.30491703590809904,1.5305533778193772,-0.09566611574580339,-0.4431488737463951,1.0002256765073498,0.15425211205979847,-0.2257774125118524,1.5692841629713576,-0.04506062753251847,-0.14884608157521842,1.1428772601860249,-0.07910101187248894,-0.3058973045538593,1.0741801581635382,0.10573734887042976,-0.5762132493075945,0.09100052331950491,0.13969112626764157,-0.37600264614386275,0.5200097689170711,0.14169337580732952,-0.4863075105757113,0.04809125284633494,-0.0025024752087107844,-0.44243733076662417,0.9668225633190168,0.24706164752410736,-0.3212597721953266,0.4636581658034135,0.4471570711755595,-0.6504970865928574,0.9783224327280032,0.05515083112439374,-0.41649175711617564,1.317656341767469,0.1721546525838754,-0.41643176104454016,0.5828941764421021,0.08827900118040327,-0.4017913656814998,0.4140066334249958,0.07284184493469877,-0.3419333513801461,0.08146295806282008,-0.04325948264573189,-0.4396293236818535,1.158711979128667,0.004438600876824982,-0.21157469074951102,1.1076239673112402,-0.055753797089175286,-0.18196246970370905,1.0517606101683434,0.5262988287684144,-0.14546888785449086,0.5741072477686484,0.5773141308138702,-0.42098976686498185,1.018365558409533,0.38965201372934494,-0.4201842055020743,1.320293090398738,0.19213785966303173,-0.4300914530130412,1.531320353612205,0.40288484491259846,0.03413761373831341,1.2788870230021065,0.2706638625422061,-0.3439432479786557,1.565548131008022,0.05911418926957624,0.05545472110689474,1.276533118541667,0.22717616667613288,0.06024497101663161,1.265820222974613,0.4719155615824737,-0.1979658337717025,0.6607352820847998,0.5466812980293438,-0.07062364575631966,1.0090436595954642,0.4071476871998894,-0.13761789366504215,0.5964332766682897,0.40618962310994694,-0.010850277693868189,1.1893791337281663,0.408126380220549,-0.0987361457124846,1.007709197650682,0.5296499916654549,-0.6100122912830075,1.0120821672164841,0.306346302741016,-0.2900602789410692,1.430842899526192,0.5977695355352187,-0.14657616183556468,1.0113090183955944,0.55384687951069,-0.08668292771457442,0.8663032564106367,0.431523113752043,-0.03513990733649163,0.47564862579699385,0.3827869901001848,-0.1253827027853159,1.376636678414629,0.13777293242662159,-0.0005429666078825392,1.2492841797948673,0.13384493854859017,0.0756333509077694,1.2014984695721935,0.27150615117210425,-0.2946362045427032,1.109755784470514,0.406376736398959,-0.587306782701947,1.1297399545742186,1.270214319229126,-19.165346145629883,4.664942264556885,-0.6849545240402222,-0.5215693712234497,-2.4003453254699707,33.055110931396484,29.93082618713379,-175.42507934570312,-29.682580947875977,19.233320236206055,30.27637481689453,-2.0806477069854736,24.45166778564453,-1.708268642425537,-3.8773868083953857,0.35273388028144836,2.572065830230713
0.19771539326140422,-0.4159266153313466,1.3866177970999913,0.18868594818952067,-0.27318783114288026,1.2997107805795227,0.03580748506926542,-0.5209206429538348,0.07853434165779329,0.31878396888442384,-0.5051384272164856,0.9011101876663057,0.0723942902605265,-0.3046572328798029,1.5297666693365337,-0.095173287371926,-0.4441088140010833,0.9992739976636622,0.15459975580505975,-0.22549195745528142,1.5684164470394717,-0.044327340526691385,-0.14875657965015893,1.1398891881601703,-0.078516469935313,-0.306341377709875,1.0723082592945226,0.10583785196013798,-0.5761655651970415,0.09100263082231118,0.13997435480948314,-0.3758142701047935,0.5199679163907538,0.14173652754714158,-0.48628392637960166,0.048089539570524205,-0.0022513643123012275,-0.4433736471545617,0.9657904324152612,0.2471860149838277,-0.3211115924333105,0.46356693324663784,0.4475809817282569,-0.6504480140098673,0.9779079141995765,0.05543949578376793,-0.41633840033550135,1.316642994912255,0.17243970101637554,-0.41625481015009597,0.5828165806681904,0.088398476754198,-0.4016739901722662,0.4140485752102555,0.07284560868676924,-0.3419196451736602,0.08144054167120662,-0.04282193283075531,-0.4399272006079061,1.1577306464807877,0.005053222922620552,-0.21173352703748158,1.104938225240897,-0.05528027963954095,-0.1825418098280761,1.0489878307115166,0.5273161625230548,-0.14513846116744922,0.5724553821102674,0.5779743494576965,-0.42098698000244744,1.017821435896766,0.38988556471092023,-0.41996530290471007,1.3197003713506736,0.19250761979068348,-0.42979132477810844,1.5305100410979315,0.4032677856107421,0.034587163922210375,1.2790400326646716,0.2710124583828528,-0.3436514208253646,1.564662364934454,0.05953610513285293,0.05650858408370548,1.2752994409460106,0.22765033993105221,0.060959209916212655,1.265377974668086,0.47288805759505714,-0.19756300816472794,0.6590559048368443,0.5480056428751408,-0.07043934835503435,1.0074384267756482,0.40821209017014654,-0.13699361662201537,0.5948564678627924,0.40694807617869594,-0.010084971211949376,1.1894321733752624,0.4093909711632507,-0.09826597423348209,1.006177117492979,0.5301316329185536,-0.6101538361303064,1.011625756491099,0.3065157459666397,-0.28986463325702594,1.4299888302948303,0.598935376334664,-0.14653115053445298,1.0098103805883043,0.5550700840571068,-0.0865935224867025,0.8646736658172103,0.43277410758252166,-0.034690897665079094,0.473979086868021,0.3828421521265775,-0.12513034544046353,1.3763054285617853,0.13823686569731752,0.0004522944253171758,1.2481305575528683,0.1346369926503162,0.07682187835507037,1.2006530485405829,0.27208007625396674,-0.2945010069979737,1.108887473479012,0.4068318479108494,-0.5871421892121927,1.1292450633270061,1.2655770778656006,-19.24764633178711,4.506634712219238,-0.7154262065887451,-0.5269456505775452,-2.422795057296753,32.9515266418457,29.05677032470703,-176.05950927734375,-29.719425201416016,19.269906997680664,30.15191650390625,-2.0111372470855713,24.433311462402344,-1.8138034343719482,-3.8522863388061523,0.3506251871585846,2.5388548374176025
0.1979683767140701,-0.4157134814076866,1.385811133100497,0.18895119275675704,-0.27298315032231096,1.2987471611689259,0.035885955188546745,-0.5209050701548722,0.0785805835999203,0.3194371542788499,-0.5050053292552367,0.900539804965455,0.07264842974971855,-0.30440108606357447,1.528979510858359,-0.09467625576040604,-0.44506717927211165,0.9983141964042423,0.154945361915211,-0.2251928576965206,1.567538662462045,-0.04357799150000347,-0.14868984045769204,1.1368706177007284,-0.07794365740769747,-0.3067844805634574,1.0704123194249262,0.10593265768707982,-0.5761241416465368,0.09100601799934116,0.14024939765499916,-0.3756269487422823,0.5199217776589046,0.14177407122013586,-0.4862590625092683,0.04808909401593619,-0.0020182911315871246,-0.44424286080117253,0.9647053426859395,0.24732482869992192,-0.32095522275626265,0.46346228520404426,0.4480112569024231,-0.6503911002582272,0.9774841426421476,0.05574103312209149,-0.4161931322209093,1.3156307055460696,0.1727240477374058,-0.41607805331613845,0.5827324037125569,0.08854209949934719,-0.40155487936853573,0.414073045926773,0.07284662184237645,-0.34190384367641236,0.0814197129193718,-0.04237726535524755,-0.4402216856941482,1.1567540612836547,0.005618114639628691,-0.21196106776891163,1.1022900802804936,-0.05477371249372598,-0.18312092073607128,1.0461949027137252,0.5283425749335068,-0.14481879218129923,0.5707759148632454,0.5786418580258919,-0.42099457115724387,1.0172647810140194,0.3901187472588179,-0.41974338252615456,1.3191034448462606,0.19285908338940697,-0.42950025551169124,1.529689288691969,0.4036522422306585,0.035031927632328284,1.2791927273305046,0.2713500068381133,-0.34335808056277156,1.563771277666092,0.05996955880611542,0.05757203512510516,1.274059137169099,0.22813550713441227,0.061693502787426586,1.2649093341353714,0.4738732744131656,-0.19712953225074226,0.657361390870928,0.5493301002197707,-0.07026618482261304,1.0058155541388405,0.40929398108397097,-0.13635925405862317,0.59323858573342,0.4077136532360355,-0.009337905141376966,1.1894747281311364,0.4106810346541815,-0.09780108035597582,1.0046417523693565,0.5306120254346077,-0.610239654680751,1.0111531346838996,0.30668044455398785,-0.2896575548790938,1.4291403185058114,0.600089022260628,-0.14645684453726604,1.0083035978655153,0.55628084623261,-0.0864846802729842,0.863018537988726,0.43403355288781864,-0.03420393053590266,0.47228901408958124,0.38291110369740733,-0.12486584876842848,1.375975134949021,0.13870201536164378,0.001452322486697031,1.246978150298264,0.13544072272465715,0.07802434300152668,1.1998090787439157,0.2725832508198473,-0.2943711390854507,1.108053294633398,0.4072883769080339,-0.586973872011071,1.1287416109186135,1.0279343128204346,-19.178342819213867,4.133403778076172,-0.8092395663261414,-0.6345515847206116,-2.465211868286133,33.101722717285156,28.221084594726562,-176.61964416503906,-29.698501586914062,19.31476402282715,30.041154861450195,-2.047828435897827,24.270275115966797,-2.4052557945251465,-3.6869919300079346,0.25967276096343994,2.553860664367676
0.1982081906981026,-0.41547626089181333,1.3849953460377573,0.18921943571393854,-0.27278185157191676,1.2977596399010412,0.03593199544691092,-0.5209111397629542,0.07860749765046385,0.32003852152666507,-0.5048732260205099,0.8999012266563264,0.07289513898705015,-0.30415417599362254,1.5281912155498731,-0.09416860544326289,-0.4460215656370517,0.99733387535771,0.1552858203156105,-0.22485928711117498,1.566635441306411,-0.04278806473640416,-0.14868060711598555,1.1337749985669623,-0.07740047707265575,-0.30722513212668184,1.0684556443959672,0.10601307007650666,-0.5760985342477332,0.0910126380375679,0.1405037608466401,-0.3754422918258124,0.5198648106183438,0.14179744714537992,-0.4862309657777382,0.0480918511254898,-0.0018307869168405488,-0.44494255173285274,0.963486462239398,0.2475001382215923,-0.32077816276755555,0.4633237454078055,0.4484576111202998,-0.6503143772384189,0.9770369950114497,0.0560750909124976,-0.4160682986311565,1.314621087731115,0.17300662171366987,-0.4159017867402525,0.5826316006136256,0.08874672562476026,-0.4014313846629187,0.41405337920646795,0.07284068612270797,-0.34188274881302916,0.08140289504697781,-0.04191461642155584,-0.4405076019219215,1.1557894696463022,0.0060573718418052685,-0.2123621776206604,1.0997369174925697,-0.05418365137861264,-0.1836994525711268,1.0433510731387612,0.5293919228954821,-0.14452630054477034,0.5690267172870257,0.5793277832451246,-0.4210283804610865,1.0166764654071125,0.3903509990268985,-0.41951383827932626,1.3184958889784402,0.1931643241782062,-0.4292320720604713,1.5288421618227928,0.4040405285476849,0.03546459919816217,1.27934462621512,0.2716596461092399,-0.343060917708258,1.562866747379303,0.06043216063092087,0.05865970864546616,1.2728020935658588,0.22864844852330668,0.062478458323818174,1.2643740185049195,0.47489062800312676,-0.19661862398220215,0.6556286367754273,0.5506548417719784,-0.07012114895890091,1.0041481177538436,0.41042005206575455,-0.13569941228588686,0.5915169394174159,0.40849722773823516,-0.008636920109995642,1.1894907947407654,0.4120354498459014,-0.09734951936646012,1.003098088384464,0.5310892632465489,-0.6101846910075636,1.0106395585647483,0.30683315668674493,-0.2894215939060742,1.428305846571133,0.6012118600851653,-0.1463085308868364,1.0067762385140981,0.5574601750500154,-0.08632673409502238,0.8612988950400953,0.4353143492873931,-0.03362107088184909,0.4705470663230151,0.3830148920120782,-0.12457068432245823,1.3756472571006675,0.1391702380204043,0.0024643935666370286,1.245828812485499,0.1362739499929725,0.07926201741426986,1.1989687752250016,0.272907687240089,-0.294254735506923,1.1073053443668694,0.4077484869206978,-0.5867961475391261,1.128216530313555,0.8945083618164062,-19.132646560668945,4.076708793640137,-0.7779856324195862,-0.6154416799545288,-2.4894518852233887,33.619110107421875,27.49020767211914,-177.35997009277344,-29.66740608215332,19.352001190185547,29.938859939575195,-2.1131513118743896,24.244096755981445,-2.5954437255859375,-3.6349992752075195,0.21564286947250366,2.600853681564331
0.1984480046821351,-0.41523904037594006,1.3841795589750177,0.18948767867112,-0.27258055282152255,1.2967721186331567,0.035978035705275094,-0.5209172093710362,0.07863441170100739,0.32063988877448024,-0.504741122785783,0.8992626483471978,0.07314184822438173,-0.3039072659236706,1.5274029202413875,-0.09366095512611979,-0.4469759520019916,0.9963535543111777,0.15562627871600995,-0.2245257165258294,1.565732220150777,-0.04199813797280492,-0.14867137377427903,1.1306793794331962,-0.07685729673761409,-0.30766578368990627,1.0664989693670084,0.10609348246593349,-0.5760729268489294,0.09101925807579464,0.14075812403828103,-0.37525763490934244,0.5198078435777829,0.14182082307062402,-0.4862028690462081,0.048094608235043405,-0.001643282702093989,-0.4456422426645329,0.9622675817928568,0.24767544774326267,-0.32060110277884846,0.46318520561156684,0.44890396533817645,-0.6502376542186106,0.9765898473807518,0.05640914870290368,-0.4159434650414037,1.3136114699161605,0.17328919568993398,-0.4157255201643666,0.5825307975146944,0.08895135175017331,-0.40130788995730166,0.4140337124861629,0.07283475040303951,-0.34186165394964596,0.0813860771745838,-0.041451967487864165,-0.44079351814969486,1.1548248780089498,0.006496629043981808,-0.2127632874724091,1.0971837547046461,-0.05359359026349936,-0.1842779844061823,1.0405072435637974,0.5304412708574573,-0.14423380890824147,0.5672775197108061,0.5800137084643572,-0.42106218976492915,1.016088149800206,0.39058325079497913,-0.4192842940324979,1.31788833311062,0.19346956496700546,-0.42896388860925144,1.5279950349536164,0.4044288148647112,0.03589727076399601,1.2794965250997354,0.27196928538036663,-0.3427637548537444,1.561962217092514,0.06089476245572628,0.059747382165827055,1.2715450499626186,0.22916138991220106,0.0632634138602097,1.263838702874468,0.4759079815930878,-0.19610771571366206,0.6538958826799267,0.551979583324186,-0.06997611309518878,1.002480681368847,0.4115461230475381,-0.13503957051315058,0.5897952931014119,0.40928080224043484,-0.007935935078614379,1.1895068613503943,0.4133898650376212,-0.09689795837694448,1.0015544243995718,0.53156650105849,-0.6101297273343762,1.0101259824455968,0.306985868819502,-0.28918563293305455,1.4274713746364542,0.6023346979097025,-0.14616021723640676,1.005248879162681,0.5586395038674209,-0.08616878791706058,0.8595792520914647,0.43659514568696745,-0.033038211227795565,0.468805118556449,0.3831186803267492,-0.12427551987648801,1.3753193792523137,0.13963846067916477,0.00347646464657694,1.2446794746727343,0.13710717726128777,0.08049969182701294,1.1981284717060872,0.27323212366033073,-0.2941383319283953,1.1065573941003408,0.4082085969333617,-0.5866184230671814,1.1276914497084964,0.9765375852584839,-19.12527084350586,4.401792049407959,-0.6165722608566284,-0.48583707213401794,-2.4657983779907227,34.19655990600586,26.837621688842773,-178.402587890625,-29.698348999023438,19.400169372558594,29.80715560913086,-2.0921783447265625,24.40416145324707,-2.339643955230713,-3.744715452194214,0.3052915036678314,2.6438651084899902
0.1986889722726203,-0.4150012423660582,1.3833520230868004,0.1897742688063754,-0.27237955801534336,1.2957833705358948,0.03601727072174186,-0.5209231408226569,0.07865309922505688,0.32120349509826557,-0.5046195249683809,0.898620140868307,0.07341629789759781,-0.3036512900267216,1.526602025063622,-0.09315257396129584,-0.4479305594172699,0.9953780853195696,0.1559525415400006,-0.22420672559185534,1.564828004268621,-0.041249594250262187,-0.14867392379716532,1.1275756256469829,-0.07631073709552652,-0.30812201377571813,1.0645292634206103,0.10615790877121174,-0.5760537906987777,0.09102856802032483,0.14101552667207276,-0.3750673577880228,0.5197397521789501,0.14184177573153514,-0.4861794834500117,0.04809540041432475,-0.0013941076691324134,-0.4464712729122465,0.9611130767310692,0.2478621524098693,-0.32042511212115254,0.4630555050657285,0.4493597528792375,-0.6501691155875755,0.9761288288413295,0.056743396458444215,-0.41581497859481154,1.3125967789959434,0.17358415539296257,-0.41555132593540167,0.5824209589831877,0.08915511232535571,-0.40118805087165327,0.41401104500751623,0.07282683697362609,-0.34184525640595037,0.08136715725162962,-0.041003422256534465,-0.4410976627409853,1.1538456528392058,0.006966135560208002,-0.21313369895843481,1.0945828008335947,-0.053031585962567115,-0.18487679070194826,1.0376571251067106,0.5314868001748394,-0.14392638117667067,0.5654920311953059,0.5806913056120967,-0.42108337709445826,1.0154823491115443,0.3908197246245201,-0.4190436558218192,1.3172671715944808,0.19377641942327387,-0.4286974597450913,1.5271590600740041,0.40481449002461717,0.03631341501774377,1.2796399909139469,0.27228410275566656,-0.3424622041500167,1.561066606186873,0.06137243680507931,0.06083617889821923,1.2702820269477288,0.2296753522773452,0.06405581464830612,1.263317236047707,0.4769160925157812,-0.19558879851505456,0.6521388572572873,0.5532937697227427,-0.06982325204950295,1.0007931072980363,0.4126664080367183,-0.13435865435379232,0.5880551946084231,0.41004701876482424,-0.007228415419304416,1.189524099526816,0.41474363365710176,-0.09644188174348793,0.999960510146539,0.5320421417817375,-0.6100725918416156,1.0096049016674622,0.30713540059051764,-0.28897578905749793,1.4266318738065809,0.6034718211123485,-0.1460478242659411,1.003702410009523,0.5598279233799864,-0.08602812994789603,0.8578402009231365,0.43788442489327184,-0.03243923078704355,0.46704041365756105,0.3832268592537634,-0.12399657638065073,1.3749804378345312,0.1401103044187786,0.004498521319362295,1.2435447151297765,0.1379426150329855,0.08175086965229336,1.197295949159079,0.2735418712855964,-0.29401403961592165,1.1058204300356227,0.4086672148562425,-0.5864466503755936,1.1271517797811141,1.1073057651519775,-19.071868896484375,4.730920791625977,-0.5264187455177307,-0.42871755361557007,-2.394070625305176,34.58521270751953,26.043466567993164,-179.50619506835938,-29.787574768066406,19.47750473022461,29.639204025268555,-2.0502171516418457,24.485950469970703,-2.2355682849884033,-3.8303377628326416,0.38339439034461975,2.6521353721618652
0.19893292687981332,-0.41476194905918956,1.382494066132615,0.19010836502771503,-0.2721793502075783,1.2947914458268526,0.03603888502258141,-0.5209287145477257,0.07865048592157711,0.3216693276009023,-0.5045251286779808,0.8979674596462819,0.07376257548515763,-0.3033718401134409,1.525768505224329,-0.09264230042301269,-0.448885739195031,0.9944151796844622,0.15624204796078978,-0.22392548554089686,1.5639212127552917,-0.040608203044741,-0.14870698431765797,1.1244508089213974,-0.07575542746198101,-0.30861858110751533,1.062525816705843,0.10618094253717669,-0.5760514104603142,0.09104484290081934,0.14128079929000492,-0.3748625283505743,0.5196428566381631,0.14185645386872703,-0.48616829632923303,0.048091104827722574,-0.0009852492675784478,-0.4476351996032607,0.9601252579333767,0.24807836236247163,-0.32025189026696793,0.46294869186467685,0.4498399659892581,-0.6501217686774715,0.9756318945561024,0.057078136087993496,-0.4156770338581887,1.3115689523567429,0.1739111852813635,-0.41538249760471435,0.5822877251351906,0.08935663174369081,-0.40107767723056653,0.4139806077081636,0.07281380268862311,-0.34184102156501733,0.08134279451918917,-0.04059139554024929,-0.44144900577352536,1.1528285372730913,0.007513966193169768,-0.21342462360464182,1.0918581021937315,-0.052542228769782394,-0.18552809336919654,1.0347907229369842,0.5325224419303287,-0.14358027962758055,0.5636125750691686,0.5813473390032913,-0.4210718825262114,1.0148312745504822,0.39106713057748527,-0.4187742921690278,1.3166107811675167,0.19408745212566772,-0.4284355740081396,1.5263519608816565,0.40519340415269334,0.03668676533841137,1.2797616210994343,0.2726123277221294,-0.3421492920510027,1.560194090107419,0.06188913822692156,0.061927883947477766,1.2690035215276756,0.2301919582417074,0.06486749332028109,1.2628316277305023,0.47790027153215653,-0.19504914390823702,0.6503189864340209,0.5545806258127388,-0.06965012937192097,0.9990533910050299,0.41377171143790736,-0.13362317058621656,0.5862673181571709,0.41076829052524055,-0.006503975741250717,1.1895443712243972,0.4160957281163196,-0.09597411281768457,0.9982364835920714,0.5325136471860455,-0.61000983288746,1.0090643891830318,0.30727669749631,-0.288833569809301,1.4257793517302204,0.6046459332404547,-0.14602844019895359,1.002106460119715,0.561039881299663,-0.0859322360907959,0.8560508963288062,0.439195668509859,-0.031798509023590237,0.4652167840410543,0.383346406730595,-0.12375963355926489,1.3746128496744776,0.14059152417131604,0.005546433545050724,1.242447702892569,0.1387837764295126,0.08303701167075042,1.1964835737714705,0.2738135854238706,-0.293869321117338,1.105111912386307,0.4091219693323634,-0.5862902885438591,1.1265743339298577,1.0849785804748535,-19.0040225982666,4.56324577331543,-0.6504725217819214,-0.5236052870750427,-2.356377363204956,34.797306060791016,24.787513732910156,-181.0554656982422,-29.938222885131836,19.618061065673828,29.420366287231445,-2.107560157775879,24.42059898376465,-2.4485232830047607,-3.773010492324829,0.34467557072639465,2.6513419151306152
0.19917688148700638,-0.41452265575232095,1.3816361091784295,0.19044246124905465,-0.2719791423998132,1.2937995211178104,0.036060499323420966,-0.5209342882727945,0.07864787261809734,0.32213516010353893,-0.5044307323875806,0.8973147784242567,0.07410885307271749,-0.3030923902001602,1.5249349853850358,-0.0921320268847295,-0.4498409189727922,0.9934522740493548,0.15653155438157895,-0.2236442454899384,1.5630144212419623,-0.03996681183921976,-0.1487400448381506,1.1213259921958116,-0.07520011782843547,-0.3091151484393126,1.060522369991075,0.10620397630314164,-0.5760490302218507,0.09106111778131384,0.14154607190793714,-0.3746576989131258,0.5195459610973763,0.1418711320059189,-0.48615710920845434,0.04808680924112039,-0.0005763908660244472,-0.448799126294275,0.9591374391356841,0.24829457231507396,-0.3200786684127833,0.46284187866362514,0.45032017909927874,-0.6500744217673674,0.9751349602708753,0.05741287571754281,-0.4155390891215659,1.310541125717542,0.1742382151697645,-0.415213669274027,0.5821544912871935,0.08955815116202594,-0.4009673035894798,0.413950170408811,0.07280076840362013,-0.34183678672408424,0.08131843178674875,-0.040179368823964084,-0.44180034880606545,1.1518114217069766,0.008061796826131581,-0.21371554825084887,1.089133403553868,-0.05205287157699763,-0.1861793960364449,1.0319243207672575,0.533558083685818,-0.1432341780784904,0.5617331189430314,0.582003372394486,-0.4210603879579645,1.01418019998942,0.39131453653045045,-0.4185049285162364,1.3159543907405524,0.1943984848280616,-0.4281736882711878,1.5255448616893086,0.4055723182807695,0.037060115659079004,1.2798832512849214,0.2729405526885923,-0.3418363799519886,1.5593215740279647,0.06240583964876385,0.06301958899673639,1.2677250161076223,0.23070856420606967,0.06567917199225613,1.2623460194132976,0.47888445054853196,-0.19450948930141942,0.6484991156107542,0.555867481902735,-0.06947700669433897,0.9973136747120233,0.41487701483909656,-0.13288768681864077,0.5844794417059185,0.4114895622856569,-0.0057795360631969555,1.1895646429219782,0.41744782257553753,-0.09550634389188117,0.9965124570376036,0.5329851525903537,-0.6099470739333045,1.0085238766986013,0.30741799440210227,-0.28869135056110407,1.42492682965386,0.6058200453685608,-0.14600905613196608,1.0005105102299066,0.5622518392193396,-0.08583634223369574,0.8542615917344757,0.4405069121264464,-0.03115778726013687,0.4633931544245474,0.3834659542074267,-0.12352269073787904,1.3742452615144236,0.14107274392385355,0.006594345770739243,1.241350690655361,0.13962493782603977,0.08432315368920759,1.195671198383862,0.2740852995621447,-0.2937246026187543,1.1044033947369911,0.40957672380848437,-0.5861339267121246,1.125996888078601,1.0496329069137573,-19.161800384521484,4.2125020027160645,-0.7566947937011719,-0.5907472372055054,-2.4185848236083984,34.97779846191406,23.568172454833984,-182.532470703125,-30.058021545410156,19.7468318939209,29.199413299560547,-2.19805645942688,24.336894989013672,-2.636319160461426,-3.6700093746185303,0.29946061968803406,2.641752004623413
0.19939923163084006,-0.4143057349107123,1.3808615632009822,0.190746343515764,-0.27180314157774904,1.2929013306336687,0.03607961456507247,-0.52093737616839,0.07864410799021358,0.3225608719697851,-0.5043411503564443,0.8967016262329177,0.07442338680786803,-0.3028416982944438,1.52417961177447,-0.09167808072259094,-0.4507131436901377,0.992574418518717,0.15679450367657555,-0.2233844240078863,1.5621888696752637,-0.039378440581163424,-0.14876879043630417,1.1184734226457331,-0.07469501597991841,-0.3095676221496222,1.0587006493514737,0.10622913021569615,-0.5760425304537578,0.09107075677259474,0.14178621620926637,-0.3744744413735851,0.5194579613524557,0.14188611273043203,-0.48614703202681825,0.04808173920737197,-0.00016573874095017883,-0.44990294258918195,0.9582636374116733,0.2484921059811747,-0.3199121740381449,0.46274300871898005,0.45074345151714934,-0.6500270965675644,0.9746869338663998,0.05771072310031645,-0.41541024914245733,1.309612580285167,0.17454117511874004,-0.4150608170111448,0.5820291328509122,0.0897449923814922,-0.4008713591572465,0.4139196815474933,0.07279028643588752,-0.3418357487249848,0.08129607590026414,-0.03980224650501218,-0.44211199183929834,1.1508797036101486,0.008588112423517162,-0.21394026869081503,1.0866204020598076,-0.05160548141386532,-0.18678111644671452,1.0293056005673693,0.5345137664024404,-0.14289550280926244,0.5600168917155424,0.582606524919832,-0.421053183887968,1.0135764864501575,0.3915395184561906,-0.41826635278415997,1.315356726678002,0.19467008348233653,-0.42793494571518426,1.5248059979732462,0.4059242410770315,0.03739943847504278,1.2799950575591712,0.27323340071945,-0.3415547469692514,1.558527920617173,0.06287813434587015,0.06401226216840825,1.2665602400997618,0.2311707627990388,0.06641072337053075,1.2619123421362695,0.47977039316632103,-0.19401052658328946,0.6468312765983556,0.5570427253348939,-0.06931715172450274,0.9957283349424009,0.41588526233932044,-0.13221158072451092,0.5828445577463567,0.4121546667833991,-0.005113592077607886,1.189586879401807,0.41866672705143493,-0.09507716909692382,0.9949254550483843,0.5334023008283401,-0.6099139766779956,1.0080269476435832,0.30754145086798446,-0.28856548188340586,1.4241655559729267,0.6068912126765346,-0.1459750813857609,0.9990535008394166,0.563369927224734,-0.0857369475905469,0.8526261914644809,0.441708505153656,-0.030567296179295173,0.4617203516971986,0.3835760142826876,-0.12332163843640823,1.3739034109162969,0.14151655682763517,0.00755255768963735,1.240349475121656,0.1403954281218794,0.08550190841717437,1.1949313462570013,0.27434156953499017,-0.2935814011274584,1.1037171735668814,0.4099853004742142,-0.5860034218489729,1.125484833654189,1.1215941905975342,-19.4837646484375,4.196009635925293,-0.6597810983657837,-0.5041797161102295,-2.4931933879852295,35.541316986083984,22.118703842163086,-184.4338836669922,-30.229095458984375,19.92430305480957,28.908510208129883,-2.15177845954895,24.36539649963379,-2.6332640647888184,-3.7206780910491943,0.36858800053596497,2.607088565826416
0.19956423174466517,-0.4141482027950666,1.3803084354526949,0.1909700214665457,-0.2716913992995458,1.292251961910172,0.0360920959405157,-0.5209338653166562,0.07863728711936648,0.3228800817830673,-0.5042643479953538,0.8961934056503094,0.07465365504389566,-0.302667345826989,1.5236316808801613,-0.09137365814076355,-0.45136516042892505,0.9919223323563077,0.15698695587401357,-0.22318145909056758,1.5615789732396208,-0.03893081318365029,-0.1487860818769758,1.1163435455979103,-0.0743231929789316,-0.3099030473374373,1.057361328838677,0.10625991215374296,-0.5760250952070123,0.09106278049432678,0.14195965625197682,-0.37434844741758133,0.5193935759020167,0.14190189668674344,-0.4861399012290879,0.04807461336847173,0.0002496749047414922,-0.4508471931053313,0.9576924991923452,0.2486400625958348,-0.3197635380637567,0.4626652245095234,0.4510155722794943,-0.6499798289987425,0.9743687356544646,0.05791063833710373,-0.4153055781560228,1.3089475813290932,0.17478024031942252,-0.4149503739464362,0.5819246800530036,0.08989286965487019,-0.40081371771578755,0.4138890558125957,0.07278657971036355,-0.34184319688784365,0.08127904727758951,-0.03951777949534506,-0.44231824941982495,1.150174676977246,0.009057315381009436,-0.21398924705603264,1.0846693602618793,-0.05126949463853774,-0.1872512185020952,1.0273443634146886,0.5352571942158882,-0.14257654093748687,0.5587339630190111,0.5830693027831071,-0.4210573691405997,1.0130984948960362,0.3917049747823879,-0.4181095049870725,1.3149149544191676,0.19483700266342288,-0.4277576377849705,1.5242482684305962,0.4062045141561142,0.03764843373306539,1.2800807858145,0.2734323390667012,-0.3413561458224492,1.5579436117450134,0.06323254937367723,0.06474205071957694,1.265697363986085,0.23148853455158258,0.06692957320552786,1.2616165181658916,0.4803955627987716,-0.19361958233331214,0.6455670129384427,0.5579216878935201,-0.06919251648795527,0.9945527946712166,0.41663587053879997,-0.13169309536352855,0.5816157993101916,0.41267067272931535,-0.004602927566561496,1.18961433148542,0.4195320726625177,-0.094750444176576,0.9937021909960059,0.5336751554975446,-0.6099596177505342,1.0076457127830052,0.3076175490751961,-0.2884830165383042,1.4236465053053091,0.6076891082801565,-0.14590237501835981,0.9979653153198444,0.5642388332758518,-0.08562825995170519,0.8513993372190868,0.4426190257072448,-0.03011014472865902,0.46044792580288774,0.3836608896192336,-0.12321585915143916,1.3736298818461943,0.14186107155108293,0.008272656066873585,1.239602556291795,0.14097831876862127,0.08639559870129386,1.1943840104223087,0.2745568422686975,-0.29344222660096275,1.103090139414301,0.4102712960432697,-0.5859415554842412,1.1251463637446726,1.175926923751831,-19.589162826538086,4.322216510772705,-0.5677276849746704,-0.4208112955093384,-2.483315944671631,36.166194915771484,20.861555099487305,-186.2217559814453,-30.417829513549805,20.107378005981445,28.703378677368164,-2.0525107383728027,24.395790100097656,-2.78757381439209,-3.8267440795898438,0.42141565680503845,2.57827091217041
0.1997292318584903,-0.4139906706794208,1.3797553077044076,0.19119369941732742,-0.2715796570213425,1.2916025931866753,0.03610457731595892,-0.5209303544649225,0.07863046624851937,0.3231992915963495,-0.5041875456342634,0.895685185067701,0.07488392327992333,-0.30249299335953417,1.5230837499858527,-0.09106923555893613,-0.45201717716771245,0.9912702461938985,0.15717940807145164,-0.22297849417324886,1.560969076803978,-0.038483185786137124,-0.14880337331764745,1.1142136685500872,-0.07395136997794473,-0.3102384725252524,1.05602200832588,0.10629069409178978,-0.5760076599602668,0.09105480421605884,0.1421330962946873,-0.37422245346157756,0.5193291904515778,0.14191768064305482,-0.4861327704313575,0.04806748752957148,0.0006650885504331987,-0.4517914436214807,0.9571213609730171,0.2487880192104949,-0.31961490208936844,0.46258744030006677,0.45128769304183936,-0.6499325614299206,0.9740505374425295,0.05811055357389103,-0.41520090716958835,1.308282582373019,0.17501930552010506,-0.4148399308817276,0.581820227255095,0.09004074692824818,-0.4007560762743287,0.41385843007769807,0.0727828729848396,-0.3418506450507025,0.08126201865491488,-0.039233312485677914,-0.44252450700035156,1.1494696503443433,0.009526518338501749,-0.21403822542125026,1.0827183184639508,-0.05093350786321013,-0.18772132055747587,1.025383126262008,0.5360006220293361,-0.1422575790657113,0.5574510343224797,0.5835320806463823,-0.42106155439323145,1.012620503341915,0.39187043110858527,-0.417952657189985,1.3144731821603333,0.19500392184450926,-0.4275803298547568,1.523690538887946,0.4064847872351969,0.037897428991088014,1.2801665140698288,0.27363127741395243,-0.341157544675647,1.5573593028728536,0.06358696440148433,0.06547183927074568,1.2648344878724078,0.23180630630412638,0.06744842304052501,1.2613206941955137,0.4810207324312223,-0.1932286380833348,0.6443027492785296,0.5588006504521464,-0.06906788125140778,0.9933772544000322,0.41738647873827955,-0.13117461000254613,0.5803870408740265,0.41318667867523157,-0.004092263055515063,1.1896417835690327,0.4203974182736005,-0.09442371925622817,0.9924789269436274,0.5339480101667493,-0.6100052588230727,1.007264477922427,0.3076936472824078,-0.28840055119320257,1.4231274546376917,0.6084870038837786,-0.1458296686509587,0.9968771298002723,0.5651077393269697,-0.08551957231286346,0.8501724829736924,0.44352954626083374,-0.02965299327802283,0.45917549990857676,0.38374576495577956,-0.12311007986647009,1.3733563527760917,0.14220558627453073,0.00899275444410988,1.238855637461934,0.14156120941536315,0.08728928898541344,1.193836674587616,0.2747721150024048,-0.2933030520744671,1.1024631052617206,0.4105572916123251,-0.5858796891195095,1.1248078938351562,1.1354525089263916,-19.25167465209961,4.361534595489502,-0.6528659462928772,-0.4746173322200775,-2.410926580429077,36.500789642333984,19.57338523864746,-188.22264099121094,-30.655242919921875,20.283205032348633,28.601009368896484,-2.0852880477905273,24.341096878051758,-2.8683321475982666,-3.7984166145324707,0.3685055673122406,2.598388433456421
0.19992087243605922,-0.4138118469754592,1.3791180260923526,0.19142888644278444,-0.27144554405417665,1.2908530412920265,0.03611686585211991,-0.5209295986503955,0.07862195478665908,0.32358419066233346,-0.5041201008076699,0.8951150534168775,0.0751270434714311,-0.3022767131691737,1.5224429791336818,-0.09071742447204151,-0.4527553807425972,0.9905435768579016,0.1574118709228686,-0.22274595124042587,1.560266489619451,-0.03798280235700658,-0.148830790985499,1.1117832952777282,-0.07355018611380598,-0.3106073604909,1.0545183234656885,0.10631380775412977,-0.5759970083931424,0.09105062277506519,0.14233392417825608,-0.37408252978167,0.5192552183242823,0.1419340441163802,-0.48613042764316333,0.048058784338614796,0.0010932862888928887,-0.45279455707957406,0.9564488459107102,0.2489475142087368,-0.31946074271833663,0.46250326408455705,0.45158894685719975,-0.6498877984403775,0.9736878429817049,0.05834324582671091,-0.41508674276190877,1.3075143201461692,0.175285959727322,-0.41471468415481366,0.5817069391541134,0.0902064719934337,-0.4006867086058421,0.4138229816954657,0.07277855543506066,-0.34185959063223653,0.0812403325805601,-0.038896160385269225,-0.4427564898074068,1.1487079562730347,0.009996192153567882,-0.21417607238750583,1.0805388590357952,-0.05055519669557252,-0.18826829987448568,1.0231658465025442,0.5368410836387154,-0.14189231711507636,0.5559846372004378,0.5840599029664172,-0.42108145721306073,1.0120827429341954,0.3920559160756749,-0.4177933181358489,1.3139608980014625,0.19521103819079744,-0.42737000943809156,1.5230469822094141,0.4067867968650843,0.03818182008254605,1.2802628787937542,0.27386065172833324,-0.34094158732733193,1.556676057790289,0.06399625302940012,0.06631624496338377,1.2638587351666382,0.232174731840361,0.06804166953788685,1.2609643659844305,0.48173989839111725,-0.19276972647929036,0.6428611987079217,0.5598045488856486,-0.0689178625035365,0.9920253597742675,0.41823898334771586,-0.13057521607307412,0.5789664156784285,0.41374239019605497,-0.003526064088885764,1.189675129407289,0.4214010219897655,-0.09404012240124067,0.991103155328738,0.534271409377357,-0.6100672649231967,1.0068435321580496,0.30778421876051565,-0.28829766553364056,1.4225246124709678,0.6093724531843172,-0.1457619767710073,0.995636100997988,0.566067231214599,-0.08539558475874119,0.848754571960462,0.44457497837527693,-0.029109128263612494,0.4577326507165733,0.38383660598701197,-0.122983936886519,1.3730538665064123,0.14259257892899163,0.009815049564330136,1.238009079007913,0.14222522977961605,0.08828982288967688,1.193209149584865,0.27506069197559985,-0.2931764137665957,1.1017243562155212,0.4108848099084879,-0.5857985801254677,1.1243972387534893,1.1276421546936035,-19.02639389038086,4.387619972229004,-0.7298121452331543,-0.548692524433136,-2.378129005432129,36.54447937011719,17.92887306213379,-190.6638946533203,-30.970252990722656,20.454851150512695,28.452428817749023,-2.179309606552124,24.301956176757812,-2.506448268890381,-3.7139880657196045,0.32115232944488525,2.6359803676605225
0.20018503427604176,-0.4135750628366376,1.3782516589622624,0.19169540372707985,-0.27125053310039027,1.289830768542574,0.03612862943690147,-0.5209363426593755,0.07860884116037398,0.32414791047178354,-0.5040781292694294,0.8943763860803566,0.0754051495417459,-0.3019462963997923,1.5215494772851073,-0.09023661134357484,-0.4537282040379695,0.9896138755493606,0.15775325166567272,-0.22243289037650785,1.559311577618517,-0.03733880528625077,-0.14888577449400694,1.1085349045052435,-0.07306907545553139,-0.31106734157398047,1.0525672023264778,0.10631604666593454,-0.576004823509431,0.09105677172442936,0.14260930785082823,-0.37390468629780194,0.5191551491322107,0.14195198516379917,-0.48614111888092876,0.0480457872448378,0.0015562851687766766,-0.453957908546293,0.9555003605536277,0.24913841925117353,-0.31929154743421945,0.46240168740812515,0.45196950731687985,-0.6498498534722044,0.9732040198433478,0.05866516440095293,-0.4149467351519509,1.3064649523488734,0.17562771734121618,-0.41454913856967396,0.5815695993947667,0.09042078271409533,-0.4005854195415579,0.4137744049954888,0.072772575085921,-0.3418726125201642,0.08120596788774263,-0.03841558776006399,-0.4430585023977899,1.1477920008416207,0.010467147747585111,-0.21455583943436476,1.0777375960586877,-0.05006166912664642,-0.18902455618148606,1.0202515618690593,0.537945692803686,-0.1414010160608797,0.5540187982533942,0.5847647907520761,-0.4211441467435944,1.0113822784250146,0.39229592345408254,-0.41762719732641385,1.313256664781381,0.1955275801534684,-0.4270698216971972,1.5221697849943148,0.40714797821660703,0.03856256649835615,1.28038819834886,0.274172879508789,-0.3406783825415649,1.5557234863571774,0.0645549197909453,0.06747266398557762,1.2625757072935042,0.23268104823219854,0.06883744028279717,1.2604433317847599,0.48271494324238884,-0.19212579263361876,0.6409370337693108,0.5611485505340904,-0.06869874419706153,0.990193389405478,0.41936887262870143,-0.1297555710404914,0.5770234865265966,0.4144061891152369,-0.002808687993169569,1.1897245193554076,0.42278099499198774,-0.09350170750195617,0.9893122242381241,0.5347324020617845,-0.6101738202650815,1.0063144844888852,0.3079141896982856,-0.2881391912402696,1.4216936712233437,0.61049624310424,-0.14570793544022453,0.9939789988149871,0.5672733178793989,-0.08522994743524404,0.8468165619681214,0.4459876697387127,-0.028329209658927882,0.45582587143640646,0.38394368696489084,-0.12280235940356128,1.3726725523045522,0.14309520595121067,0.010915546929340374,1.2368912793547902,0.14311010326376022,0.08958120887099905,1.1923633318468434,0.2755488193785118,-0.29308390183164584,1.1006814944033592,0.4113253622951097,-0.5856650884183038,1.1237900795920794,1.2160311937332153,-19.266582489013672,4.504600524902344,-0.6287482380867004,-0.5205730199813843,-2.4068145751953125,36.722896575927734,16.421207427978516,-192.44895935058594,-31.223867416381836,20.5916805267334,28.173189163208008,-2.180520534515381,24.420406341552734,-2.052504062652588,-3.701253652572632,0.34153813123703003,2.6659131050109863
0.20044919611602427,-0.413338278697816,1.3773852918321723,0.19196192101137527,-0.27105552214660394,1.2888084957931216,0.03614039302168303,-0.5209430866683555,0.07859572753408887,0.3247116302812336,-0.5040361577311888,0.8936377187438359,0.07568325561206071,-0.3016158796304109,1.5206559754365327,-0.08975579821510823,-0.4547010273333416,0.9886841742408198,0.1580946324084768,-0.22211982951258982,1.558356665617583,-0.03669480821549502,-0.14894075800251486,1.1052865137327588,-0.07258796479725683,-0.3115273226570609,1.0506160811872673,0.10631828557773931,-0.5760126386257197,0.09106292067379351,0.14288469152340036,-0.3737268428139339,0.5190550799401391,0.14196992621121818,-0.4861518101186942,0.048032790151060815,0.002019284048660425,-0.45512126001301184,0.9545518751965454,0.24932932429361027,-0.3191223521501023,0.4623001107316933,0.45235006777655995,-0.6498119085040314,0.9727201967049909,0.05898708297519492,-0.414806727541993,1.3054155845515776,0.17596947495511034,-0.41438359298453425,0.58143225963542,0.09063509343475694,-0.4004841304772737,0.4137258282955119,0.07276659473678135,-0.3418856344080919,0.08117160319492517,-0.0379350151348588,-0.4433605149881729,1.146876045410207,0.010938103341602301,-0.21493560648122367,1.0749363330815804,-0.04956814155772035,-0.18978081248848638,1.0173372772355744,0.5390503019686566,-0.1409097150066831,0.5520529593063508,0.585469678537735,-0.4212068362741281,1.0106818139158338,0.3925359308324902,-0.4174610765169788,1.3125524315612995,0.19584412211613939,-0.4267696339563029,1.5212925877792156,0.4075091595681298,0.0389433129141662,1.2805135179039657,0.2744851072892448,-0.34041517775579794,1.5547709149240658,0.06511358655249043,0.06862908300777137,1.2612926794203703,0.23318736462403603,0.06963321102770743,1.2599222975850894,0.4836899880936603,-0.19148185878794718,0.6390128688307,0.5624925521825322,-0.06847962589058657,0.9883614190366885,0.4204987619096869,-0.12893592600790876,0.5750805573747648,0.41506998803441886,-0.0020913118974534356,1.1897739093035262,0.4241609679942099,-0.09296329260267172,0.9875212931475104,0.535193394746212,-0.6102803756069664,1.0057854368197208,0.30804416063605555,-0.2879807169468987,1.4208627299757193,0.6116200330241626,-0.14565389410944174,0.9923218966319862,0.5684794045441987,-0.0850643101117469,0.8448785519757809,0.4474003611021483,-0.027549291054243336,0.4539190921562398,0.38405076794276966,-0.12262078192060358,1.372291238102692,0.14359783297342968,0.012016044294350518,1.2357734797016675,0.14399497674790435,0.09087259485232112,1.1915175141088221,0.27603694678142365,-0.292991389896696,1.099638632591197,0.41176591468173146,-0.5855315967111399,1.1231829204306698,1.2993097305297852,-19.4803466796875,4.539029598236084,-0.5295555591583252,-0.4486573040485382,-2.458144187927246,37.61348342895508,14.62478256225586,-194.30911254882812,-31.51011085510254,20.767284393310547,27.78697395324707,-2.0802931785583496,24.564733505249023,-2.2673540115356445,-3.73168683052063,0.3743092119693756,2.652954578399658
0.20071568278386104,-0.4130985447211771,1.3765121881930245,0.19224490430082705,-0.27086803484831423,1.2877789844345573,0.03614673255295153,-0.520955034735187,0.0785842254659198,0.3252557551130554,-0.5039701638434897,0.8929073674394595,0.07593483602418409,-0.30131265994728795,1.519765454807029,-0.08927812059687464,-0.4556766461753687,0.9877503253766243,0.15843315091946267,-0.22180869075044102,1.5573996510726726,-0.036054662539814895,-0.14900810049464372,1.102017578699731,-0.07208378041866206,-0.3120048720118226,1.0486337252405307,0.10634087130970118,-0.5760134295714612,0.09106017499915417,0.14317496952335565,-0.373541637811045,0.5189501152725409,0.1419861020631348,-0.4861614788506205,0.048018148483474125,0.0024663537655130454,-0.45631874120788063,0.9536258745075061,0.24950920928590345,-0.3189595691020915,0.4621916511003545,0.45273189133168845,-0.649777499157072,0.9722227436422513,0.05931630226727944,-0.41467907891565603,1.3043576915137816,0.1763145877480112,-0.4142179297196944,0.5812910233704459,0.0908509719105351,-0.4003834742682659,0.4136754628640926,0.07275651063498677,-0.34190136815933203,0.08113826231549907,-0.0374478367558181,-0.4436847585814678,1.1459319200736797,0.01142949622204612,-0.2153111527495037,1.0721023708384558,-0.049075384463942225,-0.19055535883599556,1.0144014859831096,0.5401623380302593,-0.14041948091510117,0.5500542694172323,0.586156940519415,-0.4212525825429436,1.009974769803862,0.3927684093251923,-0.4172963652488412,1.3118508971290084,0.1961582542600616,-0.4264639937226346,1.520416269239211,0.40788438141543343,0.039328842356011556,1.280626358180646,0.274802662037461,-0.3401285939362665,1.5538095567400092,0.06566978334788454,0.06980289443587227,1.2600242019883845,0.23371092893725987,0.07043443034273503,1.2594157092223894,0.484689782293427,-0.19083137802829017,0.6370491112107474,0.5638468991841701,-0.06828272812660562,0.9865064043675038,0.42165229434998613,-0.12810189136310132,0.5731120315805966,0.41576070160857886,-0.0013685246347642673,1.1897943343547797,0.42555322152691955,-0.09244214916071357,0.9857077204825863,0.5356484511435426,-0.6103559628819788,1.00525168196255,0.30818363486338923,-0.2878072058029522,1.420023012437568,0.6127589330175854,-0.14559917154395027,0.9906670486690193,0.5696956796559277,-0.08489090658181551,0.8429298514364572,0.44882209288166053,-0.02677000514139109,0.4519832172239854,0.3841638636608787,-0.12244490340401401,1.3719052690149143,0.14411767653578164,0.01313373016884288,1.2346511611480586,0.14489117624941247,0.09218702513403841,1.1906970733443634,0.2765212587469461,-0.2929130335221227,1.0986164510250092,0.41220985624371775,-0.5853854478984479,1.122559840513381,1.2539299726486206,-19.318883895874023,4.442897319793701,-0.5922340154647827,-0.45075348019599915,-2.4679458141326904,38.86664581298828,13.006964683532715,-196.30947875976562,-31.76127815246582,20.934280395507812,27.520172119140625,-2.0099823474884033,24.48936653137207,-2.942243814468384,-3.6661131381988525,0.36499080061912537,2.5870940685272217
0.20098866142381897,-0.4128505734615768,1.3756202731700922,0.19257386813297966,-0.27070155700310966,1.2867292596014919,0.03613792567063641,-0.520981514888094,0.07857722359777286,0.32574516189414143,-0.5038370886780569,0.8922002382625808,0.07611234478701819,-0.3010853868446603,1.5188832590911563,-0.08880919874306546,-0.456660071449564,0.9868048946589034,0.158763676783107,-0.2215029193668176,1.5564367652728857,-0.035425271703214044,-0.149109954865563,1.098691274788206,-0.07151516376445624,-0.31253147993656183,1.0465641475671175,0.10642027457719608,-0.5759946058522787,0.09103259150654275,0.14350683922996585,-0.3733358761135316,0.5188314802204537,0.14199734868987507,-0.4861682922832224,0.04799891442109812,0.0028689420459767374,-0.45761152805871524,0.9527626611933803,0.2496583213079844,-0.3188146919209436,0.46206397114210573,0.45311724202127646,-0.6497529628655768,0.9716872296585942,0.05966590846956566,-0.41458594216810946,1.3032759921440225,0.1766690697200251,-0.4140519378398428,0.5811389062973048,0.09107122826852546,-0.4002845852777658,0.41362010248449466,0.0727349669974766,-0.3419246746609543,0.08110778038667527,-0.03694221212078404,-0.44407108120176175,1.1449091316058935,0.011977959260813255,-0.21567491269269526,1.0691770974373975,-0.04858477888567163,-0.19138097925888783,1.0114056385116073,0.5412951133503819,-0.13993222626629254,0.5479638448219426,0.5867949832748893,-0.4212510155526218,1.009249352461455,0.3929798637596977,-0.4171355900582888,1.31115689893432,0.19646565709879857,-0.4261431276600882,1.5195424043579606,0.4082988106849178,0.03972772817244593,1.2807043506609683,0.27513509209187614,-0.3397767252677324,1.552823661968408,0.06621908287930962,0.0710252733370721,1.2587963559769637,0.23428265725737377,0.07125086453280702,1.2589494601780216,0.4857586878814445,-0.1901626153201457,0.6349747928957276,0.5652301350966195,-0.06814788017940047,0.984587039576461,0.4228718491974256,-0.12722767440491164,0.5710720283700931,0.416526573087206,-0.0006306269435467926,1.1897338762978056,0.42697976786174524,-0.09196923544864781,0.9838309222894,0.5360869307391691,-0.6103450732910081,1.0047047825049091,0.3083496465785614,-0.2875917049630588,1.419158787522095,0.613940027178518,-0.14554254666266853,0.9890184955091665,0.5709404055251192,-0.08469581628674702,0.8409512980489541,0.45026906959663165,-0.025992485990636787,0.4499660940557126,0.38429375525736653,-0.12228493898218831,1.3715063013777828,0.14468559647435383,0.014299414145285334,1.2335162237779984,0.14581900312016344,0.09356580553761382,1.1899474965815513,0.2769949162835317,-0.29287420588218616,1.097652018070221,0.41266326191804265,-0.5852039547156025,1.1218923026362793,1.030576467514038,-19.06399154663086,4.366233825683594,-0.7227540612220764,-0.5395494103431702,-2.4248642921447754,40.0195426940918,11.207474708557129,-198.63546752929688,-31.997360229492188,21.107236862182617,27.256013870239258,-2.048508405685425,24.281896591186523,-3.0146358013153076,-3.6063010692596436,0.33768218755722046,2.5590872764587402
0.20126164006377686,-0.41260260220197653,1.37472835814716,0.19290283196513225,-0.2705350791579051,1.2856795347684267,0.036129118788321285,-0.5210079950410009,0.07857022172962592,0.3262345686752275,-0.5037040135126241,0.891493109085702,0.07628985354985227,-0.3008581137420326,1.5180010633752836,-0.08834027688925632,-0.4576434967237592,0.9858594639411825,0.15909420264675125,-0.2211971479831942,1.555473879473099,-0.03479588086661324,-0.14921180923648228,1.0953649708766813,-0.07094654711025047,-0.31305808786130107,1.0444945698937045,0.10649967784469096,-0.5759757821330961,0.09100500801393133,0.14383870893657602,-0.37313011441601823,0.5187128451683664,0.14200859531661533,-0.4861751057158243,0.04797968035872212,0.003271530326440395,-0.4589043149095497,0.9518994478792545,0.24980743333006536,-0.3186698147397957,0.46193629118385693,0.45350259271086446,-0.6497284265740818,0.9711517156749372,0.060015514671851844,-0.41449280542056294,1.3021942927742636,0.17702355169203896,-0.4138859459599912,0.5809867892241636,0.0912914846265158,-0.4001856962872657,0.41356474210489663,0.07271342335996643,-0.34194798116257646,0.08107729845785147,-0.03643658748575001,-0.4444574038220557,1.1438863431381074,0.012526422299580342,-0.21603867263588683,1.0662518240363394,-0.04809417330740108,-0.19220659968178,1.0084097910401049,0.5424278886705044,-0.13944497161748395,0.545873420226653,0.5874330260303636,-0.42124944856229996,1.0085239351190478,0.393191318194203,-0.4169748148677365,1.310462900739632,0.19677305993753552,-0.4258222615975418,1.5186685394767105,0.4087132399544021,0.040126613988880275,1.2807823431412906,0.2754675221462913,-0.3394248565991983,1.5518377671968069,0.06676838241073467,0.07224765223827183,1.257568509965543,0.2348543855774876,0.07206729872287895,1.2584832111336537,0.4868275934694618,-0.18949385261200125,0.632900474580708,0.5666133710090687,-0.06801303223219535,0.9826676747854183,0.42409140404486495,-0.12635345744672205,0.5690320251595896,0.417292444565833,0.00010727074767061923,1.1896734182408313,0.42840631419657077,-0.09149632173658209,0.9819541240962136,0.5365254103347955,-0.6103341837000373,1.0041578830472682,0.3085156582937335,-0.28737620412316545,1.4182945626066221,0.6151211213394505,-0.14548592178138675,0.987369942349314,0.5721851313943105,-0.08450072599167856,0.8389727446614512,0.4517160463116026,-0.025214966839882547,0.44794897088744,0.38442364685385433,-0.12212497456036261,1.3711073337406512,0.145253516412926,0.015465098121727687,1.2323812864079382,0.1467468299909143,0.09494458594118911,1.1891979198187392,0.27746857382011725,-0.29283537824224953,1.0966875851154327,0.4131166675923676,-0.5850224615327569,1.1212247647591775,0.9500327110290527,-19.183496475219727,4.4592719078063965,-0.6809659004211426,-0.5645164251327515,-2.4006547927856445,40.86764907836914,8.833325386047363,-201.0712432861328,-32.30868148803711,21.32064437866211,26.867881774902344,-2.113513469696045,24.244091033935547,-2.4144890308380127,-3.691256523132324,0.327959269285202,2.611455202102661
0.2015284506098324,-0.4123719831965617,1.3738356528692688,0.19321586625860226,-0.27037091306503247,1.2846195160947889,0.036126813228359284,-0.5210304469462262,0.07856067847337155,0.3267442603774418,-0.5035671872018979,0.8907903622317788,0.07651786486439358,-0.3006149996195408,1.5171144134950953,-0.08787225433532765,-0.4586266397640405,0.9849137458580219,0.1594118509466285,-0.2208879872268399,1.5545071450290302,-0.0341656276129729,-0.14932823842329696,1.0920193416393356,-0.07041788259089388,-0.31358843923404517,1.0424291898083213,0.1065692003594329,-0.5759610482399037,0.0909781474250042,0.14416865688680813,-0.37292704163797646,0.5185851273157739,0.1420225924411357,-0.4861841051783783,0.04796016181738961,0.0036790060243316407,-0.4601772555847042,0.951021301825315,0.2499611521793517,-0.31852089648215187,0.4617885264339826,0.4538871634085447,-0.6497049473768828,0.9706100797811091,0.06036253362301959,-0.41439743902509574,1.3011181046631162,0.17738926913959302,-0.41371688286200264,0.5808255277722087,0.09151142796143791,-0.40008308180910074,0.41350585123561073,0.07268596563907649,-0.341972183115435,0.08105108339265482,-0.03595915000071589,-0.4448316776199846,1.142860947855261,0.013082060654530457,-0.21639135104930954,1.0633092368675383,-0.04762151844750177,-0.19302468445916837,1.005395531654358,0.5435702496806517,-0.13892735373105436,0.5437699410299592,0.5880822401173067,-0.4212691209568883,1.0078015248507064,0.3934155039439928,-0.4168045745780136,1.3097517529860239,0.19708944679490778,-0.42548547241071993,1.5177951261697227,0.4091241028135186,0.04050345412942747,1.2808569693407477,0.27580184316793027,-0.33906997829083574,1.5508594465571524,0.06732554151522402,0.07347168477363143,1.256336415050835,0.23542358662118976,0.0728831992342772,1.258012548977176,0.48789383836139905,-0.18880921039754983,0.63080449609567,0.5679965094225295,-0.06786911174753645,0.9807256799659981,0.42532571716024387,-0.12546774522950319,0.566973656218573,0.4180561351460337,0.0008145176153321588,1.1896262713615469,0.4298233800376488,-0.09100949260967457,0.9800501236852431,0.5369582760412961,-0.6103114094955242,1.0035915043180352,0.3086780907697235,-0.28717142047471556,1.4174053779501,0.6163040217974328,-0.14544729829229266,0.9856997546770715,0.5734541960899403,-0.08431153951693844,0.8369823682387144,0.45317943364579155,-0.02440780206330565,0.44591581939861474,0.3845592677987964,-0.1219684226031335,1.3707039837805641,0.14582673593467435,0.01663365013996101,1.2312452919435817,0.14766952790171894,0.09632987440224514,1.1884455207167872,0.277946110790139,-0.29278900212799475,1.0957315165475505,0.41354749711933514,-0.5848691763467346,1.1205694193871605,1.1608370542526245,-19.468229293823242,4.5467143058776855,-0.5434463024139404,-0.5281672477722168,-2.416999101638794,41.57966232299805,6.370362758636475,-203.4110107421875,-32.67996597290039,21.565258026123047,26.46869468688965,-2.0939841270446777,24.376567840576172,-1.9489573240280151,-3.8294222354888916,0.3200230598449707,2.701502561569214
0.20177758719451377,-0.41219108507333213,1.372940683206975,0.19348325629700097,-0.27021337103172643,1.2835300016087412,0.03614313645744758,-0.5210413563725175,0.07854385316273235,0.32731207618058117,-0.5034196124171579,0.8901001724186323,0.07689058541363436,-0.3003264948824384,1.5162150007210031,-0.08740680862144132,-0.4596089740956066,0.9839672043623514,0.15969260007340386,-0.22056911461400672,1.553529382738846,-0.0335329032028156,-0.1494864300633503,1.0886183379106966,-0.07000369630408605,-0.3141295170251107,1.0403758374271015,0.10661041071724812,-0.5759580332711832,0.09095335823317237,0.14449309826587997,-0.3727316736484206,0.5184313837463492,0.14204447079967977,-0.48619936845752576,0.04793982813443175,0.004100486052928728,-0.46139332933339056,0.9501003677284481,0.2501280713604381,-0.3183603989860869,0.46158321103118116,0.45426949912941217,-0.6496844971614169,0.9700509022600604,0.06070213910463628,-0.41429568383077914,1.3000577084276062,0.17778718054590634,-0.4135390195428141,0.5806380641578839,0.09173047436487594,-0.39996979237589614,0.4134368441554884,0.072641561794656,-0.3419989508804896,0.08103709453285135,-0.0355624795416432,-0.44517142690767514,1.141828083044646,0.013658259050081766,-0.2167122766178175,1.0603170390950136,-0.04720029929985868,-0.1938211767138629,1.0023285150527956,0.5447400773795235,-0.13832273349067237,0.5416290553792424,0.5887634643655739,-0.4213496523582383,1.0070877310061297,0.39367616980873193,-0.41660721313874455,1.3089914651501258,0.19743157632106184,-0.4251030573485703,1.516923006796679,0.40952474653523485,0.04081712492945177,1.2809219498508024,0.2761415825379605,-0.3387064762068111,1.549902828718653,0.06790522131945514,0.07470045560687182,1.2550921453940158,0.23598554604594277,0.07369757055101406,1.2575292415571528,0.48895245933572185,-0.18807906729002666,0.6286464528926952,0.5693793684638888,-0.06769919495363505,0.9787188414114202,0.42660231838952617,-0.12454909467391231,0.5648626623958942,0.41881357661343566,0.0014339380847275926,1.1896172661260265,0.43121328061779596,-0.09048279046716283,0.9780681784579297,0.5373750557962632,-0.610254581302207,1.002969309983664,0.3088302673488263,-0.2869973457017482,1.4164446740355714,0.6174920979911918,-0.1454602557154286,0.9839675758058662,0.5747930008844033,-0.08413926975813923,0.8349581142727114,0.45468984371581606,-0.02351569116658333,0.4438367406066681,0.38471130553065547,-0.12182164866945996,1.3702880767797003,0.1464151408005234,0.017810420201018088,1.2301062684974924,0.1485775293696005,0.09773381095108204,1.187685034527684,0.2784347638290449,-0.29272099673155916,1.0947994151652254,0.41391363730099023,-0.5847967179208402,1.119949010231637,1.3322625160217285,-19.4434871673584,4.398470401763916,-0.5767109990119934,-0.5463104248046875,-2.467100143432617,42.53151321411133,3.7882704734802246,-206.1751708984375,-33.03693771362305,21.822389602661133,26.045806884765625,-2.0531740188598633,24.3635311126709,-2.44120192527771,-3.7871172428131104,0.27588340640068054,2.716475486755371
0.2020267237791952,-0.41201018695010255,1.3720457135446813,0.1937506463353997,-0.2700558289984204,1.2824404871226935,0.036159459686535875,-0.5210522657988087,0.07852702785209315,0.32787989198372064,-0.503272037632418,0.8894099826054858,0.07726330596287519,-0.30003799014533594,1.5153155879469107,-0.08694136290755494,-0.4605913084271728,0.9830206628666809,0.15997334920017925,-0.22025024200117352,1.552551620448662,-0.03290017879265825,-0.14964462170340367,1.0852173341820572,-0.06958951001727819,-0.3146705948161763,1.0383224850458814,0.10665162107506335,-0.5759550183024628,0.09092856904134056,0.14481753964495184,-0.37253630565886464,0.5182776401769247,0.1420663491582239,-0.4862146317366733,0.04791949445147388,0.00452196608152585,-0.46260940308207704,0.9491794336315812,0.25029499054152443,-0.31819990149002203,0.46137789562837966,0.4546518348502797,-0.6496640469459508,0.9694917247390116,0.061041744586253,-0.4141939286364625,1.298997312192096,0.17818509195221968,-0.4133611562236255,0.580450600543559,0.091949520768314,-0.3998565029426916,0.4133678370753661,0.07259715795023552,-0.34202571864554426,0.08102310567304788,-0.035165809082570464,-0.4455111761953657,1.1407952182340306,0.014234457445633123,-0.21703320218632552,1.0573248413224885,-0.04677908015221555,-0.1946176689685575,0.999261498451233,0.5459099050783953,-0.13771811325029035,0.5394881697285254,0.589444688613841,-0.4214301837595883,1.006373937161553,0.39393683567347115,-0.4164098516994754,1.3082311773142279,0.19777370584721596,-0.42472064228642065,1.5160508874236354,0.4099253902569512,0.04113079572947609,1.2809869303608572,0.2764813219079908,-0.33834297412278636,1.5489462108801533,0.06848490112368633,0.0759292264401123,1.2538478757371967,0.23654750547069586,0.07451194186775098,1.2570459341371296,0.4900110803100447,-0.18734892418250346,0.6264884096897202,0.5707622275052481,-0.06752927815973364,0.976712002856842,0.42787891961880864,-0.12363044411832136,0.5627516685732153,0.4195710180808377,0.00205335855412308,1.1896082608905059,0.4326031811979432,-0.08995608832465103,0.9760862332306162,0.5377918355512303,-0.6101977531088899,1.002347115649293,0.3089824439279291,-0.2868232709287808,1.4154839701210427,0.6186801741849507,-0.14547321313856454,0.9822353969346609,0.5761318056788666,-0.08396699999934001,0.8329338603067082,0.45620025378584067,-0.022623580269860926,0.44175766181472126,0.38486334326251453,-0.12167487473578643,1.3698721697788365,0.14700354566637253,0.018987190262075265,1.2289672450514029,0.14948553083748214,0.09913774749991906,1.1869245483385806,0.27892341686795086,-0.29265299133512357,1.0938673137829005,0.4142797774826454,-0.5847242594949457,1.1193286010761134,1.284138798713684,-19.195585250854492,4.201093673706055,-0.7253847122192383,-0.6001178026199341,-2.5105197429656982,43.79598617553711,1.486126184463501,-208.96192932128906,-33.357662200927734,22.022682189941406,25.657339096069336,-2.1211748123168945,24.241554260253906,-3.251840591430664,-3.6349148750305176,0.19593429565429688,2.6558704376220703
0.2022559693120173,-0.4118373212435388,1.3712287932042255,0.1940106607430818,-0.26990635712809913,1.2814307431906264,0.03617449199151716,-0.5210619874742647,0.07851151800066825,0.3283890575565249,-0.5031425408180187,0.8887776302186069,0.0776117361267868,-0.29976999675793364,1.5144840178900207,-0.08651848686303922,-0.4614931877381754,0.9821564435761496,0.16023471936682201,-0.21995845866321728,1.5516539306830097,-0.032318767672096294,-0.149800279307247,1.0821018738067705,-0.06920033066675366,-0.3151675219962139,1.0364340287170664,0.10668708644313922,-0.5759535635149242,0.09090539539195844,0.14511515848980044,-0.3723555454947301,0.5181311690649449,0.1420858067195147,-0.48622626885278336,0.04789915762298944,0.004921047228221937,-0.46372530061677586,0.9483340123039208,0.25044216210676346,-0.31804134667117073,0.4611860430793257,0.4549985506281947,-0.649632172177959,0.9689799867915792,0.06135131028906397,-0.414090970592783,1.298023410388176,0.17854682351184994,-0.4132016124512186,0.5802787840366364,0.09214764627449164,-0.39975144472343244,0.4133045045251878,0.07255833552817241,-0.34205009329397945,0.08100699609922653,-0.034786691290900035,-0.44582871303258353,1.1398624365298164,0.014757039161115267,-0.21733646751042232,1.0545749547860481,-0.046380805733632194,-0.19535070966115056,0.9964518161206847,0.5469916630659671,-0.13715110973313158,0.5375251547982363,0.5900575416964411,-0.4214922169482471,1.0057160682630855,0.3941773097740104,-0.4162262072725012,1.3075363365624915,0.19807695163204178,-0.4243907650673626,1.5152493486341263,0.4102973669076597,0.04142439146433641,1.2810472806557913,0.2767903609386343,-0.3380228803055176,1.5480660519852545,0.06902381616169645,0.0770635849222639,1.2527046051641175,0.23707892938165473,0.07526273328490206,1.2565859086466151,0.49097528767506804,-0.18667416121588642,0.6245072306386683,0.5720321042648213,-0.067377316031531,0.9748697080556921,0.42904792622422533,-0.12276466231521792,0.560809093792707,0.42024129826501505,0.0026348480277860954,1.1895938403164315,0.4338866472244262,-0.08946674560128856,0.9742586905790481,0.5381796211004257,-0.6101702261247383,1.0017767595929026,0.30912462276536107,-0.28666779754177624,1.414609468733238,0.619757890207878,-0.1454852847814165,0.9806465785827069,0.57734221762774,-0.08380768288987757,0.8310553624929973,0.4575954293770505,-0.0217830563235461,0.4398480589618747,0.3850150161132907,-0.12155089769142353,1.3694915128069998,0.14753617405496683,0.02007317633694957,1.227932683284709,0.15033042171834315,0.10041132650726672,1.1862264593310703,0.2793795350963706,-0.29258654611986995,1.0930022800600292,0.41461727827392664,-0.5846481673567501,1.1187454450209409,1.0574990510940552,-19.13973045349121,4.220506191253662,-0.7222205400466919,-0.6154451966285706,-2.4888570308685303,45.313079833984375,-0.9368667602539062,-211.83460998535156,-33.75273132324219,22.221954345703125,25.257932662963867,-2.210261821746826,24.28902816772461,-3.0799806118011475,-3.6386752128601074,0.18979114294052124,2.604888916015625
0.20242671175113577,-0.41168808029187437,1.370641429692704,0.19424898211924443,-0.2697806210312622,1.2806556185349725,0.036185727460889626,-0.521068215764911,0.07849987714693246,0.32872572245187315,-0.5030662145046209,0.8883153879089861,0.07788872398090678,-0.29956233086964945,1.513851985236667,-0.08622081572843704,-0.462158434635756,0.981534348418381,0.1604390925918983,-0.21974634966313444,1.550991748342451,-0.031888277991520664,-0.14994848386341372,1.079826246823696,-0.06888470112882704,-0.3155345944379339,1.0350305607776769,0.10670565478256996,-0.5759566974955679,0.09088697333801661,0.14533388752811002,-0.3722177495230113,0.5180060875336856,0.1420981442888841,-0.4862272407834893,0.04787881154295624,0.005254249310503326,-0.46454656222798174,0.9477106873562794,0.25053125244892194,-0.31788850560883025,0.46103378715894083,0.4552405018680143,-0.6495666957848909,0.968607777001842,0.061572523701269886,-0.4139844747568598,1.2973039039712868,0.17880214375770645,-0.4130959496987577,0.5801529884338379,0.09228423972990339,-0.3996705959569539,0.4132578617689625,0.0725359290542192,-0.3420674293641223,0.0809846491312349,-0.03445919899158921,-0.44608091913311687,1.139224016903252,0.015121924758746911,-0.2175877909391921,1.0525377483557392,-0.04605001581228333,-0.19589712811226875,0.994398999293119,0.5478143924908921,-0.13669474363721762,0.536085289045675,0.5904693031153142,-0.42149984362899073,1.0052226845002332,0.39435839633278497,-0.41608290699933537,1.3070339872347598,0.19826583347178453,-0.42421541091622106,1.5146553997961891,0.41058502864363966,0.041658942889890915,1.2810940126709591,0.2770091048534343,-0.33783045786106036,1.5474107723362398,0.06944283482846833,0.07792026001886024,1.2518583907196854,0.23752054295792482,0.07582652499738907,1.2561943594193616,0.4916618079539166,-0.18616228101664034,0.6230462402697431,0.5729696801956126,-0.0672781617436188,0.9735113654705073,0.4299004780535666,-0.12205437684295985,0.5593618691362293,0.42065522173382586,0.003104775749294946,1.1895634922760212,0.43485707044601435,-0.08908728352248275,0.972885273150261,0.538482129573822,-0.6102288791675441,1.001358869059986,0.3092373964802319,-0.2865670341134861,1.4139885041887397,0.6205110174930648,-0.14549475118813926,0.9794794088167861,0.5781750035601736,-0.08368646180787624,0.8296055592448507,0.4586516800305701,-0.021094258701959218,0.43843691475344027,0.3851656157844114,-0.12149397032150369,1.3692145323911251,0.1479047539810471,0.020892150687756888,1.227205361751531,0.15098969322561426,0.10130150098082243,1.1857118914458926,0.2797399627057132,-0.2925246896727985,1.092334504159081,0.41487054556410835,-0.5845613878294332,1.1182718569079773,0.9037042856216431,-19.30237579345703,4.331796646118164,-0.5544834733009338,-0.5709854960441589,-2.442251443862915,46.890987396240234,-3.8141746520996094,-215.38473510742188,-34.259803771972656,22.518552780151367,24.806743621826172,-2.2405905723571777,24.45135498046875,-2.1464896202087402,-3.7989718914031982,0.27133476734161377,2.589627265930176
0.2025974541902542,-0.41153883934020996,1.3700540661811829,0.1944873034954071,-0.26965488493442535,1.2798804938793182,0.03619696293026209,-0.5210744440555573,0.07848823629319668,0.3290623873472214,-0.5029898881912231,0.8878531455993652,0.07816571183502674,-0.2993546649813652,1.513219952583313,-0.08592314459383488,-0.46282368153333664,0.9809122532606125,0.16064346581697464,-0.2195342406630516,1.550329566001892,-0.031457788310945034,-0.15009668841958046,1.077550619840622,-0.06856907159090042,-0.31590166687965393,1.0336270928382874,0.1067242231220007,-0.5759598314762115,0.09086855128407478,0.1455526165664196,-0.3720799535512924,0.5178810060024261,0.14211048185825348,-0.48622821271419525,0.04785846546292305,0.005587451392784715,-0.4653678238391876,0.947087362408638,0.2506203427910805,-0.3177356645464897,0.4608815312385559,0.45548245310783386,-0.6495012193918228,0.9682355672121048,0.0617937371134758,-0.4138779789209366,1.2965843975543976,0.17905746400356293,-0.4129902869462967,0.5800271928310394,0.09242083318531513,-0.39958974719047546,0.4132112190127373,0.072513522580266,-0.34208476543426514,0.0809623021632433,-0.034131706692278385,-0.4463331252336502,1.1385855972766876,0.015486810356378555,-0.21783911436796188,1.0505005419254303,-0.04571922589093447,-0.19644354656338692,0.9923461824655533,0.5486371219158173,-0.13623837754130363,0.5346454232931137,0.5908810645341873,-0.42150747030973434,1.004729300737381,0.3945394828915596,-0.4159396067261696,1.3065316379070282,0.19845471531152725,-0.4240400567650795,1.514061450958252,0.4108726903796196,0.04189349431544542,1.2811407446861267,0.27722784876823425,-0.3376380354166031,1.5467554926872253,0.06986185349524021,0.07877693511545658,1.2510121762752533,0.23796215653419495,0.07639031670987606,1.2558028101921082,0.4923483282327652,-0.18565040081739426,0.6215852499008179,0.5739072561264038,-0.0671790074557066,0.9721530228853226,0.43075302988290787,-0.12134409137070179,0.5579146444797516,0.4210691452026367,0.0035747034708037972,1.189533144235611,0.43582749366760254,-0.08870782144367695,0.9715118557214737,0.5387846380472183,-0.61028753221035,1.000940978527069,0.3093501701951027,-0.2864662706851959,1.4133675396442413,0.6212641447782516,-0.14550421759486198,0.9783122390508652,0.5790077894926071,-0.0835652407258749,0.8281557559967041,0.45970793068408966,-0.020405461080372334,0.4370257705450058,0.3853162154555321,-0.12143704295158386,1.3689375519752502,0.14827333390712738,0.021711125038564205,1.2264780402183533,0.15164896473288536,0.10219167545437813,1.1851973235607147,0.28010039031505585,-0.2924628332257271,1.091666728258133,0.41512381285429,-0.5844746083021164,1.1177982687950134,0.9073978662490845,-19.26677703857422,4.366255283355713,-0.5408079624176025,-0.533375084400177,-2.426044464111328,47.886993408203125,-6.190812110900879,-218.6506805419922,-34.67204666137695,22.82869529724121,24.42543601989746,-2.2238430976867676,24.51036262512207,-1.3979089260101318,-3.888935089111328,0.341928094625473,2.5935580730438232
0.20279016227319538,-0.41136849498906675,1.3693801575149132,0.1947362690867967,-0.2695176522463363,1.279030626578047,0.03620815676766515,-0.5210800407738085,0.07847690197410963,0.3294847931293462,-0.5028800490676173,0.8873525303325906,0.07842925657203655,-0.29913676564661873,1.5125082332566875,-0.08558795472841392,-0.4635686348408263,0.98021969830753,0.16087215087863782,-0.21929572034158457,1.549576397763183,-0.03096486917937437,-0.15026270652448892,1.0749675848626146,-0.06821032736869839,-0.31632950842775254,1.0320422649383545,0.10674395592303465,-0.575961652970472,0.09084700960789295,0.1458002079697634,-0.37192622271199893,0.5177326500415802,0.142126205494467,-0.48622747002453204,0.047833727672696114,0.005956674380141551,-0.46631801256675587,0.9463988177428972,0.25073190082777413,-0.3175891490764176,0.4607091291456033,0.45574768864555865,-0.6494398383510034,0.9678073695163854,0.06205332101575584,-0.4137597274503961,1.2957641948137852,0.17934077203471138,-0.4128666515184554,0.5798907493123945,0.0925706008461532,-0.39949696515964356,0.41315667420033586,0.07249766496929112,-0.3421075932237486,0.08092485111675515,-0.03378564622623244,-0.44660555645330063,1.1378593002723543,0.015884030579484433,-0.2181273391408636,1.0482160354292158,-0.045366923651651854,-0.1970727947472736,0.9900301134349496,0.5495697794765826,-0.13571686327260066,0.5330036961479694,0.5913450145563542,-0.42152548092879993,1.0041695327948261,0.39473741220322667,-0.41578347763873097,1.3059548617198768,0.19866735636201124,-0.4238459996829759,1.513383611543289,0.41119100311339296,0.042162604284602265,1.2811955095126928,0.2774669707610907,-0.3374026709834472,1.5460286282545683,0.07033490305704783,0.0797515137996894,1.2500618806737938,0.2384468206506691,0.0770361425219387,1.2553734949092992,0.4931381081311118,-0.18506475000192002,0.6199188258079504,0.5749502503714023,-0.06707175497878468,0.9706148795339447,0.43170088253273864,-0.12054226614090786,0.556273102760315,0.4215830520091467,0.004077317800668859,1.1895091809973812,0.4369320446094929,-0.0882973759280925,0.9699578480609996,0.5391133222358906,-0.6103617771966567,1.0004903991885532,0.30947703093487694,-0.28634042939208204,1.41267536531221,0.6221163746536962,-0.1455054377877949,0.9769931415848385,0.5799639146059553,-0.08339109585083875,0.8265280664361866,0.4609021651034323,-0.019629268703476536,0.4354260106947249,0.38547642440195906,-0.12136804477761913,1.3686252923201252,0.14870622443244944,0.02263683944151095,1.2256540387671515,0.15240173239186894,0.10321173612151707,1.1846199142222373,0.28048693442976236,-0.2923994989979346,1.0909055881942344,0.4154294809166169,-0.5843771216490411,1.1172746187014295,0.9795840978622437,-19.060291290283203,4.35389518737793,-0.7326452732086182,-0.5887710452079773,-2.426417589187622,48.9329719543457,-8.808097839355469,-222.34909057617188,-35.13551712036133,23.207374572753906,23.97502326965332,-2.1635842323303223,24.381750106811523,-1.675417184829712,-3.7378783226013184,0.31214162707328796,2.611985683441162
0.2030492066004813,-0.4111344183714974,1.3684448824813034,0.19501738020817175,-0.26934569985266554,1.277955036487011,0.03621922487652065,-0.521083730143427,0.07846649338966173,0.33016613638953657,-0.5026690012571827,0.8867360287352114,0.07865220309537373,-0.2988879613035562,1.5115558601767811,-0.08513945829592004,-0.4645543015062414,0.9793143547725993,0.16117425768679342,-0.2189774378295371,1.548548452112059,-0.030283413105798487,-0.1504825215465975,1.0714561777399076,-0.0677213767999845,-0.3169408726771146,1.0299097299575806,0.10676720539811037,-0.5759595107558547,0.09081604667254631,0.14613496371551066,-0.37172436857262986,0.5175140053033829,0.1421521550525498,-0.48622154918135396,0.04779572691768408,0.006434680500826391,-0.46765756118573887,0.9455133095284961,0.250911311301964,-0.31746173689499596,0.4604758856114962,0.4560832427629572,-0.6493908252739748,0.9672100883445992,0.06242878379805988,-0.41360597396331117,1.2946398891755286,0.17970860317744167,-0.41268873861096556,0.5797221490878932,0.09276015460737888,-0.39936814467046433,0.41307826517828256,0.07250158492451077,-0.34214700600564085,0.0808417857532075,-0.03338350989664628,-0.44693906753268464,1.1368676135871585,0.016378901371522644,-0.2185270059730438,1.0451846827339653,-0.04494965421220917,-0.1979521887241215,0.9869190227511703,0.5508344200075856,-0.13499860152207463,0.5307523475972232,0.5919665741604685,-0.42157485104159803,1.0034092846295692,0.39498620662862893,-0.4155886055321883,1.3051533164172773,0.19895175022893394,-0.4235954597493671,1.5124524225857083,0.4116018818605025,0.042536081055438275,1.2812745334296827,0.2777676345496778,-0.33703762174442115,1.545085577775311,0.07097112592186358,0.08108216131858477,1.2487972599781112,0.2390614973985596,0.07792971131472003,1.2548301261387125,0.4942397320803427,-0.1842563119254365,0.617631991868777,0.5763116079253077,-0.06694004597105332,0.9685337378686627,0.4329365436604481,-0.11946399084335528,0.5540447235107422,0.42239890849550826,0.0046786456877698675,1.1895044998617361,0.43844166126669637,-0.0877933604334364,0.9678584579008305,0.5395210570846962,-0.6104831098523361,0.9999410996571282,0.3096464344898596,-0.2861388529472004,1.411768137421829,0.6232678943517193,-0.14548175441508263,0.975215222464492,0.5812925240456663,-0.08305712112083735,0.8243631602123084,0.462513110495561,-0.018589144165547494,0.4332566316060673,0.385665653359811,-0.1212625927754388,1.3682064893624641,0.14933333296748186,0.023884908801919166,1.2245380639635175,0.15343685842902455,0.10462405309327784,1.183852723694795,0.28095235039066796,-0.29233170187236457,1.089862488358226,0.41589339931082253,-0.5842472994761752,1.1165997814263728,1.0279524326324463,-19.0617618560791,4.386629581451416,-0.8153795003890991,-0.6387340426445007,-2.441743850708008,50.05986022949219,-11.195590019226074,-225.39871215820312,-35.57307815551758,23.51740837097168,23.567203521728516,-2.058809280395508,24.241878509521484,-2.3902931213378906,-3.559736728668213,0.29031115770339966,2.6575851440429688
0.2033082509277672,-0.4109003417539281,1.3675096074476938,0.19529849132954677,-0.2691737474589948,1.2768794463959752,0.036230292985376146,-0.5210874195130456,0.07845608480521385,0.3308474796497269,-0.5024579534467483,0.8861195271378322,0.0788751496187109,-0.2986391569604937,1.510603487096875,-0.08469096186342621,-0.46553996817165644,0.9784090112376688,0.16147636449494895,-0.2186591553174897,1.5475205064609352,-0.029601957032222664,-0.15070233656870607,1.0679447706172012,-0.06723242623127063,-0.31755223692647666,1.0277771949768069,0.10679045487318607,-0.5759573685412376,0.09078508373719966,0.14646971946125786,-0.3715225144332608,0.5172953605651855,0.14217810461063257,-0.4862156283381759,0.04775772616267204,0.006912686621511189,-0.46899710980472176,0.9446278013140951,0.2510907217761539,-0.31733432471357437,0.46024264207738913,0.4564187968803557,-0.6493418121969463,0.9666128071728132,0.06280424658036388,-0.4134522204762263,1.2935155835372723,0.18007643432017192,-0.41251082570347564,0.579553548863392,0.09294970836860453,-0.39923932418128516,0.4129998561562292,0.07250550487973043,-0.3421864187875331,0.08075872038965984,-0.03298137356706016,-0.4472725786120686,1.1358759269019627,0.016873772163560816,-0.21892667280522402,1.0421533300387151,-0.04453238477276653,-0.19883158270096932,0.9838079320673913,0.5520990605385887,-0.13428033977154868,0.5285009990464774,0.5925881337645827,-0.42162422115439613,1.0026490364643124,0.39523500105403114,-0.4153937334256457,1.304351771114678,0.1992361440958566,-0.4233449198157582,1.5115212336281278,0.41201276060761205,0.04290955782627425,1.2813535573466723,0.2780682983382648,-0.3366725725053952,1.5441425272960536,0.07160734878667928,0.08241280883748002,1.2475326392824289,0.23967617414645007,0.07882328010750127,1.2542867573681258,0.4953413560295736,-0.18344787384895306,0.6153451579296038,0.5776729654792128,-0.066808336963322,0.966452596203381,0.4341722047881574,-0.11838571554580278,0.5518163442611695,0.4232147649818698,0.005279973574870826,1.1894998187260912,0.43995127792389965,-0.08728934493878034,0.9657590677406616,0.5399287919335017,-0.6106044425080154,0.9993918001257032,0.30981583804484236,-0.28593727650231876,1.4108609095314482,0.6244194140497422,-0.14545807104237032,0.9734373033441456,0.5826211334853771,-0.08272314639083599,0.8221982539884304,0.46412405588768957,-0.01754901962761854,0.4310872525174098,0.385854882317663,-0.12115714077325847,1.3677876864048029,0.14996044150251422,0.02513297816232727,1.2234220891598835,0.15447198446618005,0.10603637006503848,1.1830855331673529,0.2814177663515735,-0.29226390474679453,1.0888193885222177,0.4163573177050281,-0.5841174773033092,1.1159249441513164,1.0904268026351929,-19.36669158935547,4.51304817199707,-0.6434512734413147,-0.5556560754776001,-2.4961109161376953,51.6783332824707,-14.28035831451416,-229.13604736328125,-36.16648483276367,23.85305404663086,23.097536087036133,-2.009998321533203,24.362041473388672,-2.5355968475341797,-3.620285749435425,0.3347415328025818,2.6924116611480713
0.20357165564567048,-0.4106703414427524,1.366576933900252,0.1955924793239066,-0.2690085381368138,1.2758112255705902,0.03624334545275628,-0.5210903352064802,0.07844412282405311,0.3314859660848087,-0.502217220648235,0.8854758114806864,0.07911150431297471,-0.2983674252072707,1.509649073446034,-0.08424590587221235,-0.46652256189197894,0.9774947124009101,0.16177598949497107,-0.21834354077940746,1.5464930830412353,-0.028952077977877397,-0.1509380034905001,1.0644162942636883,-0.06671556287648664,-0.3181523514405781,1.0256291284466421,0.1068151005919998,-0.5759540513059161,0.09075400716816352,0.1468098135726736,-0.37131117067194935,0.5170777893026933,0.1422237345566418,-0.48618427772593026,0.047740072184643205,0.007361043869079827,-0.47030847243323226,0.943746383912516,0.2512991813733088,-0.3172299874243357,0.4600077641523437,0.45674564714068605,-0.6492897092506585,0.9660058937325383,0.06317327213504456,-0.41330746097477855,1.2923978734884831,0.18044299856815116,-0.41233115993588176,0.5793715785473388,0.09314371862553603,-0.3991047470577505,0.4129155043339887,0.07251098669374621,-0.3422232856912329,0.08067065997925026,-0.03256863696710362,-0.4475988171353245,1.1348773158149215,0.017401914809219866,-0.2193303530826079,1.039091707262772,-0.04411874314930464,-0.19973109830294222,0.9806791387054306,0.5533673276767036,-0.13356343558095152,0.5262451776802936,0.5932041615839826,-0.4216857524897089,1.0018869169697857,0.39548609233060417,-0.4152179348547727,1.3035575370520156,0.1995277234803367,-0.42308161906059216,1.5105949188305052,0.41242574762232254,0.043277414867173354,1.2814338868422224,0.2783676831434104,-0.33632663065037194,1.5431801639250573,0.07224741645946801,0.08375050648060062,1.246273821158125,0.24031299495736494,0.07971030045670782,1.2537575275297985,0.49645822623510233,-0.18262822230328,0.6130352877820565,0.5790465471168227,-0.06665885395413598,0.9643661258433829,0.4354392384851215,-0.11729717090577878,0.5495733763800552,0.4239622430000084,0.00591692721027114,1.189467739782586,0.4414462479238478,-0.0867802298300906,0.9636425503239727,0.5403364445792128,-0.6107124872752373,0.9988339079531613,0.3099710059580424,-0.2857548582139394,1.4099374054283496,0.6255972677508727,-0.1454417472643568,0.9716476872069947,0.5839713623389503,-0.08241313023628384,0.8200203790175205,0.4657537750159667,-0.01649047268110497,0.4289021532957918,0.38603492145309387,-0.12104579493008702,1.3673494448330228,0.1505853281362562,0.02637480371415809,1.2223155532056922,0.15550696906565828,0.10745035225389805,1.182321214912743,0.2818796330729857,-0.29220037976440216,1.0877889479627674,0.4168143697231021,-0.5839916540692184,1.1152339080311604,1.0941944122314453,-19.419557571411133,4.514028072357178,-0.536754846572876,-0.470145583152771,-2.507216215133667,53.137611389160156,-16.942800521850586,-232.81922912597656,-36.70872497558594,24.150407791137695,22.706806182861328,-2.0531885623931885,24.553857803344727,-2.302111864089966,-3.746080160140991,0.3555454611778259,2.681652069091797
0.20384858647324391,-0.41045298600038943,1.3656523302690873,0.19592641190385188,-0.26886424609762155,1.2747658645080415,0.03626255348127409,-0.521090850924814,0.07842734214288509,0.3319915088991456,-0.5018844038050696,0.8847476766993668,0.07938945170072531,-0.29802457169191726,1.508688329860864,-0.08381152227027526,-0.46749562321119753,0.9765526338523587,0.16206791582486488,-0.2180362024054622,1.5454672796047286,-0.028400152126043438,-0.1512228436521347,1.0608348684595121,-0.06611211292001584,-0.31871756881672814,1.0234328824163272,0.10684407751587842,-0.5759470891084103,0.09072257810278445,0.1471664675122855,-0.371070389716041,0.5168635480056535,0.1423304138692799,-0.4860740429320872,0.047785534739296955,0.007717429102083905,-0.47153240096884846,0.9428776563792829,0.25159775253558003,-0.3171972293924812,0.4597678162798976,0.45704549768113145,-0.6492280214038116,0.9653691006022573,0.06352232914689361,-0.4131906011838787,1.291300623227429,0.1808056328569027,-0.4121460567246999,0.5791481336615733,0.09335155311404475,-0.3989523126194809,0.41281271770300454,0.0725213134574969,-0.3422522551768663,0.08056710472959557,-0.03212301789579407,-0.4479024958926321,1.1338572249507273,0.018033268102845612,-0.21974648323082765,1.0359361854610063,-0.04371635515908926,-0.20069303200734373,0.9774954309131926,0.5546468446981039,-0.13285074259666418,0.5239754814580576,0.593803029581411,-0.4217850084336388,1.0011189925354838,0.395744308533258,-0.4151013031700589,1.3027859827540569,0.19984159263356632,-0.4227787337161058,1.5096837238760183,0.412845274569183,0.043627839276431414,1.2815182662957552,0.27866310048971743,-0.33603996068041847,1.5421578911756049,0.07289941088351982,0.08511007389682809,1.2450330028470777,0.24101850755562057,0.08057700726666199,1.2532721572364403,0.49762239094996297,-0.18177378611848843,0.6106539583758802,0.5804580483610267,-0.06645423526696811,0.9622631256548774,0.43680359117242673,-0.11617677034625154,0.5472851539684447,0.4244976082187615,0.006664393371008095,1.1893506717208207,0.4428957833951672,-0.086255295510521,0.9614729034584879,0.5407438422275694,-0.6107793124701013,0.9982493610571552,0.3100820143293861,-0.28563186930899587,1.4089634118490661,0.6268568106044997,-0.1454482532494905,0.9698217864462871,0.5853886554967489,-0.08217743456067628,0.817802274463982,0.46744173104005143,-0.01537477867122714,0.4266682895800925,0.3861864533842794,-0.12091616615159621,1.3668509038868328,0.15120332234150527,0.02759726071693251,1.2212382969477318,0.15654151491968837,0.10886950001416618,1.1815658065656953,0.2823304899086226,-0.29215010714452,1.0867977769959052,0.4172501219621557,-0.5838782357064304,1.1144926224323297,0.9641495943069458,-18.989686965942383,4.294697284698486,-0.6672395467758179,-0.5153406262397766,-2.4377222061157227,54.385406494140625,-19.338043212890625,-236.92398071289062,-37.22670364379883,24.469219207763672,22.348600387573242,-2.1667332649230957,24.495464324951172,-2.231104612350464,-3.7199037075042725,0.3054943382740021,2.628142833709717
0.20412551730081735,-0.41023563055802653,1.3647277266379225,0.19626034448379712,-0.26871995405842924,1.2737205034454928,0.036281761509791906,-0.5210913666431477,0.07841056146171708,0.3324970517134824,-0.5015515869619042,0.8840195419180472,0.07966739908847587,-0.29768171817656386,1.5077275862756945,-0.08337713866833821,-0.468468684530416,0.9756105553038074,0.16235984215475865,-0.21772886403151698,1.5444414761682221,-0.027848226274209527,-0.15150768381376928,1.0572534426553362,-0.06550866296354511,-0.31928278619287814,1.0212366363860126,0.10687305443975705,-0.5759401269109043,0.09069114903740536,0.14752312145189733,-0.3708296087601327,0.5166493067086138,0.142437093181918,-0.4859638081382442,0.047830997293950704,0.008073814335087953,-0.47275632950446456,0.9420089288460498,0.2518963236978512,-0.3171644713606266,0.4595278684074516,0.45734534822157674,-0.6491663335569647,0.9647323074719764,0.06387138615874263,-0.41307374139297875,1.2902033729663749,0.1811682671456542,-0.4119609535135181,0.5789246887758078,0.09355938760255346,-0.3987998781812112,0.41270993107202036,0.07253164022124761,-0.3422812246624997,0.08046354947994087,-0.03167739882448456,-0.4482061746499396,1.132837134086533,0.018664621396471306,-0.22016261337904738,1.0327806636592411,-0.043313967168873924,-0.20165496571174515,0.9743117231209548,0.555926361719504,-0.1321380496123769,0.5217057852358219,0.5944018975788394,-0.4218842643775687,1.000351068101182,0.3960025247359118,-0.4149846714853451,1.3020144284560982,0.2001554617867959,-0.42247584837161944,1.5087725289215315,0.4132648015160434,0.043978263685689446,1.281602645749288,0.27895851783602443,-0.335753290710465,1.5411356184261524,0.0735514053075716,0.08646964131305543,1.243792184536031,0.24172402015387615,0.08144371407661607,1.252786786943082,0.4987865556648235,-0.18091934993369693,0.6082726289697041,0.5818695496052305,-0.06624961657980026,0.9601601254663721,0.43816794385973185,-0.1150563697867244,0.5449969315568344,0.4250329734375145,0.007411859531744986,1.1892336036590552,0.44434531886648654,-0.08573036119095144,0.9593032565930033,0.5411512398759261,-0.6108461376649654,0.9976648141611492,0.31019302270072974,-0.28550888040405237,1.4079894182697827,0.6281163534581266,-0.1454547592346242,0.9679958856855797,0.5868059486545474,-0.08194173888506874,0.8155841699104436,0.46912968706413605,-0.014259084661349406,0.42443442586439345,0.386337985315465,-0.12078653737310542,1.366352362940643,0.1518213165467543,0.02881971771970682,1.2201610406897716,0.15757606077371838,0.11028864777443419,1.1808103982186475,0.2827813467442594,-0.29209983452463784,1.0858066060290432,0.41768587420120934,-0.5837648173436424,1.1137513368334993,0.9031550288200378,-18.810964584350586,4.297407627105713,-0.7615787982940674,-0.5701557993888855,-2.4046173095703125,55.49333953857422,-21.956209182739258,-241.69143676757812,-37.83380126953125,24.873394012451172,21.945234298706055,-2.193178653717041,24.322412490844727,-2.3185367584228516,-3.629350423812866,0.27316102385520935,2.6057498455047607
0.20440536954545027,-0.41001777538400613,1.3637996367271372,0.19659660282908686,-0.268563917141087,1.272645461638242,0.03630183785166961,-0.5210941133909668,0.07839206842989321,0.3329971306371373,-0.5012685206552215,0.8832950355201368,0.07998144320699553,-0.297362278628823,1.506754110191042,-0.08293629881759354,-0.4694486213046194,0.9746745587974195,0.16265003600262648,-0.2174172376757426,1.5434111727784012,-0.027302409849123452,-0.15180459332387178,1.0536579675232338,-0.06494204808544639,-0.3198612807997015,1.0190476850168595,0.10690668111802726,-0.5759332641860507,0.09065758249420204,0.14787228652183584,-0.3705835770692257,0.5164321380735233,0.1425296367201584,-0.4858822048894617,0.04786006136741859,0.008438875818538742,-0.4740035654298517,0.9411507690979155,0.25216207125329027,-0.3170645337625845,0.45926365157626325,0.457646089279099,-0.6491104767022543,0.96409971114026,0.06421976462499984,-0.4129556334571333,1.2891005332896253,0.18153220286827212,-0.41177613450991396,0.5786946976421684,0.09377376182584574,-0.3986407767068471,0.41260119502907555,0.07253733262518383,-0.34230860495409426,0.08036212401082184,-0.031227009062538086,-0.4485222306472576,1.1318104211857778,0.019298095145071574,-0.2205815062617624,1.029605010487386,-0.042917635464510384,-0.20261240656802196,0.9711229895913838,0.5572155228513755,-0.13139367814095604,0.519396266795152,0.5950033992331549,-0.42196497577705133,0.999574603229169,0.3962663800905872,-0.41487270317330266,1.3012265132752476,0.20047024750946374,-0.42217050226318914,1.507857658215706,0.41368454161858714,0.044336816431670784,1.281685338904526,0.27925614489624834,-0.3354477138314026,1.540121511907767,0.07420560234035087,0.08784496093427897,1.2425606408656038,0.24241602578699983,0.082321598533763,1.2522886936238269,0.49996153684641353,-0.18004939956775565,0.6058769991855748,0.5832880044615032,-0.066077449661217,0.9580428627942572,0.4395551113103399,-0.11391722751374277,0.5426814962696556,0.42563094721724654,0.008131530413416438,1.1891347722501944,0.4458087639303397,-0.085203980373231,0.9571216161677379,0.5415617164397082,-0.6108852478842072,0.9970540585896827,0.3103170548843232,-0.2853665582786333,1.4070259593180474,0.629356375987956,-0.1454889304590541,0.9661606534427365,0.5882059762019984,-0.08171812617620886,0.8133526886535797,0.47083585368876424,-0.013124381679276764,0.4221959319335736,0.38650059423699284,-0.12066518081142413,1.365862234538754,0.1524570867517926,0.030046281966053877,1.2190615499256463,0.15862370267609097,0.11171386869537908,1.1800658276538976,0.283255169920574,-0.29204418564474344,1.0848014141550126,0.418096502490391,-0.5836595273175776,1.1130264973798336,1.020139455795288,-19.33614158630371,4.700186252593994,-0.5987473726272583,-0.5010541081428528,-2.4725377559661865,56.45664978027344,-24.34773826599121,-245.56529235839844,-38.41828918457031,25.274141311645508,21.55373191833496,-2.0939505100250244,24.359569549560547,-2.277979612350464,-3.6665730476379395,0.2971375584602356,2.627654552459717
0.2046945338069603,-0.40979832731532734,1.3628604343000628,0.1969402745514121,-0.2683704434246417,1.2714758124572552,0.036324681942381996,-0.52110397154527,0.07836811728035377,0.3334797934092433,-0.501144034183578,0.8825820945943429,0.08041054565484158,-0.2971174711028472,1.505740049264289,-0.08247487967377469,-0.47045047359158654,0.9737579488004281,0.16293470756403655,-0.21709194337788798,1.5423665257873915,-0.026776067221796304,-0.15213997388221567,1.0500177101583672,-0.0644928450196587,-0.3204820965792959,1.0168819853801603,0.10695512888842071,-0.575926718530276,0.09061720274043399,0.14819758081969045,-0.37032080866051037,0.5162056385483963,0.14257712247750617,-0.4858918646905596,0.047836855282106544,0.008831592850288391,-0.4753250936601335,0.940326294164784,0.2523231935619518,-0.31675046129731943,0.458922077439084,0.45794966885980387,-0.6490732061349793,0.9634804921039682,0.06456598022718302,-0.4128335470592739,1.2879798773503461,0.18190028691133914,-0.4115922214179639,0.5784438403434311,0.09400898145376056,-0.39846042405493215,0.4124734952355063,0.07252825300721143,-0.34233091968969004,0.08026748721716026,-0.030761412724186477,-0.4488777390971089,1.1307626005434832,0.019938327843903078,-0.221009205360681,1.02636518857337,-0.042540608171299614,-0.2035555264709011,0.9679182365240642,0.5585354245853739,-0.13054833149179723,0.5169598150332244,0.5956132956687977,-0.421986576441108,0.9987709157119524,0.3965482102423314,-0.4147755993616502,1.3003864477801796,0.20078795479721578,-0.4218573124696877,1.5069310710524881,0.4141049611548714,0.04472127825095754,1.2817626569839502,0.27956081541958233,-0.33508187117955546,1.5391334352509076,0.07486682018844888,0.08927049070892737,1.2413586601121538,0.24306497796876536,0.08323511174133671,1.2517500456595263,0.5011709955157033,-0.17912999774939972,0.60343578694672,0.5847286239562445,-0.06600872275499714,0.9558801384556374,0.44101500081897566,-0.11271834602912537,0.5402793199416029,0.426428485785099,0.008762603843066534,1.1890940701724677,0.44731654582039404,-0.08467298884265473,0.9549017462706725,0.541982007046409,-0.6108360166186528,0.9963597628651866,0.3104826004694629,-0.28516261151294836,1.4060960794916217,0.6305341774856806,-0.14561128463374068,0.964295677100586,0.5895509696164667,-0.08153302792385715,0.8110785691548659,0.4726000666026247,-0.011929087598333265,0.41994267919205686,0.3866985110652368,-0.12057019194082315,1.3653989211218247,0.15314951795615894,0.03128593805128862,1.2178911866731201,0.15971308823255506,0.11315844781598106,1.1793558025202215,0.28380219830779835,-0.29197139993606025,1.0837515306393832,0.41842704818935583,-0.5835801463648184,1.1123540800138816,1.097364068031311,-19.74072265625,4.934784889221191,-0.4761330783367157,-0.4410853087902069,-2.5294597148895264,57.97677993774414,-27.4675235748291,-250.22555541992188,-39.182960510253906,25.775339126586914,21.060626983642578,-2.044780969619751,24.489913940429688,-2.231689929962158,-3.745025157928467,0.31345006823539734,2.6388752460479736
0.20498369806847036,-0.4095788792466486,1.361921231872988,0.19728394627373738,-0.2681769697081964,1.2703061632762682,0.036347526033094386,-0.5211138296995731,0.07834416613081434,0.33396245618134934,-0.5010195477119345,0.8818691536685489,0.08083964810268768,-0.29687266357687137,1.5047259883375357,-0.08201346052995581,-0.4714523258785538,0.9728413388034366,0.16321937912544668,-0.21676664908003335,1.5413218787963816,-0.02624972459446911,-0.1524753544405596,1.0463774527935004,-0.06404364195387095,-0.32110291235889027,1.0147162857434608,0.10700357665881416,-0.5759201728745013,0.09057682298666594,0.14852287511754508,-0.37005804025179506,0.5159791390232693,0.14262460823485393,-0.48590152449165747,0.04781364919679449,0.009224309882038073,-0.4766466218904154,0.9395018192316523,0.25248431587061343,-0.3164363888320544,0.4585805033019047,0.4582532484405088,-0.6490359355677042,0.9628612730676764,0.0649121958293662,-0.41271146066141445,1.2868592214110672,0.18226837095440618,-0.4114083083260138,0.5781929830446938,0.0942442010816754,-0.39828007140301713,0.412345795441937,0.07251917338923902,-0.3423532344252858,0.08017285042349866,-0.030295816385834826,-0.4492332475469602,1.1297147799011888,0.020578560542734634,-0.22143690445959963,1.023125366659354,-0.042163580878088816,-0.20449864637378035,0.9647134834567443,0.5598553263193724,-0.1297029848426383,0.5145233632712964,0.5962231921044406,-0.4220081771051647,0.9979672281947357,0.39683004039407566,-0.41467849554999775,1.2995463822851119,0.20110566208496788,-0.42154412267618624,1.5060044838892703,0.4145253806911557,0.04510574007024433,1.2818399750633744,0.2798654859429164,-0.33471602852770826,1.538145358594048,0.07552803803654695,0.09069602048357588,1.2401566793587033,0.24371393015053097,0.08414862494891051,1.2512113976952257,0.5023804541849932,-0.1782105959310437,0.600994574707865,0.5861692434509858,-0.06593999584877729,0.9537174141170174,0.4424748903276115,-0.11151946454450787,0.5378771436135501,0.42722602435295154,0.009393677272716684,1.189053368094741,0.4488243277104485,-0.08414199731207843,0.9526818763736068,0.5424022976531098,-0.6107867853530985,0.9956654671406904,0.3106481460546026,-0.28495866474726345,1.4051661996651958,0.6317119789834054,-0.14573363880842727,0.9624307007584351,0.5908959630309351,-0.08134792967150543,0.8088044496561518,0.4743642795164853,-0.010733793517389663,0.41768942645053997,0.3868964278934807,-0.12047520307022215,1.3649356077048953,0.15384194916052532,0.032525594136523464,1.2167208234205942,0.16080247378901927,0.11460302693658314,1.1786457773865453,0.2843492266950228,-0.291898614227377,1.0827016471237536,0.4187575938883207,-0.5835007654120591,1.1116816626479293,1.0694043636322021,-19.442214965820312,4.788362503051758,-0.611452579498291,-0.47486957907676697,-2.485621213912964,59.65117263793945,-30.511611938476562,-255.17845153808594,-39.9624137878418,26.236083984375,20.644800186157227,-2.1299474239349365,24.501205444335938,-2.385352849960327,-3.728220224380493,0.26684871315956116,2.6250805854797363
0.20525971212923919,-0.40935881430936966,1.3609894689739934,0.1976250334093902,-0.2679950124183238,1.269135836931254,0.03637163371883875,-0.5211242444270494,0.0783186223703307,0.3344540496338282,-0.5008819353896261,0.881122609637431,0.08122974520684866,-0.29661201226790224,1.503719404043741,-0.0815693879166976,-0.4724506995831893,0.9719349651147199,0.16350197397320473,-0.21644182902890327,1.5402753394565836,-0.025718570073190745,-0.15282000542081742,1.0427193201535587,-0.06358635350321701,-0.3217252610337655,1.0125299001371626,0.107049319251681,-0.5759139426101912,0.09053654527131295,0.14883538910391314,-0.3698056055516597,0.5157553620685805,0.14266402947882942,-0.4859059501858736,0.047777227687322545,0.009632087073640385,-0.477970406561103,0.9386632537210226,0.25266814404568133,-0.3161639202114762,0.4582490216915971,0.4585588177703074,-0.6489987948675029,0.9622316646654875,0.06526929475613774,-0.4125857147949421,1.2857308662095608,0.18262964393326775,-0.41122628062568756,0.5779398901770446,0.09446938963767312,-0.39809839920887097,0.4122202013502058,0.0725064847420975,-0.34237602224807867,0.08007985030282412,-0.02983523543850084,-0.4495805952426613,1.1286742039863638,0.02118894207716873,-0.22189800258701206,1.0198719736361348,-0.041781560369822786,-0.20547311873921487,0.9614976174784025,0.5611938083211316,-0.12886540122971635,0.5120869857191251,0.5968327082150818,-0.42204237487537183,0.9971542737341875,0.39711790936474767,-0.41457418875386387,1.2987090996559094,0.2014319463972224,-0.4212173362638777,1.5050690750412594,0.41494341855807015,0.04547157234185379,1.281920057456225,0.2801726772789134,-0.3343587895694948,1.5371536920402225,0.07620241652113313,0.09213114186924015,1.238948938072912,0.24437484749599003,0.08506341131761762,1.250679029731561,0.5035791756301525,-0.17727198306199737,0.5985305383308046,0.587605503122538,-0.06585758941753811,0.9515352375459989,0.44393477056002767,-0.11031508458075152,0.5354745359412884,0.42799494346443384,0.010013893539616365,1.1890091039487067,0.45032542376526136,-0.08361994979644062,0.9504373317325354,0.5428104781551866,-0.6107355086811331,0.9949744320073665,0.31080639357401046,-0.2847721642314993,1.4042011258617932,0.6328916496393695,-0.14583748460605445,0.9605614341647422,0.592247203979271,-0.08113658087735147,0.8065136004954776,0.4761472651796624,-0.009516388226442426,0.41541900574568896,0.3870948456375804,-0.12039019251303958,1.3644588252171777,0.15452631933010172,0.03379767191355779,1.2155686786632665,0.16189348384343227,0.11606609356275052,1.1779397781321546,0.28489239385585907,-0.29182870414675466,1.0816401219525875,0.4191099247889013,-0.5834042744723377,1.1109795428269746,1.0615979433059692,-18.884769439697266,4.479226589202881,-0.798471987247467,-0.5088586807250977,-2.382725954055786,61.0521125793457,-33.07495880126953,-259.852783203125,-40.63308334350586,26.628908157348633,20.288278579711914,-2.220102310180664,24.402462005615234,-2.396707534790039,-3.6901113986968994,0.254692018032074,2.6250643730163574
0.20549263829821782,-0.40913672814306046,1.3600820824010482,0.19795765189935038,-0.2678507898027534,1.2679632917934696,0.03639988169468791,-0.5211364828198162,0.07828786026760443,0.3349749053156139,-0.500701314960884,0.8802659618144004,0.08149203756787128,-0.2962994472869974,1.5027373176536813,-0.08118215287165928,-0.4734376753797594,0.9710621316701371,0.16377776426984775,-0.21611856289257278,1.5392225996547977,-0.0251716489206679,-0.1531950318260698,1.0390026174633709,-0.06310257251491612,-0.3223526323867949,1.0102757349709013,0.1070861980713756,-0.5759087457562124,0.09049660189459656,0.14910602717604857,-0.3695870302370842,0.5155405058766043,0.14267702657260642,-0.48589322582775396,0.047697504575284114,0.010089210320930197,-0.47930158467482253,0.937778519084122,0.2529263701659954,-0.31602777057136133,0.4579506092118901,0.4588709067035195,-0.6489620796892027,0.9615680145112094,0.06566205393794355,-0.41244797832918484,1.2845772836382026,0.18296859980813715,-0.41105043059153273,0.5776794722538121,0.09466171042611267,-0.3979124034082653,0.4121015067921569,0.07248197076533804,-0.34240036018636844,0.0799922128978944,-0.029391087900033076,-0.44990120344604084,1.1276573661147364,0.021701513413364504,-0.22246853582906406,1.0165741135742492,-0.04138317911435438,-0.2065503204500438,0.9582453389830938,0.5625931703491716,-0.1280532539482938,0.5096508513223257,0.5974409781544413,-0.4221178482699868,0.9963109552465528,0.3974255651038214,-0.41444628068942896,1.297880935353159,0.20178633415146377,-0.4208459992282438,1.5041047610983944,0.41535365265726254,0.045776363116818534,1.2820091973866847,0.28048812829895525,-0.3340297414372299,1.536150262845273,0.07691991709123382,0.09359769108674379,1.237722321851364,0.24507496984589178,0.08598236932067678,1.2501672387912575,0.5047427155324165,-0.17627042334600793,0.5959917164796237,0.5890274774159816,-0.06573036071283139,0.9492893238730779,0.4453946203980224,-0.10909268832364623,0.5330705149284263,0.42867008818695873,0.010598535273248767,1.1889531683448136,0.45180461304077246,-0.0831272082020905,0.9481119379302525,0.5431789787399848,-0.6106775300392252,0.9942940805132026,0.3109407282822969,-0.2846428280239863,1.4031207356231892,0.6340774447712677,-0.14588068593416784,0.9586781101511015,0.5936189155704927,-0.08083921966963258,0.8041679349956135,0.47799176155336637,-0.008226533438887074,0.4130923325652319,0.38729490468044153,-0.12033787685514286,1.3639379100294302,0.15518427674738774,0.03517598246797816,1.2144762285497805,0.16298981672091195,0.11758973627098343,1.177246970056698,0.28542290933874265,-0.2917682163367998,1.0805404517824286,0.4195336369883935,-0.5832517210221448,1.1101801000683513,1.1028066873550415,-18.995922088623047,4.431264877319336,-0.7004141807556152,-0.47094735503196716,-2.3829119205474854,62.27326583862305,-35.9325065612793,-265.352294921875,-41.34162139892578,27.137535095214844,19.84609603881836,-2.224470853805542,24.340576171875,-2.0410819053649902,-3.6972670555114746,0.3420238196849823,2.6418066024780273
0.20572556446719642,-0.40891464197675126,1.359174695828103,0.19829027038931057,-0.26770656718718294,1.2667907466556851,0.036428129670537074,-0.5211487212125828,0.07825709816487815,0.3354957609973996,-0.5005206945321418,0.8794093139913698,0.08175432992889392,-0.2959868823060926,1.5017552312636218,-0.08079491782662095,-0.4744246511763295,0.9701892982255544,0.16405355456649073,-0.2157952967562423,1.5381698598530118,-0.024624727768145057,-0.1535700582313222,1.0352859147731832,-0.06261879152661523,-0.3229800037398244,1.00802156980464,0.10712307689107017,-0.5759035489022337,0.09045665851788015,0.14937666524818402,-0.3693684549225087,0.5153256496846281,0.14269002366638342,-0.48588050146963424,0.04761778146324568,0.010546333568220009,-0.48063276278854206,0.9368937844472216,0.25318459628630946,-0.3158916209312464,0.45765219673218316,0.4591829956367316,-0.6489253645109025,0.9609043643569315,0.06605481311974935,-0.4123102418634276,1.2834237010668446,0.18330755568300652,-0.4108745805573779,0.5774190543305795,0.09485403121455221,-0.3977264076076596,0.41198281223410804,0.07245745678857857,-0.3424246981246582,0.07990457549296467,-0.028946940361565313,-0.4502218116494204,1.1266405282431091,0.022214084749560284,-0.22303906907111604,1.0132762535123636,-0.04098479785888598,-0.2076275221608727,0.9549930604877851,0.5639925323772115,-0.12724110666687125,0.5072147169255263,0.5980492480938008,-0.4221933216646018,0.995467636758918,0.39773322084289514,-0.4143183726249941,1.297052771050409,0.20214072190570515,-0.4204746621926099,1.5031404471555292,0.41576388675645487,0.04608115389178328,1.2820983373171446,0.2808035793189971,-0.33370069330496505,1.5351468336503238,0.0776374176613345,0.09506424030424743,1.236495705629816,0.2457750921957935,0.08690132732373594,1.2496554478509536,0.5059062554346805,-0.17526886363001848,0.5934528946284426,0.5904494517094252,-0.06560313200812466,0.9470434102001569,0.4468544702360172,-0.10787029206654093,0.5306664939155642,0.4293452329094836,0.011183177006881167,1.1888972327409202,0.45328380231628357,-0.08263446660774039,0.9457865441279696,0.5435474793247829,-0.6106195513973173,0.9936137290190388,0.31107506299058335,-0.28451349181647334,1.402040345384585,0.6352632399031658,-0.1459238872622812,0.9567947861374608,0.5949906271617145,-0.08054185846191368,0.8018222694957493,0.4798362579270704,-0.006936678651331719,0.41076565938477483,0.38749496372330267,-0.12028556119724615,1.363416994841683,0.15584223416467377,0.03655429302239852,1.2133837784362944,0.16408614959839163,0.11911337897921635,1.1765541619812416,0.2859534248216263,-0.2917077285268449,1.07944078161227,0.4199573491878857,-0.583099167571952,1.109380657309728,1.1093659400939941,-19.45892333984375,4.542661190032959,-0.5405667424201965,-0.4679415225982666,-2.458284616470337,63.079261779785156,-38.448829650878906,-269.999755859375,-41.94835662841797,27.62433624267578,19.45244026184082,-2.148906946182251,24.3587703704834,-1.7208690643310547,-3.726469039916992,0.4302484393119812,2.645192861557007
0.20594782865797445,-0.4087105909522796,1.3583247693169196,0.19860688740054502,-0.2675773156005026,1.2657156085336445,0.036452332733581394,-0.5211606781609011,0.07822830560586311,0.3359968361278243,-0.5003665707363988,0.8786166720832421,0.0819851958396419,-0.29571238722627524,1.5008408640394149,-0.08044002789831321,-0.47533328554882903,0.9693784915058818,0.16431372696595475,-0.21549728912430885,1.5371943720129153,-0.024116284639531433,-0.1539242804445178,1.0318433571335497,-0.062185580317942524,-0.3235625981889813,1.00593768760858,0.10715718212111897,-0.575898197707751,0.09041897918017495,0.1496286496816092,-0.3691639223240859,0.5151279525251579,0.14270269392144602,-0.4858702692567118,0.04754551889880604,0.01101849714158384,-0.48191203482893125,0.9360944591215904,0.25341466207377955,-0.3157639963342654,0.45737217573930095,0.4594671262415829,-0.64888625705479,0.9602971347357264,0.0664184388291362,-0.41218395156181414,1.2823579473211275,0.1836255325978955,-0.41070723059951075,0.5771754912982714,0.09502998566785395,-0.3975515765267492,0.4118699236026663,0.07243270903134978,-0.3424473110808442,0.0798232320030004,-0.02853015946557389,-0.45051446606386575,1.125710447892448,0.022643928440744112,-0.2235917510181073,1.010263814436679,-0.0406254485792277,-0.2086316220807713,0.9519843585443813,0.5652832159932875,-0.12646762395141933,0.504946559470221,0.5986109162797991,-0.4222578663897041,0.9946849831682167,0.39801367633784845,-0.41420271647292256,1.2962775183039785,0.2024680251712041,-0.42014895093362065,1.5022537664861868,0.41614884305868716,0.0463580476206462,1.2821723064839445,0.2810971639211604,-0.3333965575458198,1.5342126397897076,0.0783060098819385,0.09642531254038901,1.2353641631587453,0.24642470548089765,0.08775638325127541,1.249185138190819,0.5069976456907411,-0.17435536538528293,0.5911037164018644,0.5917614629331803,-0.06548276464670699,0.9449628088253225,0.44822302539617015,-0.10672447934055965,0.5284299913621108,0.4299807597864542,0.01172387765856174,1.1888506301980934,0.454654515184314,-0.0821770060042672,0.9436304391614649,0.5438936277730575,-0.6105959180569807,0.9929849090955115,0.31120732772034526,-0.2843925149630237,1.4010552104735217,0.6363652962327793,-0.1459599980060628,0.9550542134717601,0.5962644550974006,-0.08025844691210236,0.7996475724195014,0.48154901787145243,-0.0057327996990304666,0.40861532249987526,0.38767826547291107,-0.12023630511287033,1.3629377061957555,0.15645683211403966,0.037843743733913644,1.2123883812632783,0.16510431808943776,0.12052060639029302,1.175913039816926,0.2864380240045636,-0.2916530352949307,1.0784308377480665,0.4203513031763746,-0.582955239032278,1.1086450570466504,1.1412361860275269,-19.437984466552734,4.400267124176025,-0.6391902565956116,-0.5236383080482483,-2.4725513458251953,64.28730773925781,-41.34440612792969,-275.5081787109375,-42.744041442871094,28.20307731628418,19.038999557495117,-2.1357879638671875,24.319416046142578,-1.998481273651123,-3.7399632930755615,0.3619277775287628,2.629316568374634
0.20613416661785927,-0.4085673105144343,1.3576684582312375,0.1988695863856385,-0.26749850987203866,1.2649686897037835,0.03646290619913119,-0.521171686763795,0.07820614955283159,0.33643125940040247,-0.5003017290735876,0.8780397022796782,0.08211016827663838,-0.2955661711609916,1.5001546809610151,-0.0801941269502932,-0.4759779433837,0.968776687881015,0.1645212738423158,-0.21528439167023494,1.5364791896959014,-0.0237374957219161,-0.15420840157578322,1.029324549120783,-0.06192276727975599,-0.32399431394030714,1.0044275849860236,0.10718194155996999,-0.5758923264528741,0.09038892866957267,0.14981777946285854,-0.36900670757356857,0.5149880738447834,0.14271426287214486,-0.4858684344895628,0.047498395136057935,0.011541340074545098,-0.4830164059700555,0.9355829260404537,0.2535498397831885,-0.31566509742610505,0.45715412606071953,0.45965704943565344,-0.6488390886625707,0.9598800177803103,0.06668389740319836,-0.41209622985677213,1.2815881385313754,0.1838728195389375,-0.41056852220304757,0.576988721920165,0.09515079268753923,-0.397414365696986,0.4117765984195747,0.07240717353558304,-0.34246411159733275,0.07976309626998491,-0.02820559225618741,-0.45071292836342425,1.1250727026667815,0.022795015936779066,-0.2240842818621768,1.00821311998841,-0.04039762008762518,-0.20938940074862233,0.9497964036780477,0.5662077006125292,-0.1258244240126073,0.5032444112742974,0.5990155568186021,-0.4222855862501441,0.994106743904139,0.39820247883630905,-0.414128343938597,1.295680554497321,0.20270406548550587,-0.41997697870462936,1.5016286761950184,0.41644862417551065,0.04654094043329654,1.2821951567731946,0.28131706820221136,-0.3331763656526212,1.5335117389034751,0.07880980222923865,0.09743097320889793,1.2345529778903683,0.2469041251780971,0.0883961169678249,1.2488546024095144,0.5078459230085083,-0.17373859601107655,0.5893935547364468,0.5927029464221159,-0.0653855170289807,0.9434392380201264,0.4492839571853347,-0.10583671981727841,0.526757953182751,0.4304827917490574,0.012116515968883072,1.188835476013209,0.45565970972279046,-0.08183842700048788,0.9420447639676909,0.5441644592395681,-0.6106880134501994,0.9925297281599992,0.3113326175224702,-0.2842997054982659,1.40039104460091,0.6371851892068686,-0.145972216563509,0.9537946507828126,0.5972084576720433,-0.08002203964437081,0.798048964596742,0.48281788332572834,-0.004818621930737209,0.4070591622630492,0.3878051024300373,-0.12019735846101054,1.3625986808972643,0.15692532750845745,0.038833775409552816,1.2117200103027141,0.16585910658271896,0.12153556486530018,1.175446076701019,0.28676790522029066,-0.29161786727163175,1.0777232325234951,0.42064498493213526,-0.5828403726910913,1.1081245782359546,1.212895393371582,-19.113784790039062,4.074193000793457,-0.7848639488220215,-0.562017023563385,-2.4409353733062744,65.83467864990234,-43.734622955322266,-280.54974365234375,-43.499725341796875,28.713191986083984,18.720176696777344,-2.1918952465057373,24.237159729003906,-2.5407960414886475,-3.7141306400299072,0.2255345731973648,2.6216344833374023
0.20632050457774406,-0.408424030076589,1.3570121471455556,0.19913228537073197,-0.2674197041435747,1.2642217708739225,0.03647347966468097,-0.5211826953666889,0.07818399349980007,0.33686568267298056,-0.5002368874107765,0.8774627324761145,0.08223514071363486,-0.295419955095708,1.4994684978826156,-0.07994822600227319,-0.4766226012185709,0.9681748842561482,0.16472882071867684,-0.21507149421616106,1.5357640073788876,-0.0233587068043008,-0.1544925227070486,1.0268057411080167,-0.06165995424156948,-0.324426029691633,1.0029174823634672,0.107206700998821,-0.5758864551979974,0.09035887815897038,0.15000690924410787,-0.3688494928230513,0.5148481951644089,0.14272583182284374,-0.4858665997224138,0.04745127137330984,0.012064183007506312,-0.48412077711117973,0.9350713929593168,0.2536850174925975,-0.31556619851794465,0.45693607638213807,0.45984697262972396,-0.6487919202703514,0.9594629008248942,0.0669493559772605,-0.4120085081517302,1.2808183297416234,0.1841201064799795,-0.41042981380658433,0.5768019525420587,0.0952715997072245,-0.39727715486722276,0.4116832732364831,0.0723816380398163,-0.34248091211382126,0.07970296053696942,-0.027881025046800956,-0.45091139066298275,1.1244349574411152,0.022946103432814006,-0.22457681270624624,1.0061624255401411,-0.04016979159602268,-0.2101471794164733,0.9476084488117144,0.5671321852317709,-0.12518122407379534,0.5015422630783739,0.599420197357405,-0.4223133061105842,0.9935285046400614,0.39839128133476964,-0.4140539714042714,1.2950835906906633,0.2029401057998076,-0.41980500647563807,1.50100358590385,0.41674840529233415,0.04672383324594686,1.2822180070624447,0.2815369724832623,-0.33295617375942255,1.5328108380172427,0.07931359457653876,0.09843663387740678,1.2337417926219916,0.2473835448752965,0.08903585068437433,1.2485240666282098,0.5086942003262753,-0.1731218266368702,0.5876833930710295,0.5936444299110513,-0.06528826941125442,0.9419156672149306,0.45034488897449915,-0.10494896029399726,0.5250859150033914,0.43098482371166047,0.01250915427920437,1.1888203218283242,0.4566649042612669,-0.08149984799670859,0.940459088773917,0.5444352907060788,-0.6107801088434182,0.992074547224487,0.31145790732459516,-0.2842068960335081,1.3997268787282982,0.6380050821809579,-0.1459844351209552,0.9525350880938651,0.598152460246686,-0.07978563237663927,0.7964503567739829,0.48408674878000413,-0.003904444162444029,0.4055030020262233,0.3879319393871636,-0.12015841180915075,1.3622596555987732,0.1573938229028752,0.039823807085191905,1.2110516393421502,0.16661389507600008,0.12255052334030726,1.1749791135851122,0.28709778643601774,-0.29158269924833286,1.0770156272989235,0.4209386666878959,-0.5827255063499046,1.107604099425259,1.2224169969558716,-19.082759857177734,4.026771545410156,-0.6524929404258728,-0.5685611367225647,-2.4335992336273193,67.54801177978516,-45.94160079956055,-285.8126525878906,-44.2764892578125,29.242185592651367,18.42001724243164,-2.1711843013763428,24.323593139648438,-2.5976169109344482,-3.688115358352661,0.20598280429840088,2.639188051223755
0.20652994772555022,-0.40826536246285533,1.3562805388147468,0.1994072918761645,-0.26732222064836136,1.2633783280454725,0.0364874108873357,-0.5211925094096076,0.0781569726123715,0.33730726442392295,-0.5001500973737003,0.8768245514654955,0.08240830520821722,-0.29525094247416944,1.498715614838316,-0.07966419960686703,-0.4773485290984444,0.967501948803466,0.16495433262247122,-0.21483488763306316,1.5349704459408262,-0.022947479088772225,-0.1548227709502179,1.0239922631260576,-0.06136453143684873,-0.3249078237063048,1.0012464516407606,0.10723079876690511,-0.5758794027053757,0.09032622814819907,0.15020593411184305,-0.3686624118527829,0.514696561836249,0.14273397029926446,-0.4858669786658508,0.04739821783038757,0.01264107485289455,-0.4853590388862502,0.9344566792052313,0.2538328579818176,-0.31546210171963207,0.4566876253742256,0.4600633337896391,-0.6487385748040597,0.958981735027389,0.0672413468829646,-0.4119140298556018,1.2799577521567314,0.18439815445056812,-0.4102706335830373,0.576592055772314,0.09540456492725191,-0.3971126867544572,0.41157742293662586,0.07235542588577365,-0.34249909592187955,0.07963534992262228,-0.027531173493441773,-0.4511376831014425,1.1237133709800164,0.02315709308801304,-0.22510543680250247,1.003843923179519,-0.039923734130300835,-0.21098646015816963,0.9451653377109807,0.5681798205470406,-0.12446703108039915,0.49964727337984066,0.5998678642590314,-0.42233857912140965,0.9928861454820002,0.39860286040613985,-0.4139738791924439,1.2944245452912437,0.2031981899643576,-0.4196008011106624,1.5002998056395953,0.4170844539605229,0.04691453677114864,1.2822331304581749,0.28176245877876976,-0.3327120173944543,1.532044693728946,0.0798841229707792,0.09956045773201032,1.2328468549330502,0.2479222917941627,0.08974850307286572,1.2481464234408954,0.5096508317830546,-0.17242037117579917,0.5857619008678475,0.594681291686778,-0.06521596100847453,0.940213174417319,0.45149782408546923,-0.10397214887799415,0.5232164813390632,0.4315396694355453,0.012931007407728987,1.1887990660620051,0.45778820703163836,-0.08113591012773136,0.9386927552570571,0.544742118838607,-0.6108523363506557,0.991569070429202,0.3115964216605717,-0.2840822930663627,1.3989897780860496,0.6389070445338622,-0.14601515381541472,0.951107603133909,0.5992140048584401,-0.07954391231451999,0.7946549085591803,0.48549717403208176,-0.0028821758895847616,0.4037680841044875,0.38807800476322113,-0.12010188203379019,1.3618833635816512,0.15791616009067225,0.040913340277871114,1.2102904035555606,0.16746483232505271,0.12368749013010236,1.1744640483366733,0.28745898821496013,-0.2915437432709119,1.0762296518347911,0.421258193570257,-0.5826136019845672,1.1070138298912553,1.1106799840927124,-19.33542823791504,4.26054048538208,-0.4517703950405121,-0.5770670771598816,-2.44852876663208,69.18589782714844,-48.38188552856445,-291.8647155761719,-45.2154655456543,29.877399444580078,18.059185028076172,-2.0696539878845215,24.464200973510742,-2.2547385692596436,-3.702561855316162,0.25657564401626587,2.679842948913574
0.20681948885815032,-0.40805335263937514,1.3552879000341655,0.19972496445210564,-0.2671599875617501,1.262200268688581,0.03651298233462091,-0.5211981823112791,0.07811308696569987,0.33777366223319477,-0.4999872196391718,0.8759741716037522,0.08274853550243062,-0.2950029017909473,1.4977315052455624,-0.07924800499385555,-0.4783561931343268,0.9665824230143566,0.16524212328803461,-0.21451608940268194,1.5339051702164657,-0.02242379687381106,-0.15531292651465398,1.0201572625842315,-0.06095606144147598,-0.3255632223672425,0.9990175368375336,0.10725260274299722,-0.5758682552552381,0.0902845665368418,0.15043926194606239,-0.36837179465404407,0.5145041790624328,0.14273021646485423,-0.4858750318059858,0.04732460771619484,0.013405336261363027,-0.487061454859001,0.9334842724515903,0.2540245961077166,-0.31533998556879184,0.4563337830912988,0.46037134656448236,-0.6486638154809838,0.958278533243975,0.06762531653836074,-0.41179612871037413,1.2787825094153549,0.1847828406569184,-0.4100404843589328,0.5763019840448897,0.09557967857513207,-0.39685372672728353,0.41142815223198065,0.07232686798304122,-0.3425220751407131,0.07954182638632541,-0.02709366954764388,-0.4514604533547597,1.122701134902752,0.02357574356164759,-0.2257591841730061,1.000597020056074,-0.03961448288763201,-0.2121082814225298,0.9418376849976596,0.5696543782752082,-0.12350672883111119,0.49708376647226066,0.6004646892184453,-0.42235536972023796,0.9920215040247962,0.39889339826359654,-0.4138739587652762,1.293550283703583,0.20353269280976807,-0.4192848542076073,1.499323233468643,0.41754623014011133,0.0471323174331954,1.2822214672897037,0.2820072960577264,-0.3323847841940179,1.5310523723134932,0.08068600299441263,0.10109391396507524,1.231661575519486,0.24866670641480693,0.09071394019075578,1.2476054745794132,0.510983090921743,-0.17142533728026396,0.5831077961337487,0.5960487981900474,-0.06523010855084223,0.9378904187126664,0.4529697040453652,-0.10268662423388847,0.5206627433268439,0.4322776028652065,0.013454138572691692,1.188756658146713,0.4593209516725793,-0.080684061526068,0.9363001395534996,0.5451737354133303,-0.6108556885198252,0.9908892346533719,0.31178078104723367,-0.2838474726242735,1.3979998369090605,0.6400935140666583,-0.14611000631818707,0.9490979876344567,0.6006830285321798,-0.07928377456518988,0.7921770803186278,0.48739833991653875,-0.001485193867563253,0.40141347287506457,0.3882907286582404,-0.11998439743029361,1.3613778802732759,0.15862514882885068,0.04234781206295586,1.2092072363720825,0.16864908526077965,0.12524741907782902,1.1737822290287903,0.2879287679463822,-0.29149165571920127,1.075171992873514,0.4216673168914997,-0.5825119658021738,1.106181619183117,0.9385882616043091,-19.333538055419922,4.339321136474609,-0.5286164879798889,-0.5860514640808105,-2.4341039657592773,70.28360748291016,-50.57467269897461,-296.90643310546875,-46.04602813720703,30.430450439453125,17.738792419433594,-2.0134458541870117,24.47123146057129,-1.9715955257415771,-3.7268543243408203,0.2898883521556854,2.718715190887451
0.20710902999075043,-0.40784134281589496,1.3542952612535843,0.20004263702804678,-0.26699775447513885,1.2610222093316894,0.036538553781906104,-0.5212038552129505,0.07806920131902821,0.33824006004246654,-0.49982434190464337,0.875123791742009,0.083088765796644,-0.2947548611077252,1.496747395652809,-0.07883181038084411,-0.47936385717020913,0.9656628972252473,0.16552991395359795,-0.21419729117230077,1.5328398944921051,-0.02190011465884994,-0.15580308207909002,1.0163222620424057,-0.06054759144610326,-0.3262186210281801,0.9967886220343066,0.10727440671908935,-0.5758571078051005,0.09024290492548454,0.1506725897802817,-0.3680811774553053,0.5143117962886166,0.14272646263044403,-0.4858830849461208,0.04725099760200212,0.01416959766983144,-0.4887638708317516,0.9325118656979492,0.25421633423361556,-0.3152178694179516,0.455979940808372,0.46067935933932563,-0.6485890561579079,0.9575753314605612,0.06800928619375685,-0.41167822756514644,1.2776072666739786,0.18516752686326865,-0.40981033513482834,0.5760119123174655,0.0957547922230122,-0.3965947667001099,0.41127888152733544,0.07229831008030879,-0.3425450543595466,0.07944830285002855,-0.02665616560184602,-0.45178322360807693,1.1216888988254876,0.023994394035282102,-0.22641293154350967,0.9973501169326291,-0.039305231644963204,-0.21323010268688986,0.9385100322843389,0.5711289360033754,-0.12254642658182331,0.4945202595646809,0.6010615141778592,-0.4223721603190662,0.9911568625675922,0.39918393612105324,-0.41377403833810855,1.2926760221159221,0.20386719565517852,-0.4189689073045522,1.4983466612976908,0.4180080063196997,0.04735009809524215,1.2822098041212322,0.282252133336683,-0.3320575509935815,1.5300600508980404,0.08148788301804599,0.10262737019814001,1.2304762961059217,0.2494111210354511,0.09167937730864574,1.2470645257179311,0.5123153500604313,-0.1704303033847288,0.5804536913996502,0.5974163046933167,-0.06524425609320994,0.9355676630080142,0.454441584005261,-0.10140109958978288,0.518109005314625,0.4330155362948676,0.01397726973765435,1.1887142502314207,0.4608536963135201,-0.08023221292440468,0.9339075238499421,0.5456053519880535,-0.6108590406889947,0.9902093988775418,0.31196514043389567,-0.28361265218218434,1.3970098957320713,0.6412799835994543,-0.14620485882095943,0.9470883721350045,0.6021520522059194,-0.07902363681585979,0.7896992520780753,0.4892995058009955,-8.821184554186302e-05,0.3990588616456418,0.38850345255325963,-0.11986691282679704,1.3608723969649006,0.15933413756702908,0.04378228384804048,1.2081240691886044,0.1698333381965065,0.12680734802555557,1.1731004097209072,0.28839854767780426,-0.29143956816749067,1.0741143339122368,0.4220764402127424,-0.5824103296197802,1.105349408474979,0.8927927017211914,-19.138525009155273,4.238348484039307,-0.7263385057449341,-0.5585842132568359,-2.4167239665985107,71.80569458007812,-53.2086067199707,-303.1774597167969,-47.032752990722656,31.08722686767578,17.34479331970215,-2.0571534633636475,24.369281768798828,-2.108166217803955,-3.7178478240966797,0.2857511341571808,2.6867172718048096
0.20739895648119466,-0.40763003857719976,1.3533110981745435,0.2003559208666252,-0.266835590861491,1.2598469462615765,0.036559815734427493,-0.5212100578459683,0.07802408741207312,0.33869582631730083,-0.49965137105114416,0.874265535383035,0.0834323720426749,-0.29449286721400075,1.495756486393758,-0.07841177304454197,-0.4803603599403078,0.9647535969879454,0.16580841261030033,-0.21388250392004354,1.5317712666972583,-0.021389947649066814,-0.15631008158061677,1.0124766581895337,-0.060139719569525185,-0.3268892993990159,0.9945445273885664,0.10729108272206704,-0.5758457823304941,0.0902012422286122,0.15092664769548453,-0.3677831201363873,0.51410408604224,0.14272488308268666,-0.4858881246964663,0.0471782936215006,0.01483829453932923,-0.4903587643673878,0.9315766096115112,0.254379701338067,-0.31510895313016624,0.4556192641226661,0.4609791004894585,-0.6485155299799332,0.9568737058450054,0.06838852408903323,-0.4115612360815339,1.2764342470674326,0.18554236527705034,-0.40958657742336096,0.575721050335082,0.09592393390982357,-0.3963359716712244,0.4111285817544192,0.07226645655387284,-0.3425704694741609,0.0793521496535137,-0.02622173284951425,-0.4521024985029208,1.1206749259241369,0.024433860345589403,-0.2270667397028563,0.9940533756420312,-0.03898959133206614,-0.2143679168445385,0.9351868736033409,0.5726174056924731,-0.12158058114991284,0.49195744738673536,0.6016608271377766,-0.4224158456388688,0.9903037449381998,0.3994796323460459,-0.4136695500635943,1.2918028547274356,0.20420014838509212,-0.4186699183176685,1.4973764024822918,0.4184855724012615,0.047564344863031086,1.2821912804976205,0.28250902851685783,-0.33173548267377134,1.5290698049873706,0.082294783006046,0.10416754468387325,1.2292841128166148,0.25016558426894886,0.09263934940099716,1.2465265728779975,0.5136315262080817,-0.16940856690438377,0.5777915495120927,0.5987890824576877,-0.06525081642810872,0.9332423628560754,0.4559456711968049,-0.10008718329944359,0.5155302440093843,0.4337241217395328,0.014505159257855633,1.188687673467674,0.46240618864432076,-0.07978756508685106,0.9314807317904289,0.5460327784746688,-0.6108557538480948,0.9895158204811298,0.31214440007083466,-0.2834002085474153,1.3959956998067187,0.6424754498810168,-0.1463214335654745,0.945061900757796,0.6036245278175303,-0.07876953995780439,0.787214294174649,0.49121642902197427,0.001338879192334325,0.396691313247807,0.3887117366917086,-0.1197583842652523,1.3603645949963703,0.16005152167863404,0.04521189225430519,1.2070448706481631,0.17101250006663088,0.12836143581677745,1.172428950568698,0.28889280794472094,-0.29138258928494737,1.07304377903212,0.4224787334732662,-0.5823216675133105,1.104533124443711,0.9535112977027893,-19.233367919921875,4.300976276397705,-0.7028858661651611,-0.5194039940834045,-2.436863422393799,73.6025619506836,-55.3348274230957,-309.20166015625,-47.94928741455078,31.667415618896484,16.993927001953125,-2.1204090118408203,24.295875549316406,-2.2484538555145264,-3.6868889331817627,0.3000153601169586,2.6038684844970703
0.20769025799849175,-0.40742125199330564,1.3523571779396362,0.20065354489234108,-0.2666736751400082,1.258681660851106,0.03656570062608711,-0.5212181506567444,0.07797459084910668,0.33911365734425597,-0.49944238611404473,0.8733791742498512,0.0837880242986,-0.2941810857282569,1.4947413146890551,-0.07797802417286187,-0.48131703728476893,0.9638807833786832,0.16605375568993042,-0.21358202856700154,1.530690678105449,-0.02092800534866901,-0.1568771833122171,1.0085932197949747,-0.059733981889555414,-0.3276144985528971,0.9922462683047681,0.10728946118461376,-0.5758338216322147,0.0901595756584248,0.1512546743087421,-0.3674585151159211,0.5138416845869545,0.14273106178503162,-0.4858824121241538,0.04710882289076088,0.015165999758408837,-0.49156999829786496,0.930773913860321,0.2544418354796258,-0.3150471363537359,0.45523420104522583,0.4612493269786929,-0.6484464038878877,0.9561777042829438,0.06875087820388226,-0.41144749043595713,1.2752691600101673,0.18588206497643955,-0.409385625791076,0.5754273685793214,0.09607176655373036,-0.3960777653862309,0.4109746100788085,0.07222284364285848,-0.3426045763078115,0.07924661335122112,-0.025798258673868455,-0.4524093013232117,1.1196547557186607,0.024947601345842615,-0.22772076476784728,0.9905788027095481,-0.038651153654945626,-0.21556279655323907,0.9318797504467682,0.5741555157876171,-0.12059495663455391,0.4893971141304403,0.6022690177358538,-0.42255549621305716,0.9894917464216814,0.3997937345642917,-0.41354876287922954,1.2909335916405482,0.20452757002107352,-0.41843143825894163,1.4964286708673895,0.4190194797239556,0.04776598205358184,1.2821482775227124,0.282808948480925,-0.33143184358710487,1.528086964855131,0.08311959513962659,0.10573169111662739,1.2280672952434086,0.2509559027801286,0.09357982128858561,1.245999310387681,0.5148903153195286,-0.168291550746422,0.5751007295996939,0.6001806690400798,-0.0652303042272661,0.9309079836535928,0.45756467964672876,-0.09867196045322536,0.5128621950449535,0.4343279882377346,0.01505002745470362,1.1887175851310325,0.46402914432302994,-0.07936861088487093,0.9289319922789834,0.5464452539650809,-0.6108287778121746,0.9887732059158237,0.31230546287353467,-0.2832676094296752,1.3948949585292514,0.6437030181979501,-0.14651551721802608,0.942975284544048,0.6051093205710909,-0.07853699809816106,0.7847038963377871,0.4931895772846328,0.0028734046731464053,0.3942776026808664,0.3889041789714864,-0.119681812489763,1.3598485196268322,0.16079886200905633,0.04662414724068918,1.205979832947649,0.17217349608903681,0.1298946812995616,1.1717944583355986,0.28947441921328865,-0.2913081572446602,1.07192720916887,0.42285665583531584,-0.5822792992686594,1.1037736696912754,0.9912046194076538,-19.619125366210938,4.584859848022461,-0.4565829634666443,-0.5548521876335144,-2.4569754600524902,75.55612182617188,-57.379844665527344,-315.6695251464844,-48.903968811035156,32.262760162353516,16.665691375732422,-2.1291747093200684,24.325586318969727,-2.119792938232422,-3.684049129486084,0.339528888463974,2.5745246410369873
0.20798155951578884,-0.40721246540941153,1.3514032577047286,0.20095116891805698,-0.26651175941852545,1.2575163754406355,0.036571585517746724,-0.5212262434675204,0.07792509428614022,0.33953148837121117,-0.49923340117694526,0.8724928131166673,0.08414367655452513,-0.29386930424251306,1.4937261429843525,-0.07754427530118173,-0.4822737146292301,0.963007969769421,0.16629909876956056,-0.2132815532139595,1.5296100895136397,-0.020466063048271164,-0.15744428504381747,1.0047097814004153,-0.05932824420958561,-0.3283396977067783,0.9899480092209696,0.10728783964716046,-0.5758218609339354,0.0901179090882374,0.15158270092199969,-0.3671339100954549,0.5135792831316689,0.1427372404873766,-0.48587669955184126,0.04703935216002117,0.015493704977488471,-0.49278123222834225,0.9299712181091309,0.25450396962118466,-0.3149853195773055,0.4548491379677855,0.4615195534679274,-0.6483772777958422,0.9554817027208821,0.06911323231873133,-0.4113337447903804,1.274104072952902,0.1862217646758288,-0.40918467415879106,0.5751336868235607,0.09621959919763716,-0.3958195591012374,0.41082063840319777,0.07217923073184411,-0.34263868314146206,0.07914107704892853,-0.025374784498222624,-0.4527161041435027,1.1186345855131845,0.025461342346095872,-0.22837478983283832,0.9871042297770646,-0.03831271597782508,-0.21675767626193973,0.9285726272901953,0.5756936258827613,-0.1196093321191949,0.486836780874145,0.6028772083339312,-0.4226951467872455,0.9886797479051628,0.40010783678253753,-0.4134279756948648,1.2900643285536608,0.20485499165705498,-0.41819295820021474,1.495480939252487,0.41955338704664974,0.047967619244132606,1.2821052745478043,0.2831088684449922,-0.3311282045004384,1.5271041247228914,0.08394440727320726,0.10729583754938167,1.2268504776702023,0.25174622129130836,0.09452029317617415,1.2454720478973642,0.5161491044309755,-0.16717453458846013,0.5724099096872949,0.6015722556224722,-0.06520979202642346,0.92857360445111,0.4591836880966527,-0.09725673760700702,0.5101941460805224,0.43493185473593654,0.015594895651551656,1.1887474967943912,0.46565210000173934,-0.07894965668289078,0.9263832527675376,0.5468577294554932,-0.6108018017762544,0.9880305913505175,0.3124665256762347,-0.2831350103119351,1.393794217251784,0.6449305865148834,-0.1467096008705777,0.9408886683302999,0.6065941133246516,-0.0783044562385177,0.7821934985009251,0.49516272554729157,0.004407930153958616,0.39186389211392564,0.38909662125126415,-0.11960524071427371,1.359332444257294,0.16154620233947867,0.04803640222707329,1.2049147952471349,0.17333449211144286,0.1314279267823459,1.171159966102499,0.29005603048185635,-0.291233725204373,1.07081063930562,0.42323457819736554,-0.5822369310240082,1.1030142149388396,0.9976903200149536,-19.633737564086914,4.639220237731934,-0.4131133556365967,-0.6100085973739624,-2.417710542678833,77.58106231689453,-59.82914733886719,-323.4064025878906,-49.93454360961914,32.982723236083984,16.307327270507812,-2.124530792236328,24.421993255615234,-1.9780970811843872,-3.7424752712249756,0.34192076325416565,2.5926833152770996
0.20827196886306565,-0.4070064073169468,1.350438975143117,0.20127437626387895,-0.2663628878380289,1.256345047461276,0.03657442074737802,-0.5212327619854188,0.07787400009172248,0.339962872744396,-0.49902967590567293,0.8716051577534897,0.08446005052140611,-0.2935883699860794,1.492709986816179,-0.07712923866135397,-0.48323304408433415,0.9621321476058455,0.16655337203614756,-0.2129803076879868,1.5285214130452138,-0.02000712731310373,-0.15802295209950953,1.0008138420171298,-0.05892258503209087,-0.32907042173755086,0.9876415307158668,0.10728536784303504,-0.5758114066345013,0.09007427995617422,0.15190799798298354,-0.36680335586039436,0.5133070412850538,0.1427407967827178,-0.48587467871754375,0.046965282669426595,0.015815956727755758,-0.4939814461086759,0.9291649282175974,0.2545927670223034,-0.3148934045276105,0.45447011958092254,0.46179248511001764,-0.6482959138044458,0.9547689440629341,0.06948842105782582,-0.4112115145124347,1.2729302021051876,0.18654749942141652,-0.40897979528106604,0.5748323372855092,0.09637389556560294,-0.3955454295439436,0.4106557294232956,0.07213336670931601,-0.3426709738097444,0.07903546224416093,-0.024951785050381918,-0.45302472949422745,1.1175941998595433,0.02594725634063906,-0.2290512867617291,0.9836482682962293,-0.037991258969518146,-0.21798129424156723,0.9252468841952206,0.5772410162434671,-0.1185933785969454,0.4842306827965953,0.6034646488183382,-0.4228110344500731,0.9878580617588878,0.40042464627532764,-0.4132935948521886,1.289183472560731,0.20518214171690655,-0.41795366553478686,1.494524237138546,0.42008748532131013,0.04816579118691729,1.2820593860765166,0.28341309331505504,-0.330820737887692,1.526101357692125,0.08477934622606688,0.10886277347211006,1.225624927227071,0.2525363233902596,0.0954737116070772,1.244952126449307,0.5174338290628218,-0.16604860521704953,0.5696984245287664,0.6029920903657445,-0.06516595663416465,0.9262025285240832,0.4608161968505934,-0.09582731536040648,0.5075358823435198,0.4355637572261671,0.016117818295856942,1.1887744041468133,0.4672752105637101,-0.0785312488157031,0.9238469633242944,0.5472568552817729,-0.6107781525479248,0.9872960901220903,0.31264028254131604,-0.2829949089036083,1.3927161016606338,0.6461721155422412,-0.14688259812182938,0.9388180114575571,0.6080887464695418,-0.07804148247009084,0.7796786578483141,0.4971568297274064,0.005949044969420006,0.3894418136074845,0.3892990291019938,-0.11952695779699758,1.3588074238489796,0.1623054867153925,0.04944415419479662,1.2038408973753847,0.17452193922455728,0.13297363294177486,1.1705106729703234,0.2906239780763916,-0.291165006871255,1.069690190995766,0.42362014288144395,-0.5821821593883022,1.1022403836250305,1.0623623132705688,-19.19009017944336,4.361710071563721,-0.6575872898101807,-0.5322974324226379,-2.375715732574463,79.58164978027344,-62.11079788208008,-330.99444580078125,-50.923118591308594,33.73206329345703,15.929218292236328,-2.0850090980529785,24.47433853149414,-1.9432166814804077,-3.7852835655212402,0.29550445079803467,2.635364294052124
0.20855910000422143,-0.4068103748441532,1.3494366170554761,0.20169158743706758,-0.266261945891854,1.2551515165543714,0.03656605024211454,-0.5212334958922784,0.07781703553057664,0.3404440577851226,-0.4988452768483699,0.8707127468475443,0.08463209961226444,-0.29342078136292515,1.4916902133171133,-0.07678295859437906,-0.4842021185041263,0.9612452707543279,0.16684045854783214,-0.21267623222426865,1.5274030183324752,-0.019559238957154845,-0.15864411499721323,0.9968719687682904,-0.05851721430555086,-0.32982144647876155,0.9853048506162025,0.10727977180323064,-0.57580648747501,0.09002343955024189,0.1522232655263105,-0.3664509417205457,0.5129986417214603,0.14273471725697548,-0.48588622287409194,0.04687431541006297,0.016118170150759194,-0.4951411677117379,0.9283454319499187,0.25477953640040973,-0.31469089582266396,0.4541133119175766,0.46207535661608967,-0.6481695826479931,0.9539946128201011,0.0699107695790316,-0.4110581081434591,1.271724055934426,0.18682192108094298,-0.40876048605963095,0.5745028131055516,0.0965519423615064,-0.39521279121866293,0.41045063220901995,0.07207923116076072,-0.34269659112620826,0.07892955898843854,-0.02453052995122033,-0.4533400515846859,1.1164795341870644,0.026330922267689596,-0.22981035472541453,0.9802606930795885,-0.03773219604661923,-0.21931050865855434,0.921852723652164,0.5788225061846095,-0.11746598360751642,0.48145642560838875,0.6039758446990259,-0.4228396072292959,0.9870007792056001,0.40075140342807136,-0.4131092652185074,1.2882600193781568,0.2055082938923741,-0.4177113870121785,1.4935345736560444,0.42062228523342815,0.048351230358840605,1.2820028950836484,0.28373313621179946,-0.33049920734190785,1.5250253708946784,0.08565149535209135,0.11043995914869745,1.2243672885642147,0.25332563030009236,0.09647470105760142,1.2444591790635064,0.5188138516533454,-0.1648899249683153,0.5669110066053884,0.6045157206769021,-0.06503642207344637,0.9236966134696608,0.4624983113727822,-0.0943457185728661,0.5049135736282299,0.4362986756871078,0.016560103793609997,1.188790272403237,0.46889889023161874,-0.07811484841124113,0.9213564206432824,0.5476069288537991,-0.6107667274032997,0.9865914006896367,0.31286068270538026,-0.2828272409391719,1.39172112231223,0.6474649420637169,-0.14697811510783948,0.9368059958843207,0.6096195373314105,-0.07766668912985468,0.7771474924308576,0.49922793472050037,0.0075143717587092314,0.3869889877884594,0.3895380546320353,-0.11944238742850474,1.3582495356237652,0.16310865851427542,0.050835360186976264,1.2027344435256049,0.17580657871748434,0.1345651248432942,1.1698069951392167,0.2911417196128542,-0.2911172830900609,1.0685554916495519,0.42403378865576735,-0.5820818125017432,1.1014137268066406,1.1200586557388306,-18.961061477661133,4.171690940856934,-0.7768573760986328,-0.4010882079601288,-2.406040906906128,82.06122589111328,-64.15547180175781,-338.6360778808594,-52.02486038208008,34.530487060546875,15.48932933807373,-2.0516469478607178,24.42726707458496,-1.98416268825531,-3.731005907058716,0.29189321398735046,2.6642446517944336
0.2088462311453772,-0.40661434237135957,1.3484342589678353,0.2021087986102562,-0.26616100394567904,1.2539579856474667,0.03655767973685107,-0.521234229799138,0.07776007096943081,0.3409252428258492,-0.4986608777910668,0.8698203359415989,0.08480414870312276,-0.2932531927397709,1.4906704398180475,-0.07643667852740414,-0.48517119292391847,0.9603583939028102,0.16712754505951674,-0.2123721567605505,1.5262846236197365,-0.01911135060120596,-0.1592652778949169,0.9929300955194511,-0.05811184357901085,-0.3305724712199723,0.9829681705165383,0.10727417576342624,-0.5758015683155187,0.08997259914430956,0.15253853306963744,-0.366098527580697,0.5126902421578666,0.14272863773123318,-0.48589776703064014,0.046783348150699344,0.016420383573762628,-0.49630088931479993,0.92752593568224,0.25496630577851603,-0.3144883871177174,0.4537565042542306,0.4623582281221617,-0.6480432514915403,0.9532202815772682,0.07033311810023737,-0.41090470177448346,1.2705179097636645,0.18709634274046943,-0.40854117683819585,0.574173288925594,0.09672998915740985,-0.3948801528933822,0.4102455349947443,0.07202509561220542,-0.3427222084426722,0.07882365573271616,-0.024109274852058746,-0.45365537367514425,1.1153648685145852,0.026714588194740135,-0.23056942268909997,0.9768731178629477,-0.037473133123720324,-0.22063972307554144,0.9184585631091073,0.5804039961257518,-0.11633858861808745,0.47868216842018213,0.6044870405797137,-0.4228681800085188,0.9861434966523126,0.4010781605808151,-0.4129249355848262,1.2873365661955827,0.20583444606784163,-0.41746910848957025,1.4925449101735424,0.4211570851455461,0.04853666953076392,1.2819464040907802,0.2840531791085439,-0.3301776767961237,1.523949384097232,0.08652364447811582,0.11201714482528484,1.2231096499013585,0.2541149372099251,0.09747569050812563,1.2439662316777058,0.5201938742438689,-0.1637312447195811,0.5641235886820105,0.6060393509880596,-0.06490688751272808,0.9211906984152384,0.46418042589497094,-0.09286412178532572,0.5022912649129401,0.4370335941480485,0.017002389291363048,1.1888061406596606,0.47052256989952745,-0.07769844800677915,0.9188658779622704,0.5479570024258253,-0.6107553022586747,0.985886711257183,0.31308108286944447,-0.28265957297473554,1.3907261429638262,0.6487577685851924,-0.14707363209384955,0.9347939803110843,0.6111503281932793,-0.07729189578961852,0.774616327013401,0.5012990397135944,0.009079698547998456,0.38453616196943435,0.38977708016207674,-0.1193578170600119,1.3576916473985507,0.16391183031315834,0.05222656617915591,1.201627989675825,0.17709121821041138,0.13615661674481355,1.16910331730811,0.29165946114931673,-0.2910695593088668,1.0674207923033379,0.4244474344300908,-0.5819814656151842,1.1005870699882507,1.0831844806671143,-19.146930694580078,4.217726707458496,-0.644347071647644,-0.3890784978866577,-2.4623382091522217,84.83531951904297,-65.65470886230469,-345.3890075683594,-53.09031677246094,35.23074722290039,15.079547882080078,-2.1182491779327393,24.42576789855957,-2.1861038208007812,-3.697176456451416,0.3181270658969879,2.6468191146850586
0.20911895222221777,-0.40642387000535496,1.3475015483155157,0.20248822675438116,-0.2660645714264042,1.2528433780007016,0.03654922245206028,-0.5212338860855986,0.07770727959689715,0.3413292785354008,-0.4984890723860027,0.8689668395661361,0.08499038456291551,-0.29308235467664456,1.4897188465326827,-0.07611242025498524,-0.4860715939114425,0.9595361742752277,0.1673971844824734,-0.21208974561154448,1.5252438258651078,-0.018688380144635194,-0.1598520999317927,0.9892538639883334,-0.057741631772245804,-0.33126651263789625,0.98080131924705,0.10726634521555427,-0.5757975029629587,0.08992387615884377,0.15282292886088225,-0.36577440926570765,0.5124049161048915,0.1427166447635518,-0.4859239129435937,0.04668477926378614,0.01669482534615606,-0.49739661270024754,0.9267655095911974,0.2551558707526188,-0.3142923586415929,0.45342956118236316,0.46261529476437346,-0.6479432557197596,0.9525097951983774,0.07072368407288923,-0.41076471385182134,1.269391623553851,0.1873532665387684,-0.4083319330057561,0.5738644094656635,0.09689633496451061,-0.39457485089633637,0.4100523993668967,0.07197319042702384,-0.34274683103261405,0.07872478757670384,-0.023713898832681574,-0.45395268499851227,1.1143356249821896,0.027084581165370943,-0.23126908890064188,0.9736950154730817,-0.037234337753708796,-0.22187915306217618,0.91529699863977,0.5818913061887223,-0.11527808898726839,0.4761136455449048,0.6049721829149107,-0.42289773508018214,0.9853464613687124,0.4013796019435718,-0.4127663631510261,1.2864732276524928,0.20614186319096986,-0.41724374860722496,1.4916261624026772,0.4216521540224947,0.04870953214731042,1.281894165553794,0.2843522084075094,-0.3298681803689098,1.5229495519044385,0.08734348601359403,0.11349123435107283,1.2219496187784815,0.25484825966768704,0.09840320230813213,1.243501493078194,0.5214920930120329,-0.16265730688114044,0.5615191465576754,0.6074606985445843,-0.06479841473185463,0.9188429821800713,0.46574077552912246,-0.09148662157406086,0.4998389072962945,0.4377167826851472,0.0174136853018245,1.1888152116181834,0.4720241385974631,-0.07730391034424701,0.9165343588945882,0.5482841185386607,-0.6107543549000822,0.985226834254549,0.3132861704621094,-0.28250153106174725,1.3897919165377586,0.649953588547296,-0.14716825278981632,0.9329202690266616,0.6125699417875302,-0.07694093754749426,0.7722530921563409,0.5032344349962196,0.010546990537658181,0.38225306758028,0.3900014894292844,-0.11928808676782034,1.3571659966020395,0.16465929120976402,0.0535344987959656,1.2005972925400892,0.17828429830784825,0.13764067403725436,1.1684605333189302,0.2921317188155572,-0.2910281271729248,1.0663713410200661,0.42483937029806984,-0.581868974775668,1.099819483346497,0.9630715250968933,-19.356307983398438,4.343067646026611,-0.5005995035171509,-0.5128525495529175,-2.4807209968566895,87.91410064697266,-67.08421325683594,-352.50103759765625,-54.16536331176758,35.926326751708984,14.676589012145996,-2.2113091945648193,24.474830627441406,-2.480562686920166,-3.753117084503174,0.3154771625995636,2.6031901836395264
0.2093371209127224,-0.4062544466150518,1.3468325029540535,0.20272461914562231,-0.2659852103089655,1.2520275512673207,0.036540436644773217,-0.5212294628091206,0.07767028672410953,0.34144124891979016,-0.49836494295012873,0.8682606624846427,0.08523032747653146,-0.29289921516219514,1.4890253640563282,-0.075871530204814,-0.4867120169053804,0.9589587284239712,0.1676007742123888,-0.21188934936823434,1.5244967880233233,-0.01835974173571002,-0.16030891728124871,0.9865832761028744,-0.057504521590342986,-0.33174483147480627,0.9792773914060845,0.10725005545856937,-0.5757966698794965,0.08988316912228698,0.15299045301924477,-0.3655574108591143,0.5122069397706859,0.14268226519424396,-0.48600533693436754,0.046557432786863764,0.016864131584097414,-0.49825005711901266,0.9262287063117058,0.2553560190544223,-0.3141208624602943,0.45321567692109294,0.4627746715648285,-0.6479429581899516,0.9520410072329818,0.07099393039744421,-0.4106755243330602,1.2685676643390529,0.1875439484338492,-0.4081607938602271,0.5736336850172636,0.09701838417114406,-0.3943730364276084,0.40990454688766936,0.07192972876032852,-0.3427676878721509,0.07865255229816531,-0.023416493615345257,-0.45418181270360947,1.1136297652658247,0.027402812229555762,-0.23174387705049768,0.9713099173560048,-0.03707226954819943,-0.22277868484819172,0.9130159764495117,0.5830220781414714,-0.11447083607118652,0.47432397399714454,0.6053586939707497,-0.4229310088303705,0.9847775050346426,0.40158520495852096,-0.41270530011677586,1.2858374659588796,0.20637835475881366,-0.41708243786301835,1.4909758812544363,0.4219968125520163,0.04883478351850186,1.2818580255997891,0.28457168622916895,-0.3296042416762832,1.522238019286402,0.08796530595629025,0.11457503130597782,1.2211591019140964,0.2553696409854668,0.09905254871689326,1.2431435448839174,0.5224806258812645,-0.1619041795959536,0.5596073985297159,0.6084948328157135,-0.06476967583182237,0.9170941614749416,0.4668401580871336,-0.0905032012586957,0.49802993598165896,0.43820413651055845,0.017707663967539335,1.1887985499489386,0.4730634300519299,-0.0769921387761634,0.9148048577916543,0.5485243242702736,-0.610793073445756,0.984736604307661,0.31343328903447715,-0.28237993062924077,1.389087683317677,0.6507821693917774,-0.1472594803877619,0.9315701382641761,0.613568670011514,-0.07668021217679347,0.7705255944207804,0.5046560720892141,0.011643150785863879,0.38061252788992117,0.39017056570147834,-0.11927453676448357,1.356762387499904,0.16519584654774885,0.05452718220601807,1.1998533886789486,0.17913076069378694,0.13871801459532698,1.1680482760170439,0.29243178754452837,-0.2910105134082946,1.0656446145465042,0.42514911866345945,-0.5817105103999574,1.0992755195162944,0.9231562614440918,-19.17647361755371,4.363423824310303,-0.5988720655441284,-0.5905275940895081,-2.4489622116088867,91.41454315185547,-68.81101989746094,-361.4068603515625,-55.378135681152344,36.75685501098633,14.250907897949219,-2.2311558723449707,24.43039894104004,-2.6598899364471436,-3.803677558898926,0.2703089416027069,2.570268392562866
0.209555289603227,-0.40608502322474854,1.3461634575925916,0.20296101153686344,-0.2659058491915267,1.25121172453394,0.036531650837486156,-0.5212250395326425,0.0776332938513219,0.34155321930417953,-0.49824081351425475,0.8675544854031494,0.08547027039014739,-0.2927160756477457,1.488331881579974,-0.07563064015464278,-0.4873524398993182,0.9583812825727147,0.1678043639423042,-0.21168895312492422,1.5237497501815391,-0.018031103326784873,-0.16076573463070468,0.9839126882174158,-0.05726741140844018,-0.33222315031171634,0.9777534635651192,0.10723376570158447,-0.5757958367960343,0.0898424620857302,0.1531579771776073,-0.3653404124525209,0.5120089634364804,0.14264788562493608,-0.48608676092514136,0.04643008630994141,0.017033437822038755,-0.49910350153777766,0.9256919030322145,0.2555561673562258,-0.3139493662789958,0.4530017926598227,0.46293404836528346,-0.6479426606601437,0.9515722192675863,0.07126417672199917,-0.410586334814299,1.267743705124255,0.18773463032892995,-0.40798965471469806,0.5734029605688639,0.0971404333777775,-0.3941712219588804,0.40975669440844203,0.07188626709363319,-0.3427885447116877,0.0785803170196268,-0.023119088398008966,-0.45441094040870667,1.11292390554946,0.027721043293740557,-0.23221866520035342,0.9689248192389281,-0.03691020134269008,-0.22367821663420714,0.9107349542592537,0.5841528500942205,-0.1136635831551047,0.4725343024493844,0.6057452050265887,-0.42296428258055885,0.9842085487005727,0.4017908079734701,-0.4126442370825256,1.2852017042652661,0.20661484632665747,-0.4169211271188117,1.490325600106195,0.4223414710815379,0.048960034889693284,1.2818218856457844,0.28479116405082855,-0.32934030298365663,1.5215264866683658,0.08858712589898643,0.11565882826088274,1.2203685850497115,0.25589102230324645,0.09970189512565432,1.242785596689641,0.5234691587504962,-0.16115105231076682,0.5576956505017566,0.6095289670868425,-0.0647409369317901,0.9153453407698121,0.4679395406451446,-0.08951978094333062,0.49622096466702353,0.4386914903359697,0.018001642633254145,1.1887818882796939,0.4741027215063966,-0.0766803672080798,0.9130753566887206,0.5487645300018866,-0.6108317919914296,0.984246374360773,0.31358040760684486,-0.2822583301967343,1.3883834500975956,0.6516107502362586,-0.14735070798570746,0.9302200075016906,0.6145673982354978,-0.07641948680609269,0.7687980966852201,0.5060777091822086,0.012739311034069481,0.3789719881995625,0.3903396419736723,-0.11926098676114683,1.3563587783977686,0.16573240188573365,0.05551986561607045,1.199109484817808,0.17997722307972555,0.13979535515339953,1.1676360187151575,0.2927318562734995,-0.2909928996436643,1.0649178880729424,0.425458867028849,-0.5815520460242467,1.0987315556860917,1.0544466972351074,-19.00832748413086,4.348407745361328,-0.7276243567466736,-0.5611299872398376,-2.3972370624542236,94.24520874023438,-70.23411560058594,-369.5252380371094,-56.43857192993164,37.500579833984375,13.905472755432129,-2.150855779647827,24.343952178955078,-2.4196321964263916,-3.8062922954559326,0.22425788640975952,2.5718061923980713
0.2097881797035009,-0.405903866403545,1.3454225065297638,0.2032236483762201,-0.2658194945446703,1.2503123153124425,0.03651793193170764,-0.521220879246857,0.07758713929315672,0.3418051695192097,-0.4980828978664038,0.8668242992944275,0.08573077462416215,-0.2925125037794871,1.4875688643644978,-0.07537620102628968,-0.48805610203979816,0.9577435713927478,0.16802157557859326,-0.21147251849537654,1.5229300055282795,-0.017691461665444826,-0.1612878960637462,0.9809698038148565,-0.057001446342922216,-0.3327565818827673,0.9760605500431251,0.10721453196609652,-0.5757953435774671,0.08979882320870232,0.1533440047541991,-0.36509509804035656,0.5117984242391902,0.14260926684796416,-0.48616777424583374,0.04629022147605159,0.017238981648662815,-0.500033781721892,0.9250956598101863,0.2557612396529968,-0.3137475614318785,0.45274963313775346,0.463110531698789,-0.6479272593725596,0.9510450392764136,0.0715620679201077,-0.41050149273398695,1.2668369645314501,0.18794306814177147,-0.40780038337241736,0.5731490646174412,0.0972746524787107,-0.393940885138038,0.4095901655440299,0.07182781394595737,-0.3428109005981723,0.07850336813867487,-0.022803537202197206,-0.4546478202702194,1.1121501780503633,0.028056714939730637,-0.232765801078239,0.96631910025284,-0.03672769522010689,-0.22467454922515032,0.9082228158483443,0.5854103916528208,-0.11278070473661095,0.4705524271884502,0.6061689231964137,-0.42300390856747594,0.9835730193071808,0.40202549371300944,-0.4125911264822183,1.2845083273799214,0.2068774892843717,-0.4167343184154555,1.4896110440326842,0.4227233144719869,0.04909997555544439,1.2817815944848472,0.2850324154788295,-0.3290545036954596,1.520741802177682,0.08927621430908604,0.11686241646476135,1.2194945423413586,0.25647635688844894,0.10042550100247984,1.2424012280457857,0.5245639560435781,-0.16031105515380573,0.5555822209806632,0.610657134691611,-0.06470241275498805,0.9134475176302803,0.4691809523381934,-0.088416274020214,0.4942184625477192,0.4392368093330339,0.018333567568526547,1.1887580975396743,0.47526598879635723,-0.07635156648689943,0.9111649058512505,0.5490283846657797,-0.6108801643185268,0.9837107077142261,0.31373669241635216,-0.28214333285361726,1.3875917340351256,0.6525173664882483,-0.14745217704812422,0.9287319967880945,0.615682331931512,-0.07613193486749338,0.7668896977672515,0.5076508896042968,0.01396428070968592,0.37716680622061366,0.3905323388560718,-0.11925262677797813,1.3559187956598422,0.16633741977001656,0.05661734752973772,1.1982903170664578,0.18092188720178126,0.1409888263323054,1.1671769005178616,0.2930907762504571,-0.2909604289279079,1.0641089871229714,0.42578492688619535,-0.5814063265821002,1.0981221435875292,1.1742548942565918,-19.255348205566406,4.397365570068359,-0.6478297710418701,-0.48140284419059753,-2.3945858478546143,97.54601287841797,-71.55116271972656,-379.252685546875,-57.693241119384766,38.37140655517578,13.443567276000977,-2.056879997253418,24.429889678955078,-2.0204877853393555,-3.7859716415405273,0.27843180298805237,2.616093635559082
0.2100785192077523,-0.405676920583706,1.3444009478518504,0.20358870257407624,-0.2657058480756962,1.249086730527562,0.03648496190986491,-0.5212177452662133,0.07750523181644496,0.34260338248796024,-0.4977931335864478,0.8660004194209118,0.08607151815729426,-0.2922291958963634,1.4865344920695223,-0.07506888744649508,-0.4890065510936131,0.9568706784422034,0.16829194587390153,-0.21119349504148724,1.5218265269765792,-0.017308880482485748,-0.1620650587985847,0.9769642988577584,-0.05662287685354024,-0.3335050875382708,0.973708180204922,0.1071838095340113,-0.5757961766609293,0.0897437430030068,0.15360224079217344,-0.364739282143037,0.5115388592347404,0.14255410482157144,-0.4862471849515738,0.04610150451741076,0.017585940455512105,-0.5012639087951736,0.924267455836795,0.2559855275398848,-0.31342747886449296,0.4523481067442736,0.463353772234443,-0.6478529165912148,0.9502899879651354,0.07196784155159597,-0.4104336162671348,1.2656071746586175,0.18822079734099623,-0.4075403522379351,0.5728047432883686,0.097456363850082,-0.39359924157723686,0.4093507532252381,0.07171085745786988,-0.34283910642396537,0.07840802471171941,-0.022417172431847113,-0.45491495244945124,1.1111116006674355,0.028460447392765657,-0.233595269553314,0.9628524217779273,-0.03646543137235752,-0.22604864105483555,0.9048087604787965,0.5871626438684021,-0.11160270240626587,0.4678204886565934,0.6067378398598424,-0.4230683237708957,0.9826776926091175,0.40237367301192506,-0.41256904977046893,1.2835901107219672,0.2072421864464583,-0.41644800548127153,1.4886456589825106,0.42325026951483546,0.04929724029752593,1.281725103491979,0.2853586370779189,-0.32868339476601177,1.519671646964471,0.09022781381149167,0.11853348271341514,1.2182945451199614,0.25731126520017916,0.10143889992541036,1.2419137552084512,0.5260734437711981,-0.15913205361918897,0.5526817417302669,0.6121522616471676,-0.06462570213225503,0.9109682215760085,0.47097662407041385,-0.08684413643270138,0.49146071826385346,0.4400083338780119,0.018813575506950456,1.1887064860356564,0.47691306422483054,-0.07595631053412197,0.9085483097082732,0.549384527845888,-0.6109662099389841,0.9829977271177911,0.3139287479073796,-0.282054103664215,1.386458621514554,0.6537285111597831,-0.14759361280116023,0.9267059179726026,0.6172507503964254,-0.0757396938834364,0.7642753430154939,0.509815458627726,0.015691921321539508,0.3747191177496057,0.39081721372951733,-0.11926452053205067,1.3553368670261459,0.16720960856668207,0.05812379921360917,1.1971774365728265,0.18224977761112301,0.14263549017787772,1.1665349105336018,0.293679359634191,-0.2908699798662931,1.0629794052894541,0.4261746413462999,-0.5813103434660577,1.0972573236124405,1.119165301322937,-19.564876556396484,4.507508277893066,-0.5254351496696472,-0.4552483856678009,-2.437865972518921,100.82184600830078,-72.37995147705078,-387.7784423828125,-58.80807876586914,39.12527847290039,12.97282600402832,-2.004483461380005,24.579172134399414,-1.8872976303100586,-3.7613563537597656,0.35836559534072876,2.665405750274658
0.2103688587120037,-0.40544997476386707,1.3433793891739372,0.20395375677193237,-0.2655922016067221,1.2478611457426816,0.03645199188802219,-0.5212146112855697,0.07742332433973322,0.3434015954567107,-0.4975033693064917,0.865176539547396,0.08641226169042633,-0.29194588801323973,1.485500119774547,-0.0747615738667005,-0.4899570001474279,0.9559977854916591,0.1685623161692098,-0.21091447158759793,1.5207230484248786,-0.016926299299526704,-0.1628422215334232,0.9729587939006605,-0.0562443073641583,-0.3342535931937742,0.971355810366719,0.10715308710192607,-0.5757970097443915,0.08968866279731129,0.15386047683014775,-0.3643834662457176,0.5112792942302906,0.14249894279517875,-0.4863265956573139,0.04591278755876995,0.017932899262361364,-0.5024940358684552,0.9234392518634038,0.2562098154267728,-0.3131073962971075,0.45194658035079377,0.46359701277009696,-0.64777857380987,0.9495349366538572,0.0723736151830842,-0.4103657398002827,1.2643773847857849,0.18849852654022095,-0.40728032110345286,0.572460421959296,0.09763807522145328,-0.3932575980164357,0.40911134090644635,0.07159390096978242,-0.34286731224975836,0.07831268128476396,-0.022030807661497058,-0.45518208462868304,1.110073023284508,0.028864179845800645,-0.2344247380283889,0.9593857433030148,-0.03620316752460817,-0.22742273288452067,0.901394705109249,0.5889148960839833,-0.1104247000759209,0.46508855012473693,0.6073067565232713,-0.4231327389743154,0.9817823659110543,0.4027218523108406,-0.4125469730587195,1.2826718940640127,0.20760688360854487,-0.4161616925470876,1.487680273932337,0.42377722455768396,0.04949450503960744,1.2816686124991108,0.28568485867700827,-0.328312285836564,1.5186014917512605,0.0911794133138972,0.12020454896206881,1.2170945478985642,0.25814617351190927,0.1024522988483408,1.2414262823711169,0.527582931498818,-0.1579530520845723,0.5497812624798707,0.613647388602724,-0.06454899150952204,0.908488925521737,0.4727722958026342,-0.08527199884518889,0.48870297397998796,0.44077985842298983,0.019293583445374324,1.1886548745316385,0.4785601396533037,-0.07556105458134454,0.905931713565296,0.5497406710259961,-0.6110522555594413,0.9822847465213561,0.31412080339840703,-0.28196487447481283,1.3853255089939824,0.654939655831318,-0.14773504855419625,0.9246798391571109,0.6188191688613386,-0.07534745289937947,0.7616609882637366,0.5119800276511551,0.017419561933392946,0.372271429278598,0.39110208860296286,-0.1192764142861232,1.3547549383924498,0.16808179736334752,0.059630250897480495,1.1960645560791952,0.18357766802046468,0.14428215402344988,1.1658929205493422,0.29426794301792486,-0.29077953080467833,1.0618498234559368,0.4265643558064044,-0.5812143603500152,1.0963925036373519,0.9140383005142212,-19.484241485595703,4.528995513916016,-0.5773460865020752,-0.5304157733917236,-2.454746961593628,105.3944091796875,-73.30422973632812,-397.89996337890625,-60.183536529541016,39.99463653564453,12.43993091583252,-2.004255533218384,24.582334518432617,-2.0514087677001953,-3.7622647285461426,0.31584566831588745,2.66605544090271
0.2106566709398434,-0.40523748405721804,1.3423629383377682,0.20431075447442515,-0.2654718782333349,1.2466361372676116,0.036413261975278916,-0.5212130049206564,0.0773361348454526,0.34411679415513347,-0.4972316660233681,0.8643425268842685,0.08675270078592742,-0.29167826286214865,1.484458002823078,-0.07446250773423554,-0.49090966365195265,0.9551287767113439,0.16882993912459998,-0.21063953559130233,1.5196202961814325,-0.016546944069941314,-0.16363447588800595,0.9689485837292198,-0.055867353565250806,-0.33500854878236125,0.9689935603678621,0.10711865171494074,-0.5758006256937191,0.0896347603754492,0.15412447497939433,-0.3640242122261729,0.5110143569131561,0.14245251817813773,-0.4863956169971567,0.04574340633702594,0.01825030060447999,-0.5037224616435979,0.9226227872419042,0.25643000204042093,-0.31279682086793004,0.4515543420188474,0.46384480260065847,-0.6477070573149928,0.9487775366827352,0.07277293838807289,-0.41028928381717755,1.2631494027889327,0.1887764481716598,-0.40701959721299985,0.5721095559612804,0.09782018428606702,-0.3929105012227368,0.4088705371547219,0.07147851453119555,-0.3428928674451563,0.07821443459845537,-0.021614055747524005,-0.4554586430259098,1.109026164408551,0.029264747899099688,-0.23526645900792634,0.9559000742356509,-0.03597426821557891,-0.228816812006843,0.8979837918123662,0.5906573668220975,-0.10923431645955471,0.46234125254169994,0.6078779034267198,-0.42318553521933144,0.9808849431821053,0.4030637810167098,-0.4125079998117409,1.2817490985061948,0.20797049130825018,-0.41587180728154466,1.4867005521887975,0.424303105927461,0.049686037522080714,1.2816134793868919,0.28602078280701543,-0.3279493103753652,1.5175259681726923,0.09214358012013088,0.12188524866340965,1.2158986401084244,0.25899242446912046,0.10346781995320162,1.2409293912104424,0.5291025125427751,-0.15676224804082453,0.5468690004569805,0.6151527628203891,-0.06448922034920446,0.9059956322442617,0.47457896478918216,-0.08370538554246852,0.48592699896420866,0.4415515941499874,0.019757357629521792,1.1886049366944673,0.4802168643237739,-0.07517432781639478,0.9033120503488755,0.5500996760185192,-0.611112931706258,0.9815491161599065,0.31432853175314845,-0.28184194892447517,1.3842081699939752,0.6561562951826891,-0.14787687311898792,0.9226523748296775,0.6203907017676246,-0.07498964445283081,0.7590451808954707,0.5141612622911567,0.01914669204478626,0.369812481055986,0.39139149698200604,-0.11929203234366234,1.3541715255636253,0.16895887097775542,0.061143930878070796,1.194955401862694,0.18491977867701195,0.1459350704357324,1.1652511595100756,0.29484681794974976,-0.2906943573462253,1.0607133022207298,0.4269593537643256,-0.5811058799952071,1.0955245021163234,0.8210128545761108,-19.24807357788086,4.422739505767822,-0.6965598464012146,-0.5847105383872986,-2.421595335006714,109.6552963256836,-74.2795181274414,-406.8395080566406,-61.37697219848633,40.75592041015625,12.012201309204102,-2.0573642253875732,24.5292911529541,-2.1622965335845947,-3.7777466773986816,0.24436421692371368,2.6400249004364014
0.21093431088012574,-0.40508317518115833,1.3413670465646201,0.20463532478308044,-0.26532468031968504,1.2454134484395287,0.03635134850166097,-0.5212175472090576,0.07722768523045724,0.3444978604154871,-0.49703265825249504,0.8634677297429534,0.08709191451996366,-0.2914737607074889,1.4833847136292238,-0.07419663757727242,-0.4918712403205846,0.9542754017162007,0.16908650403681968,-0.21038105161182138,1.5185204673287096,-0.01618057330268505,-0.16448747401205904,0.9649194350700507,-0.05549690292050312,-0.33578946535161,0.9665915427223737,0.1070692716844824,-0.5758154426781547,0.08958559853351669,0.15441166562651165,-0.36365111976467224,0.5107277960374655,0.1424412616337372,-0.486422821139263,0.04565185145629164,0.018448733151057686,-0.5049440396937313,0.9218535735117679,0.2566336810292787,-0.31252451167004,0.45119948813457367,0.46411090334322275,-0.6476469166231471,0.948010683355742,0.07314629862640076,-0.41017829528115446,1.2619286974929027,0.18905514434276036,-0.4067560849797647,0.5717323476707699,0.09800389406598166,-0.3925414551666241,0.40862413288544347,0.07136944754184872,-0.3429077538532137,0.07810450229325043,-0.02107499558046858,-0.45577314195056623,1.1079459725231524,0.029652579243461402,-0.236157496317925,0.9523379680336708,-0.035879661174898124,-0.23029133998202952,0.8945855253579602,0.5923604671134064,-0.10799409816695371,0.4595321347776629,0.6084580270462477,-0.4231915651567724,0.9799790839288409,0.4033805510855668,-0.41240101801046475,1.2808078728764263,0.2083297139218706,-0.4155675433822815,1.4856631252544605,0.4248246657631255,0.049854497659630716,1.2815638117442858,0.28639575962396646,-0.3276190721238686,1.5164288369235615,0.09315833032427238,0.12360472301181569,1.2147191922790956,0.2598843295743923,0.10449188284033176,1.2403945912983245,0.5306627191849891,-0.1555239388978245,0.5439093127748036,0.6166993822680403,-0.064497630525109,0.9034460001433924,0.4764298977243978,-0.08216100748603716,0.48307764525247743,0.4423241798846137,0.020155790952706552,1.188561735366354,0.4819124271932816,-0.07482193103245159,0.9006800421618469,0.5504701998060113,-0.6110714957216717,0.9807223204942729,0.31459934338433854,-0.28158339552137235,1.38315431941424,0.657395050620401,-0.1480202626510961,0.92061933381668,0.6219747703004356,-0.07477042696975321,0.7564235267457584,0.5164095760378615,0.020871767391826838,0.36730821233316774,0.39169915272107975,-0.11932264072265451,1.35358213884941,0.16985560598357619,0.06268670475295435,1.1938612459116424,0.18631912582856133,0.1476131534290234,1.1646103199744067,0.2953866163626412,-0.29063041819049823,1.0595488498937216,0.4273756178009589,-0.580947098254368,1.0946436948728877,0.9440130591392517,-19.27745246887207,4.353344917297363,-0.6800618171691895,-0.5199574828147888,-2.4013571739196777,113.87501525878906,-75.28060150146484,-416.08319091796875,-62.57823181152344,41.58456039428711,11.563196182250977,-2.1661105155944824,24.51958465576172,-2.0798275470733643,-3.761713743209839,0.24166133999824524,2.6099283695220947
0.2112119508204081,-0.4049288663050986,1.340371154791472,0.20495989509173576,-0.26517748240603517,1.2441907596114457,0.036289435028043014,-0.5212220894974589,0.07711923561546187,0.3448789266758407,-0.496833650481622,0.8625929326016382,0.08743112825399992,-0.29126925855282915,1.4823114244353692,-0.07393076742030927,-0.49283281698921655,0.9534220267210576,0.16934306894903942,-0.21012256763234044,1.5174206384759865,-0.015814202535428756,-0.16534047213611222,0.9608902864108813,-0.0551264522757554,-0.3365703819208587,0.9641895250768852,0.10701989165402406,-0.5758302596625903,0.08953643669158418,0.154698856273629,-0.3632780273031715,0.510441235161775,0.14243000508933668,-0.48645002528136927,0.04556029657555732,0.0186471656976354,-0.5061656177438647,0.9210843597816316,0.2568373600181365,-0.3122522024721499,0.4508446342502998,0.4643770040857871,-0.6475867759313015,0.9472438300287487,0.07351965886472865,-0.4100673067451313,1.2607079921968725,0.18933384051386093,-0.4064925727465295,0.5713551393802593,0.09818760384589631,-0.3921724091105114,0.408377728616165,0.07126038055250188,-0.3429226402612711,0.07799456998804548,-0.020535935413413108,-0.4560876408752227,1.1068657806377538,0.030040410587823148,-0.23704853362792375,0.9487758618316904,-0.03578505413421732,-0.2317658679572162,0.891187258903554,0.5940635674047154,-0.10675387987435261,0.45672301701362567,0.6090381506657758,-0.4231975950942134,0.9790732246755764,0.4036973211544239,-0.41229403620918853,1.2798666472466576,0.20868893653549106,-0.41526327948301833,1.4846256983201236,0.42534622559879,0.05002295779718074,1.2815141441016797,0.2867707364409175,-0.32728883387237195,1.5153317056744304,0.094173080528414,0.12532419736022188,1.213539744449767,0.2607762346796642,0.105515945727462,1.2398597913862064,0.5322229258272032,-0.15428562975482438,0.5409496250926265,0.6182460017156917,-0.06450604070101353,0.9008963680425227,0.4782808306596137,-0.08061662942960565,0.4802282915407459,0.44309676561924005,0.020554224275891347,1.1885185340382405,0.4836079900627894,-0.07446953424850837,0.8980480339748181,0.5508407235935034,-0.6110300597370855,0.9798955248286393,0.3148701550155286,-0.2813248421182696,1.3821004688345044,0.6586338060581132,-0.1481636521832043,0.9185862928036823,0.6235588388332468,-0.07455120948667558,0.753801872596046,0.5186578897845666,0.022596842738867563,0.3648039436103493,0.3920068084601535,-0.11935324910164669,1.3529927521351948,0.17075234098939704,0.06422947862783801,1.1927670899605909,0.18771847298011082,0.1492912364223145,1.1639694804387377,0.2959264147755326,-0.2905664790347712,1.0583843975667133,0.4277918818375922,-0.5807883165135289,1.093762887629452,1.133034110069275,-19.416603088378906,4.353623390197754,-0.5849186182022095,-0.4264548420906067,-2.420398235321045,118.77304077148438,-76.14131927490234,-427.09185791015625,-64.04419708251953,42.60662841796875,10.997953414916992,-2.189476490020752,24.520584106445312,-1.9051424264907837,-3.720097780227661,0.28632792830467224,2.604809284210205
0.21150438302498778,-0.4047590916519923,1.339364463722469,0.20530017941499384,-0.2650335519913806,1.2429686018962736,0.03623253561630352,-0.5212263662294047,0.07701548423297358,0.34526388199124114,-0.49661924620929937,0.8616844405796354,0.08776569282574367,-0.2910777436482985,1.4812442853750774,-0.0736565890025027,-0.49377744807707546,0.9525620320577496,0.1696072820796082,-0.20986100473743402,1.5163188545119684,-0.015452738549091587,-0.16621469841986297,0.9568573853235374,-0.0547594971621767,-0.3373689676160054,0.9617943734127956,0.10696787482115212,-0.5758451459226229,0.08948666147196925,0.15499093085034002,-0.36290027798208974,0.5101403265402017,0.142419483635994,-0.48647531472294536,0.04547493464455305,0.018868757220638882,-0.5073646273439293,0.9203057014784277,0.2570443142032781,-0.31196946729690034,0.45045610472855985,0.4646466244135471,-0.6475130264332752,0.9464715308700966,0.07390904870649044,-0.4099503932212362,1.2594807211136976,0.18962390750449223,-0.40622020863144603,0.5709710805029269,0.0983604248489765,-0.39179956444249253,0.40813468806198894,0.07115712934574545,-0.3429373496316916,0.07788580189773579,-0.020020087622722876,-0.4563984874364556,1.105801345102045,0.03041112364349971,-0.23797034662192224,0.9452192399478119,-0.03568834621483917,-0.2332488340849907,0.8877813374956715,0.5958013131918495,-0.10548592440241229,0.45392878388134866,0.6096186706956648,-0.42321418571156383,0.9781593063611859,0.40402825038559387,-0.41218634818168665,1.2789235280839024,0.20904920501819507,-0.41496792904391194,1.4835926434456908,0.4258737238925813,0.05019948685800791,1.2814662468354434,0.28713980366457376,-0.3269651248458995,1.5142323191197504,0.09520052452355814,0.1270542920425237,1.2123646378911885,0.2616603578261981,0.10653865725936867,1.2393226130119224,0.5337996085155877,-0.1530432400867245,0.537985149696963,0.6197866519160617,-0.06450292803593818,0.8983549181593966,0.4801425917555163,-0.07905553238133338,0.47738312900263763,0.4438756977682871,0.020966080227089606,1.188456897704017,0.48530339321355936,-0.07410628765525411,0.8953984759698642,0.5512121056286704,-0.6109988534490004,0.9790706881229452,0.31514177486201783,-0.28108600339550055,1.3810360190884168,0.6598794043853582,-0.14832241897354062,0.9165524936077611,0.62515205944216,-0.07432173873415059,0.7511596166534931,0.5209111798283279,0.024351073370395184,0.3623095293412147,0.3923153147496135,-0.11937407759443813,1.3523968073311232,0.17166953923686443,0.06579984872546406,1.1916485566966581,0.18911627105233675,0.15096239666670352,1.1633427654275832,0.29645463069345773,-0.2905087381206601,1.0572217156160748,0.428207264534685,-0.5806381134007941,1.092874998880538,1.1551867723464966,-19.338647842407227,4.365334987640381,-0.6159400343894958,-0.44128236174583435,-2.445284843444824,123.09845733642578,-76.63923645019531,-436.4088439941406,-65.28152465820312,43.479923248291016,10.494684219360352,-2.093839645385742,24.47688865661621,-1.9154189825057983,-3.6811633110046387,0.3312355875968933,2.618945837020874
0.21185826001972552,-0.40452507454038455,1.338312914039915,0.20570573733737135,-0.26490319426486036,1.2417486503424235,0.03619646384621298,-0.5212295398806894,0.07693124858551467,0.3456649918429899,-0.4963408872386478,0.8606359852070841,0.08808094549258022,-0.29094017578276576,1.480202693023429,-0.07334789934734635,-0.4946516898294158,0.9516745403112955,0.1699032647325503,-0.2095866525015294,1.5152089493164165,-0.015111656575802948,-0.16717710321312707,0.9528088972268517,-0.05440706194729995,-0.33824094814180533,0.9594277419791317,0.10690490511671596,-0.575860319942828,0.08943433837582733,0.15530329251920938,-0.3625031847827482,0.509779819589577,0.1424120156378146,-0.4864926507930882,0.045415297273965864,0.019186547568795686,-0.5084698910744774,0.9194878118717118,0.25726487304990653,-0.31164342421569574,0.44992769178965236,0.4649308645567357,-0.6473827480480371,0.945676610564554,0.07436502305482395,-0.4098088682092578,1.258226176760844,0.18996120713009737,-0.40591107516099284,0.5705585653418737,0.0984880155482829,-0.3914109409250171,0.4079056198628533,0.07107803600513382,-0.3429513236150047,0.07778186977699103,-0.01960066047231884,-0.45669416264192947,1.1048023590188942,0.03071072996156104,-0.2390199970725356,0.9416853990775861,-0.0355829115685643,-0.2347668510004384,0.8843436185887319,0.5976829710385657,-0.10410275295475466,0.4511963792194595,0.6102008373532074,-0.4232746437685379,0.9772119119467325,0.40441799459867916,-0.4120757265990933,1.277972543476433,0.20941381788016944,-0.4147096037469952,1.4825777494354753,0.42642588962782296,0.05040953298475568,1.281425703440281,0.28748432334685164,-0.3266685372156813,1.513123564372789,0.09628069657363636,0.12882850195793122,1.211207564303417,0.26251215591335925,0.10755575546957796,1.238775554871717,0.5354447301649888,-0.1517839005451329,0.535000786876047,0.6213025067815717,-0.06445195126217722,0.8958474559499728,0.48204933136504213,-0.0774249872131064,0.47455537595496283,0.4446809919464667,0.021433691710036305,1.1883186851905672,0.4869981329172652,-0.07369797262332299,0.8926760187212206,0.5515870526926406,-0.6110101397463817,0.9782539886354611,0.3154167519105191,-0.28092905642181043,1.379927542035943,0.6611534270229719,-0.14854506052882466,0.9145155450366191,0.6267832963671904,-0.07404967747776714,0.7484317840329859,0.5231851406444776,0.02622641056825382,0.35985604895661216,0.39262735409452426,-0.11935428194454964,1.3517736212307254,0.17267173864194096,0.06748484928678987,1.1904287638253723,0.1905076344873731,0.1526048008771921,1.1627747215182576,0.29693473470921544,-0.2904767437486459,1.05606638753651,0.42861898628291706,-0.5805235445894152,1.091957694647328,1.0081969499588013,-19.188709259033203,4.351008892059326,-0.7024679780006409,-0.5358216762542725,-2.444011688232422,128.48666381835938,-77.37104797363281,-447.52484130859375,-66.65857696533203,44.511138916015625,9.846858024597168,-2.052164316177368,24.415084838867188,-2.1524057388305664,-3.68394136428833,0.29754218459129333,2.6149063110351562
0.21221213701446326,-0.4042910574287768,1.337261364357361,0.20611129525974886,-0.2647728365383401,1.2405286987885733,0.03616039207612245,-0.5212327135319741,0.07684701293805576,0.3460661016947386,-0.4960625282679962,0.8595875298345326,0.08839619815941678,-0.290802607917233,1.4791611006717809,-0.07303920969219002,-0.4955259315817561,0.9507870485648414,0.17019924738549239,-0.20931230026562483,1.5140990441208644,-0.014770574602514307,-0.16813950800639116,0.9487604091301659,-0.05405462673242321,-0.33911292866760534,0.9570611105454678,0.10684193541227982,-0.5758754939630332,0.08938201527968542,0.15561565418807877,-0.3621060915834067,0.5094193126389522,0.14240454763963523,-0.48650998686323105,0.04535565990337868,0.01950433791695249,-0.5095751548050255,0.918669922264996,0.257485431896535,-0.3113173811344911,0.4493992788507449,0.4652151046999243,-0.6472524696627989,0.9448816902590114,0.07482099740315747,-0.40966734319727943,1.2569716324079905,0.19029850675570253,-0.4056019416905397,0.5701460501808204,0.09861560624758929,-0.39102231740754173,0.4076765516637177,0.07099894266452221,-0.3429652975983178,0.07767793765624627,-0.019181233321914806,-0.4569898378474033,1.1038033729357435,0.031010336279622373,-0.24006964752314897,0.9381515582073603,-0.035477476922289426,-0.23628486791588613,0.8809058996817923,0.5995646288852818,-0.10271958150709701,0.44846397455757026,0.6107830040107499,-0.423335101825512,0.9762645175322792,0.4048077388117645,-0.41196510501649997,1.277021558868964,0.2097784307421438,-0.4144512784500785,1.48156285542526,0.42697805536306455,0.05061957911150345,1.2813851600451185,0.2878288430291296,-0.32637194958546306,1.5120148096258277,0.09736086862371457,0.13060271187333872,1.2100504907156457,0.2633639540005204,0.10857285367978725,1.2382284967315118,0.5370898518143901,-0.1505245610035413,0.532016424055131,0.6228183616470817,-0.06440097448841625,0.8933399937405492,0.4839560709745679,-0.07579444204487942,0.47172762290728804,0.44548628612464625,0.021901303192983005,1.1881804726771172,0.488692872620971,-0.07328965759139187,0.889953561472577,0.551961999756611,-0.6110214260437631,0.977437289147977,0.3156917289590204,-0.2807721094481203,1.378819064983469,0.6624274496605854,-0.1487677020841087,0.9124785964654771,0.628414533292221,-0.07377761622138371,0.7457039514124788,0.5254591014606274,0.028101747766112455,0.35740256857200964,0.392939393439435,-0.11933448629466113,1.3511504351303278,0.17367393804701747,0.06916984984811568,1.1892089709540865,0.19189899792240944,0.1542472050876807,1.1622066776089321,0.2974148387249732,-0.29044474937663173,1.0549110594569453,0.4290307080311491,-0.5804089757780365,1.091040390414118,0.8948556780815125,-19.17244529724121,4.272128105163574,-0.6520267128944397,-0.5748791098594666,-2.4451608657836914,133.99815368652344,-78.51490020751953,-459.0478515625,-68.07759094238281,45.51555252075195,9.184988021850586,-2.106279134750366,24.431270599365234,-2.281456708908081,-3.73117995262146,0.18881762027740479,2.6048905849456787
0.21256862585710373,-0.4040550659626525,1.3362045272296628,0.20650661016339497,-0.26463884884947975,1.2393100897207956,0.036122419544501815,-0.5212415421245903,0.07676113058893097,0.346454249805962,-0.4957882436300745,0.8585444294064251,0.08870397246633932,-0.2906564601407146,1.4781174533414525,-0.07272674851366227,-0.4964148863064532,0.9498993168208774,0.1705009852912252,-0.20904659169004455,1.512992153894033,-0.01444549406477751,-0.16911777701006814,0.9447021748845942,-0.05371748854634384,-0.33997837113623586,0.9546770380427507,0.10677819274711293,-0.5758915604739789,0.08933387901510624,0.15591602066889504,-0.3617023459530824,0.5090605044207036,0.14239511278686146,-0.4865289091669171,0.045294025209763195,0.019810824827691958,-0.5107085319939038,0.9178559138680137,0.2577159393899488,-0.31098152253011996,0.4488986362487275,0.46550007796050696,-0.6471320086757079,0.9440840212319861,0.07526971463928157,-0.40953582683146394,1.2557171480545146,0.19063857947753754,-0.4052912932358041,0.5697294850617844,0.09875399683484967,-0.39063474200419246,0.4074383673091598,0.07092511380054303,-0.3429838821587973,0.07757369991367227,-0.018764311497081215,-0.45729072549879946,1.1027836420678145,0.03131493918647038,-0.241116845499206,0.9345991700295583,-0.035360989500059205,-0.2378155165752827,0.8774546321654163,0.6014409617872427,-0.10132564673360617,0.445710195117439,0.6113655306645577,-0.4233928336607699,0.9753183231053764,0.40518978810468254,-0.41185163908841593,1.2760661418074803,0.21014665387916248,-0.414194183140401,1.4805476164186238,0.4275264448874833,0.05082070665890412,1.281337994218662,0.28817164147926483,-0.326067839533288,1.5109117323199646,0.09845247758638774,0.1323817808008351,1.208893274629353,0.2642324506644381,0.10959091937995899,1.2376887735152087,0.5387466508426413,-0.14925338283477246,0.5290197238622124,0.6243359339947732,-0.06436737784684099,0.8908223241370247,0.4858629980821482,-0.07415497056301075,0.4688959230255608,0.4462769029550994,0.022354143696362197,1.1880680973956128,0.4903945497527027,-0.0728943075812021,0.8872210355783932,0.5523378880608161,-0.61104546970879,0.9766309995524931,0.3159629785461931,-0.2806177686973913,1.377708330454416,0.663706009751124,-0.1489833921490126,0.9104351454617963,0.6300525651467557,-0.07348947935053056,0.7429701601037917,0.5277613407333954,0.029973666991618995,0.3549352845806161,0.3932574702217089,-0.11931232676304729,1.3505227190769271,0.17466823628406647,0.07084475598291838,1.1880013429565937,0.19330822804708347,0.15589689547257699,1.1616302262868312,0.29791000633445003,-0.29040628632172844,1.0537608913238476,0.4294374760807744,-0.580304228114766,1.0901414384905077,0.9243441224098206,-19.280683517456055,4.258188724517822,-0.5000256299972534,-0.52997887134552,-2.4818742275238037,139.04278564453125,-79.7531509399414,-469.4421691894531,-69.42486572265625,46.394466400146484,8.606547355651855,-2.103422164916992,24.498252868652344,-2.1876702308654785,-3.777559280395508,0.15806835889816284,2.621685743331909
0.2129363181525903,-0.40381060555478593,1.3351250097451621,0.20685798790774598,-0.2644892905326868,1.2380972392116951,0.03607629374631786,-0.5212746274392337,0.07666818475634452,0.34678679887230035,-0.4955314357351783,0.8575242988715899,0.0889796685452098,-0.2904735090618102,1.477064991234154,-0.07239810948488334,-0.49736695193889124,0.9490105556139093,0.17082741020235004,-0.20881795986796056,1.5118981962961866,-0.0141890512637498,-0.17016409512683253,0.9406021347898522,-0.0534459665627373,-0.34081576878069253,0.9522181525333039,0.10671113448723263,-0.57591145530047,0.08930370205433558,0.15616493410622048,-0.3612700648951215,0.5087089828702788,0.1423772411630643,-0.48655463557764395,0.04522382305157895,0.02006882594108877,-0.511962501122462,0.9170585538180459,0.2579891213419422,-0.3106035604974292,0.44851711377600173,0.46578819590885906,-0.6470536591596161,0.9432745616364953,0.07568730268356026,-0.4094472422899789,1.2544629210667895,0.1909905473226743,-0.404974146295857,0.5692955477545593,0.0989387132572812,-0.39025166245880505,0.4071610794458168,0.07087386677053985,-0.3430222436687015,0.07746815121430435,-0.018358136200352225,-0.4576139717998094,1.1016749269914943,0.03164097482942982,-0.24215352365019305,0.9309672236639933,-0.035197091486230986,-0.23940034876793423,0.8739452482454035,0.6032944534788068,-0.09988554295719856,0.4428647291285313,0.611949601512871,-0.42343887143971903,0.9743772759934924,0.4055388302400412,-0.4117259724152009,1.2750917118511453,0.21053036319597668,-0.413942363828618,1.4795308975589196,0.4280586364549517,0.05098357819489493,1.2812624216474444,0.2885070567494197,-0.3257314622500874,1.509833008248285,0.09959314488466606,0.1341816923328188,1.2077354472994015,0.26517257543391737,0.11061313510286491,1.2371805132619593,0.5404535396801715,-0.14793142318626903,0.5259701028367542,0.6258608734370856,-0.0644083328249044,0.8882608701851195,0.48777072945770045,-0.07247720989367822,0.4660472933030287,0.4470045616887263,0.022743624471596727,1.1880665502406114,0.4921259847993882,-0.07255457069058686,0.8844453204941276,0.5527178137902392,-0.6111242357666129,0.9758693629147991,0.316218239286088,-0.28047460727146917,1.3765879125389833,0.6650040331265784,-0.14916926397886496,0.9083638024448559,0.6317197436725857,-0.07313238655445198,0.7402108091589631,0.5301848797016585,0.031830924914668705,0.35240879038114425,0.39360144443267225,-0.11928002742297997,1.3498755719093298,0.1756286426687872,0.07247636234079369,1.1868458958651056,0.1947940968667829,0.1575778397108545,1.1610177115888785,0.29846978883277503,-0.2903400760218008,1.0526328566453316,0.429822995370587,-0.5802416080078542,1.0893212083159693,0.9855443835258484,-19.26112174987793,4.406337261199951,-0.5417547821998596,-0.511267364025116,-2.4921391010284424,144.89852905273438,-81.09821319580078,-481.2545166015625,-71.0001449584961,47.435218811035156,7.936712741851807,-2.0406970977783203,24.508434295654297,-2.206411600112915,-3.755636215209961,0.22312016785144806,2.640022039413452
0.21330401044807684,-0.4035661451469194,1.3340454922606615,0.20720936565209697,-0.26433973221589396,1.2368843887025947,0.0360301679481339,-0.521307712753877,0.07657523892375807,0.34711934793863863,-0.49527462784028214,0.8565041683367547,0.08925536462408026,-0.2902905579829058,1.4760125291268558,-0.07206947045610443,-0.49831901757132924,0.9481217944069414,0.17115383511347484,-0.20858932804587663,1.5108042386983405,-0.013932608462722111,-0.17121041324359684,0.9365020946951105,-0.053174444579130786,-0.34165316642514915,0.9497592670238573,0.10664407622735232,-0.5759313501269612,0.08927352509356493,0.1564138475435459,-0.36083778383716053,0.5083574613198539,0.14235936953926717,-0.4865803619883708,0.04515362089339472,0.020326827054485564,-0.5132164702510201,0.9162611937680781,0.2582623032939355,-0.31022559846473846,0.44813559130327596,0.46607631385721116,-0.6469753096435243,0.9424651020410045,0.07610489072783891,-0.40935865774849395,1.2532086940790645,0.19134251516781103,-0.4046569993559099,0.5688616104473342,0.0991234296797127,-0.3898685829134177,0.4068837915824739,0.07082261974053668,-0.34306060517860565,0.07736260251493644,-0.017951960903623273,-0.45793721810081933,1.1005662119151742,0.03196701047238923,-0.24319020180117998,0.9273352772984286,-0.03503319347240279,-0.24098518096058563,0.870435864325391,0.6051479451703708,-0.09844543918079107,0.44001926313962386,0.6125336723611844,-0.42348490921866816,0.9734362288816086,0.40588787237539986,-0.4116003057419859,1.27411728189481,0.21091407251279085,-0.413690544516835,1.4785141786992155,0.42859082802242,0.05114644973088573,1.2811868490762268,0.28884247201957447,-0.32539508496688696,1.5087542841766055,0.10073381218294428,0.13598160386480232,1.2065776199694502,0.26611270020339656,0.11163535082577074,1.23667225300871,0.5421604285177015,-0.14660946353776574,0.5229204818112962,0.6273858128793981,-0.0644492878029678,0.8856994162332145,0.48967846083325256,-0.07079944922434583,0.46319866358049677,0.4477322204223531,0.023133105246831227,1.1880650030856101,0.49385741984607356,-0.07221483379997166,0.8816696054098624,0.5530977395196623,-0.6112030018244358,0.9751077262771051,0.31647350002598285,-0.2803314458455471,1.3754674946235506,0.6663020565020327,-0.14935513580871732,0.9062924594279158,0.6333869221984155,-0.07277529375837341,0.7374514582141347,0.5326084186699215,0.03368818283771825,0.3498822961816726,0.3939454186436356,-0.11924772808291265,1.3492284247417323,0.17658904905350786,0.07410796869866886,1.185690448773618,0.1962799656864822,0.1592587839491319,1.1604051968909257,0.2990295713310999,-0.2902738657218731,1.0515048219668155,0.43020851466039944,-0.5801789879009424,1.088500978141431,1.0456035137176514,-19.137432098388672,4.472406387329102,-0.7112133502960205,-0.5478523969650269,-2.4545867443084717,149.83688354492188,-82.15470123291016,-491.4305419921875,-72.30154418945312,48.359317779541016,7.30214262008667,-2.0033183097839355,24.410472869873047,-2.412630081176758,-3.617300271987915,0.3271692097187042,2.626113176345825
0.2136395660210524,-0.40334599859864506,1.3330401614407041,0.20754558876748905,-0.264207203459266,1.2357410439197591,0.03598756061262445,-0.5213385707889961,0.07648807899742727,0.34745292666534716,-0.495030057203296,0.8555499287630549,0.08952394710076565,-0.29011583140749014,1.475020846191621,-0.07175571038480232,-0.4992050973094062,0.9472961126771194,0.17145366959323155,-0.20837810460404055,1.509778589207605,-0.013694351250675838,-0.17220027530134116,0.9326546865188523,-0.052915736298934125,-0.342438642897748,0.9474547356367111,0.10658298050429647,-0.5759493426376621,0.08924277579498212,0.15665637124453158,-0.36043318859394025,0.5080258136750847,0.14234286623186623,-0.48660457311876565,0.04508944060530094,0.02056617184930684,-0.5143821040131398,0.915512490647518,0.25851859260868554,-0.3098662287391574,0.4477683562810058,0.4663398367975721,-0.6468973727218362,0.9417040072726888,0.07649611289434084,-0.40927819182343833,1.2520299097954832,0.19166994368694476,-0.4043544246660953,0.5684546743402418,0.0992957961110287,-0.3895090303772333,0.4066212329742135,0.07077556574680158,-0.3430979406794175,0.07726520620631856,-0.01756719692875416,-0.45823247553102225,1.0995294781315406,0.03227065168691194,-0.2441803215947372,0.9239104861849982,-0.03489223187357582,-0.24248217892469157,0.8671473206471134,0.6069090777872413,-0.09710284049887928,0.4373443574700135,0.61308041619544,-0.42352297990922105,0.9725461791682717,0.4062145905976264,-0.41148382020707164,1.2731995635869486,0.21127730272463616,-0.4134549040174642,1.4775511920452118,0.4290927760549728,0.05129790326444716,1.281116351781302,0.2891630594501432,-0.3250809238841202,1.507742619474992,0.10181098010711716,0.13767502313812835,1.205494614626398,0.2669997007049472,0.11259317808840053,1.2361929692969418,0.5437648223330642,-0.14536881328418558,0.520050850530334,0.628827481277731,-0.06447707855494211,0.8832936491200466,0.49148587517390974,-0.06922576503692482,0.4605218867296415,0.4484278903102243,0.023505911662779887,1.1880571976402738,0.4954841563243739,-0.07190070834183536,0.8790563539361322,0.5534472354989968,-0.6112669802067295,0.9743834860277492,0.31671278825066734,-0.2801932410293857,1.374426696474189,0.6675195728508841,-0.1495358447316072,0.9043432297493449,0.6349552934927656,-0.07244515013171743,0.7348576343020067,0.5348945162351557,0.03543781295468078,0.34750832133735254,0.3942683122015947,-0.11922543461354362,1.3486253850112688,0.1775093762734473,0.07564155513186326,1.1846069464620375,0.1976774635397835,0.16084327968145834,1.1598398713086615,0.2995598314218963,-0.2902096198094602,1.05044151714306,0.4305718122728613,-0.5801109419950586,1.0877159243782624,1.133561372756958,-19.247150421142578,4.3852667808532715,-0.7023944854736328,-0.5456670522689819,-2.438931941986084,155.5389862060547,-83.5462417602539,-503.494140625,-73.83428192138672,49.451839447021484,6.500633239746094,-2.024796962738037,24.330028533935547,-2.3749964237213135,-3.5519168376922607,0.36239269375801086,2.601231336593628
0.21383267774289808,-0.40323362159018483,1.3323636579987228,0.20781464001398214,-0.264150157077423,1.2349057785722592,0.03596054862518579,-0.5213595565581164,0.07642656470963496,0.3477910692920748,-0.49483972738515464,0.8548877464224961,0.08976099901641442,-0.2899775593880786,1.4742985628298577,-0.07150790028718133,-0.4997986990292341,0.9467500264676202,0.17163564378259988,-0.20824404263141139,1.5090557107862257,-0.013536700433033783,-0.17293989969207751,0.9299270522515505,-0.05271382389331101,-0.3429939822842743,0.9458343684673309,0.10654831332284094,-0.5759589032621573,0.08920948964771845,0.1568705728709303,-0.3601513088538947,0.5077822557743022,0.14233242789443756,-0.4866220678714727,0.045051951849500074,0.020722823772604104,-0.5151561972321264,0.9149794560789273,0.2587000064502489,-0.30958926815860316,0.4474644494175121,0.46649434402683715,-0.6468212645969643,0.9411572863329325,0.07677047008907559,-0.4092337111171508,1.25118552020054,0.1918886033016325,-0.4041164404903816,0.5681674192283327,0.09941342204118407,-0.3892537597196781,0.40642396079388676,0.07074709710301152,-0.3431307284642529,0.07720394481886302,-0.01727733719131804,-0.4584036741825129,1.09881179656414,0.03247503111052592,-0.2449640746148217,0.9214038967296777,-0.03485293438448416,-0.24358985760551416,0.8648376364186899,0.6082608350460104,-0.09619242656013823,0.4354254488913428,0.6134617105619797,-0.42352573701877466,0.9718821719782242,0.4064423595832673,-0.4114080294473282,1.2725332158290787,0.21154976068743017,-0.4132909750109477,1.4768263697624207,0.42946067166249485,0.051398747273726966,1.2810683503056204,0.28941792348362755,-0.3248652346086818,1.5070281909001584,0.1026066913460659,0.13889642267037702,1.2047432526847384,0.26765123147838166,0.11326560785142792,1.235842122147415,0.5449149138880092,-0.14448856142972477,0.5179790116303804,0.6299000564000464,-0.06444651976425127,0.8815779534002013,0.4928486410355726,-0.06811339282338191,0.4586068361208139,0.4489817718006917,0.02380481010783982,1.1880216527458847,0.4966468234725346,-0.07170010382765965,0.8771632114388295,0.5536618536671266,-0.6112654132164077,0.9738250027429189,0.3168812793809057,-0.2800770060510825,1.373738807558224,0.6683802472439823,-0.14969366941823076,0.9029352591921952,0.6360857084097452,-0.07223445687763738,0.7329974977780651,0.5365714140680452,0.03671039009331079,0.3458103782293812,0.3944977671894806,-0.1192474914899725,1.3482178485156684,0.17825205530354518,0.07674067487187734,1.183842334526264,0.19868326305553613,0.16200027392794755,1.1594837082932328,0.2999592354360795,-0.2901540809119774,1.049665123026892,0.4308366138019309,-0.5800188466018399,1.0870867876817059,1.1828110218048096,-19.488269805908203,4.388182640075684,-0.5614302158355713,-0.4840930700302124,-2.451467275619507,160.627685546875,-85.09248352050781,-514.0742797851562,-75.21686553955078,50.39207077026367,5.775440216064453,-2.0912177562713623,24.369558334350586,-2.108224868774414,-3.652791976928711,0.31594833731651306,2.593632936477661
0.2140257894647437,-0.40312124458172466,1.331687154556742,0.20808369126047518,-0.26409311069558,1.2340705132247596,0.03593353663774713,-0.5213805423272366,0.07636505042184268,0.3481292119188024,-0.49464939756701326,0.8542255640819373,0.08999805093206316,-0.28983928736866704,1.4735762794680942,-0.07126009018956037,-0.5003923007490619,0.9462039402581209,0.17181761797196818,-0.20810998065878225,1.5083328323648466,-0.01337904961539174,-0.1736795240828138,0.9271994179842489,-0.052511911487687905,-0.3435493216708006,0.9442140012979509,0.1065136461413854,-0.5759684638866526,0.08917620350045478,0.157084774497329,-0.3598694291138491,0.5075386978735198,0.14232198955700887,-0.4866395626241798,0.04501446309369921,0.020879475695901352,-0.5159302904511129,0.9144464215103364,0.2588814202918122,-0.30931230757804895,0.44716054255401855,0.4666488512561021,-0.6467451564720924,0.9406105653931763,0.07704482728381029,-0.40918923041086325,1.2503411306055967,0.1921072629163202,-0.40387845631466796,0.5678801641164236,0.09953104797133941,-0.388998489062123,0.40622668861356004,0.07071862845922149,-0.34316351624908825,0.07714268343140748,-0.016987477453881947,-0.4585748728340035,1.0980941149967396,0.032679410534139884,-0.2457478276349061,0.9188973072743575,-0.03481363689539251,-0.24469753628633664,0.8625279521902667,0.6096125923047792,-0.09528201262139725,0.4335065403126724,0.6138430049285194,-0.42352849412832827,0.9712181647881767,0.4066701285689082,-0.41133223868758473,1.2718668680712089,0.2118222186502242,-0.4131270460044311,1.4761015474796295,0.42982856727001684,0.051499591283006775,1.281020348829939,0.2896727875171118,-0.32464954533324336,1.5063137623253249,0.10340240258501457,0.1401178222026256,1.2039918907430789,0.26830276225181604,0.11393803761445526,1.2354912749978881,0.546065005442954,-0.14360830957526408,0.515907172730427,0.6309726315223617,-0.06441596097356042,0.8798622576803562,0.49421140689723536,-0.06700102060983912,0.4566917855119864,0.4495356532911591,0.024103708552899727,1.1879861078514957,0.4978094906206951,-0.07149949931348397,0.8752700689415269,0.5538764718352565,-0.6112638462260859,0.9732665194580887,0.317049770511144,-0.2799607710727793,1.3730509186422588,0.6692409216370804,-0.14985149410485432,0.9015272886350455,0.6372161233267247,-0.07202376362355735,0.7311373612541238,0.5382483119009346,0.037982967231940695,0.34411243512141,0.39472722217736655,-0.11926954836640137,1.3478103120200682,0.17899473433364302,0.07783979461189133,1.1830777225904907,0.19968906257128868,0.16315726817443665,1.159127545277804,0.3003586394502627,-0.29009854201449464,1.048888728910724,0.4311014153310005,-0.5799267512086211,1.0864576509851493,1.108764410018921,-19.39033317565918,4.518539905548096,-0.5420359373092651,-0.46184831857681274,-2.460355758666992,165.80899047851562,-86.91558074951172,-524.8007202148438,-76.58722686767578,51.3161506652832,5.058102130889893,-2.116154432296753,24.472951889038086,-2.2130956649780273,-3.7233521938323975,0.2833263874053955,2.6114182472229004
0.2142451744008538,-0.4029911383493057,1.33094197945879,0.20837667633760842,-0.2640185180484064,1.233163734145512,0.035902854819960944,-0.52140538266163,0.0763005559511532,0.34847434072305034,-0.494439540911984,0.8534957758638243,0.09024448747074366,-0.2897075219264883,1.4727916409637754,-0.07099612733188844,-0.5010484654382364,0.9456089028459511,0.1720173577993911,-0.2079587916269997,1.507545168826122,-0.013211660747052423,-0.1745005828260586,0.9242242566797118,-0.05229321884497112,-0.3441644956339274,0.9424426524054925,0.10646849036808835,-0.5759778326710329,0.08914072318187613,0.15731556141218603,-0.359563697252842,0.5072694795810624,0.1423114233261702,-0.48665880880608464,0.04497694369676887,0.0210466713872769,-0.5167550436708311,0.9138548011021899,0.25907995408733947,-0.3090325937365854,0.44682080599645907,0.4668247273426182,-0.6466718335814824,0.9400063528130386,0.07735121778107637,-0.40913611512310455,1.2494186620838594,0.19235069210955638,-0.4036193786077942,0.5675620618245459,0.09965894889357864,-0.3887175899862454,0.4060184211525696,0.07068519328801048,-0.3431980874364739,0.07707568993236845,-0.016664371702400663,-0.4587721386492647,1.0973185048198069,0.03287824147091006,-0.24659589949427851,0.9161757751805893,-0.03478918792001459,-0.24591195800446516,0.8600179193825122,0.6110832620140733,-0.09426441645582781,0.4314217895072028,0.6142806541051297,-0.42352324191308177,0.9704947866351399,0.406925659306002,-0.4112548048527825,1.2711458387753822,0.21211887955270856,-0.41295051239184194,1.4753136097990125,0.4302309656774761,0.05160930945186425,1.280966762675355,0.2899516830775911,-0.3244242551705695,1.505526313718581,0.10427852813771228,0.1414525814798494,1.2031767881469222,0.26901132638091285,0.11468066087621726,1.2351138118087062,0.5473408908244001,-0.14264428220837322,0.5136486805037948,0.6321298436613272,-0.06439198824940928,0.8779880451840281,0.4957073026934996,-0.06578670735686822,0.4545954886256464,0.4501374432977462,0.024424840467951153,1.1879556147468011,0.4990772897044554,-0.07128482163939255,0.8732066932103492,0.5541120041285129,-0.6112677999679615,0.9726608470575699,0.3172410621943063,-0.27983281963708384,1.3722943438599442,0.6701877393469905,-0.15002466155993227,0.899994746343979,0.6384512332101532,-0.07178755119344257,0.7291137023477365,0.540070077441386,0.03938201896303536,0.34227242907940947,0.39498023442085217,-0.11928561690035246,1.3473665816894431,0.17979897627767347,0.07903380238062498,1.182252474968007,0.2007914331575103,0.16442500834433446,1.1587337034427567,0.30077442803130244,-0.29004232279512265,1.0480372684680863,0.431388756297282,-0.5798189178207852,1.0857691077996563,1.0398445129394531,-19.022598266601562,4.535589694976807,-0.6671022176742554,-0.5029762387275696,-2.452737331390381,171.7739715576172,-88.99468231201172,-537.6395263671875,-78.15398406982422,52.412906646728516,4.24208927154541,-2.068596363067627,24.52509880065918,-2.5214109420776367,-3.6901609897613525,0.27753838896751404,2.6358563899993896
0.2145849782356758,-0.40277977317374275,1.3298820592709726,0.20877935813850912,-0.26386350501846795,1.2319291837957522,0.03585535294641525,-0.5214478897535249,0.07622240230885169,0.34885148950759937,-0.49414018625455186,0.8524561273735881,0.09053393686498631,-0.28960557829662664,1.4717212080560773,-0.07065813099064971,-0.5019913770702501,0.9447895057548751,0.17229852346789756,-0.20772910357409757,1.506460573499566,-0.012999639146350682,-0.17569488235163366,0.9201145964545132,-0.05199761678224172,-0.3450539114064728,0.9399793039489267,0.10637526188218437,-0.5759863221882194,0.08909518624477039,0.15762236423247697,-0.359148643170761,0.5068826511600949,0.14230027091720246,-0.48668608237181277,0.044939283861328436,0.02126219268234458,-0.5178119885605692,0.9129946622627461,0.2593569543385348,-0.3087402607826208,0.44631685000776455,0.4670985440248685,-0.6466112763479056,0.9391386368811526,0.07780442758161103,-0.40904342467026994,1.2481383318143175,0.1927076485378063,-0.40326362221643625,0.5671025766244787,0.09983394352953559,-0.38831922732639,0.4057597586552039,0.0706289948661201,-0.3432408325522151,0.07698242425523846,-0.016188888386545718,-0.45908887896514095,1.0962773885158514,0.03305164184297946,-0.24773876603372044,0.9124690893272692,-0.03483279463249129,-0.247615618643579,0.8565896222528244,0.6130989471216074,-0.09275556841729501,0.4285769284955715,0.6149765961612297,-0.42348128029250154,0.9694992915684025,0.40730843140392115,-0.41116984025729414,1.2701741857639213,0.2125264705954403,-0.4127162076680866,1.4742363932116933,0.4307915019179811,0.05175970085211936,1.2808875800758008,0.29034072313679765,-0.32415496094139995,1.504404189965583,0.1055232192950927,0.14330690625487563,1.2020695408843212,0.2699812933901287,0.11574500434051281,1.2346143584377718,0.549193331243976,-0.14129628374284472,0.5105346938632184,0.6336749754599387,-0.06439820166356516,0.875387297462154,0.497813377356687,-0.06410516433985235,0.451668479634042,0.45095881400321486,0.02484787578713023,1.1879482756782052,0.5008269434930472,-0.0710056419823541,0.8703630818239112,0.5544433928286002,-0.6112970570657427,0.9718388912101456,0.31753685641170337,-0.27965116777167415,1.3712229588568605,0.6715293805922893,-0.15026815003709287,0.8978912502724604,0.6401661950231387,-0.07143437587316859,0.7263405658551401,0.5425558199748297,0.04136074590959286,0.33978130125644207,0.39534121741916955,-0.11927423886461369,1.3467569629482876,0.18088538157722803,0.08066271361432319,1.1811493137814353,0.20233642115004796,0.16620033399652162,1.1581671670177915,0.3012653125437679,-0.2899829854337585,1.0468417540291288,0.43177940301745144,-0.5796389519576205,1.0848082848732046,1.1228160858154297,-18.947599411010742,4.374938488006592,-0.680446982383728,-0.4876871705055237,-2.4382872581481934,176.75341796875,-90.66130828857422,-548.7578125,-79.5310287475586,53.38999938964844,3.5483932495117188,-2.0089621543884277,24.525108337402344,-2.3281304836273193,-3.690958023071289,0.24422098696231842,2.6514790058135986
0.2149247820704978,-0.4025684079981798,1.328822139083155,0.20918203993940984,-0.2637084919885294,1.2306946334459925,0.03580785107286955,-0.5214903968454196,0.07614424866655015,0.3492286382921484,-0.4938408315971198,0.8514164788833517,0.09082338625922898,-0.289503634666765,1.470650775148379,-0.07032013464941095,-0.5029342887022638,0.9439701086637989,0.17257968913640406,-0.20749941552119539,1.5053759781730096,-0.01278761754564892,-0.17688918187720884,0.9160049362293143,-0.051702014719512294,-0.3459433271790182,0.9375159554923608,0.10628203339628037,-0.5759948117054061,0.08904964930766465,0.1579291670527679,-0.35873358908867997,0.5064958227391274,0.14228911850823472,-0.48671335593754095,0.044901624025888,0.02147771397741227,-0.5188689334503073,0.9121345234233023,0.25963395458973004,-0.30844792782865615,0.44581289401907004,0.4673723607071188,-0.6465507191143288,0.9382709209492665,0.07825763738214574,-0.40895073421743533,1.2468580015447757,0.19306460496605626,-0.40290786582507837,0.5666430914244115,0.10000893816549257,-0.3879208646665346,0.4055010961578382,0.07057279644422973,-0.3432835776679563,0.07688915857810848,-0.01571340507069073,-0.4594056192810172,1.0952362722118958,0.03322504221504887,-0.24888163257316245,0.9087624034739489,-0.03487640134496799,-0.249319279282693,0.8531613251231365,0.6151146322291418,-0.09124672037876208,0.42573206748393994,0.6156725382173298,-0.42343931867192125,0.968503796501665,0.4076912035018403,-0.4110848756618058,1.2692025327524603,0.21293406163817208,-0.4124819029443311,1.473159176624374,0.4313520381584862,0.05191009225237448,1.2808083974762468,0.29072976319600413,-0.3238856667122304,1.5032820662125848,0.10676791045247322,0.14516123102990203,1.2009622936217201,0.2709512603993447,0.11680934780480844,1.2341149050668376,0.5510457716635521,-0.13994828527731615,0.5074207072226418,0.6352201072585504,-0.06440441507772104,0.8727865497402798,0.4999194520198746,-0.06242362132283634,0.44874147064243725,0.4517801847086837,0.025270911106309347,1.1879409366096092,0.5025765972816392,-0.07072646232531561,0.8675194704374731,0.5547747815286876,-0.6113263141635238,0.9710169353627212,0.31783265062910043,-0.27946951590626445,1.370151573853777,0.6728710218375882,-0.15051163851425348,0.8957877542009417,0.6418811568361245,-0.07108120055289459,0.7235674293625435,0.5450415625082735,0.04333947285615052,0.3372901734334744,0.39570220041748705,-0.11926286082887491,1.3461473442071321,0.18197178687678264,0.08229162484802155,1.1800461525948631,0.20388140914258576,0.16797565964870892,1.1576006305928261,0.30175619705623347,-0.2899236480723943,1.0456462395901711,0.4321700497376208,-0.5794589860944559,1.0838474619467526,1.2679294347763062,-19.297019958496094,4.2300519943237305,-0.5532194375991821,-0.43875738978385925,-2.4560487270355225,182.59129333496094,-92.81949615478516,-561.4644165039062,-81.1591567993164,54.52851486206055,2.708040952682495,-2.0030035972595215,24.51900291442871,-1.8367830514907837,-3.7673146724700928,0.24300134181976318,2.6518945693969727
0.21527227085848516,-0.40235120571212263,1.327758716629041,0.20957970061641654,-0.26354895606143586,1.2294590814618875,0.03576687730799448,-0.521529595090064,0.07606108771600077,0.3496113668707822,-0.49354874224260153,0.8503688276800889,0.09112715470721783,-0.28938702227461416,1.469579554748851,-0.06997341372763481,-0.5038737533305654,0.9431393585655075,0.1728632742699408,-0.20727458539486723,1.504290443382516,-0.012581745526500503,-0.17809971910438782,0.9118946232148356,-0.05141484559766506,-0.34684640489864027,0.9350617702630973,0.10619528531189391,-0.5760017020615521,0.08900506435492576,0.15823149533066527,-0.3583085601100859,0.5061034197049425,0.14227589634277962,-0.4867383326520983,0.04486219298143853,0.021687333724948733,-0.5199490437247105,0.9112992009382375,0.25990121481039663,-0.3081400781771205,0.44530517153984667,0.4676360660633504,-0.6464854058445684,0.9374034018903379,0.07870937840680015,-0.408857632749128,1.2455776574595876,0.19341601527585886,-0.4025442206997745,0.5661745846074149,0.10018741693471045,-0.3875122853363587,0.40523879496467036,0.07051692787089095,-0.3433219622203846,0.07679146800856322,-0.015257021615787477,-0.45971755520594826,1.0941936569103343,0.033375001537138654,-0.25004557488079093,0.9050665836263179,-0.034920503046141554,-0.251039918487435,0.8497333457533099,0.6171600244297885,-0.08973998052148245,0.42287910186889177,0.6163538667737253,-0.42340904681493113,0.9675100249367835,0.4080716131242695,-0.4110016276603503,1.2682280406257176,0.2133526654778332,-0.41224524956073194,1.4720883843125099,0.4319143341669183,0.05205623598904996,1.2807288763933624,0.2911184388675437,-0.32361337276089275,1.5021575316293352,0.10802189349536066,0.14702589767954194,1.199862638056673,0.27192860669055513,0.11787514838803281,1.2336188296213846,0.5529049541184443,-0.13859209067971512,0.5043006779638349,0.6367675911709172,-0.06442744688235766,0.8701728602118841,0.5020310805728102,-0.060731587481271866,0.4458088835837038,0.45262014954690105,0.025688300791215,1.1879226762727397,0.5043372966793198,-0.07045379890412685,0.8646712169939321,0.5551043223861037,-0.6113487566938464,0.9701856021454792,0.31813351173471927,-0.27928378324437614,1.3690673402997833,0.6742020181275361,-0.15075326101570727,0.8936871006986165,0.6436042940577134,-0.07072193469136759,0.7207869533079352,0.5475574162424793,0.04532262987599059,0.334793519352051,0.3960584291065765,-0.11925029982843541,1.3455433415261326,0.18307336607318833,0.08395595205886067,1.178936947063105,0.20544071877930326,0.1697544262602628,1.1570462519364642,0.3022533555990023,-0.28986174445475965,1.0444536955151338,0.432556947236819,-0.5792885357575701,1.0828884557777683,1.2553083896636963,-19.5224666595459,4.301385879516602,-0.5212375521659851,-0.44468849897384644,-2.489529609680176,187.9069061279297,-95.033935546875,-572.4150390625,-82.53961944580078,55.48578643798828,1.9271690845489502,-2.057474374771118,24.51972770690918,-1.9000920057296753,-3.785062551498413,0.27948498725891113,2.637801170349121
0.21565620828148543,-0.4021063188448647,1.3266786834262065,0.2099535468200974,-0.2633679686792639,1.2282187788691743,0.03575686542995718,-0.5215530999448915,0.07595417781776151,0.35002055961564676,-0.4932911111819034,0.8492832207521855,0.0914988363815459,-0.28920083803846347,1.468504599388072,-0.06958531336673839,-0.5047968693126905,0.9422547627758506,0.17315833458047827,-0.2070727957202899,1.5032004528487755,-0.012405040094147855,-0.17938726943060257,0.9077812141140567,-0.05116767270971608,-0.3478142792815404,0.9326510449118962,0.1061392728461335,-0.5760010078253336,0.08896499452804098,0.15851260149321017,-0.3578362216223155,0.5056845770766404,0.14225285761798453,-0.48675241572967426,0.04481436134568903,0.021868963275622842,-0.5211390241092404,0.9105815788767986,0.2601222794576986,-0.30775863504567685,0.44477958513411464,0.4678518148447504,-0.6463975353746225,0.9365368165717219,0.07915415323727966,-0.4087625818931504,1.2442972478487635,0.19374112113816847,-0.4021431604363271,0.5656632895501245,0.10038242045025161,-0.38705524979837685,0.40495923595712674,0.07046262372211115,-0.3433396652439572,0.07667279080641981,-0.01489122607282654,-0.46000670459096793,1.093143932077269,0.033413783307896544,-0.25130947654610436,0.9014222996913835,-0.03496695240799165,-0.2528410846034422,0.8463068734731107,0.6193463131291976,-0.08824323946671775,0.41998769727763763,0.6169658855886648,-0.42343421783668317,0.9665244276949901,0.40844081786294645,-0.4109265212191651,1.2672400829807813,0.21382350144007348,-0.4119974568190164,1.4710480614213755,0.43248497650323325,0.05218223366417632,1.2806477499323965,0.2915053863004343,-0.32332685155584323,1.5010215628226071,0.10931994662379582,0.14893961436306397,1.198798988828596,0.27294095186208256,0.11894785987817685,1.233138775193928,0.5547961130836941,-0.13719702299856987,0.5011519894299918,0.6383262308228095,-0.06453024591041716,0.8674977895439856,0.5041690504314094,-0.05898979715756239,0.4428498405494438,0.45354830370044075,0.026078914039281018,1.1878526179206292,0.5061503838229653,-0.07021204105868245,0.8618009469367022,0.5554250991897077,-0.6113388787042227,0.9693097934028171,0.3184584043673332,-0.2790786959477608,1.3679221679043296,0.6754825269149628,-0.1509860334609518,0.8915999290958936,0.6453662060743925,-0.07033378226275477,0.7179716667592132,0.5502160831002999,0.04732679810054248,0.33227065501623604,0.396392108786185,-0.11923212819541527,1.3449659750161582,0.18424691289465944,0.08578825218985406,1.1777990740656064,0.20706795392841687,0.17154951285052766,1.1565495358397628,0.3027802709712098,-0.289787669450242,1.0432752394518316,0.43292606271655354,-0.5791632162024644,1.081938066229915,1.0256397724151611,-19.319011688232422,4.57689905166626,-0.6636068224906921,-0.4897485077381134,-2.4650673866271973,193.5186309814453,-97.44276428222656,-583.6516723632812,-83.96236419677734,56.431488037109375,1.110174536705017,-2.153973340988159,24.51512336730957,-2.408053398132324,-3.709252119064331,0.24601872265338898,2.6124939918518066
0.21604014570448574,-0.40186143197760676,1.325598650223372,0.21032739302377826,-0.26318698129709195,1.2269784762764608,0.03574685355191989,-0.521576604799719,0.07584726791952225,0.3504297523605113,-0.4930334801212052,0.8481976138242823,0.091870518055874,-0.2890146538023128,1.4674296440272931,-0.06919721300584196,-0.5057199852948158,0.9413701669861939,0.17345339489101574,-0.20687100604571254,1.5021104623150352,-0.012228334661795208,-0.18067481975681735,0.9036678050132777,-0.050920499821767114,-0.3487821536644405,0.9302403195606952,0.10608326038037309,-0.576000313589115,0.0889249247011562,0.1587937076557551,-0.3573638831345451,0.5052657344483382,0.14222981889318947,-0.48676649880725026,0.04476652970993953,0.022050592826296952,-0.5223290044937702,0.9098639568153596,0.26034334410500054,-0.3073771919142331,0.44425399872838267,0.46806756362615043,-0.6463096649046766,0.9356702312531061,0.07959892806775917,-0.40866753103717274,1.2430168382379392,0.1940662270004781,-0.4017421001728797,0.5651519944928339,0.10057742396579278,-0.386598214260395,0.4046796769495831,0.07040831957333135,-0.3433573682675298,0.07655411360427639,-0.014525430529865602,-0.4602958539759876,1.0920942072442035,0.033452565078654434,-0.25257337821141773,0.8977780157564491,-0.035013401769841745,-0.2546422507194494,0.8428804011929114,0.6215326018286067,-0.08674649841195305,0.41709629268638343,0.6175779044036044,-0.42345938885843515,0.9655388304531969,0.4088100226016234,-0.41085141477797993,1.266252125335845,0.21429433740231374,-0.4117496640773009,1.470007738530241,0.43305561883954813,0.05230823133930268,1.2805666234714306,0.29189233373332496,-0.32304033035079377,1.4998855940158793,0.110617999752231,0.15085333104658602,1.1977353396005188,0.27395329703360993,0.1200205713683209,1.2326587207664716,0.5566872720489439,-0.13580195531742462,0.4980033008961488,0.6398848704747017,-0.06463304493847667,0.8648227188760871,0.5063070202900084,-0.057248006833852914,0.4398907975151839,0.4544764578539804,0.026469527287347035,1.1877825595685187,0.5079634709666107,-0.06997028321323805,0.8589306768794723,0.5557458759933118,-0.611329000714599,0.968433984660155,0.3187832969999471,-0.2788736086511454,1.366776995508876,0.6767630357023896,-0.1512188059061963,0.8895127574931707,0.6471281180910717,-0.06994562983414195,0.7151563802104912,0.5528747499581205,0.04933096632509437,0.3297477906804211,0.39672578846579354,-0.11921395656239513,1.3443886085061838,0.18542045971613058,0.08762055232084745,1.1766612010681077,0.20869518907753049,0.17334459944079253,1.1560528197430617,0.30330718634341725,-0.28971359444572437,1.0420967833885293,0.4332951781962881,-0.5790378966473586,1.0809876766820616,0.8889132142066956,-19.19951629638672,4.643544673919678,-0.7251160144805908,-0.5273534059524536,-2.420828342437744,200.06710815429688,-100.06725311279297,-596.8143920898438,-85.67799377441406,57.52967834472656,0.17719724774360657,-2.19667649269104,24.5112247467041,-2.6108930110931396,-3.6730730533599854,0.18767869472503662,2.601529121398926
0.21642734189301924,-0.4016226499483285,1.324514845743874,0.21070657068530455,-0.2630059922373058,1.2257344426698242,0.03573308759276441,-0.5216000492604363,0.07574512789778362,0.35087188673729924,-0.49276134608597155,0.847126890689332,0.09225279512192237,-0.2888364533320168,1.4663544336691599,-0.06881787272675939,-0.5066422322727986,0.9404934358517856,0.1737556613932382,-0.2066688212929972,1.5010134056703934,-0.012057349369521969,-0.1819782596056824,0.8995545636739164,-0.050678427300311094,-0.34976136200870106,0.9278224375074274,0.10602957602368286,-0.5759984483782029,0.08888710623249313,0.1590767279760727,-0.3568878522179774,0.504853394252575,0.14220939724650605,-0.4867792481815578,0.04471962768214428,0.02224562567541535,-0.523512163699068,0.9091309510319439,0.2605750951545917,-0.306985243562831,0.44374281128510734,0.46828586573632347,-0.646224804074559,0.9347905873857587,0.08004047810439241,-0.40857315625970725,1.2417372405923754,0.19439047811836596,-0.40134049636243985,0.564638699719448,0.10077248997246192,-0.38614779858794435,0.4043998159714882,0.07035173806331016,-0.34337326450063693,0.07643651133341506,-0.01415154275280851,-0.4605894792356238,1.091045797660651,0.03354117010306837,-0.25384816004345745,0.8941102016051086,-0.03505453498207575,-0.25645787786963753,0.8394597368129832,0.623723913304853,-0.08524072885710679,0.4142006202446705,0.6181768042757021,-0.4234922769053882,0.9645653019677725,0.4091790394475128,-0.41077347484645466,1.2652593294516306,0.21476568923091255,-0.41149758503137046,1.468947109797143,0.4336276653389267,0.052436318482882924,1.2804867317344968,0.29227849772039627,-0.32275645306568274,1.4987548258130914,0.11193065483443777,0.15276972436352274,1.1966688182969758,0.27497101895856535,0.12109501751152091,1.2321779751619757,0.5585907447022317,-0.1344046748631838,0.49485017507281537,0.6414562633495456,-0.06470451284421991,0.8621634211366541,0.5084547874153843,-0.05550084520896153,0.43693156155529417,0.4553735258168732,0.026848994361989134,1.187717883002679,0.5097751153620662,-0.06972752550974588,0.8560570113311542,0.5560689007999091,-0.6113231120914813,0.9675503280383863,0.31910384628946414,-0.2786779797432439,1.3656448346889571,0.6780580290105958,-0.15145546202825394,0.8874184728063496,0.6488975894372194,-0.06955122032406316,0.712328555173432,0.5555305447404747,0.05134969812799359,0.32723521011949386,0.3970660678795631,-0.119203352227511,1.3438039007565834,0.18660292389574423,0.08944668763915425,1.1755152084180063,0.21032738912579232,0.1751315026291158,1.1555570900834948,0.3038393778122024,-0.28964333936868125,1.0409185353493848,0.4336592574782719,-0.5789110907260946,1.080039025142493,0.9308522939682007,-19.398801803588867,4.469405651092529,-0.6211176514625549,-0.5676379203796387,-2.430344581604004,206.2600555419922,-102.35770416259766,-609.7308959960938,-87.28450012207031,58.61315155029297,-0.6985746026039124,-2.1146936416625977,24.545351028442383,-2.2931876182556152,-3.7214515209198,0.20814919471740723,2.632326126098633
0.21683054437108387,-0.40141385344677416,1.3234125176407643,0.21111193521330687,-0.2628249949374736,1.2244720832006821,0.035700882470469604,-0.5216231970794943,0.0756664163870922,0.351475822659123,-0.4924179768522844,0.8461292732432978,0.09268711425906774,-0.2886974672410662,1.4652779708240207,-0.06848155990835057,-0.5075602109069066,0.93965533405345,0.17409332301344302,-0.20646469600942752,1.4998816419516179,-0.011914460059403388,-0.183359745051095,0.895442146339164,-0.05046140657898211,-0.35079624010435,0.9253694034175368,0.10598732679095489,-0.5759908316151195,0.08886034590568369,0.1593691501889797,-0.35639368495996426,0.5044729924754591,0.14220183007172402,-0.4867854467192233,0.044677291669889,0.022506492372774918,-0.5246618188769612,0.908322384025877,0.2608593352977803,-0.3065416960428093,0.443302348157428,0.46851670919664645,-0.6461547258871281,0.9338468029996417,0.08046618871242794,-0.4084821022208163,1.2404616311291197,0.19471053093277066,-0.40093622277706664,0.564115582811122,0.10096786292084795,-0.38572989813736736,0.4041184717850969,0.07028397069072091,-0.3433802862041044,0.0763241888720863,-0.013737907825925991,-0.4609050889382299,1.090003848273233,0.03387449522632242,-0.25517638269441806,0.8903268125673004,-0.035069556518254295,-0.2583445342171271,0.8360675994726207,0.6259398954790949,-0.08369061343421212,0.4112839851257028,0.6187112669873711,-0.4235630691643582,0.963651052373924,0.4095471334082401,-0.41068161747708226,1.2642427692744906,0.21523957487368425,-0.41122445266767843,1.4677867435461638,0.43420660875688327,0.052574668603869064,1.2804129046714858,0.29266081360594326,-0.32248556209321055,1.4976496017531844,0.11331503127781758,0.15469926467399722,1.1955881900345253,0.2760151502312414,0.12217798386237873,1.23169383465849,0.560554699293825,-0.1329965257881493,0.491675254327572,0.6430902970547707,-0.06462208964917439,0.8595815963105651,0.5106506764099298,-0.05372730101649929,0.43397137799010377,0.4561179057257065,0.027173714055402188,1.187679640504698,0.511579673317884,-0.06947985673878367,0.8531666679295483,0.556402967268268,-0.6113368182979673,0.9666281244810054,0.3194030620996526,-0.2785288082152013,1.3645765836665174,0.6794241668767487,-0.1517111938570114,0.885289250324104,0.6507041904310517,-0.06912607750207779,0.709439144031891,0.5581722325639219,0.05343996280101156,0.32477314104110205,0.3974387636346533,-0.1192299166805302,1.3431831345652903,0.1878291880403528,0.09124254284808965,1.174329333944826,0.21198397559045953,0.17687821087260908,1.1550662055710295,0.3043974842259426,-0.2895918468765865,1.0397413090759555,0.43399860014189157,-0.5787769841239941,1.0790989102906738,1.0402328968048096,-19.47124481201172,4.367679119110107,-0.5855319499969482,-0.5797354578971863,-2.4456872940063477,212.4890899658203,-104.73861694335938,-623.085205078125,-88.83831024169922,59.73972702026367,-1.5515695810317993,-1.9994655847549438,24.607357025146484,-2.0858185291290283,-3.7260494232177734,0.2767300307750702,2.662782907485962
0.21723374684914845,-0.40120505694521974,1.3223101895376548,0.21151729974130917,-0.26264399763764135,1.22320972373154,0.0356686773481748,-0.5216463448985523,0.07558770487640078,0.3520797585809467,-0.49207460761859717,0.8451316557972637,0.09312143339621308,-0.28855848115011556,1.4642015079788815,-0.0681452470899418,-0.5084781895410145,0.9388172322551147,0.1744309846336478,-0.20626057072585782,1.4987498782328423,-0.01177157074928482,-0.1847412304965075,0.8913297290044118,-0.05024438585765316,-0.3518311181999989,0.9229163693276463,0.10594507755822694,-0.5759832148520362,0.08883358557887425,0.15966157240188672,-0.3558995177019511,0.5040925906983432,0.14219426289694198,-0.4867916452568888,0.04463495565763373,0.02276735907013446,-0.5258114740548544,0.90751381701981,0.2611435754409689,-0.30609814852278755,0.4428618850297486,0.4687475526569695,-0.6460846476996971,0.9329030186135249,0.08089189932046345,-0.4083910481819254,1.2391860216658637,0.19503058374717533,-0.40053194919169344,0.5635924659027959,0.10116323586923395,-0.38531199768679036,0.4038371275987057,0.07021620331813168,-0.3433873079075719,0.07621186641075754,-0.013324272899043506,-0.461220698640836,1.0889618988858154,0.03420782034957644,-0.25650460534537856,0.8865434235294926,-0.03508457805443284,-0.2602311905646165,0.8326754621322583,0.6281558776533366,-0.08214049801131756,0.40836735000673524,0.61924572969904,-0.4236338614233282,0.9627368027800757,0.4099152273689674,-0.41058976010770987,1.2632262090973507,0.21571346051645593,-0.4109513203039864,1.4666263772951846,0.4347855521748397,0.0527130187248552,1.2803390776084749,0.2930431294914902,-0.32221467112073837,1.4965443776932774,0.11469940772119729,0.15662880498447154,1.194507561772075,0.2770592815039173,0.12326095021323646,1.2312096941550046,0.5625186538854181,-0.13158837671311494,0.48850033358232886,0.6447243307599957,-0.06453966645412888,0.8569997714844763,0.512846565404475,-0.0519537568240372,0.4310111944249136,0.45686228563453973,0.027498433748815214,1.187641398006717,0.5133842312737016,-0.06923218796782148,0.8502763245279428,0.5567370337366269,-0.6113505245044532,0.9657059209236246,0.31970227790984096,-0.27837963668715876,1.3635083326440773,0.6807903047429015,-0.15196692568576886,0.8831600278418587,0.6525107914248838,-0.06870093468009245,0.7065497328903503,0.560813920387369,0.05553022747402936,0.3223110719627104,0.3978114593897434,-0.11925648113354942,1.3425623683739971,0.18905545218496125,0.0930383980570249,1.1731434594716459,0.21364056205512663,0.1786249191161022,1.1545753210585639,0.30495559063968275,-0.28954035438449177,1.0385640828025262,0.43433794280551125,-0.5786428775218938,1.078158795438855,1.1539045572280884,-19.297874450683594,4.356788158416748,-0.6731594800949097,-0.5700926780700684,-2.426673650741577,217.8564453125,-106.94869232177734,-634.6605834960938,-90.19771575927734,60.738136291503906,-2.223107099533081,-1.9346468448638916,24.60558319091797,-2.3467624187469482,-3.6620264053344727,0.28282710909843445,2.643707036972046
0.21761188614151336,-0.4010103987344843,1.3212693189548341,0.21189971051074022,-0.26247609164935864,1.2220178619520554,0.035640667470184385,-0.5216642789888066,0.0755180184735565,0.3526384790014747,-0.4917516780906166,0.8442009961762965,0.0935199415274211,-0.28842106145738766,1.4631855582559345,-0.06783142926430466,-0.5093426794208438,0.9380257023091348,0.17474753162916132,-0.20606990799998606,1.4976809593225946,-0.011653007984173713,-0.1860552525382168,0.8874462533076078,-0.05003236169427239,-0.3528169429558792,0.9206035783551387,0.10590659859065978,-0.5759746211254044,0.08880903888863838,0.15993633355624629,-0.3554328259154661,0.5037315132602161,0.14218753428253905,-0.48679662584666383,0.044594357826358434,0.02300370917254627,-0.5269058852006268,0.9067548699923699,0.2614073742501783,-0.3056827847728666,0.44243921403655945,0.46896194242286365,-0.6460149602976856,0.9320191318625646,0.08129744295844968,-0.4083092932077433,1.237979750562188,0.19533462982797464,-0.40014399741067,0.5630977786337303,0.10135288706777111,-0.3849111908417664,0.40357060394934474,0.07015212683241494,-0.3433967785330008,0.07610619422171684,-0.012922421628177569,-0.46152216679607794,1.0879816805684803,0.034508477032974064,-0.257777798896199,0.8829679030258925,-0.03511579276142728,-0.2620163811062345,0.8294698987772923,0.6302499608290906,-0.0806676791302416,0.4056143774496799,0.6197567876206328,-0.42371705460627346,0.9618705579184539,0.41026240291184934,-0.41049937306847795,1.2622775609130101,0.21616987967925355,-0.410681929710685,1.4655264981140363,0.43533354213103553,0.05284450058856152,1.2802682726193737,0.2934115220181989,-0.32195283171554273,1.4954936030684718,0.11601192157542861,0.15845588949934533,1.1934924356590044,0.2780521726667486,0.12428487255083802,1.2307552077517605,0.5643847069598191,-0.13025642591004344,0.4854965068350565,0.6462715254319424,-0.06447340264324321,0.8545469514384175,0.5149324710992788,-0.050280112446291984,0.428207315257843,0.457583213533392,0.02781435608900836,1.1875978278008519,0.5150947630010693,-0.06900230603946361,0.84753942953435,0.5570500629232419,-0.6113730526917818,0.9648482848871622,0.319981220098126,-0.278240277129688,1.3624970255703326,0.6820756281843249,-0.15220879195936468,0.8811478000010876,0.6542227832686822,-0.06829808942282832,0.7038142488689613,0.5633239688857501,0.057500858686321585,0.31998430256614624,0.39816506364882387,-0.1192786122073993,1.3419769031322555,0.19022335578372934,0.0947373681979266,1.1720277505205168,0.21521662962653776,0.18027906983301337,1.154119359736411,0.3054853439429738,-0.28948933409144545,1.0374551723334964,0.4346730259080596,-0.5785188499270686,1.0772706550478146,1.1906399726867676,-19.210460662841797,4.285910129547119,-0.699211061000824,-0.5830798745155334,-2.3932151794433594,223.13943481445312,-109.05802154541016,-646.08642578125,-91.55350494384766,61.72004318237305,-2.89469575881958,-1.996999979019165,24.547637939453125,-2.5911765098571777,-3.6482856273651123,0.22122517228126526,2.6086416244506836
0.21786243103395234,-0.40088771727700895,1.320541323020758,0.21216526578198996,-0.26237483233805525,1.221184897501737,0.03563401519956178,-0.5216556704596967,0.07549427807429768,0.35296701141540576,-0.49153280524623316,0.8436112127556706,0.0937361390829481,-0.2882916161556118,1.4624776753368756,-0.06763213140186884,-0.5099348629152538,0.9374712654296925,0.17495658598988262,-0.20594778193148555,1.4969319776193986,-0.01165828944819159,-0.18702582452470895,0.8847282986767244,-0.049845774553173426,-0.3535530416183914,0.9190047523438536,0.10588731370027492,-0.5759610537661622,0.08879576162095891,0.16012118386709137,-0.3551060092567608,0.5034688142751227,0.1421850747027934,-0.48679540597445126,0.04456260891643581,0.02311524751886035,-0.5277190540010566,0.9062485337652118,0.2615671080864028,-0.30541090203436794,0.44210712118259327,0.46909256792621107,-0.6459472623487182,0.9314401785269478,0.08160031838527579,-0.4082748789266245,1.2371264747436472,0.19555718708314643,-0.399839138451791,0.5627478240736273,0.10151340935798671,-0.384597405988649,0.40337953030668344,0.07010684031623089,-0.3434187163975065,0.07603437796432451,-0.012580559878850612,-0.46175164161928445,1.0873157295170208,0.03464282165892077,-0.2587708443008511,0.8804506223328066,-0.035229445428939056,-0.26328501845432434,0.8272141666207092,0.63172346728527,-0.07958836991660641,0.40369459611690595,0.6201486938836559,-0.42386337976582006,0.9612487007845316,0.41050308469115504,-0.41041647134632464,1.2616746465101936,0.21653737858036495,-0.41043158813028147,1.4647345531065732,0.4357239508273586,0.052941016778843296,1.2802128527338141,0.29370903199082177,-0.32173707301648247,1.494720025567819,0.11695858952126756,0.1597613808729791,1.1928107750336856,0.2787842050885523,0.12500820718458946,1.230451687677017,0.5657523523103323,-0.12931239358241983,0.4833637040774554,0.6473766304799263,-0.06448940478808043,0.8527508829997864,0.5164584618135794,-0.049115048943469845,0.4261991675721099,0.45818474938143167,0.02808549190371834,1.1875271347184844,0.516326615747237,-0.06886297530981879,0.845583726436097,0.5572559932209799,-0.6114404927815823,0.964319356229921,0.32015695112035764,-0.278150869422401,1.3617756149626725,0.6829495327362162,-0.15238006995213743,0.879731181244187,0.6554531285304896,-0.06800875904050883,0.7018623938228911,0.565163853547431,0.058862446825827995,0.318346331549796,0.3984214748373095,-0.11927817335093258,1.341571151815503,0.19109415114912767,0.09594310526520212,1.1712692478634663,0.2163827828322815,0.1814620185964155,1.1538411892013045,0.3058707541385234,-0.2894407177208275,1.036694051414136,0.43498642397242665,-0.5784461336420071,1.0766471119116474,1.069139838218689,-19.37841796875,4.174396514892578,-0.5859262943267822,-0.6506898403167725,-2.375394821166992,229.59356689453125,-111.19490051269531,-659.5051879882812,-93.11377716064453,62.79868698120117,-3.8395814895629883,-2.08122181892395,24.500551223754883,-2.4783055782318115,-3.7016608715057373,0.18823806941509247,2.6129567623138428
0.21811297592639134,-0.40076503581953365,1.3198133270866823,0.21243082105323968,-0.26227357302675186,1.2203519330514188,0.03562736292893918,-0.521647061930587,0.07547053767503886,0.35329554382933687,-0.49131393240184973,0.8430214293350448,0.09395233663847509,-0.2881621708538359,1.4617697924178168,-0.06743283353943305,-0.5105270464096637,0.9369168285502504,0.1751656403506039,-0.20582565586298507,1.4961829959162023,-0.01166357091220947,-0.187996396511201,0.8820103440458412,-0.04965918741207447,-0.3542891402809035,0.9174059263325686,0.10586802880989005,-0.57594748640692,0.08878248435327944,0.16030603417793646,-0.35477919259805557,0.5032061152900291,0.14218261512304772,-0.48679418610223874,0.044530860006513184,0.023226785865174418,-0.5285322228014864,0.9057421975380537,0.26172684192262735,-0.3051390192958693,0.44177502832862714,0.4692231934295585,-0.6458795643997508,0.9308612251913311,0.08190319381210187,-0.40824046464550573,1.2362731989251068,0.1957797443383182,-0.3995342794929119,0.5623978695135243,0.10167393164820228,-0.38428362113553166,0.40318845666402225,0.07006155380004685,-0.3434406542620122,0.07596256170693218,-0.012238698129523683,-0.4619811164424909,1.0866497784655615,0.03477716628486746,-0.2597638897055032,0.8779333416397209,-0.03534309809645082,-0.2645536558024141,0.8249584344641263,0.6331969737414492,-0.07850906070297131,0.4017748147841322,0.6205406001466789,-0.4240097049253666,0.9606268436506095,0.4107437664704607,-0.41033356962417133,1.2610717321073772,0.21690487748147635,-0.4101812465498779,1.46394260809911,0.4361143595236816,0.053037532969125056,1.2801574328482546,0.2940065419634446,-0.3215213143174222,1.4939464480671663,0.11790525746710644,0.16106687224661273,1.1921291144083668,0.27951623751035587,0.12573154181834084,1.2301481676022739,0.5671199976608453,-0.12836836125479634,0.4812309013198544,0.6484817355279101,-0.06450540693291765,0.8509548145611555,0.5179844525278798,-0.04794998544064781,0.4241910198863769,0.45878628522947135,0.0283566277184283,1.187456441636117,0.5175584684934047,-0.06872364458017396,0.8436280233378443,0.5574619235187177,-0.6115079328713827,0.9637904275726799,0.32033268214258925,-0.27806146171511403,1.3610542043550125,0.6838234372881075,-0.15255134794491015,0.8783145624872865,0.6566834737922971,-0.06771942865818938,0.699910538776821,0.5670037382091118,0.060224034965334294,0.3167083605334459,0.39867788602579507,-0.11927773449446587,1.34116540049875,0.19196494651452592,0.09714884233247756,1.170510745206416,0.2175489360380251,0.18264496735981753,1.153563018666198,0.30625616433407293,-0.2893921013502096,1.035932930494776,0.4352998220367937,-0.5783734173569458,1.0760235687754802,0.9012454748153687,-19.496553421020508,4.25376558303833,-0.5475026369094849,-0.7053757309913635,-2.389453887939453,235.96206665039062,-112.81132507324219,-671.1694946289062,-94.43682861328125,63.69139862060547,-4.795461654663086,-2.044361114501953,24.435997009277344,-2.1867644786834717,-3.7510247230529785,0.22686676681041718,2.661574125289917
0.2183810209004295,-0.40062550085269855,1.3190300938309423,0.2127214458012423,-0.26216362485822464,1.2194513650919427,0.03561740792942363,-0.5216385544530603,0.07544652412071923,0.35363997134151837,-0.4910762102793384,0.8423409742235348,0.09418210984263199,-0.28804563804967515,1.4610015374935226,-0.067211304723427,-0.5111666199387304,0.9363198489542829,0.17539243163257245,-0.2056926114867065,1.4953752274544823,-0.01168261498015448,-0.18906610483760075,0.8790785705806404,-0.04947104147135817,-0.3550733252866379,0.9156850647452651,0.10584887654970813,-0.5759325201148229,0.08876939853098219,0.1605173497405273,-0.3544262998940929,0.5029142123973922,0.14218562101291504,-0.48677963057890633,0.04451374206321918,0.023368300907067114,-0.5293920142761129,0.905191376509256,0.2618992119435443,-0.30485321670178545,0.4414108500180655,0.46937443661373973,-0.6458040728474295,0.9302254429716148,0.08223656905407938,-0.4081953831066359,1.2353515175004668,0.19602037956383053,-0.39920225818425614,0.5620190615685571,0.10184092005554414,-0.3839446933853705,0.40298469315301505,0.07001534637236437,-0.3434625542321742,0.0758880940296792,-0.01187366665347128,-0.46222466743545026,1.0859230890968778,0.03491116295389782,-0.26083896531174516,0.8752144251438166,-0.03548348660500634,-0.26593691880339815,0.8225233010108898,0.6348067198368098,-0.07734612696218175,0.39970146346565905,0.6209495525486421,-0.4241388544736319,0.9599664069169405,0.41100578750206146,-0.4102433321886505,1.2603988900089895,0.2173006897730543,-0.40992260295034244,1.4630877900597274,0.4365329284541654,0.053140450145629854,1.2800995561460786,0.2943213254410699,-0.32129231943989434,1.4931119869876381,0.1189370412404174,0.16247833594186414,1.1913967322040078,0.2803023262134451,0.1265061664462879,1.2298186835863731,0.5686038239112753,-0.12734514040662753,0.4789268998120794,0.6496742312481861,-0.06452844282057112,0.849004951928625,0.5196200589470515,-0.04668953338798309,0.4220392305329936,0.4594229191344305,0.028640136825821255,1.1873791233593265,0.518895114889208,-0.06857767957725272,0.8415224449524027,0.5576834473388874,-0.611583194985295,0.963198670093587,0.3205366981345297,-0.2779430853610007,1.3602794321957012,0.6847721894845268,-0.1527376352556494,0.8767759997323649,0.6580180348149988,-0.06740931204415315,0.6978062979432921,0.5689987844189272,0.06171054733510048,0.3149390793004573,0.3989580206523668,-0.1192783819425185,1.3407173022529146,0.19290539247310715,0.09845033248528738,1.1696980094278095,0.2188070856577513,0.18392557221532657,1.1532623894167262,0.3066620011598069,-0.2893432497188745,1.0351056460513184,0.43562665838279474,-0.5783009094907748,1.075340000998895,0.9237855672836304,-19.346927642822266,4.516642093658447,-0.6666111946105957,-0.6326344013214111,-2.4193544387817383,243.84991455078125,-114.63410949707031,-684.25390625,-95.91300964355469,64.74549102783203,-5.821479320526123,-1.9460334777832031,24.407978057861328,-2.025893449783325,-3.736764907836914,0.2786427438259125,2.691470146179199
0.21874148818041314,-0.40039695828955696,1.3179551384701635,0.21314446872334605,-0.26200778866248414,1.2181937660997277,0.03559001039294218,-0.5216305806542074,0.0754210679662346,0.354068344841335,-0.49073894040671406,0.8411816592445437,0.09448357944111554,-0.2879972993735446,1.4599144429165796,-0.06687236868387818,-0.5120564720883274,0.9354981906366665,0.1757128960298781,-0.20550190479747507,1.494256991424308,-0.011774342800089653,-0.19065937695913748,0.8750175663967008,-0.049274663120162814,-0.35611146629251383,0.9133197027721154,0.1058304247427855,-0.5759101657085861,0.08875732377960982,0.1608684349139005,-0.35393569307611483,0.5024680763680414,0.14221749141417592,-0.48669464614809743,0.0445738939124326,0.023668130372484376,-0.530498031748841,0.904405620121798,0.2621383168148679,-0.30449389987039255,0.4408772203898588,0.4696345669248246,-0.6456874213273952,0.9292895332077482,0.08273102144482512,-0.40809396511276824,1.234068568968615,0.1963564890702039,-0.39872678571584214,0.5614878716847754,0.10204205764395906,-0.38347297971019684,0.40271391127480577,0.06996427538083089,-0.34348425407283356,0.07579962354128725,-0.011386270058150152,-0.46254255819991724,1.0848756254903529,0.035043321975463664,-0.2623472629201332,0.8714306195642777,-0.03576507377407407,-0.2679255485337301,0.8191407044597021,0.6371359815265958,-0.07574155118735824,0.3968170706602123,0.6214485298718837,-0.4241772953248182,0.9591022216721087,0.4113805064598456,-0.410114353016907,1.2593567422683667,0.21784603215803372,-0.4096201143122667,1.461900923820521,0.43710021862131077,0.053277172530625035,1.280028704381147,0.29472733461698947,-0.3209934209948344,1.4919559845071755,0.12041834297756478,0.16444946596065882,1.1903964766603432,0.28137389965207366,0.12755166635608037,1.2293520775062359,0.5707012305393913,-0.1259037051843295,0.4757187549049493,0.6513282589565049,-0.06458862566247286,0.8462428637095636,0.5218345733075741,-0.044925310556462365,0.4191288336223326,0.46024491465249595,0.028988992385196154,1.1872668157744881,0.5207852027471491,-0.06839667731859038,0.8386253377064965,0.5579873244494002,-0.6116997671640472,0.9622750978990896,0.32089009412274455,-0.2776717183408358,1.359222844341733,0.6861162308036096,-0.15300319052689912,0.874593420237895,0.6599029853249226,-0.06698941814386294,0.6948972696697476,0.5718132775548277,0.06385681579592595,0.31247631598584713,0.39936344468633067,-0.11928476643631396,1.3400455592878606,0.19421368062693545,0.10025751862107514,1.1685988549759847,0.22055109133882228,0.18572192330727505,1.1528431500820135,0.3071757161262019,-0.2892931556168771,1.033928935496223,0.43602446565367525,-0.5782295023368684,1.074339428090102,1.0809926986694336,-19.20085906982422,4.684899806976318,-0.7293647527694702,-0.5161633491516113,-2.4310011863708496,250.12290954589844,-116.26917266845703,-694.9462280273438,-97.14020538330078,65.65823364257812,-6.551187038421631,-1.9060149192810059,24.46819305419922,-1.9779664278030396,-3.728098154067993,0.30031946301460266,2.6895899772644043
0.21910195546039682,-0.40016841572641537,1.3168801831093846,0.21356749164544983,-0.2618519524667437,1.2169361671075127,0.03556261285646072,-0.5216226068553546,0.07539561181174999,0.3544967183411516,-0.49040167053408973,0.8400223442655526,0.09478504903959911,-0.28794896069741405,1.4588273483396366,-0.06653343264432933,-0.5129463242379245,0.93467653231905,0.17603336042718382,-0.20531119810824364,1.4931387553941335,-0.011866070620024835,-0.19225264908067435,0.870956562212761,-0.049078284768967445,-0.35714960729838996,0.9109543407989654,0.10581197293586289,-0.5758878113023492,0.08874524902823745,0.1612195200872737,-0.3534450862581367,0.5020219403386905,0.1422493618154368,-0.48660966171728853,0.04463404576164602,0.023967959837901665,-0.5316040492215693,0.90361986373434,0.26237742168619144,-0.30413458303899954,0.4403435907616521,0.4698946972359095,-0.6455707698073608,0.9283536234438814,0.08322547383557091,-0.40799254711890065,1.232785620436763,0.19669259857657728,-0.398251313247428,0.5609566818009939,0.10224319523237399,-0.3830012660350231,0.4024431293965965,0.0699132043892974,-0.34350595391349287,0.07571115305289527,-0.010898873462828983,-0.4628604489643842,1.083828161883828,0.035175480997029517,-0.2638555605285215,0.8676468139847383,-0.03604666094314183,-0.2699141782640621,0.8157581079085142,0.6394652432163819,-0.0741369754125346,0.3939326778547654,0.6219475071951254,-0.4242157361760045,0.9582380364272768,0.41175522541762977,-0.40998537384516354,1.2583145945277436,0.21839137454301316,-0.4093176256741909,1.4607140575813142,0.43766750878845617,0.05341389491562022,1.2799578526162154,0.295133343792909,-0.3206945225497745,1.4907999820267128,0.12189964471471228,0.1664205959794537,1.1893962211166786,0.28244547309070234,0.12859716626587292,1.2288854714260986,0.5727986371675075,-0.12446226996203134,0.47251060999781885,0.6529822866648238,-0.06464880850437461,0.8434807754905019,0.5240490876680968,-0.04316108772494149,0.4162184367116714,0.4610669101705614,0.02933784794457108,1.1871545081896497,0.5226752906050903,-0.06821567505992801,0.8357282304605902,0.5582912015599131,-0.6118163393427994,0.9613515257045923,0.32124349011095943,-0.2774003513206709,1.3581662564877643,0.6874602721226926,-0.15326874579814886,0.8724108407434249,0.6617879358348467,-0.0665695242435727,0.691988241396203,0.5746277706907285,0.06600308425675161,0.31001355267123676,0.3997688687202946,-0.1192911509301094,1.3393738163228066,0.19552196878076386,0.10206470475686304,1.1674997005241596,0.22229509701989342,0.18751827439922367,1.1524239107473007,0.307689431092597,-0.2892430615148797,1.0327522249411274,0.4364222729245558,-0.578158095182962,1.0733388551813088,1.0913093090057373,-19.302207946777344,4.577889442443848,-0.6213624477386475,-0.520111083984375,-2.433711528778076,256.5022277832031,-118.29261016845703,-707.4163818359375,-98.52751922607422,66.68860626220703,-7.352535724639893,-1.9548728466033936,24.5815372467041,-2.15754771232605,-3.784825325012207,0.29916349053382874,2.677457094192505
0.2194651989451307,-0.39994520990066973,1.3158015750891325,0.2139953541883964,-0.26168926218092836,1.2156754293978609,0.03553757796199709,-0.5216128312001954,0.07537098660670369,0.3549271338428093,-0.49006716921826865,0.8388649412733041,0.09511383633986606,-0.28788215681811835,1.4577363991974206,-0.06620528135720075,-0.5138309390734362,0.9338612432116705,0.17635092319340892,-0.20511771903823545,1.4920208497552683,-0.011939023972939184,-0.19384647108959824,0.8668878366615601,-0.048891730779251526,-0.3582002710526352,0.9085827533969818,0.10579755580336447,-0.5758633185301395,0.08873503502236296,0.16157148477454847,-0.3529401823680922,0.5015788512514128,0.14228009114300968,-0.4865305952678453,0.04468408339218983,0.024251972106192864,-0.532728180091902,0.9028505198410806,0.2626300940154404,-0.3037659923071104,0.43981688099586413,0.47014927054872574,-0.6454520808742535,0.9274137673393781,0.08371517302727459,-0.4078950509922394,1.2315017602696325,0.19702678844826108,-0.3977762828303489,0.5604229680947121,0.10244760231811872,-0.3825273665766053,0.40217477038798743,0.06986368937257505,-0.34352578000714445,0.07562282022754878,-0.010422912986011624,-0.4631689954672428,1.0827814018884243,0.035273396527234296,-0.2653773735887956,0.8638807914114949,-0.03632440100368481,-0.2719169092790179,0.8123856219432214,0.6418082375597478,-0.07251724446599464,0.3910538527547131,0.6224475307575125,-0.4242769434357321,0.9573687484722264,0.4121390255476465,-0.409868799643406,1.2572733033571812,0.21893584582683262,-0.4090223735235385,1.459529479607841,0.4382399368463762,0.053548932266699156,1.2798844678512473,0.2955364253347283,-0.32039831312286937,1.489650624082578,0.12339270019916104,0.16839781070485796,1.1884007256552085,0.2835311233405245,0.12965313545027307,1.228422493532004,0.5748984330142569,-0.12301341623117208,0.4693009905665128,0.6546408052476036,-0.06470514748812906,0.8407326891327538,0.5263202121320938,-0.04139943288281473,0.41328949200001797,0.461897162412176,0.02968497478113267,1.187042622771484,0.5245602023325218,-0.0680424389090167,0.83282989648399,0.5585998356934414,-0.6119280015395967,0.9604414353110143,0.3215932059070922,-0.2771328633392094,1.3571033911989225,0.6888035455878996,-0.15352956393104514,0.870231381611319,0.663679276969259,-0.06614930109916542,0.6890813637253467,0.5774467608194476,0.06814420029570316,0.3075545276731057,0.4001743814704434,-0.11929564982257931,1.33870826513562,0.19684403471105927,0.10387706778795501,1.1664114673406083,0.22405063427540628,0.18931251083383485,1.1520050507507578,0.3082107802396578,-0.2891904405312033,1.0315723573135225,0.436809509203134,-0.5780811478562703,1.0723459791663468,0.9614195823669434,-19.40883445739746,4.4329609870910645,-0.49414169788360596,-0.571007251739502,-2.449061393737793,261.7560119628906,-120.03887176513672,-718.4527587890625,-99.66438293457031,67.57222747802734,-8.067813873291016,-2.056150436401367,24.68168830871582,-2.4212381839752197,-3.8586745262145996,0.30634209513664246,2.6754510402679443
0.21984366677849496,-0.399751270054192,1.3147029363556413,0.21444975658757795,-0.2614889849495414,1.2143974793667824,0.03552549949150212,-0.5215931743975507,0.07535091822115791,0.35536874741907937,-0.48974785031072354,0.8377180233696438,0.09559243039184846,-0.2877140921472714,1.4566243121166103,-0.06593627226076379,-0.5146868331542868,0.9330808820313965,0.17665257378919233,-0.20490903658977408,1.490904755939711,-0.011909020571223158,-0.1954433086100003,0.8627767681286036,-0.0487590523202293,-0.35931960794309903,0.9061770265465542,0.10580526430480527,-0.5758270992348525,0.0887350251047027,0.16192827260257392,-0.3523568751796192,0.5011524712013093,0.14230456296971303,-0.4864839822646008,0.044678655952609926,0.024449244906373364,-0.5339516424974858,0.9021711799482637,0.2629571685333126,-0.30334654470153205,0.4393281188626953,0.4703733700000687,-0.6453222190307466,0.9264522700120282,0.08417880628874758,-0.4078190618792907,1.2302129008122629,0.19735045129100218,-0.39730367656575133,0.5598754140714937,0.10266993890534962,-0.3820414805649132,0.4019196980836376,0.06982270712094592,-0.34353533071397946,0.07553524232858065,-0.010009666707440731,-0.4634262992451522,1.081738500405621,0.03518352516932993,-0.2669733036432834,0.8602122885501938,-0.03658104401747911,-0.273996969919331,0.8090685811263837,0.6442265400033912,-0.07081440451326755,0.3882055602326299,0.6229532917603752,-0.42446299874229937,0.9564714779127513,0.41257262565442265,-0.4098202526964099,1.2562367095063065,0.21947554010429127,-0.4087668053361754,1.4583574501883905,0.438840540434351,0.053674729109205156,1.279797192440917,0.29592345210890103,-0.3201168499245549,1.4885377039183054,0.12495021171719818,0.17040839317618608,1.1874313338702878,0.28469396900656996,0.1307665167857479,1.2279794121420147,0.5770113310277066,-0.12152388035658974,0.46608328503488716,0.6563239512064598,-0.06474040724978541,0.8380613871757558,0.5289017790990159,-0.03965186056317089,0.410258833540986,0.46277269346035077,0.030022621524847096,1.186933052460879,0.526416728828127,-0.06791179109093369,0.8299248352745512,0.5589345567273778,-0.6120127380288989,0.9596052773740907,0.32192274000471,-0.276886647505476,1.3560061012672273,0.6901426082415296,-0.15376440420845486,0.868069034143789,0.6656056634637693,-0.06572727242250317,0.6861862796821343,0.5802904118765267,0.0702570611179269,0.30511600312018244,0.40058038072870267,-0.11928980832068337,1.3380766688593175,0.1982416561897227,0.10571782024490906,1.165383124983074,0.22586940919721357,0.19109515076046743,1.1515882709957905,0.3087739942484344,-0.2891239624544485,1.0303751767076403,0.43713877552392466,-0.5779738189368848,1.071395311924006,0.8887758255004883,-19.293899536132812,4.51774787902832,-0.501812756061554,-0.5602502822875977,-2.458998441696167,267.18048095703125,-121.5395278930664,-729.3567504882812,-100.78060913085938,68.47443389892578,-8.77118968963623,-2.129225492477417,24.644775390625,-2.4607009887695312,-3.8675689697265625,0.3030399978160858,2.6756224632263184
0.22022213461185922,-0.39955733020771417,1.31360429762215,0.2149041589867595,-0.26128870771815443,1.213119529335704,0.03551342102100715,-0.5215735175949059,0.07533084983561213,0.3558103609953495,-0.48942853140317844,0.8365711054659837,0.09607102444383088,-0.28754602747642444,1.4555122250358001,-0.06566726316432685,-0.5155427272351373,0.9323005208511226,0.17695422438497574,-0.2047003541413127,1.4897886621241538,-0.011879017169507134,-0.19704014613040235,0.8586656995956471,-0.04862637386120708,-0.36043894483356287,0.9037712996961265,0.10581297280624608,-0.5757908799395656,0.08873501518704244,0.16228506043059937,-0.3517735679911462,0.5007260911512059,0.14232903479641637,-0.4864373692613564,0.044673228513030024,0.024646517706553864,-0.5351751049030695,0.9014918400554468,0.26328424305118475,-0.3029270970959537,0.4388393567295264,0.4705974694514117,-0.6451923571872396,0.9254907726846784,0.08464243955022058,-0.4077430727663419,1.228924041354893,0.19767411413374325,-0.3968310703011538,0.5593278600482752,0.10289227549258052,-0.38155559455322113,0.4016646257792877,0.06978172486931677,-0.34354488142081446,0.07544766442961251,-0.009596420428869837,-0.46368360302306166,1.080695598922818,0.03509365381142556,-0.26856923369777125,0.8565437856888929,-0.036837687031273415,-0.276077030559644,0.805751540309546,0.6466448424470346,-0.06911156456054046,0.3853572677105468,0.6234590527632379,-0.4246490540488666,0.9555742073532761,0.41300622576119883,-0.40977170574941385,1.2552001156554318,0.22001523438174994,-0.40851123714881227,1.4571854207689399,0.4394411440223258,0.053800525951711156,1.279709917030587,0.2963104788830738,-0.31983538672624046,1.4874247837540329,0.12650772323523532,0.17241897564751424,1.1864619420853673,0.28585681467261537,0.13187989812122275,1.2275363307520253,0.5791242290411563,-0.12003434448200741,0.46286557950326146,0.6580070971653161,-0.06477566701144177,0.835390085218758,0.5314833460659381,-0.03790428824352705,0.4072281750819541,0.4636482245085255,0.030360268268561523,1.1868234821502737,0.5282732553237321,-0.06778114327285069,0.8270197740651124,0.5592692777613141,-0.6120974745182012,0.9587691194371671,0.3222522741023278,-0.27664043167174257,1.354908811335532,0.6914816708951597,-0.15399924448586458,0.865906686676259,0.6675320499582796,-0.06530524374584094,0.6832911956389218,0.583134062933606,0.07236992194015064,0.3026774785672592,0.40098637998696196,-0.1192839668187874,1.3374450725830154,0.1996392776683861,0.10755857270186311,1.1643547826255394,0.22768818411902086,0.19287779068709998,1.1511714912408235,0.30933720825721095,-0.28905748437769363,1.0291779961017584,0.4374680418447153,-0.5778664900174993,1.0704446446816653,0.9558140635490417,-19.17494773864746,4.646951198577881,-0.5984424352645874,-0.5142044425010681,-2.4604735374450684,273.7384033203125,-122.99337005615234,-741.6498413085938,-102.08812713623047,69.47382354736328,-9.541481018066406,-2.0578486919403076,24.493671417236328,-2.154912233352661,-3.814619302749634,0.2751469016075134,2.666154384613037
0.22061140455354916,-0.3993558366567094,1.3125002352607171,0.2153421506186984,-0.26108840236205927,1.2118463516235352,0.03550514956282464,-0.5215523983074339,0.07531290486553648,0.3562738792785745,-0.48910239595451105,0.8354358696779668,0.09653210901464056,-0.28738574742876144,1.4544003570316644,-0.06538129634908495,-0.516406774520874,0.9315152008407164,0.17726191143129044,-0.20449212760917398,1.488670182149142,-0.011859852697280857,-0.19865427738586,0.8545611441530141,-0.04848797165400146,-0.3615599973312276,0.9013754253750607,0.10582299863561889,-0.5757517800820584,0.08873683559578775,0.16263695974026293,-0.35119278314492564,0.5002991338044602,0.14235034333356958,-0.48639374043767813,0.04465901376741217,0.024848469847578866,-0.5363816095898483,0.9008090837507059,0.2636120251275056,-0.30249454633684353,0.4383483342579659,0.4708171251988569,-0.645068025549516,0.9245346516173407,0.08510396271845361,-0.4076674877610428,1.2276379470004153,0.19800049545157034,-0.39635024422051895,0.5587811852922503,0.10311889221632717,-0.38106132293773803,0.40140686386468394,0.06974186057483914,-0.3435514997567562,0.07536041144503663,-0.00918575052159612,-0.4639491606627079,1.0796521823137801,0.03500307804059904,-0.27017097372487675,0.8529031440516972,-0.03709440276224091,-0.27815623117598465,0.8024484493479825,0.6490754901573357,-0.06742388419560257,0.38250740464554733,0.6239755455626557,-0.4248297582596343,0.9546825854194085,0.4134330048861093,-0.4097143927749419,1.2541722375036075,0.2205581800235028,-0.4082399072828672,1.456007511805225,0.440044336563704,0.05392368906331772,1.2796213034762451,0.2967087422183018,-0.3195436876143841,1.486296759141202,0.12808158668066486,0.17443399516162483,1.1854990278648225,0.28702189699308756,0.13298739621181357,1.2270912066200712,0.5812596209001856,-0.11853565327477779,0.4596450052513983,0.6596958947102755,-0.06481523133370261,0.8327139635749212,0.5340499270041256,-0.03614845540103147,0.4042129926136789,0.46452694253021515,0.0306977703180534,1.1867160019495628,0.5301441431834997,-0.06765059796192789,0.8241129602422779,0.559607098434145,-0.612168696345083,0.9579066871017811,0.32257245303384513,-0.2764102972501161,1.3538129602046993,0.6928296239170807,-0.15423658416168579,0.8637418375899462,0.6694689580541572,-0.06487776960758186,0.680383482121474,0.5859947546033668,0.07449070578872753,0.30024853121760675,0.4013994577902042,-0.11928778504397695,1.3368067086137683,0.2010379390211294,0.10939695306171636,1.163334202687472,0.22951383997272962,0.19465952470207837,1.1507744165445795,0.3099041021620201,-0.28898977177427304,1.0279833082331729,0.43780674770573114,-0.577753983191307,1.0694865288323914,0.9925282597541809,-19.345849990844727,4.382660388946533,-0.6168584823608398,-0.5228357315063477,-2.4766223430633545,279.548828125,-124.31587219238281,-752.09326171875,-103.153564453125,70.26964569091797,-10.166407585144043,-1.838010549545288,24.477787017822266,-1.8606871366500854,-3.762373208999634,0.28152981400489807,2.6515049934387207
0.22106224651269565,-0.39911128698990045,1.3113652582200157,0.21568660087735447,-0.2608879366951273,1.2106003761291504,0.03551857807482315,-0.5215229428564476,0.07530706336364051,0.35686225439144287,-0.4887374062214466,0.8343672219491163,0.09689338954276597,-0.28726983973324693,1.4532897377645733,-0.06499867053665467,-0.5173172950744629,0.9307016154985555,0.17760400624563363,-0.20428649980007418,1.4875381010652378,-0.011902470123146148,-0.20036698293113547,0.8504937133252226,-0.0483169440821504,-0.36269082878993836,0.8990357104713554,0.10584623323420421,-0.5756962610198962,0.08874908886504489,0.16296099449526394,-0.3506263756495438,0.4998688858668536,0.1423536211202871,-0.48636712143752747,0.04459471137737794,0.025077094231417633,-0.5374914552794386,0.9001068538979979,0.26394384028698437,-0.30198730760260134,0.43784442785757266,0.471011451834085,-0.6449752160847582,0.9236091752320725,0.08555345835521916,-0.40759420616934633,1.22636761373242,0.1983423720773877,-0.3958225651884711,0.5582395223592291,0.10336990571821367,-0.38051925338064596,0.40113377117163296,0.06970836863612496,-0.3435414035786067,0.07527501047249661,-0.008789765930716077,-0.4642617653142537,1.0786058294852048,0.03490848711611617,-0.2718058305959038,0.8494213113918999,-0.03735153298109572,-0.2802305296556839,0.7992248725614801,0.6515765058875873,-0.06582261348106215,0.3796485894859232,0.6245532096024381,-0.4249799612243444,0.9538231606515039,0.41382090441438535,-0.4096071134438578,1.2531940388363718,0.22111965844173304,-0.4078787358490047,1.4547960894392027,0.4406622861394819,0.05403183990879761,1.2795250625010357,0.2971710539515445,-0.3191936437953387,1.4850826391715877,0.12974865611223194,0.17647430581959667,1.1845730357612205,0.2881997282437931,0.13406135980656603,1.2266344388589165,0.5835232276790189,-0.11698477667145778,0.4564080792941795,0.6614169062960227,-0.06487933165140894,0.8300103697161012,0.5365310875785272,-0.03434553757828002,0.40128602329271523,0.46542382630094,0.031034447610476946,1.1866204353752514,0.5320968908189938,-0.06752063694181822,0.8211961565230856,0.5599625870486759,-0.6121628845961679,0.9568944906951576,0.3228393075185896,-0.27627182687749924,1.3527253102387813,0.694228252038261,-0.15448817040845259,0.8615627292765687,0.6714658392778295,-0.06441925633822056,0.6774037806008826,0.5889525777654142,0.07665665088751851,0.29787417392659665,0.4018528832998497,-0.11934666371355389,1.3361297687947356,0.20244252765612886,0.11122181246809609,1.162357868540366,0.23137871713827776,0.1964360950206289,1.1504896606830572,0.31049197147421487,-0.2889150223688574,1.0268028289671765,0.43819925894603035,-0.5776119622963154,1.0684859559235984,0.9351271390914917,-19.635385513305664,3.982882022857666,-0.5774039030075073,-0.5929529070854187,-2.4884254932403564,286.5810852050781,-126.00028228759766,-764.0408325195312,-104.2979736328125,71.1982192993164,-10.879679679870605,-1.7158368825912476,24.58711051940918,-2.063929557800293,-3.7325315475463867,0.29949015378952026,2.65761661529541
0.2215130884718421,-0.3988667373230915,1.3102302811793145,0.2160310511360105,-0.26068747102819534,1.2093544006347656,0.035532006586821666,-0.5214934874054612,0.07530122186174455,0.3574506295043111,-0.4883724164883822,0.8332985742202659,0.09725467007089132,-0.2871539320377325,1.4521791184974822,-0.06461604472422444,-0.5182278156280518,0.9298880301563945,0.17794610105997677,-0.20408087199097438,1.4864060199813338,-0.011945087549011437,-0.2020796884764108,0.8464262824974316,-0.048145916510299355,-0.363821660248649,0.8966959955676503,0.10586946783278951,-0.575640741957734,0.08876134213430202,0.16328502925026495,-0.350059968154162,0.4994386379292469,0.1423568989070046,-0.4863405024373768,0.04453040898734371,0.025305718615256385,-0.538601300969029,0.89940462404529,0.26427565544646303,-0.3014800688683592,0.4373405214571795,0.47120577846931305,-0.6448824066200004,0.9226836988468045,0.08600295399198467,-0.4075209245776499,1.2250972804644251,0.198684248703205,-0.3952948861564232,0.557697859426208,0.10362091922010017,-0.37997718382355394,0.40086067847858203,0.0696748766974108,-0.3435313074004571,0.07518960949995661,-0.008393781339836065,-0.4645743699657996,1.0775594766566297,0.0348138961916333,-0.2734406874669308,0.845939478732103,-0.037608663199950515,-0.28230482813538293,0.7960012957749779,0.6540775216178387,-0.06422134276652187,0.3767897743262994,0.6251308736422204,-0.42513016418905447,0.9529637358835992,0.4142088039426614,-0.4094998341127737,1.2522158401691361,0.22168113685996324,-0.40751756441514225,1.4535846670731805,0.44128023571525976,0.054139990754277494,1.2794288215258263,0.29763336568478715,-0.3188435999762933,1.4838685192019736,0.13141572554379888,0.1785146164775683,1.1836470436576187,0.2893775594944985,0.13513532340131842,1.2261776710977619,0.5857868344578521,-0.11543390006813792,0.45317115333696095,0.6631379178817698,-0.06494343196911527,0.8273067758572814,0.5390122481529285,-0.03254261975552873,0.3983590539717518,0.4663207100716647,0.03137112490290046,1.1865248688009402,0.5340496384544876,-0.06739067592170855,0.8182793528038936,0.5603180756632066,-0.6121570728472526,0.9558822942885342,0.323106162003334,-0.2761333565048824,1.3516376602728637,0.6956268801594411,-0.15473975665521936,0.8593836209631915,0.6734627205015017,-0.06396074306885931,0.6744240790802913,0.5919104009274614,0.0788225959863093,0.2954998166355867,0.4023063088094951,-0.11940554238313081,1.3354528289757028,0.20384711629112817,0.11304667187447569,1.16138153439326,0.2332435943038257,0.19821266533917928,1.1502049048215348,0.31107984078640966,-0.2888402729634418,1.0256223497011805,0.4385917701863295,-0.5774699414013238,1.0674853830148052,0.9309437274932861,-19.659954071044922,3.9328620433807373,-0.608166515827179,-0.6399718523025513,-2.46481990814209,293.5535888671875,-127.63742065429688,-775.3748779296875,-105.41695404052734,72.10890197753906,-11.540709495544434,-1.8534637689590454,24.601207733154297,-2.534074068069458,-3.6849100589752197,0.25080209970474243,2.657371759414673
0.2219547490213091,-0.39862211897278466,1.3090986467355135,0.21638578603303193,-0.26048607527222856,1.2081154823697955,0.03554721425182575,-0.5214639775800389,0.07529682020921975,0.35802531227568124,-0.488011630757755,0.8322390499493934,0.09761947205919302,-0.28702529786240977,1.451067995551406,-0.0642398050461976,-0.5191350908863623,0.9290762105524935,0.17828203510764418,-0.20387052648410892,1.4852708939290205,-0.01200713417708676,-0.20380184157992037,0.8423710401287143,-0.04797174792045987,-0.36496318916216586,0.8943471428969049,0.10589361212999615,-0.5755820892109776,0.08877528423061039,0.16360551034969997,-0.3494877869522335,0.49901095417556385,0.14235923229562525,-0.4863206602090242,0.04445400399260766,0.02553109546802592,-0.5397056462551584,0.8986940548712055,0.2645937897116933,-0.30098482828266576,0.4368233376780883,0.47140156033615405,-0.6447902095830993,0.9217496685042287,0.086465035164297,-0.40744745410633404,1.2238246176811245,0.1990275326252773,-0.39476872388495515,0.5571527594564767,0.1038729998202908,-0.37943592988300007,0.40058852016728447,0.06964045001921669,-0.34352048289104803,0.07510317684404108,-0.00797901234885568,-0.464883189870427,1.076523203131379,0.034717454568834495,-0.27507987282923513,0.8424546383074578,-0.037872976210239696,-0.28440112965983266,0.7927855803871787,0.6565936677503269,-0.0626057608435486,0.373927672375117,0.6256947065426024,-0.42527674982287234,0.9521015981175253,0.41460163008100936,-0.4093885410897779,1.2512286096219196,0.2222428721258577,-0.40715486620435654,1.4523693812603982,0.44190497780280397,0.05424588130453959,1.2793289632197247,0.2980896032211796,-0.3184935604499665,1.4826581539302472,0.13308659689315894,0.18055215761657578,1.1827286525277902,0.290566176916195,0.13621331070432596,1.2257296375880968,0.5880615679633537,-0.11388857466544935,0.4499305642598513,0.6648605349442817,-0.06500974983371646,0.824599570391194,0.5414987374220462,-0.030725682182052523,0.39541743074031865,0.4672109601612122,0.031702965553479866,1.18643009781048,0.5360033419353283,-0.06725348059754103,0.815367860608543,0.5606682012412721,-0.6121443956103546,0.9548699490676653,0.32338399153868885,-0.2759670335429394,1.3505577257532158,0.6970210810568158,-0.1549999319164958,0.8572014705432173,0.6754694062945068,-0.06350329600348577,0.6714496862217292,0.5948853634840604,0.08098529364346269,0.29312506155265095,0.40275661208179614,-0.11946110850483771,1.3347821794203576,0.20525527861438048,0.1148729092435331,1.1604098535531404,0.23511846921104465,0.19998288601143466,1.1499145111895555,0.3116597971872778,-0.288768800333241,1.0244465180185458,0.43898581249627056,-0.5773334466661049,1.0664818967809742,1.0922439098358154,-19.340892791748047,4.296926498413086,-0.6908631324768066,-0.5862811207771301,-2.4200782775878906,299.83428955078125,-129.25128173828125,-785.1509399414062,-106.41083526611328,72.86766815185547,-12.104515075683594,-2.06421160697937,24.534151077270508,-2.6582911014556885,-3.6451878547668457,0.21490812301635742,2.631728172302246
0.2223419543133666,-0.398377093258283,1.3079868373491907,0.21680151947484108,-0.2602791631261245,1.2069184207758368,0.035572974134655974,-0.5214341452579625,0.07530095835296524,0.3585187852974759,-0.48767577911054855,0.8312336372223912,0.09800515994923001,-0.28682118249650035,1.449953885267902,-0.06390144175152908,-0.5200231181864706,0.9282748636030993,0.17858142943571734,-0.20363220014911615,1.484117708064073,-0.012184416073442282,-0.2055800284770939,0.8383880879310586,-0.0477789498446201,-0.366168165049016,0.8919440938147489,0.1059231518810948,-0.5755048504728355,0.08879924281839503,0.16390491459543338,-0.3488813616976833,0.49859847868515167,0.142355964426568,-0.48634101124788753,0.04430581803205393,0.025737211102039987,-0.540777368458691,0.8979340248944744,0.2648307821213804,-0.3005607491297438,0.4362274053080982,0.47160597323187137,-0.6447016448769348,0.9207649043458978,0.08700176158192138,-0.4073728633834826,1.2225381384622183,0.19937916326996505,-0.394251557572788,0.5565872743034995,0.10413140941731976,-0.37889951339225897,0.40032190370638643,0.06960047936893457,-0.3435053386238237,0.07501062523845016,-0.007452832433142252,-0.4651695623105725,1.0755467103017087,0.03461003639050668,-0.276744730622563,0.8389519587257842,-0.038179890604208615,-0.28662793200142317,0.7896164912261713,0.6591995528202181,-0.060905298649870133,0.371046076349865,0.6261765064782654,-0.4254018809424331,0.9512233694657586,0.41502367611357704,-0.4092534427216511,1.2501878106830926,0.2228061307641054,-0.40678311262699157,1.4511311812116612,0.4425700065118587,0.05433836596592372,1.279207650399366,0.2985098144865983,-0.31814354638390197,1.4814700579011677,0.13478001754804939,0.18257327264310494,1.1818553430355148,0.29181876748997637,0.1373151627597429,1.2253334072251982,0.5904022944684059,-0.1123761736251267,0.4466682490923549,0.6665926741448458,-0.06508922004541813,0.8218709443578659,0.5440168313632736,-0.028825592983588225,0.39238889466058363,0.46806186565894947,0.0320061199145009,1.1863400454552757,0.537962714567879,-0.06707337836654771,0.8124878712442539,0.5609865184651305,-0.612090998927489,0.9538567212243744,0.3237269144776641,-0.2756355159132686,1.3495235518114457,0.6983890239371369,-0.15531104891900194,0.8550012772841171,0.6775342433263133,-0.06305217263072929,0.6685067792207202,0.5979619803807591,0.08312873061228256,0.2907479471520874,0.40318839725674377,-0.11949702779090167,1.3341488376358488,0.20668463660589106,0.11670731935674768,1.1594657716372156,0.23705264106886262,0.2017154467125601,1.14959067974659,0.31219282183820835,-0.2887167623698317,1.0232982513130897,0.43938893563305303,-0.5772297277750559,1.065461131515882,1.1798968315124512,-19.169681549072266,4.599552631378174,-0.6982892155647278,-0.5107083916664124,-2.4204025268554688,307.2353820800781,-131.029296875,-796.5331420898438,-107.50977325439453,73.71183013916016,-12.747445106506348,-2.1196577548980713,24.504417419433594,-2.366710901260376,-3.639711380004883,0.2599892318248749,2.621408700942993
0.2227291596054241,-0.3981320675437814,1.3068750279628678,0.21721725291665026,-0.26007225098002035,1.2057213591818778,0.03559873401748621,-0.521404312935886,0.07530509649671072,0.3590122583192705,-0.48733992746334204,0.8302282244953888,0.09839084783926703,-0.28661706713059093,1.4488397749843978,-0.06356307845686052,-0.520911145486579,0.9274735166537051,0.1788808237637905,-0.20339387381412335,1.4829645221991254,-0.01236169796979782,-0.20735821537426757,0.8344051357334025,-0.04758615176878032,-0.3673731409358662,0.8895410447325929,0.10595269163219344,-0.5754276117346934,0.08882320140617968,0.16420431884116682,-0.3482749364431331,0.4981860031947395,0.14235269655751076,-0.48636136228675086,0.0441576320715002,0.025943326736054075,-0.5418490906622235,0.8971739949177433,0.2650677745310676,-0.3001366699768218,0.43563147293810817,0.47181038612758874,-0.6446130801707703,0.9197801401875667,0.08753848799954579,-0.40729827266063123,1.2212516592433122,0.19973079391465282,-0.3937343912606208,0.5560217891505222,0.10438981901434873,-0.37836309690151787,0.40005528724548833,0.06956050871865244,-0.3434901943565994,0.07491807363285924,-0.006926652517428778,-0.465455934750718,1.0745702174720386,0.03450261821217885,-0.2784095884158911,0.8354492791441104,-0.038486804998177554,-0.28885473434301395,0.7864474020651635,0.6618054378901095,-0.059204836456191526,0.3681644803246127,0.6266583064139284,-0.4255270120619938,0.9503451408139918,0.4154457221461447,-0.4091183443535243,1.2491470117442656,0.22336938940235318,-0.40641135904962655,1.449892981162924,0.4432350352209135,0.054430850627307854,1.2790863375790071,0.29893002575201705,-0.31779353231783736,1.4802819618720882,0.13647343820294,0.18459438766963426,1.1809820335432395,0.2930713580637578,0.13841701481515994,1.2249371768622999,0.5927430209734581,-0.11086377258480391,0.4434059339248583,0.6683248133454102,-0.06516869025711981,0.8191423183245375,0.5465349253045012,-0.026925503785123768,0.3893603585808484,0.4689127711566868,0.03230927427552195,1.1862499931000716,0.53992208720043,-0.06689327613555439,0.8096078818799646,0.5613048356889889,-0.6120376022446234,0.9528434933810834,0.32406983741663936,-0.2753039982835978,1.3484893778696756,0.6997569668174579,-0.15562216592150807,0.8528010840250168,0.6795990803581199,-0.0626010492579728,0.665563872219711,0.601038597277458,0.08527216758110262,0.2883708327515237,0.4036201824316915,-0.11953294707696564,1.33351549585134,0.2081139945974018,0.1185417294699624,1.1585216897212907,0.23898681292668075,0.20344800741368566,1.1492668483036244,0.3127258464891389,-0.2886647244064224,1.0221499846076334,0.4397920587698355,-0.5771260088840068,1.0644403662507897,1.0478265285491943,-19.334491729736328,4.668057441711426,-0.6358782052993774,-0.5396832823753357,-2.46340012550354,313.54296875,-131.92872619628906,-806.3312377929688,-108.38382720947266,74.44007873535156,-13.280264854431152,-2.040900230407715,24.524085998535156,-1.928727149963379,-3.679281234741211,0.31846994161605835,2.6440656185150146
0.22309750377737134,-0.3979031066626113,1.3058184535298127,0.2176223047916463,-0.25987407170384136,1.2045773994054225,0.03562575595959133,-0.5213747099535355,0.07530982422315521,0.359496476239716,-0.4870124812552471,0.8292588761310704,0.09876133471924738,-0.28642887705998704,1.4477762133869905,-0.06323741864881768,-0.5217567421742623,0.9267102069412636,0.17917050500184495,-0.2031688042823842,1.481864686833312,-0.012536859121296973,-0.209059191460641,0.8306021240373321,-0.047409175370900045,-0.3685220556938096,0.8872562271869735,0.10598177961166332,-0.5753547138725685,0.08884621327681257,0.1644874337493189,-0.3476986845597526,0.49779478860217213,0.14235597454159465,-0.4863687777361333,0.04402803247239416,0.026137061392432017,-0.5428736130922835,0.8964520823087124,0.26529706748116094,-0.29972311834625853,0.43506983100183755,0.4720041665020368,-0.6445265132070377,0.918840257537286,0.08804379245698057,-0.40722423594519,1.2200280633193767,0.20006352751855028,-0.3932369564542707,0.5554833743745917,0.10463757467585684,-0.3778489222194975,0.3998023634714796,0.06952116529870507,-0.34347403740251303,0.07482912169387008,-0.006438182645310828,-0.46572674801018066,1.0736441020144531,0.03439555837717277,-0.2800095983293672,0.832092664099687,-0.03879015944552737,-0.2909811452919284,0.7834295693612257,0.6642970095407095,-0.057579958971762504,0.36542209351299615,0.627127934765342,-0.4256574580606246,0.9495069830622894,0.4158468692507965,-0.4089823714549968,1.248154733354682,0.223904377774687,-0.40605867382706395,1.4487142933914994,0.443870071543763,0.05451769677811111,1.278971214168119,0.2993335311381233,-0.31746227713610164,1.4791530631235894,0.1380950306227665,0.18652593862536726,1.180149966517821,0.2942724743031508,0.13947155035489442,1.224562416013503,0.5949710007534911,-0.10941157425870959,0.44030480728244153,0.6699772611359097,-0.0652444710005198,0.8165427856887413,0.5489524192367958,-0.025109849685173956,0.38647890801461326,0.4697327807249612,0.03260045340716444,1.1861584597076011,0.5417806581156144,-0.06673070872264193,0.8068660655558504,0.5616076959679458,-0.6119964020141703,0.9518918252938631,0.32439658223398476,-0.27499184190042764,1.3474984137427728,0.7010629713930041,-0.15591462420311986,0.8507021373470888,0.6815698107346794,-0.06217833862498107,0.6627611857376351,0.603974706289784,0.08732127926207535,0.28610788532440234,0.404032519321568,-0.11956506809651457,1.332911929547392,0.20948840845499606,0.1202952956028332,1.1576230778599417,0.24083863109942302,0.2051022555062313,1.1489676473945971,0.31323680755318395,-0.2886094024639256,1.0210523384296342,0.4401709948549207,-0.5770303445146573,1.0634712272921936,0.9324809312820435,-19.545799255371094,4.5773396492004395,-0.5865150094032288,-0.6264869570732117,-2.4798192977905273,320.520263671875,-132.39935302734375,-817.4682006835938,-109.31287384033203,75.3168716430664,-13.844351768493652,-2.010585069656372,24.599925994873047,-1.9233514070510864,-3.725437641143799,0.30787840485572815,2.670689105987549
0.22334931317149406,-0.3977734035016685,1.3051031522008758,0.2179613598431183,-0.25972984908827096,1.2037615330014009,0.03566057562507344,-0.521346523963063,0.07531819472841869,0.3599235108553968,-0.4867369686530916,0.8285123540076199,0.09903790107280606,-0.28633908256394974,1.447024970457254,-0.06299024824028379,-0.5223401782923186,0.9261819130142793,0.17940017321942656,-0.20302564285646213,1.4810944813371494,-0.012698917099219177,-0.21028311503742697,0.8279108875832022,-0.047329954340412525,-0.36932459276243546,0.8857019116349568,0.10600807628785537,-0.5753086364229784,0.08886337578790077,0.16466990382170044,-0.3473088610053852,0.4975349359855747,0.14239969654687193,-0.4862962697219375,0.044013270035090035,0.0262542992941295,-0.5436065083505301,0.8959656805786865,0.2654787887701925,-0.29937461176455415,0.4347200549596193,0.4721322530843564,-0.6444522894376161,0.9181776784903166,0.08835495408895788,-0.4071536222041048,1.2191929963250825,0.20027950440613637,-0.39286143416600516,0.5551122158568427,0.10481950423575394,-0.37747217014135903,0.39963404094146576,0.06948569726618316,-0.3434516234903146,0.07476241055209905,-0.006182706971122397,-0.4659014277604242,1.073029246748678,0.03429071259197613,-0.28120894098518695,0.829638519231847,-0.039071518508409016,-0.2924872808503788,0.7813462854813268,0.6660822875649722,-0.056422087012339965,0.3635398207713438,0.6275223601140724,-0.4258207424192239,0.9489164062288423,0.41611889083653886,-0.40884099520792233,1.2474622426443542,0.2242646962897667,-0.4058238037966735,1.4479033064763278,0.4443197977661297,0.05456970498853961,1.2788943324657465,0.2996338180556202,-0.31724692506111224,1.478389919001535,0.13927282716166098,0.18790411157225134,1.1795727190197698,0.29515555269078697,0.14023373742273307,1.2243203060911192,0.5965023668396551,-0.10833134270266988,0.43819959545569714,0.671137329857081,-0.06529745610048439,0.8147408658305542,0.550748348828183,-0.02381588387247552,0.38450623579964743,0.47036189758619723,0.0328176427287179,1.1860577756205932,0.5430164184199263,-0.06667648143572918,0.8049779612299623,0.5618150544087618,-0.6120305584361222,0.9513205085566502,0.32462336937125946,-0.27479931036170746,1.3467744245434439,0.7019862857283345,-0.15609179824491998,0.8492287499028327,0.6829590964198902,-0.061931178134107444,0.6608248617475397,0.6060426773022342,0.08878759541456265,0.2845503266974791,0.40432469359296835,-0.11957372125509559,1.3324923331769096,0.21052334605660655,0.12154936142857889,1.1570054059786512,0.2421816211465178,0.20627264355290797,1.148820627998832,0.313611447169686,-0.28853379022206693,1.0202674547962796,0.44040048951344773,-0.5769844455829519,1.0628210651558756,1.0192341804504395,-19.523487091064453,4.59421443939209,-0.5709794759750366,-0.5869312882423401,-2.461315393447876,326.2584533691406,-132.97940063476562,-826.8497314453125,-110.07168579101562,76.0865707397461,-14.308382987976074,-2.0093016624450684,24.695003509521484,-2.2250101566314697,-3.749685049057007,0.29032522439956665,2.69254732131958
0.22360112256561682,-0.3976437003407257,1.3043878508719386,0.21830041489459032,-0.2595856264727005,1.202945666597379,0.03569539529055554,-0.5213183379725904,0.07532656523368217,0.3603505454710777,-0.486461456050936,0.8277658318841694,0.09931446742636478,-0.28624928806791244,1.4462737275275173,-0.06274307783174989,-0.5229236144103752,0.925653619087295,0.1796298414370082,-0.20288248143054002,1.4803242758409867,-0.012860975077141394,-0.21150703861421305,0.8252196511290721,-0.047250733309925,-0.37012712983106144,0.88414759608294,0.10603437296404744,-0.5752625589733882,0.08888053829898897,0.164852373894082,-0.34691903745101776,0.4972750833689772,0.1424434185521492,-0.4862237617077417,0.04399850759778591,0.026371537195826994,-0.5443394036087769,0.8954792788486607,0.26566051005922403,-0.29902610518284983,0.43437027891740104,0.472260339666676,-0.6443780656681946,0.9175150994433473,0.0886661157209352,-0.4070830084630196,1.218357929330788,0.2004954812937225,-0.3924859118777395,0.5547410573390935,0.10500143379565106,-0.3770954180632206,0.39946571841145195,0.06945022923366123,-0.34342920957811623,0.07469569941032801,-0.005927231296933945,-0.46607610751066775,1.0724143914829027,0.03418586680677948,-0.28240828364100673,0.8271843743640066,-0.03935287757129069,-0.2939934164088293,0.7792630016014276,0.6678675655892353,-0.05526421505291732,0.3616575480296912,0.6279167854628026,-0.4259840267778232,0.9483258293953952,0.4163909124222812,-0.40869961896084794,1.2467697519340262,0.2246250148048464,-0.40558893376628297,1.4470923195611562,0.4447695239884964,0.054621713198968115,1.278817450763374,0.29993410497311723,-0.3170315729861228,1.477626774879481,0.14045062370055555,0.18928228451913554,1.1789954715217186,0.29603863107842326,0.1409959244905718,1.2240781961687353,0.5980337329258192,-0.10725111114663007,0.43609438362895264,0.6722973985782522,-0.06535044120044897,0.8129389459723668,0.5525442784195704,-0.022521918059776973,0.38253356358468144,0.47099101444743324,0.03303483205027138,1.185957091533585,0.5442521787242384,-0.06662225414881644,0.8030898569040741,0.5620224128495779,-0.612064714858074,0.9507491918194373,0.32485015650853416,-0.2746067788229873,1.346050435344115,0.702909600063665,-0.15626897228672015,0.8477553624585764,0.684348382105101,-0.0616840176432338,0.658888537757444,0.6081106483146844,0.09025391156705008,0.28299276807055573,0.40461686786436873,-0.11958237441367661,1.3320727368064273,0.2115582836582171,0.12280342725432469,1.1563877340973607,0.24352461119361268,0.20744303159958477,1.1486736086030669,0.31398608678618806,-0.28845817798020823,1.019482571162925,0.44062998417197474,-0.5769385466512466,1.0621709030195576,1.1484196186065674,-19.271596908569336,4.6365275382995605,-0.5640855431556702,-0.44459474086761475,-2.4281704425811768,331.80908203125,-133.8013916015625,-836.331298828125,-110.86685180664062,76.86588287353516,-14.765406608581543,-2.0201215744018555,24.671594619750977,-2.3549766540527344,-3.7498433589935303,0.2867172956466675,2.686910390853882
0.22387597608743912,-0.3974990149996928,1.3036165855183508,0.21865122548199645,-0.2594400303351958,1.2020715927051393,0.035731440601216635,-0.5212892167615575,0.07533515755407857,0.36079514811173174,-0.48619540356444996,0.8269636201740101,0.09961148007273277,-0.2861590805827387,1.4454660889328712,-0.06249233889732734,-0.5235462285430226,0.9250983716241572,0.1798751139828306,-0.20272794681669074,1.479505476177923,-0.013020948667251895,-0.21281640431442786,0.8223523720605487,-0.04718400120414448,-0.37099259978295945,0.8824959456525893,0.10606590727504515,-0.5752131749462608,0.08889870230873294,0.16505559467223305,-0.3464979919179386,0.4969953340015664,0.14248634588639467,-0.48615207301070357,0.043981016101624006,0.02650873854275273,-0.5451091374979903,0.894958156722271,0.26586994025486194,-0.2986504465637618,0.433999087390126,0.4724060808684652,-0.6443055737886997,0.9168084211499486,0.08900149783353929,-0.40701036841071997,1.2174654808265484,0.20071634011256773,-0.39208725553672047,0.5543503444518475,0.1051968294658408,-0.37669106498854055,0.39928321836405245,0.0694079019178618,-0.34340486261031483,0.07462711349771119,-0.005639109372728791,-0.46627412247934086,1.0717498709429178,0.0340639895494312,-0.2836979403598418,0.8245914917907969,-0.03963880615913313,-0.29560383971755855,0.777044134720272,0.6697873768230146,-0.054026962251754115,0.35965297588252093,0.6283345646810847,-0.42613694644132194,0.9477015419906339,0.41668219928512507,-0.40856124154779294,1.2460370334173672,0.22500128069559466,-0.4053353952947042,1.4462234875224285,0.44525465004096754,0.0546834964292827,1.2787369294277091,0.30025252744259423,-0.3168022165827404,1.4768090042846882,0.14171460041443232,0.190753713743576,1.1783893201130116,0.29697453876994295,0.14179930122976264,1.2238165078968402,0.5996889078261834,-0.10610664079570228,0.4338474419239343,0.6735378962676255,-0.06541934336800842,0.8110162414462363,0.5544724711124469,-0.021154688890184715,0.380441260406908,0.4716552780163998,0.03325876591739471,1.1858628980371337,0.5455824735740951,-0.06656711262385577,0.8010647227827289,0.5622436184164704,-0.612109526399745,0.9501211943215883,0.325083731322099,-0.27441399815856227,1.3452780704624607,0.7038950652673543,-0.15646421127268018,0.8461812536250678,0.6858341633681428,-0.06140794924503529,0.6568112938806713,0.6103293603619201,0.09181916492910955,0.281339205456096,0.40492937185906414,-0.11958990417519547,1.3316237888983544,0.2126757777881937,0.12413952138200883,1.1557309108459397,0.24495796992486663,0.2087012937428145,1.1485193365851776,0.3143859720289312,-0.28837487081818236,1.0186476812062675,0.44088999473101254,-0.5768884805259326,1.0614738519618054,1.036241054534912,-19.156267166137695,4.404647350311279,-0.5830193758010864,-0.487943172454834,-2.406432628631592,338.0253601074219,-134.3123321533203,-847.5238647460938,-111.82084655761719,77.77064514160156,-15.25433349609375,-2.0085649490356445,24.57855224609375,-2.2531771659851074,-3.762700080871582,0.2654497027397156,2.6635637283325195
0.2242993362099919,-0.3972577778314123,1.3024846631170108,0.21907779396764487,-0.2592855826118924,1.2008224038888287,0.03577538451414235,-0.5212540685735791,0.07534517934977614,0.3613529669133243,-0.4859903162678346,0.8258025200161713,0.10004025771720519,-0.28606621161201934,1.444295011608806,-0.06221860279606668,-0.5244213232141457,0.9243694235946959,0.1802209477550936,-0.2025001183250882,1.4783735141059422,-0.013167489535909216,-0.21467639703229557,0.8183505961437101,-0.04719775327980913,-0.37226363720483335,0.8802170260063071,0.1061311952325682,-0.5751424818638934,0.08892332042092518,0.1653925422208988,-0.3458757380776058,0.49658736112891444,0.14252415200732402,-0.4860856643575706,0.04394593733726748,0.026774593203371715,-0.5461162758978787,0.8942132809304244,0.26625793895974065,-0.298099808148201,0.4334898849591514,0.4726655962846137,-0.6442442429776223,0.9158175477128945,0.08949296748796044,-0.406924669908372,1.2162032403693295,0.20096866026619412,-0.391539513077957,0.553833614516732,0.10547900673569433,-0.3761088388250364,0.3990093520935008,0.06932137033205159,-0.34336805817307225,0.07454644572853253,-0.005140600503971261,-0.46662251996678233,1.0707652853024716,0.03383235391599454,-0.28556962104033157,0.8211045217829825,-0.039954182796723,-0.29788633963919625,0.7739515107199058,0.6725741798514561,-0.05227814402603951,0.3568602520109013,0.6289028466142565,-0.4262230714030613,0.9468600086818468,0.4170976401559564,-0.4084421899539745,1.2450450690376837,0.22548031856287393,-0.40496154909102333,1.4449818757985602,0.44596790833189,0.05480827423219649,1.278632952677493,0.30068782346927564,-0.3164826100630476,1.475639196421137,0.14353396047819522,0.1928261278678249,1.1775968990578556,0.29825090197537907,0.1428681225176678,1.2234286480392051,0.6021419617513947,-0.10454818709993999,0.43068712989226093,0.6752967139743021,-0.06559082219340154,0.808315146837803,0.5572530260149215,-0.019315318087276302,0.3775780021354853,0.4725460425907413,0.03352616463374617,1.1858105327909356,0.5475219910507959,-0.06650607934258632,0.7981565077573259,0.5625540610180785,-0.6122230042684946,0.94912792081075,0.32536104893842277,-0.2742196120173726,1.344193951183597,0.7052810582893573,-0.15677586878767075,0.8439580513941531,0.6879418050216523,-0.06094558544407619,0.6538258996230878,0.6135195146333302,0.09402201364174577,0.27906695047751173,0.40537288962610507,-0.11959019426675822,1.3309856866369185,0.2143253028787524,0.1260042423444078,1.1548217787647879,0.2469737046207023,0.21052585561938628,1.148318325446931,0.31494855130745086,-0.2882419741706343,1.017490528277214,0.4413466633155646,-0.5768115591529189,1.0604746278548083,0.8282458186149597,-19.336809158325195,4.074930191040039,-0.6138100624084473,-0.636972188949585,-2.408902883529663,343.14093017578125,-134.1356658935547,-857.2247314453125,-112.60930633544922,78.53003692626953,-15.61417007446289,-1.8985811471939087,24.57612419128418,-1.9618046283721924,-3.783507823944092,0.2556314170360565,2.664731502532959
0.22472269633254469,-0.3970165406631318,1.301352740715671,0.21950436245329333,-0.25913113488858897,1.1995732150725182,0.03581932842706805,-0.5212189203856007,0.0753552011454737,0.36191078571491686,-0.48578522897121923,0.8246414198583325,0.1004690353616776,-0.2859733426412999,1.4431239342847406,-0.06194486669480603,-0.5252964178852688,0.9236404755652345,0.18056678152735658,-0.2022722898334857,1.4772415520339612,-0.013314030404566534,-0.2165363897501633,0.8143488202268714,-0.04721150535547378,-0.37353467462670725,0.877938106360025,0.10619648319009124,-0.5750717887815261,0.08894793853311744,0.16572948976956456,-0.345253484237273,0.49617938825626245,0.14256195812825337,-0.48601925570443766,0.04391085857291095,0.0270404478639907,-0.547123414297767,0.8934684051385778,0.26664593766461936,-0.2975491697326401,0.43298068252817684,0.4729251117007622,-0.6441829121665449,0.9148266742758403,0.08998443714238161,-0.40683897140602404,1.2149409999121104,0.2012209804198205,-0.39099177061919344,0.5533168845816164,0.10576118400554783,-0.3755266126615322,0.3987354858229492,0.06923483874624138,-0.3433312537358297,0.07446577795935387,-0.0046420916352137315,-0.46697091745422376,1.0697806996620254,0.033600718282557875,-0.28744130172082133,0.8176175517751681,-0.04026955943431286,-0.300168839560834,0.7708588867195395,0.6753609828798977,-0.050529325800324904,0.3540675281392817,0.6294711285474285,-0.42630919636480064,0.9460184753730597,0.4175130810267878,-0.4083231383601561,1.2440531046580006,0.2259593564301532,-0.40458770288734247,1.443740264074692,0.4466811666228124,0.05493305203511028,1.278528975927277,0.3011231194959571,-0.3161630035433548,1.4744693885575857,0.14535332054195815,0.19489854199207382,1.1768044780026998,0.2995272651808151,0.143936943805573,1.2230407881815701,0.6045950156766058,-0.10298973340417769,0.42752681786058755,0.6770555316809787,-0.06576230101879464,0.8056140522293697,0.5600335809173963,-0.017475947284367892,0.3747147438640626,0.47343680716508274,0.03379356335009763,1.1857581675447375,0.5494615085274968,-0.06644504606131686,0.795248292731923,0.5628645036196867,-0.6123364821372442,0.9481346472999118,0.32563836655474654,-0.2740252258761829,1.3431098319047334,0.7066670513113603,-0.15708752630266132,0.8417348491632386,0.6900494466751617,-0.06048322164311709,0.6508405053655043,0.6167096689047403,0.09622486235438199,0.27679469549892755,0.40581640739314606,-0.11959048435832097,1.3303475843754826,0.21597482796931108,0.12786896330680675,1.153912646683636,0.248989439316538,0.21235041749595807,1.1481173143086845,0.31551113058597047,-0.28810907752308623,1.0163333753481605,0.4418033319001166,-0.5767346377799053,1.0594754037478111,0.8649101257324219,-19.567596435546875,4.118070602416992,-0.5966936349868774,-0.590876042842865,-2.4463112354278564,349.1340637207031,-133.69749450683594,-868.554443359375,-113.43244934082031,79.38751983642578,-16.036163330078125,-1.79737389087677,24.664133071899414,-1.863078236579895,-3.7753007411956787,0.2853553295135498,2.686673402786255
0.22515697826612863,-0.39677427847259095,1.3002235482860085,0.21994781109276193,-0.25897679364444404,1.1983280339777864,0.03586450358544359,-0.52118180169175,0.07536772969148017,0.3624728534197965,-0.48553894065468517,0.8234926943747414,0.10089405416356804,-0.28586873017399517,1.4419563361351064,-0.061661608245791207,-0.5261670943127562,0.9229110836587995,0.18090630288155662,-0.2020438500488831,1.4761062493387438,-0.013472215105958321,-0.21841412600105162,0.81035158057876,-0.04721873846916568,-0.37480286405181246,0.87566495454864,0.10626376699039478,-0.5749989096692066,0.08897299763580031,0.16606527438621646,-0.3446228249578287,0.4957721953755183,0.14259925943534105,-0.4859501004021689,0.04385766279667814,0.027295343910917532,-0.5481429376349544,0.8927275447655988,0.2670277054144057,-0.29700776549759295,0.43246172121818494,0.47317851546979106,-0.6441135479519698,0.9138367476052797,0.09048148316164678,-0.40674987326789375,1.2136802014136157,0.2014808900999707,-0.3904406400705805,0.5527981969694429,0.10604928530111217,-0.37493958723860865,0.3984563084232886,0.06914648963816908,-0.3432951959355777,0.07438722502020811,-0.004151901711296582,-0.46731788452887374,1.0687954212656086,0.03336058628578851,-0.28931638331997467,0.8141457197681959,-0.04061637276055795,-0.3024621131206979,0.76777540966375,0.6781518808658548,-0.04878116697566407,0.3512767863194675,0.6300458685057052,-0.4264084670125254,0.9451700298991424,0.4179316213391474,-0.4082159585510658,1.2430540382467359,0.2264480422072063,-0.4042226585331342,1.4425073554184265,0.44739505994004125,0.05505667957446433,1.2784214225036419,0.30155952778083595,-0.3158423194032631,1.47330132028125,0.14718065243091005,0.1969741415109065,1.1760160851952257,0.3008256605918833,0.14501209226467746,1.2226644126784723,0.6070611883472922,-0.101428682514966,0.4243678041049188,0.6788205687968146,-0.0659303551922176,0.8029074309677479,0.5628471238328919,-0.015636597729183275,0.3718535664263152,0.47434110998712625,0.03407060805190082,1.18570519164698,0.5514063704882236,-0.06638612376143602,0.7923428102439604,0.5631790694022021,-0.6124362408720105,0.9471428901549207,0.3259204936935412,-0.27380518467221043,1.3420330917598395,0.7080548685907527,-0.1573933877593634,0.8395126116591575,0.6921658504088193,-0.06001564790032165,0.6478635319416098,0.6199163826096136,0.09842453465260408,0.274526816428892,0.4062642587336483,-0.11959153904721437,1.3297110369663365,0.21762221000644538,0.12973724330300518,1.1530095338821411,0.2510113972701773,0.21417067658822259,1.1479294193501504,0.31606632816475744,-0.28798016678813276,1.015173723366087,0.44225823908846895,-0.5766525181713483,1.0584725567836635,1.0842499732971191,-19.555898666381836,4.399160385131836,-0.578000009059906,-0.41791579127311707,-2.472940683364868,354.55322265625,-133.45272827148438,-878.1212768554688,-114.117431640625,80.11708068847656,-16.445531845092773,-1.8255878686904907,24.68631362915039,-2.1095809936523438,-3.74996280670166,0.3091985881328583,2.6792898178100586
0.2256647723893456,-0.39652511709375887,1.2991127306657122,0.22050487615217435,-0.2588231690869426,1.197109827932143,0.03591796597280842,-0.5211314199776049,0.07539713059533511,0.36306351951218596,-0.48501533778100614,0.8224272599678166,0.10129377306346467,-0.285685074941212,1.4408121555056792,-0.06131425707150769,-0.5270080325619274,0.9221787041188866,0.18120333680648676,-0.2018112957921644,1.4749484616794333,-0.013708771758447615,-0.2204112898780415,0.8063848735086177,-0.047182093954194856,-0.3760518842678986,0.8734306247029083,0.10634448434787476,-0.5749113168937481,0.08900102494370858,0.1663932315758522,-0.34393559060744106,0.4953702524403073,0.14263316295695622,-0.48586245803840905,0.043682525594354864,0.02747648005799347,-0.5492458211270389,0.892013711250381,0.2673675340433784,-0.29652851440061795,0.43187707514557616,0.47339078315243815,-0.6439901127523144,0.9128531934015008,0.09101606240582387,-0.4066378929658441,1.2124291084065342,0.20179188313172353,-0.3898667050710577,0.5522663326847632,0.10637725984665336,-0.37432025910805394,0.3981413830392408,0.06904590720717875,-0.34326416357660927,0.07432290651397594,-0.0037177046853432245,-0.46765522382512,1.0678054800886192,0.03306326722812574,-0.29121435571782633,0.8107757781515059,-0.04117477918352117,-0.30482790155323924,0.7647534985810716,0.6809703410658615,-0.04703744642732556,0.34849938523295704,0.63066407594065,-0.4265962182389979,0.9442750602368487,0.4183710232771785,-0.40818868498533767,1.2420071696998267,0.22700166583850684,-0.40391685739653,1.4413330251017944,0.44811322747279475,0.05517256495524321,1.2782897953166077,0.302003422418967,-0.31551438204894794,1.4721449607650177,0.1490616408355583,0.19907118118559286,1.1752548055933012,0.30227234969470673,0.14612982745300854,1.2223653357155275,0.6096156602663709,-0.09985015051599766,0.4212175287454334,0.6806274673204548,-0.06607535882353388,0.8001636110788939,0.5658827014514152,-0.013797391187523,0.36900639459984197,0.4753365356302419,0.03441257765578316,1.185648105594496,0.5533872049375875,-0.06634140999013224,0.7894557198349214,0.5635213873639012,-0.6124436592818886,0.9461613393185154,0.32623499261819766,-0.27341246516104567,1.341006018862819,0.7094549645256523,-0.1576602372852777,0.837296867508762,0.6943412296819371,-0.05951300724131975,0.6449432372060043,0.6232345540397214,0.1006028272384247,0.2722883905894709,0.4067412783570637,-0.11959774006429492,1.3290849549091415,0.21925516764553177,0.1316294783343937,1.1521469354629517,0.2530752425359574,0.21596197463226632,1.147829806370451,0.31657184122611354,-0.2878780843110274,1.0139972508348376,0.4427012907254775,-0.5765354104389419,1.0574453252040787,1.2166428565979004,-19.266712188720703,4.5272536277771,-0.6032326817512512,-0.3346351087093353,-2.434906244277954,360.1219482421875,-133.30166625976562,-887.5599365234375,-114.86729431152344,80.8686294555664,-16.832515716552734,-1.886317491531372,24.632545471191406,-2.332418441772461,-3.739820957183838,0.272908091545105,2.6522693634033203
0.22617256651256254,-0.39627595571492685,1.298001913045416,0.22106194121158673,-0.2586695445294412,1.1958916218864997,0.03597142836017324,-0.5210810382634599,0.07542653149919004,0.3636541856045754,-0.48449173490732717,0.8213618255608919,0.10169349196336125,-0.2855014197084288,1.4396679748762522,-0.060966905897224206,-0.5278489708110986,0.9214463245789737,0.1815003707314169,-0.20157874153544572,1.473790674020123,-0.013945328410936887,-0.22240845375503124,0.8024181664384756,-0.04714544943922403,-0.37730090448398457,0.8711962948571769,0.10642520170535473,-0.5748237241182895,0.08902905225161685,0.16672118876548792,-0.34324835625705347,0.49496830950509635,0.14266706647857136,-0.4857748156746492,0.043507388392031596,0.02765761620506939,-0.5503487046191233,0.8912998777351633,0.267707362672351,-0.29604926330364306,0.43129242907296744,0.4736030508350852,-0.643866677552659,0.9118696391977222,0.09155064165000092,-0.4065259126637945,1.211178015399453,0.20210287616347633,-0.38929277007153495,0.5517344684000837,0.10670523439219454,-0.3737009309774993,0.39782645765519303,0.06894532477618844,-0.34323313121764076,0.07425858800774379,-0.0032835076593899044,-0.46799256312136617,1.06681553891163,0.032765948170463,-0.2931123281156779,0.8074058365348161,-0.04173318560648435,-0.3071936899857804,0.7617315874983934,0.6837888012658679,-0.045293725878987195,0.3457219841464467,0.6312822833755948,-0.4267839694654705,0.9433800905745551,0.4188104252152095,-0.40816141141960954,1.2409603011529178,0.22755528946980733,-0.4036110562599258,1.4401586947851623,0.4488313950055482,0.05528845033602209,1.2781581681295735,0.30244731705709793,-0.31518644469463275,1.4709886012487854,0.15094262924020643,0.20116822086027902,1.1744935259913767,0.30371903879753004,0.1472475626413395,1.2220662587525828,0.6121701321854495,-0.09827161851702947,0.41806725338594825,0.6824343658440949,-0.06622036245485015,0.7974197911900403,0.5689182790699382,-0.01195818464586288,0.36615922277336893,0.47633196127335753,0.03475454725966546,1.185591019542012,0.5553680393869512,-0.0662966962188285,0.7865686294258827,0.5638637053256003,-0.6124510776917667,0.9451797884821103,0.32654949154285406,-0.27301974564988096,1.3399789459657985,0.7108550604605516,-0.15792708681119197,0.8350811233583666,0.6965166089550547,-0.05901036658231789,0.6420229424703991,0.626552725469829,0.10278111982424515,0.27004996475005005,0.40721829798047904,-0.11960394108137548,1.3284588728519466,0.22088812528461801,0.13352171336578206,1.1512843370437622,0.2551390878017374,0.2177532726763099,1.1477301933907516,0.3170773542874696,-0.28777600183392205,1.0128207783035885,0.44314434236248595,-0.5764183027065353,1.056418093624494,1.0602316856384277,-19.12468147277832,4.358635425567627,-0.61993807554245,-0.44095513224601746,-2.3891847133636475,366.5541687011719,-132.98817443847656,-898.6484375,-115.73751831054688,81.77174377441406,-17.18087387084961,-1.936314582824707,24.646345138549805,-2.328056573867798,-3.7577314376831055,0.20084220170974731,2.6596617698669434
0.22667427435023893,-0.3960313942061355,1.2968864819861405,0.2216077082796602,-0.25850677204053135,1.1946702925179968,0.03602517199462021,-0.521027624508403,0.07545873963132205,0.3642276080436264,-0.48397422818750735,0.8203050629389996,0.10209111353715523,-0.2853200687280554,1.4385206363848504,-0.0606247288057741,-0.5286923416008222,0.9207168537259891,0.18180726125639005,-0.20134326317255072,1.4726299604043267,-0.014177737247186479,-0.22440605122127275,0.7984532109948974,-0.04711757277120028,-0.3785625894535456,0.8689680093566314,0.10650643591602511,-0.5747365803513306,0.08905727785105343,0.16704892145087386,-0.3425619397435757,0.4945718521215268,0.14270545761810233,-0.48568960585144183,0.04333962051086868,0.027842100410543327,-0.5514401556640272,0.8905898188518373,0.2680516653503014,-0.2955658157041531,0.43071669779273847,0.473820594367602,-0.6437478607261418,0.9108819501684202,0.09208765528504026,-0.40642004701870166,1.209927563833085,0.20241825072871927,-0.3887086781050196,0.5512032874964721,0.1070340076547782,-0.3730808220162297,0.39751306186053925,0.06884605729866107,-0.34320476947241274,0.07419563811395737,-0.002844055291166578,-0.46833158743302555,1.0658262934511071,0.03246074787260879,-0.295027440549522,0.8040352214053768,-0.04229093609464088,-0.30956695120263567,0.7587172996918887,0.6866115665198951,-0.043546901744426526,0.3429568814520805,0.6319024324022381,-0.4269699641312195,0.942481432628158,0.41925227202919146,-0.4081158395239849,1.239920049313678,0.22810316542225167,-0.40330626415890575,1.4389880305489169,0.4495548716937469,0.055401048487336034,1.2780251347071288,0.30289408954366154,-0.31485529396905015,1.469834916046913,0.1528299037638484,0.2032636970232259,1.1737366970011731,0.30515887805365566,0.1483615996772485,1.2217674531684017,0.6147345143635541,-0.09669038999998415,0.4149209043837542,0.6842427470826155,-0.06635842218205629,0.7946856570559623,0.5719405492607331,-0.010115450989788086,0.3633089954687271,0.47731937507525185,0.0350860556747937,1.1855324285709306,0.5573460021555818,-0.06626123800528365,0.783688266743098,0.5642061984499559,-0.6124611876855622,0.9441950871849691,0.3268719319969613,-0.2726476583259785,1.3389427103348917,0.712254764129784,-0.15820474461313114,0.8328629491344983,0.6986967595602502,-0.058513641517782065,0.639111632838944,0.6298776961715016,0.10495698727075227,0.267816054899961,0.40769759225134816,-0.11961208029792009,1.3278326526382902,0.2225303400233881,0.1354183774219443,1.1504298355800426,0.25721002098740325,0.21953947743437932,1.1476313797448645,0.31759430966432517,-0.28767121913812016,1.0116531329833909,0.44358342693538855,-0.5763040641877825,1.0553892633772843,0.8965076208114624,-19.231956481933594,4.268064022064209,-0.6332912445068359,-0.5694220662117004,-2.4008235931396484,372.92755126953125,-132.42254638671875,-909.658935546875,-116.5316162109375,82.65538787841797,-17.475900650024414,-1.9999796152114868,24.71965980529785,-2.082793951034546,-3.7951602935791016,0.17801108956336975,2.6934545040130615
0.22713313473770946,-0.3958192157824308,1.295738572316454,0.22207393748870746,-0.2582795981145063,1.1934269749565631,0.0360808956085254,-0.5209528651853271,0.07551071065052455,0.36467963516317453,-0.4834996383908569,0.8193093496837364,0.10247396993518662,-0.28515493968464684,1.4373510665451454,-0.060318977257471235,-0.5295528374760355,0.9200078600289806,0.1821835422456659,-0.20108719910217437,1.4714486480548683,-0.01438094545710855,-0.22640670115584555,0.7945005870023314,-0.04715142174568397,-0.3799134342875701,0.8667822760461973,0.10659130877315602,-0.5746525976042084,0.08908689942284925,0.16737507362634138,-0.34188128080194363,0.49421401302151335,0.14277544158776073,-0.4856215211137241,0.04322373265067474,0.02805015494713916,-0.5524511222807776,0.8899063333770297,0.2684274653330544,-0.2950528247269574,0.4302037266508633,0.47407527988320153,-0.6436615572465176,0.909865151967434,0.09264180703174985,-0.4063572285585846,1.2086816280093415,0.20276447128973257,-0.38805308109087666,0.5506769175955791,0.10736840388534083,-0.37245521600672743,0.3972104343752198,0.068756047093513,-0.3431952088479175,0.07414232325178899,-0.0023676053133627004,-0.4686824742531934,1.0648419458345073,0.032100063643806846,-0.29706321883675263,0.8006598647461824,-0.04284406880175826,-0.31199282082106083,0.755756679749647,0.6894646393542256,-0.04177822836286198,0.34027835943841006,0.6325362502344396,-0.427143592609475,0.9415568091616726,0.4197113307698673,-0.40794144738588906,1.238926379096429,0.2286105777155484,-0.40300857566839815,1.4378431755185919,0.45031572483627996,0.05549050454321681,1.2778822013873927,0.3033611220831902,-0.3145015211097452,1.468700058018135,0.1547614325652058,0.20534816606352646,1.173011200317484,0.30655049438902865,0.14944960172010566,1.2214705580907153,0.6173686647651999,-0.09509017799567715,0.4118021969368918,0.6860615666338938,-0.06644759682432705,0.7920197106355076,0.5748691351603197,-0.008247886448235249,0.3604372575977782,0.4782503855149477,0.035343917321093016,1.1854632429729235,0.5593037482918491,-0.0662909389183616,0.7808552672531434,0.5645499247194126,-0.612490246430138,0.9431882066442477,0.32725028081840235,-0.27242082160040243,1.3378419690574244,0.7136517062487191,-0.1585584926782854,0.8306276671933813,0.7009105003432721,-0.05805856223828749,0.6362635783407075,0.6332505337449886,0.10711578173649217,0.2656139376147695,0.40819290004029174,-0.11963386443869167,1.3272054598031455,0.22423772474393136,0.13734622181251335,1.1496323366828314,0.2593308531290646,0.22128982545918963,1.1475381934090165,0.3181918189422973,-0.2875474269026952,1.0105476312289965,0.4439945833769855,-0.5762100249331519,1.0543491785099965,1.023116946220398,-19.395658493041992,4.501333713531494,-0.6400150060653687,-0.506899356842041,-2.452138662338257,379.5302734375,-131.5717010498047,-920.72216796875,-117.3094253540039,83.51396942138672,-17.773181915283203,-1.9977092742919922,24.743810653686523,-1.7825731039047241,-3.79632830619812,0.23656289279460907,2.710198163986206
0.22759199512518002,-0.3956070373587261,1.2945906626467674,0.22254016669775475,-0.2580524241884813,1.1921836573951292,0.0361366192224306,-0.5208781058622511,0.07556268166972706,0.36513166228272265,-0.4830250485942064,0.8183136364284731,0.10285682633321805,-0.28498981064123824,1.4361814967054405,-0.06001322570916834,-0.5304133333512489,0.9192988663319721,0.18255982323494177,-0.20083113503179803,1.47026733570541,-0.014584153667030638,-0.22840735109041851,0.7905479630097649,-0.04718527072016766,-0.38126427912159466,0.864596542735763,0.10667618163028694,-0.5745686148570863,0.08911652099464508,0.16770122580180893,-0.3412006218603115,0.49385617392149983,0.14284542555741916,-0.4855534363760064,0.04310784479048079,0.02825820948373501,-0.5534620888975282,0.8892228479022222,0.2688032653158074,-0.29453983374976167,0.4296907555089881,0.47432996539880107,-0.6435752537668935,0.9088483537664477,0.09319595877845949,-0.40629441009846745,1.2074356921855978,0.2031106918507459,-0.38739748407673363,0.5501505476946863,0.10770280011590347,-0.37182960999722514,0.3969078068899003,0.06866603688836492,-0.34318564822342223,0.0740890083896206,-0.001891155335558782,-0.4690333610733613,1.0638575982179073,0.03173937941500487,-0.29909899712398347,0.7972845080869878,-0.043397201508875695,-0.3144186904394862,0.7527960598074049,0.6923177121885564,-0.04000955498129728,0.3375998374247394,0.6331700680666412,-0.42731722108773046,0.9406321856951871,0.42017038951054314,-0.40776705524779316,1.2379327088791803,0.22911799000884522,-0.4027108871778905,1.4366983204882666,0.45107657797881306,0.05557996059909759,1.2777392680676567,0.30382815462271895,-0.3141477482504403,1.4675651999893569,0.15669296136656335,0.2074326351038272,1.1722857036337948,0.30794211072440175,0.1505376037629629,1.2211736630130288,0.620002815166846,-0.09348996599137,0.40868348949002914,0.6878803861851723,-0.06653677146659781,0.7893537642150527,0.5777977210599065,-0.0063803219066822505,0.35756551972682915,0.4791813959546436,0.035601778967392354,1.1853940573749164,0.5612614944281167,-0.06632063983143954,0.7780222677631885,0.5648936509888693,-0.6125193051747139,0.9421813261035262,0.3276286296398434,-0.2721939848748264,1.3367412277799569,0.7150486483676544,-0.1589122407434397,0.8283923852522642,0.7031242411262941,-0.05760348295879287,0.6334155238424707,0.6366233713184759,0.10927457620223223,0.26341182032957783,0.4086882078292354,-0.11965564857946326,1.3265782669680009,0.2259451094644748,0.13927406620308255,1.14883483778562,0.2614516852707262,0.22304017348400007,1.1474450070731688,0.3187893282202695,-0.2874236346672702,1.009442129474602,0.44440573981858245,-0.5761159856785212,1.0533090936427085,1.203800082206726,-19.432476043701172,4.726444721221924,-0.6421819925308228,-0.3932773172855377,-2.4960336685180664,385.3101501464844,-130.85162353515625,-930.1049194335938,-117.97618103027344,84.23220825195312,-18.028884887695312,-1.89676034450531,24.71396255493164,-1.713294267654419,-3.7516915798187256,0.29148122668266296,2.72705340385437
0.2280355023824616,-0.39539779100986505,1.2934878425092886,0.22298543026905185,-0.2578327415005261,1.1909925582393115,0.036187274615890934,-0.5208040925840668,0.07561804808133485,0.36558182902683484,-0.4825750806473738,0.8173583445959534,0.10322443025791092,-0.284823068719826,1.4350596832123814,-0.05971836523208397,-0.531236382509699,0.9186191815414176,0.1829207789226873,-0.20058633564718512,1.4691300092153992,-0.014792617163713403,-0.23034397024192557,0.7867617638695319,-0.04721643556131432,-0.3825660709119001,0.8624978124700635,0.10675702969364773,-0.5744874670805521,0.08914525974665256,0.1680222385569124,-0.3405436445150944,0.4935087758973734,0.1429103482637974,-0.48548657965186415,0.042997761870062115,0.02845585099513957,-0.5544290625496416,0.8885664781987272,0.26916536175652056,-0.29403545307797313,0.42919454432481174,0.47457310024476207,-0.6434897058057469,0.907874118018624,0.09372556120749341,-0.4062323471568278,1.2062404021522066,0.203448400394806,-0.3867699797974517,0.5496438781157235,0.10802049352633243,-0.3712288153092593,0.3966175436184106,0.06858072913443015,-0.34317537115899144,0.0740389112901214,-0.00143544969845884,-0.46936576374319217,1.0629210401055038,0.031396517739785426,-0.30104852077976757,0.7940444626555537,-0.04393077081698456,-0.3167537592894194,0.7499545346822171,0.6950658911111339,-0.038317408486707324,0.33503242991617976,0.633774785411279,-0.4274737118490484,0.9397506480974867,0.4206097124033416,-0.40759952790689785,1.2369776672085389,0.22960720176728355,-0.40242484054028593,1.43559774026176,0.45180951720041945,0.055665158722179614,1.2776021136353348,0.3042727288426153,-0.31380873997479874,1.4664706946998243,0.15855244828375759,0.20943431921352612,1.1715957328973228,0.30928217772616456,0.15158451531107062,1.2208917125171383,0.622534416369255,-0.09195388720327656,0.405694609248875,0.6896256883412797,-0.06663005705306072,0.786791579612833,0.58061217866986,-0.004576594302806983,0.3548137115326938,0.48008130934854215,0.03585427145886895,1.1853247628306711,0.5631456450121293,-0.06634565812862472,0.7753041283973795,0.5652263665830852,-0.6125512083634636,0.9412103291378906,0.3279859542057214,-0.27197293295765557,1.3356868597055902,0.7163906650037954,-0.15924854497641128,0.8262460697565647,0.7052503654498927,-0.05716856228594749,0.6306779976712158,0.6398696749415619,0.11134762346547171,0.2613006660480373,0.40916040243691953,-0.11967283803106143,1.3259755065109555,0.22758815965510362,0.14112447291020525,1.1480705769646247,0.26349492992786383,0.22472375937250275,1.1473602474920008,0.3193650281192451,-0.28730675696537195,1.0083762462565442,0.4447993168372982,-0.576025285862929,1.0523110904440975,1.117732286453247,-19.327701568603516,4.697634220123291,-0.6332670450210571,-0.42854031920433044,-2.4957144260406494,391.1246643066406,-130.2717742919922,-939.4434814453125,-118.64103698730469,84.95731353759766,-18.27826499938965,-1.834773063659668,24.631549835205078,-2.0645384788513184,-3.7036654949188232,0.2628524601459503,2.723752498626709
0.22836578030459925,-0.395210168712976,1.2927175576718437,0.22327607226194135,-0.257668306693336,1.1901865698249134,0.0362005518835704,-0.5207355813869577,0.07569845551193155,0.36601827550210697,-0.48230669884294863,0.816701160756168,0.10347954719173197,-0.2846444318231368,1.4342900727758345,-0.05950382640523628,-0.5317832621320193,0.9181556499359623,0.18316871051164652,-0.2004246133200775,1.4683170784388158,-0.015039838400256147,-0.2318083623683215,0.7842029480152574,-0.04722780491910036,-0.38350609650477663,0.8610407296592827,0.10680819490295372,-0.5744272272121038,0.089167487702721,0.16830534808683079,-0.3400613189434374,0.4932383808079145,0.14293794415348413,-0.485428779527841,0.04293049038048612,0.028576696445758366,-0.5550715880875555,0.8881100873086626,0.26942639457468953,-0.29359457340856265,0.42882193782866396,0.47473104890213896,-0.6434097297933717,0.9072137803628745,0.09407411241866893,-0.4061758561639596,1.205418624822667,0.2037233328138361,-0.3863496594377701,0.5492824984109954,0.1082150036382754,-0.3708110041176247,0.3964184664239157,0.06853010195819353,-0.343159810350036,0.07401254519030748,-0.00113273357405076,-0.4695618458042871,1.0623369295865495,0.031185097397237238,-0.30236191652863226,0.7918023375288541,-0.044320060057405186,-0.31841917247172213,0.747991333832804,0.6970404774345309,-0.037189647783556185,0.3332844918828138,0.6341648866601337,-0.42750381194795206,0.939186868782075,0.4209034834180446,-0.4074826284453569,1.2363075110691273,0.2299621845811408,-0.40222465256784135,1.4348236867134145,0.4523365912551911,0.05571895459087084,1.2775075784976908,0.30455167295522245,-0.3135786205036751,1.4656737908622288,0.1598806263052469,0.21082546446003653,1.171167766021577,0.3102420683925515,0.15232838446040023,1.2207199783119935,0.6243097172272914,-0.0908907908847593,0.40366320464982114,0.690828799708,-0.06675366085294065,0.7849946384200988,0.5825849401437683,-0.0032436641143051234,0.35294638470506046,0.48075188202968494,0.03606716643352776,1.1852546648079196,0.5644870283982611,-0.06633614213360066,0.7734330824471468,0.5654778784474,-0.6126040893279954,0.9405039735385124,0.3281882248868216,-0.271794544002473,1.3349744940040917,0.7173276062043297,-0.15945620094703522,0.8247558817958202,0.7067303183852441,-0.05688231133714024,0.6287556179114526,0.6421827906804368,0.11278828511026909,0.25986036391842454,0.40946213733281517,-0.11965614165000568,1.325552934842394,0.22875674268761212,0.14240377670190976,1.147551446955725,0.26496596688663715,0.22591497450573547,1.1473376352265972,0.31977988384812084,-0.287240873948233,1.0076025497439682,0.44506324561226446,-0.575959214410245,1.0516234395519788,0.9227198362350464,-19.23957061767578,4.458966255187988,-0.5872290134429932,-0.5279660224914551,-2.4497573375701904,397.7966613769531,-129.67327880859375,-950.4247436523438,-119.392822265625,85.82775115966797,-18.569486618041992,-1.8690626621246338,24.554471969604492,-2.3979532718658447,-3.6961724758148193,0.19178257882595062,2.697720766067505
0.22869605822673697,-0.39502254641608686,1.2919472728343988,0.22356671425483085,-0.257503871886146,1.1893805814105154,0.03621382915124988,-0.5206670701898486,0.07577886294252825,0.36645472197737916,-0.48203831703852346,0.8160439769163826,0.10373466412555303,-0.2844657949264476,1.4335204623392876,-0.05928928757838856,-0.5323301417543399,0.9176921183305071,0.18341664210060574,-0.20026289099296987,1.4675041476622324,-0.015287059636798911,-0.23327275449471754,0.7816441321609826,-0.0472391742768864,-0.3844461220976533,0.8595836468485017,0.10685936011225972,-0.5743669873436555,0.08918971565878944,0.16858845761674918,-0.3395789933717804,0.4929679857184555,0.14296554004317089,-0.4853709794038179,0.04286321889091012,0.028697541896377177,-0.5557141136254696,0.887653696418598,0.26968742739285856,-0.2931536937391521,0.4284493313325162,0.47488899755951586,-0.6433297537809965,0.9065534427071249,0.09442266362984449,-0.40611936517109143,1.2045968474931275,0.20399826523286615,-0.38592933907808846,0.5489211187062674,0.1084095137502184,-0.37039319292599004,0.3962193892294208,0.0684794747819569,-0.3431442495410805,0.07398617909049356,-0.0008300174496426541,-0.46975792786538206,1.061752819067595,0.03097367705468903,-0.303675312277497,0.7895602124021543,-0.04470934929782586,-0.32008458565402503,0.7460281329833909,0.699015063757928,-0.036061887080404954,0.3315365538494477,0.6345549879089886,-0.42753391204685565,0.9386230894666634,0.4211972544327477,-0.40736572898381596,1.2356373549297157,0.23031716739499805,-0.4020244645953968,1.434049633165069,0.45286366530996286,0.05577275045956207,1.277413043360047,0.30483061706782966,-0.3133485010325514,1.4648768870246331,0.16120880432673634,0.21221660970654707,1.1707397991458313,0.31120195905893844,0.1530722536097299,1.2205482441068485,0.6260850180853281,-0.08982769456624197,0.4016318000507671,0.6920319110747204,-0.06687726465282061,0.7831976972273644,0.5845577016176766,-0.0019107339258031498,0.35107905787742694,0.48142245471082773,0.036280061408186584,1.1851845667851681,0.5658284117843931,-0.06632662613857661,0.771562036496914,0.5657293903117149,-0.6126569702925272,0.9397976179391343,0.32839049556792177,-0.27161615504729036,1.334262128302593,0.718264547404864,-0.15966385691765916,0.8232656938350753,0.7082102713205957,-0.05659606038833297,0.6268332381516892,0.6444959064193119,0.11422894675506659,0.2584200617888116,0.40976387222871086,-0.11963944526894993,1.3251303631738323,0.22992532572012073,0.14368308049361436,1.1470323169468255,0.2664370038454106,0.2271061896389683,1.1473150229611933,0.32019473957699657,-0.2871749909310941,1.0068288532313923,0.4453271743872308,-0.5758931429575611,1.05093578865986,0.966789186000824,-19.261709213256836,4.249114036560059,-0.5321434736251831,-0.5342522263526917,-2.42187237739563,403.29803466796875,-129.02899169921875,-959.7435302734375,-119.96310424804688,86.57931518554688,-18.806194305419922,-1.8892210721969604,24.595252990722656,-2.2543206214904785,-3.756596565246582,0.16621270775794983,2.6972897052764893
0.2290451015709646,-0.3948233656042459,1.2911403275878224,0.22388411276289166,-0.2573342485143649,1.1885275599972303,0.03622878728348095,-0.5205942011432142,0.07585945819190006,0.36690297323149557,-0.48175489270923944,0.8153378603276829,0.10400858336430509,-0.2842879728568311,1.4327031788447047,-0.05906320158515547,-0.5329089131181602,0.9172062368582417,0.18367438736242173,-0.20008952219952023,1.466646775899344,-0.015558295574853326,-0.23482403351573738,0.7789456086442963,-0.047254304265887136,-0.3854356478677679,0.8580469402256392,0.10691984958749337,-0.5743010323371319,0.08921223328701708,0.16888993820607265,-0.3390771289732283,0.49268191258441535,0.14299604173330283,-0.485307700191902,0.04279185837097713,0.02882723362548954,-0.556400460517959,0.8871812223401291,0.269967685817488,-0.29270350484066454,0.4280496573704758,0.47505831975021107,-0.6432399930346091,0.905852853955812,0.09479823918236009,-0.40605415280488943,1.203725849161085,0.20428581669038492,-0.38548532972075295,0.5485401536455218,0.10862139341057529,-0.36995109580210506,0.39600865251773243,0.0684245436618857,-0.34312785120791944,0.07395975709898978,-0.000507061218994005,-0.4699709056722407,1.061127013915422,0.03073842855269055,-0.3050852638996199,0.7871793692080392,-0.04512010931672635,-0.3218501987342801,0.743963991174635,0.7011134538626826,-0.03486725395631723,0.3296803561662208,0.6349752718052327,-0.4275808783852501,0.9380190045825694,0.4215099446426164,-0.40724545218889285,1.2349285274151935,0.23068805068533937,-0.40180886867425303,1.4332344160964159,0.4534210400372151,0.05582911238098973,1.2773160569320452,0.30512869259379555,-0.31309618149569496,1.4640338262974821,0.16262145994218755,0.21369545213532748,1.1702901837446833,0.312219795505732,0.15385024392644295,1.2203645848280547,0.6279689428822093,-0.08870182677313992,0.39948357557816244,0.6933101749183325,-0.0670111791927688,0.7812935665545876,0.5866497728406197,-0.0005114356138542755,0.34910293915216517,0.4821303562316673,0.036510273727853544,1.185118449839535,0.5672491806627108,-0.06631603827144926,0.7695857689080651,0.5659951991000712,-0.6127052165025118,0.9390549923213113,0.3286127749065689,-0.271420854458351,1.3335109595826131,0.719257446116959,-0.15988949071985994,0.8216897742637737,0.7097771542751234,-0.056291620666469595,0.6248050897524059,0.6469496694819025,0.11575253975164403,0.2569019482131827,0.4100831213672429,-0.11962723866450471,1.3246811541500472,0.23116784750033675,0.14503886227477453,1.1464886513372132,0.26799503551018933,0.2283569915553196,1.1472964053911878,0.32062881977747604,-0.2871002038287011,1.0060133531393596,0.44561511332428216,-0.575819994538825,1.0502136245073863,1.1721458435058594,-19.300861358642578,4.336095333099365,-0.5751376152038574,-0.4925025403499603,-2.4523720741271973,409.5931701660156,-128.13914489746094,-970.389892578125,-120.61024475097656,87.4587173461914,-19.049705505371094,-1.7629883289337158,24.6878662109375,-1.9338288307189941,-3.7935454845428467,0.23045173287391663,2.717707395553589
0.22953937296441057,-0.39453473193756006,1.290049662653184,0.22440858343184386,-0.2571244701644443,1.1873105440708187,0.0362567538457201,-0.5204876061306885,0.07594150699527058,0.367442583208842,-0.4813550523180046,0.8142530468126007,0.10442801609339303,-0.284116456840212,1.4315169473357547,-0.058747750565113624,-0.5337344988292416,0.9165473868515318,0.18400808191852064,-0.1998260198839453,1.4654454695467918,-0.016015384420259095,-0.23704774154732552,0.7751658693054655,-0.047298538270375584,-0.3868082619660737,0.8558940145353608,0.10705250077294987,-0.5741908471315902,0.0892369927258681,0.1693335948203573,-0.33842405104479256,0.4922745050183985,0.14304903179209752,-0.4852020176041205,0.0426888523117596,0.02902538785772607,-0.5574259465893372,0.8865842783687921,0.2703967337182026,-0.29218127060410204,0.42744050475935275,0.47531566319876156,-0.643074506955431,0.9048407567257913,0.09538295963742084,-0.4059214445928864,1.2024739230705412,0.20467102853272923,-0.3848579881207043,0.5480076149599442,0.10896769827170087,-0.3693210466808041,0.39570768128167716,0.0683363037590949,-0.3431049711656886,0.07393290255440782,-2.7464166135597948e-05,-0.47031464185935773,1.0601785285583396,0.03031877081668536,-0.3072424740191326,0.7837249687965344,-0.045697034490818994,-0.3243912718943412,0.7411186541153106,0.7041699775796851,-0.033155086444111116,0.32698632293189606,0.6356291431464897,-0.4277583747510089,0.9371029896451938,0.4219690529715936,-0.40709903777040396,1.2339204170845992,0.23118198983716648,-0.40147402862839354,1.4321006291749463,0.4542129156210564,0.05590533331924716,1.2772000996482293,0.3055748286231464,-0.31267205275447163,1.4628335513815975,0.16468789867612693,0.21585299449645914,1.1696730275817264,0.3136860819052386,0.15489230240812363,1.2200886358488474,0.6306935225101495,-0.08709016235064203,0.3964312668667725,0.6951700535831072,-0.06722488989498442,0.7785598825145242,0.5896651977734849,0.0014014942621632756,0.3462848657409088,0.4831271505118995,0.03687450723932278,1.1850831429689925,0.5692843242196847,-0.06629715504630512,0.7667951773334024,0.5663716536484017,-0.6127175937425222,0.9380316682998708,0.32898990385579746,-0.2710946725299027,1.332459489241341,0.7206834073098289,-0.16025425730556841,0.8194503665759865,0.7120167999867572,-0.0558464156574761,0.621958384055965,0.6504919205280328,0.1179179492967807,0.25478164170751516,0.4105379155140049,-0.11964977902687149,1.3240257951597505,0.2329825908932464,0.14698651719172262,1.1457551015133889,0.27022633055188,0.23006894335841496,1.147308703289916,0.3212116806712371,-0.2869565068491247,1.00487432969327,0.44608887003747044,-0.5756920765567299,1.049224357731295,1.1775047779083252,-19.285198211669922,4.517943382263184,-0.6560409069061279,-0.5341699123382568,-2.4713950157165527,415.05755615234375,-127.36192321777344,-979.4890747070312,-121.20396423339844,88.1877212524414,-19.219097137451172,-1.6180994510650635,24.666839599609375,-2.032038927078247,-3.7358999252319336,0.2794437110424042,2.6988120079040527
0.23003364435785653,-0.39424609827087415,1.2889589977185458,0.2249330541007961,-0.25691469181452364,1.186093528144407,0.03628472040795925,-0.5203810111181626,0.0760235557986411,0.36798219318618836,-0.4809552119267697,0.8131682332975185,0.10484744882248095,-0.2839449408235929,1.430330715826805,-0.05843229954507177,-0.5345600845403229,0.915888536844822,0.18434177647461955,-0.19956251756837037,1.4642441631942396,-0.016472473265664863,-0.23927144957891364,0.7713861299666348,-0.04734277227486403,-0.3881808760643795,0.8537410888450825,0.10718515195840636,-0.5740806619260485,0.08926175216471913,0.16977725143464195,-0.3377709731163568,0.4918670974523816,0.14310202185089224,-0.48509633501633903,0.04258584625254206,0.029223542089962605,-0.5584514326607155,0.8859873343974549,0.27082578161891724,-0.29165903636753954,0.4268313521482297,0.4755730066473121,-0.6429090208762529,0.9038286594957705,0.09596768009248159,-0.4057887363808834,1.2012219969799975,0.20505624037507353,-0.3842306465206557,0.5474750762743665,0.10931400313282645,-0.3686909975595032,0.3954067100456219,0.06824806385630408,-0.3430820911234578,0.07390604800982586,0.00045213288672280917,-0.4706583780464747,1.0592300432012571,0.029899113080680172,-0.3093996841386454,0.7802705683850295,-0.04627395966491163,-0.3269323450544023,0.7382733170559864,0.7072265012966876,-0.031442918931905,0.3242922896975713,0.6362830144877465,-0.4279358711167677,0.9361869747078182,0.42242816130057076,-0.406952623351915,1.2329123067540049,0.23167592898899356,-0.40113918858253406,1.4309668422534765,0.4550047912048978,0.05598155425750459,1.2770841423644135,0.30602096465249723,-0.31224792401324836,1.4616332764657127,0.16675433741006632,0.21801053685759078,1.1690558714187698,0.31515236830474525,0.15593436088980428,1.2198126868696402,0.6334181021380898,-0.08547849792814412,0.39337895815538254,0.6970299322478819,-0.06743860059720001,0.7758261984744609,0.5926806227063501,0.003314424138180827,0.3434667923296524,0.4841239447921317,0.03723874075079201,1.18504783609845,0.5713194677766585,-0.06627827182116099,0.7640045857587398,0.5667481081967323,-0.6127299709825327,0.9370083442784303,0.329367032805026,-0.27076849060145436,1.3314080189000692,0.722109368502699,-0.16061902389127689,0.8172109588881992,0.7142564456983908,-0.0554012106484826,0.6191116783595243,0.6540341715741631,0.12008335884191738,0.25266133520184764,0.41099270966076695,-0.11967231938923827,1.3233704361694538,0.2347973342861561,0.14893417210867074,1.1450215516895648,0.2724576255935707,0.23178089516151032,1.1473210011886446,0.32179454156499826,-0.2868128098695483,1.0037353062471805,0.44656262675065866,-0.5755641585746348,1.0482350909552036,0.9552333354949951,-19.336347579956055,4.557552814483643,-0.6118803024291992,-0.6039643883705139,-2.4464821815490723,421.46905517578125,-126.53199005126953,-990.0186157226562,-121.92523956298828,88.98881530761719,-19.37301254272461,-1.681910753250122,24.572296142578125,-2.4332685470581055,-3.6662800312042236,0.2572043240070343,2.6639199256896973
0.23052451374712368,-0.3939628335616447,1.287863265599636,0.2254561445373573,-0.25670653413857847,1.1848728258088725,0.0363169147799544,-0.5202773665355531,0.07610210055941777,0.36853119395426565,-0.4805471617851826,0.8120854236432259,0.10526398621154145,-0.28376845097699704,1.4291449532603586,-0.058125900770753434,-0.5353848713123245,0.9152344956698008,0.18467738805030354,-0.1992929472236444,1.4630412719897088,-0.016932339469180574,-0.24150879819266832,0.7676115337981295,-0.04739958522779657,-0.38955655565719727,0.8515902386595873,0.10731739824674777,-0.5739721570978101,0.08928627984610614,0.17022254283459767,-0.33711271402456905,0.49145438497429655,0.14315463849250845,-0.4849937092389492,0.04248355961842648,0.02941988975377074,-0.5594647935289421,0.8853829980686011,0.27126085847024095,-0.2911188553105917,0.4262350281540132,0.4758312640995379,-0.6427472081800171,0.9028133317729495,0.09654804953182768,-0.405657027928245,1.199974321766405,0.20544239878654477,-0.38359952298615946,0.5469411416164297,0.10966462454456366,-0.3680581868879053,0.3951014390844383,0.0681633890563289,-0.34305723001625366,0.07387946918606758,0.000939827551140073,-0.47100204367511317,1.0582823394150134,0.02947325474699801,-0.3115736947746465,0.7768363281591051,-0.04685918712951487,-0.3294803351163863,0.7354351118305662,0.7102846489442104,-0.029726016674412877,0.32160793165892176,0.6369349579542678,-0.4281020075674878,0.9352686975570704,0.42288836925629747,-0.40680485203960876,1.231905112598116,0.2321767671317454,-0.4007985811951934,1.4298341104526393,0.4557964453436681,0.05606037866792931,1.2769667695689675,0.30646669904127816,-0.3118243662529434,1.4604412905427795,0.16882178458749053,0.22016889226949757,1.1684463659659128,0.3166314105916496,0.1569786028850157,1.2195412883695387,0.636154272895775,-0.08386456206539616,0.3903324591205611,0.6988923054262501,-0.06765330563120493,0.7730979962854198,0.5957066813446826,0.005228229759828352,0.3406601993256059,0.48511694845379577,0.03759515041251055,1.185013571322359,0.5733550585658344,-0.06626100845585596,0.7612114605919416,0.5671254007626843,-0.612746095420509,0.9359830945532843,0.3297438784348254,-0.27045227587223053,1.330346544452061,0.7235389683420295,-0.16097884921246017,0.8149734769041176,0.7165129711691116,-0.05496982845249557,0.6162752720299147,0.6575895334711136,0.12224762371142958,0.2505451205451758,0.4114584262600008,-0.11969246944745644,1.3227128236499055,0.2366161955804224,0.1508784071104415,1.1442993259587826,0.27469293921199056,0.23348859445938203,1.1473342934191622,0.3223788896143831,-0.28666934627570856,1.002596762598745,0.4470354520919307,-0.5754450614878673,1.0472393545093917,0.8165872693061829,-19.401954650878906,4.545980453491211,-0.5325035452842712,-0.5791724920272827,-2.42763090133667,427.0320129394531,-125.88414764404297,-998.8295288085938,-122.48794555664062,89.69165802001953,-19.518142700195312,-1.8779963254928589,24.566770553588867,-2.559997797012329,-3.681948184967041,0.2532094419002533,2.65934157371521
0.2309877031932998,-0.39372325264262836,1.2867263050268818,0.22596800490128283,-0.25651156285543314,1.1836221295082017,0.036383508149509795,-0.5201977277236269,0.07615213515545359,0.36915660161056263,-0.4800723141293652,0.8110189181289925,0.10565696606128816,-0.2835514922410447,1.4279630061806432,-0.057893154359367115,-0.536203157625451,0.9146195808980638,0.18502859719443004,-0.19897400518718936,1.4618254858531698,-0.017414803268227547,-0.24385713154314367,0.7638787843336333,-0.047558745079433286,-0.39095717722809076,0.8494562755357351,0.1074463501449255,-0.5738773244303583,0.08930892186449063,0.1706811354452411,-0.3364122991036895,0.49099850980256565,0.14320421687617207,-0.48491595478247335,0.04238712648854943,0.029601538519911614,-0.5603794993351626,0.8847185148308608,0.27174498905606614,-0.29043265239687155,0.42574308245189935,0.4760969582180314,-0.642615283463175,0.9017717195859808,0.09709301752513212,-0.4055334538813458,1.198761233233458,0.20583625882863998,-0.3829376282577483,0.5463958488197517,0.11005036698173214,-0.3674029072388908,0.39476118399607424,0.0681077212292627,-0.3430162502440396,0.07385513372719288,0.001493407327786625,-0.471345135214313,1.0573409947733217,0.028996946095852863,-0.3138844005220773,0.7735661185340377,-0.0475119650487276,-0.33208460360765457,0.7326549337991816,0.713356009480969,-0.02797059080754686,0.31900229453053697,0.6375712155308945,-0.42817571561857565,0.934332014215703,0.42335752417512285,-0.40664604054578884,1.2309053727727852,0.23273373797338529,-0.40041104862034715,1.4287099634969471,0.4565862977248154,0.05616038587462428,1.2768378796561664,0.306909165536331,-0.3114054542010194,1.4593167468806765,0.1708974368278159,0.22233386295816754,1.1678991094725022,0.31821423941692767,0.15804061074031897,1.2193069142221615,0.6389847533000226,-0.08223214493879422,0.38733322972690826,0.7007749748743133,-0.06787610091022309,0.7704143964296934,0.5988192596775017,0.007149160766375805,0.3379470150893098,0.4860791102643834,0.03788790238762138,1.1849877854056705,0.5753942881988373,-0.06625692485924194,0.7583977211982209,0.5675095117447392,-0.6127927084237534,0.9349421766025341,0.3301184188747248,-0.2702171579003334,1.3292036729537888,0.724998173532107,-0.16129847060864336,0.8127516631456401,0.7189068364978626,-0.05465091368960624,0.6135226650940662,0.661251570017922,0.12440257508381705,0.24846219865987634,0.412013011904347,-0.11969317112192018,1.322036875596899,0.2384685616175465,0.15279481643872544,1.1436692371668404,0.27696094943198146,0.2351616938283901,1.147355675894693,0.3229753377027069,-0.28652778159308906,1.0014621227584928,0.4475006994526118,-0.5753977344130838,1.0461909784781223,0.9354323744773865,-19.30770492553711,4.554538249969482,-0.573007345199585,-0.4891885817050934,-2.430224895477295,432.61370849609375,-125.35448455810547,-1007.600341796875,-122.93323516845703,90.42820739746094,-19.70098304748535,-1.9644761085510254,24.6691951751709,-2.234138250350952,-3.7844395637512207,0.28821903467178345,2.6975088119506836
0.2314508926394759,-0.3934836717236121,1.2855893444541275,0.22647986526520833,-0.25631659157228787,1.182371433207531,0.036450101519065185,-0.5201180889117007,0.0762021697514894,0.3697820092668596,-0.47959746647354784,0.8099524126147593,0.10604994591103482,-0.2833345335050924,1.426781059100928,-0.057660407947980816,-0.5370214439385773,0.914004666126327,0.18537980633855652,-0.1986550631507343,1.4606096997166311,-0.017897267067274483,-0.2462054648936188,0.7601460348691375,-0.04771790493106999,-0.3923577987989842,0.8473223124118832,0.10757530204310321,-0.5737824917629065,0.08933156388287512,0.17113972805588448,-0.33571188418281006,0.49054263463083486,0.1432537952598357,-0.48483820032599745,0.04229069335867238,0.029783187286052473,-0.5612942051413833,0.8840540315931207,0.27222911964189134,-0.28974644948315154,0.4252511367497855,0.4763626523365248,-0.6424833587463329,0.9007301073990122,0.09763798551843653,-0.4054098798344467,1.1975481447005114,0.20623011887073514,-0.38227573352933725,0.5458505560230735,0.11043610941890057,-0.36674762758987633,0.3944209289077102,0.0680520534021965,-0.3429752704718255,0.07383079826831818,0.00204698710443313,-0.47168822675351274,1.05639965013163,0.02852063744470776,-0.31619510626950786,0.7702959089089705,-0.04816474296794029,-0.33468887209892256,0.7298747557677971,0.7164273700177273,-0.026215164940680994,0.3163966574021524,0.638207473107521,-0.4282494236696635,0.9333953308743358,0.4238266790939482,-0.40648722905196893,1.2299056329474545,0.23329070881502514,-0.4000235160455009,1.427585816541255,0.45737615010596266,0.05626039308131925,1.2767089897433654,0.3073516320313839,-0.3109865421490954,1.458192203218574,0.17297308906814107,0.22449883364683731,1.1673518529790916,0.3197970682422056,0.15910261859562216,1.2190725400747842,0.64181523370427,-0.08059972781219239,0.38433400033325565,0.7026576443223763,-0.06809889618924121,0.7677307965739675,0.6019318380103205,0.009070091772923094,0.33523383085301395,0.48704127207497094,0.03818065436273219,1.1849619994889822,0.5774335178318402,-0.06625284126262791,0.7555839818045005,0.5678936227267941,-0.6128393214269979,0.933901258651784,0.3304929593146242,-0.2699820399284363,1.3280608014555169,0.7264573787221844,-0.16161809200482652,0.8105298493871627,0.7213007018266133,-0.054331998926716946,0.6107700581582178,0.66491360656473,0.12655752645620433,0.24637927677457708,0.4125675975486932,-0.11969387279638391,1.321360927543893,0.24032092765467045,0.1547112257670092,1.1430391483748985,0.27922895965197214,0.23683479319739806,1.1473770583702239,0.32357178579103074,-0.2863862169104696,1.0003274829182405,0.4479659468132928,-0.5753504073383003,1.045142602446853,1.0588079690933228,-19.249588012695312,4.5481696128845215,-0.6659021973609924,-0.49336621165275574,-2.4489381313323975,439.0253601074219,-124.7542495727539,-1017.8912353515625,-123.38898468017578,91.25822448730469,-19.916378021240234,-1.8408921957015991,24.649694442749023,-1.9959814548492432,-3.805367946624756,0.27467143535614014,2.727550745010376
0.23192290613884167,-0.3932415739392603,1.284450734293224,0.22699535068198542,-0.2561200670651253,1.1811256152115122,0.03652141867390531,-0.5200401908711881,0.07625457278101255,0.3704068242319372,-0.47913557823920094,0.8088971433655316,0.10645152263293992,-0.2831142652311073,1.4255944368065587,-0.05741346324023033,-0.5378398753159883,0.913393481579048,0.18573102947102477,-0.1983338886785586,1.4593910205837908,-0.018386635667218855,-0.24856042768189443,0.756424859462195,-0.0478767729703559,-0.3937677511118895,0.8451938658755347,0.10770267895762099,-0.5736870187402561,0.08935617126327082,0.17160008786036476,-0.3350084685035889,0.4900826613930677,0.14330215769394344,-0.48476217627920065,0.042192177002052994,0.029970041399093844,-0.5622125499887971,0.8833970108766429,0.2727043267018748,-0.2890805358819614,0.42473992340217365,0.4766264336788102,-0.6423545591286476,0.8996949257045392,0.09819208168184124,-0.4052895096358874,1.1963352634022568,0.20662483168358833,-0.3816169286701853,0.5453045793519115,0.11082126512284704,-0.3660936607726363,0.39408136391087084,0.06800063000066786,-0.3429349238015958,0.07380122728399094,0.002599942351811682,-0.47202385577145,1.055476011622031,0.02804440683037636,-0.3185059177066316,0.7670266587805276,-0.04882900246622545,-0.3373023324849589,0.72710468871704,0.7195124930103882,-0.02446573145921957,0.3138047029443135,0.6388447109042413,-0.4283247346810947,0.9324613146434557,0.4243012583808394,-0.4063357961493612,1.2289072898839484,0.23384720871582726,-0.39964680112158224,1.426462026029233,0.45816765207525906,0.056356549867435005,1.2765813722515738,0.3077942912547004,-0.3105672394597767,1.457061550277748,0.17506093447966287,0.22666126571052905,1.1668048410226177,0.32137560730935716,0.16016332139045195,1.2188418712837017,0.6446467482096311,-0.07897159526284961,0.3813383581721231,0.7045466447902831,-0.06830895534216963,0.7650519113074865,0.6050642632096018,0.01099272584388435,0.3325280552569605,0.4880190365855267,0.03847122545175204,1.184937017642899,0.5794768714352159,-0.06624766009927585,0.7527780883162227,0.5682813686053484,-0.612882743015984,0.9328624669289747,0.33087218533091195,-0.2697360929077035,1.3269285818204186,0.7279194478957068,-0.16194043698295063,0.8083030184767894,0.7236987781643077,-0.054004405563487526,0.6080240288514965,0.6685824321200515,0.12871536383072266,0.24430891901057292,0.41312474565000723,-0.11969287799584945,1.3206862809247528,0.24217405527928804,0.15663132128237883,1.1424118406725245,0.2815042945821553,0.23851294909289336,1.1474028217871457,0.32417083363856697,-0.28624635258849884,0.9991924866343176,0.4484317526714691,-0.5752964528980634,1.0440984747267716,0.9805314540863037,-19.37233543395996,4.4489827156066895,-0.7215620875358582,-0.5703023672103882,-2.4922935962677,444.3970642089844,-124.17412567138672,-1026.358154296875,-123.86067199707031,91.9495849609375,-20.092269897460938,-1.7342700958251953,24.527681350708008,-1.807378888130188,-3.711954355239868,0.26273593306541443,2.723489999771118
0.23247055437983263,-0.39297790302346086,1.2832979848053283,0.22754190798034726,-0.25591022920924306,1.1799216112553679,0.0366332254169003,-0.5199772137285068,0.07632727666899858,0.3710265589865627,-0.47878477076031517,0.8079381849592095,0.10692678683048838,-0.28286562948826927,1.4243677412437288,-0.057044818849358365,-0.5386595501015518,0.9128142703842643,0.18608237250356482,-0.19799357904306314,1.4581475443397927,-0.01893518827485521,-0.25097221422274363,0.7528028902628566,-0.04803313976092053,-0.3952576812134672,0.8431127043749325,0.10781655601219625,-0.5735860569587606,0.08939762460376253,0.17207559504058972,-0.3342793320385826,0.4895875618749897,0.14334009770328635,-0.48470098431536696,0.042075804416213614,0.030201512771282354,-0.5631620866178676,0.8828039546281297,0.27310304639749966,-0.288588530673886,0.42406355880743624,0.4768738197964548,-0.6422525460751641,0.8987148625171738,0.09882441930324821,-0.405196600994527,1.195124158401363,0.20702685396008141,-0.3809846084046838,0.5447527408994587,0.11120139168489056,-0.3654509467991773,0.39374771398424313,0.06798558738946126,-0.3429000037198035,0.07372678036721338,0.0031475444911787534,-0.47229552032142286,1.0547041399589439,0.027568845103019945,-0.32081763505540917,0.7637656329088656,-0.04959167549941708,-0.3399945805404358,0.7244212872145194,0.7227155799107834,-0.022767661281226217,0.31133002851972535,0.6394903505874785,-0.42841378535261215,0.9315501593596099,0.42482233225115085,-0.4062476083142868,1.2279209190646545,0.23439967198087674,-0.39936280891990034,1.425341290748672,0.45897329337154785,0.05641970304858605,1.276464661225578,0.3082386024345625,-0.3101445884499329,1.455878532090724,0.17725329278715382,0.22880193813155014,1.1662599250970298,0.32291737702113893,0.16121283795265165,1.2186429626894313,0.6474871264388228,-0.07738018766144265,0.37837346371830716,0.7064899111425639,-0.06840984770004323,0.7624134368059653,0.6083668044071321,0.012929957609820894,0.3298857822915578,0.48913053852438126,0.03874310323142056,1.184918927830576,0.5815555733560724,-0.06623307122102637,0.7500394454460272,0.5687002707396122,-0.6128988096256129,0.9318419000170879,0.3312915734305287,-0.2693973254683792,1.3258876638696684,0.7294060654987562,-0.16228612694913974,0.80603318340731,0.7261329488643745,-0.05360242419734304,0.605334379223009,0.6723094491769144,0.13089793836636243,0.24234625371481425,0.4137038576681882,-0.11967734198104467,1.3200227894530392,0.24403371079670658,0.15858301268705455,1.1418083708807334,0.2838424127425577,0.24023444664399343,1.147466136130276,0.3247921651364951,-0.2861210627863739,0.9980544351189342,0.4489023456510329,-0.5751856924682264,1.0430907611025881,0.8935379385948181,-19.466047286987305,4.3758440017700195,-0.731679379940033,-0.5964088439941406,-2.5163309574127197,450.41644287109375,-123.57003784179688,-1035.405029296875,-124.44673919677734,92.73698425292969,-20.304533004760742,-1.801262378692627,24.562986373901367,-1.6029399633407593,-3.649714231491089,0.3217315375804901,2.715153217315674
0.23301820262082362,-0.39271423210766143,1.2821452353174323,0.22808846527870916,-0.25570039135336087,1.1787176072992236,0.036745032159895295,-0.5199142365858255,0.0763999805569846,0.3716462937411883,-0.4784339632814294,0.8069792265528875,0.10740205102803689,-0.2826169937454312,1.4231410456808988,-0.05667617445848637,-0.5394792248871152,0.9122350591894807,0.1864337155361049,-0.1976532694075676,1.4569040680957945,-0.01948374088249161,-0.253384000763593,0.7491809210635181,-0.048189506551485184,-0.3967476113150451,0.84103154287433,0.10793043306677151,-0.5734850951772652,0.08943907794425424,0.17255110222081474,-0.3335501955735763,0.4890924623569116,0.14337803771262927,-0.48463979235153326,0.04195943183037422,0.03043298414347088,-0.5641116232469382,0.8822108983796164,0.2735017660931246,-0.28809652546581055,0.4233871942126988,0.47712120591409946,-0.6421505330216806,0.8977347993298083,0.09945675692465523,-0.4051036923531665,1.1939130534004692,0.20742887623657452,-0.38035228813918226,0.5442009024470058,0.1115815182469341,-0.3648082328257182,0.3934140640576154,0.06797054477825465,-0.3428650836380112,0.0736523334504358,0.0036951466305458723,-0.4725671848713957,1.0539322682958565,0.027093283375663493,-0.32312935240418694,0.7605046070372034,-0.05035434853260878,-0.34268682859591293,0.7217378857119985,0.7259186668111788,-0.021069591103232723,0.308855354095137,0.6401359902707157,-0.42850283602412964,0.930639004075764,0.4253434061214624,-0.4061594204792124,1.2269345482453606,0.2349521352459263,-0.3990788167182184,1.4242205554681109,0.4597789346678367,0.0564828562297371,1.276347950199582,0.3086829136144246,-0.3097219374400891,1.4546955139037,0.17944565109464497,0.2309426105525714,1.1657150091714417,0.32445914673292076,0.16226235451485144,1.2184440540951609,0.6503275046680146,-0.07578878006003556,0.375408569264491,0.7084331774948448,-0.06851074005791682,0.7597749623044439,0.6116693456046627,0.014867189375757603,0.3272435093261549,0.49024204046323594,0.0390149810110891,1.184900838018253,0.5836342752769292,-0.06621848234277687,0.7473008025758315,0.5691191728738759,-0.6129148762352419,0.930821333105201,0.3317109615301454,-0.2690585580290548,1.3248467459189182,0.7308926831018056,-0.1626318169153289,0.8037633483378304,0.7285671195644415,-0.05320044283119852,0.6026447295945213,0.6760364662337776,0.13308051290200237,0.24038358841905538,0.4142829696863692,-0.11966180596623989,1.3193592979813253,0.2458933663141253,0.16053470409173043,1.141204901088942,0.28618053090296036,0.24195594419509364,1.1475294504734064,0.3254134966344233,-0.28599577298424894,0.9969163836035508,0.4493729386305967,-0.5750749320383893,1.0420830474784044,0.9772341847419739,-19.427961349487305,4.363533973693848,-0.6939537525177002,-0.5470163226127625,-2.505741834640503,456.18304443359375,-123.16490936279297,-1044.5028076171875,-125.03662872314453,93.48917388916016,-20.51407814025879,-1.8565245866775513,24.674087524414062,-1.8273884057998657,-3.660684585571289,0.3796760141849518,2.727478504180908
0.23356947598867858,-0.39245034704934684,1.2809982410329857,0.2286344650170661,-0.2554914475671503,1.1775138599193649,0.0368520241502105,-0.5198539594151327,0.07647032986413564,0.3722643735787726,-0.47807037830352783,0.806013764924561,0.10787587025702394,-0.28237148823327574,1.421913308023617,-0.056315449146640224,-0.5402947352421994,0.9116586723075008,0.1867824113921614,-0.19731510711821498,1.4556621865720938,-0.020037790081951,-0.25580720396231343,0.7455698050410542,-0.048349280502425124,-0.39824681566251036,0.8389607352136776,0.10804466291373929,-0.5733839143190952,0.08947999691528989,0.17303023255423994,-0.3328215100907332,0.4885937204424119,0.14341662261659735,-0.4845784809810436,0.04184348111515803,0.030662137570957475,-0.5650608283005013,0.8816208697312715,0.27391231198184535,-0.2875892401531043,0.4227181144108046,0.47737340382392834,-0.642048810096766,0.896749928297586,0.10008907925016833,-0.4050060715896404,1.192706578614696,0.20783667592023383,-0.37971665803959825,0.543646545599628,0.11195865421500427,-0.3641661326616805,0.39308453908819235,0.06795815871843439,-0.34282971849504684,0.0735755210976727,0.0042321513752323495,-0.47284534080139057,1.0531490993815542,0.026601983345304895,-0.32545512322558473,0.7572562797180075,-0.05111548938597275,-0.34538456047607574,0.7190615380836638,0.7291285036415454,-0.019377767941020186,0.30637828660327077,0.640788046334753,-0.4285972165745615,0.9297230271314154,0.42586656023334984,-0.4060607505160452,1.2259477392727176,0.23550461282003793,-0.3987916587599066,1.4231017741146466,0.46058715060846694,0.05654575468491245,1.2762320365337347,0.3091303836430935,-0.3092945743080796,1.4535159969961406,0.18164564600054,0.23308372260718946,1.1651784339487947,0.3260039627946765,0.16331537827750706,1.2182505099189203,0.6531732216576077,-0.07419298426402327,0.3724527043222592,0.7103806359088973,-0.06862223715774271,0.757130823388005,0.6149599283736273,0.016802315581713287,0.32460251036069254,0.49135230096760174,0.03928343140032907,1.1848836718805578,0.5857091285535042,-0.06620150212420534,0.7445576143580557,0.56953364610672,-0.612925156062802,0.9297963747915053,0.33213584628326215,-0.2687318990167403,1.3237962714883666,0.7323750829854548,-0.16297972281247575,0.8014931599825423,0.7309996264659806,-0.05278991981847397,0.5999518036842346,0.6797748002784931,0.13525454838149595,0.23841789996387153,0.41485415843148893,-0.11964776352146603,1.3186950249387728,0.247762767289648,0.1624889869168894,1.1406057536207288,0.28851984510358597,0.24367556479198252,1.1476043778539493,0.32603299459874235,-0.2858718134314809,0.9957772367047948,0.44984904010564286,-0.5749613551904034,1.0410717338915692,1.1060081720352173,-19.310300827026367,4.195116996765137,-0.6104657053947449,-0.48439547419548035,-2.475280284881592,461.19744873046875,-122.7554931640625,-1052.8590087890625,-125.54456329345703,94.13816833496094,-20.67947006225586,-1.8409210443496704,24.62550163269043,-2.4108214378356934,-3.6936588287353516,0.3594018518924713,2.7196764945983887
0.23415355675465221,-0.39218452400126996,1.279903331339754,0.22917541883737833,-0.255290595111468,1.1763124345548897,0.03691544262877363,-0.5198181169909357,0.0765193702147299,0.3728674764171341,-0.4775911569595337,0.804989449137094,0.10833661252052972,-0.28215431130879765,1.4206761394115475,-0.05602639149997804,-0.5410725575014455,0.911107845456395,0.18710715030104116,-0.19699637831145567,1.4544347372670838,-0.020641583437408406,-0.25833372791476583,0.742056910269308,-0.048539889254761444,-0.39982995193525644,0.8369836298045734,0.1081620855318592,-0.573280750817021,0.08951607984274823,0.17354215242412704,-0.3320969059964679,0.4880620148402966,0.14346104381692332,-0.4845160889803179,0.04173134832908184,0.030870313598891547,-0.5660070325957228,0.8810582408644506,0.2744298849180834,-0.286943669893489,0.4221149619841418,0.47766914845302405,-0.6419497128354004,0.8957215462694106,0.10072126314784119,-0.40486580612051565,1.1915420072757645,0.20829676113874704,-0.3790510739415687,0.5430693972781794,0.11230872530761538,-0.3635295874729062,0.3927923449814715,0.06796981444866057,-0.34279032554847516,0.07347730154924045,0.004673249698058981,-0.47318224372058515,1.0522636903437559,0.025968251672776953,-0.327908077974193,0.7541228742986327,-0.051862764011895775,-0.34813192096964396,0.7164490280167158,0.7323994273381516,-0.017742480271625487,0.30387956185254056,0.6414981706450317,-0.42873983252916903,0.9287634141595159,0.42640854053149946,-0.4058672172936383,1.2249569650122663,0.2360572198911613,-0.39847585070409525,1.4220006758014099,0.46141866708038654,0.05660634787000765,1.2761233389772326,0.30960644125346315,-0.30882456647047146,1.4523681666677362,0.18391475212198996,0.2352288133458585,1.1647173420877646,0.32757634832369564,0.16440014220428778,1.2181055137258492,0.6560672544288318,-0.0725574753068339,0.369578556459866,0.7123660324819829,-0.06882970717223669,0.7544354215165638,0.6181422873640691,0.018718386469840507,0.3219730410946917,0.49245132648984324,0.03952086390619048,1.1848748649982428,0.5877491515993282,-0.06616288027571922,0.7417732907446806,0.5699080377817154,-0.6128830655126383,0.9287316742914402,0.33261047575055364,-0.26851482126886483,1.3226593109156124,0.7338193125085325,-0.16334768288478943,0.7992197743906881,0.7334170759908409,-0.05230209490420016,0.597229227423668,0.6836155530632725,0.13735130540286458,0.23642485191589172,0.415353641555404,-0.119647237885472,1.3180236786801294,0.24972036466101138,0.16446672209742044,1.1400457231808971,0.2908699834682293,0.245378198953259,1.1477844032230755,0.3266358990838985,-0.2857598926353928,0.9946281765865175,0.45037499346480464,-0.5748222897581707,1.0400278406427397,1.0420140027999878,-19.238805770874023,3.9312663078308105,-0.5791621208190918,-0.5348106026649475,-2.4588077068328857,467.05908203125,-122.22843170166016,-1062.4771728515625,-126.10167694091797,94.94804382324219,-20.830411911010742,-1.8713643550872803,24.546634674072266,-2.6447598934173584,-3.7290594577789307,0.30684933066368103,2.6927192211151123
0.23473763752062587,-0.3919187009531931,1.2788084216465223,0.2297163726576906,-0.25508974265578566,1.1751110091904142,0.036978861107336766,-0.5197822745667389,0.07656841056532418,0.37347057925549565,-0.47711193561553955,0.803965133349627,0.10879735478403552,-0.2819371343843195,1.4194389707994777,-0.05573733385331584,-0.5418503797606916,0.910557018605289,0.187431889209921,-0.1966776495046963,1.4532072879620734,-0.021245376792865863,-0.2608602518672185,0.7385440154975614,-0.04873049800709778,-0.40141308820800276,0.8350065243954691,0.10827950814997912,-0.5731775873149467,0.08955216277020657,0.17405407229401418,-0.33137230190220257,0.4875303092381812,0.14350546501724926,-0.4844536969795922,0.04161921554300564,0.03107848962682564,-0.5669532368909445,0.8804956119976296,0.27494745785432145,-0.2862980996338737,0.42151180955747897,0.47796489308211976,-0.6418506155740347,0.894693164241235,0.10135344704551412,-0.4047255406513909,1.190377435936833,0.2087568463572603,-0.3783854898435391,0.5424922489567309,0.1126587964002265,-0.36289304228413183,0.3925001508747505,0.06798147017888675,-0.3427509326019034,0.07337908200080821,0.00511434802088565,-0.4735191466397797,1.0513782813059573,0.02533452000024896,-0.33036103272280154,0.7509894688792577,-0.052610038637818865,-0.35087928146321246,0.7138365179497675,0.7356703510347581,-0.016107192602230647,0.3013808371018101,0.6422082949553104,-0.42888244848377655,0.9278038011876163,0.4269505208296491,-0.4056736840712314,1.2239661907518147,0.2366098269622847,-0.39816004264828386,1.420899577488173,0.4622501835523062,0.05666694105510285,1.2760146414207307,0.3100824988638328,-0.30835455863286326,1.4512203363393317,0.1861838582434401,0.2373739040845277,1.1642562502267344,0.32914873385271487,0.1654849061310686,1.2179605175327781,0.6589612872000561,-0.0709219663496444,0.36670440859747255,0.7143514290550687,-0.06903717718673068,0.7517400196451226,0.621324646354511,0.020634457357967893,0.3193435718286906,0.4935503520120848,0.039758296412051905,1.1848660581159276,0.5897891746451522,-0.0661242584272331,0.7389889671313052,0.5702824294567108,-0.6128409749624745,0.9276669737913751,0.33308510521784523,-0.26829774352098934,1.321522350342858,0.7352635420316103,-0.16371564295710317,0.7969463887988337,0.7358345255157016,-0.051814269989926304,0.5945066511631012,0.6874563058480521,0.13944806242423338,0.23443180386791168,0.4158531246793191,-0.11964671224947797,1.317352332421486,0.2516779620323749,0.16644445727795162,1.1394856927410657,0.2932201218328728,0.24708083311453558,1.147964428592202,0.32723880356905477,-0.2856479718393048,0.9934791164682402,0.4509009468239664,-0.574683224325938,1.03898394739391,0.8986213207244873,-19.269662857055664,3.907203197479248,-0.6315711140632629,-0.6353213787078857,-2.467957019805908,472.1678161621094,-121.819580078125,-1070.2412109375,-126.52972412109375,95.6670150756836,-20.952051162719727,-1.8885993957519531,24.603784561157227,-2.2578742504119873,-3.777332305908203,0.26401761174201965,2.7018306255340576
0.2353008347532607,-0.3916579703522834,1.2777427391500662,0.23024426911346957,-0.2548964266844143,1.1739491796651425,0.03704155713245766,-0.5197469046376398,0.07661383853152098,0.3740461208172981,-0.47665409748720017,0.8029798246574718,0.10924319142093325,-0.28172431303965334,1.4182412442782069,-0.0554509825067015,-0.5426048903867898,0.9100241971923816,0.18775096145884088,-0.19636648530695613,1.4520168732728391,-0.021833409061840402,-0.2633134378305333,0.7351480670125281,-0.04891840737337702,-0.40294257566234126,0.8330913214691428,0.10839282104511135,-0.5730778306525275,0.0895874153156549,0.174545141442722,-0.3306692797715301,0.4870176703132541,0.1435491099756285,-0.4843940846375282,0.04151139099348263,0.031281369596423685,-0.5678660927821468,0.879950652947489,0.27544751659726463,-0.2856787219150177,0.42092916098059413,0.47825323997546504,-0.6417489852139492,0.8936946487782018,0.10196629309693707,-0.40458900358108496,1.1892488942241037,0.20920145642382418,-0.37774085302818694,0.5419347354315764,0.11300332856592751,-0.36227630157739127,0.3922153966908423,0.06799317864294084,-0.34271259526938,0.07328408015336817,0.005545329183050169,-0.4738445643656301,1.0505222569633004,0.024722084298187168,-0.3327355635975369,0.7479600855056815,-0.05334361887456759,-0.3535391900515713,0.7113150888128787,0.738843770117949,-0.014516245703280839,0.2989606693485716,0.6428938926450464,-0.4290175223291315,0.9268754628912503,0.427472042277554,-0.4054872617125511,1.2230030949542066,0.23714384547625944,-0.39785094233538143,1.4198315763315619,0.46305457655562465,0.05672635780709074,1.2759104063179318,0.3105414744639239,-0.3078981162795168,1.450111599355344,0.18838124120274907,0.2394535242524367,1.1638126069346801,0.33067292113177815,0.1665313492054181,1.21782162627637,0.6617712702182743,-0.06933954699791432,0.3639208438578032,0.7162754425149879,-0.06924243988037503,0.7491291718964547,0.6244193893789454,0.022489141793119706,0.316797958255209,0.49461251916672216,0.039989739761299235,1.1848570187360246,0.5917690558149324,-0.06608744148189659,0.7362939769661191,0.5706457887461643,-0.6128052630961336,0.9266353366982858,0.33354499077560096,-0.26808475229321727,1.3204183294283633,0.736665445743807,-0.16407107347190772,0.7947437462230393,0.7381784233036419,-0.051345596009779074,0.5918700915101349,0.6911818242033584,0.14147823232392592,0.23250664042814687,0.4163407626136249,-0.11964715972838812,1.316702597188634,0.25357354067216636,0.16835741375554467,1.138944067110289,0.29549847000482055,0.24873325295302245,1.1481433327229607,0.32782671664724283,-0.28553930132199595,0.992367034716322,0.4514068341413081,-0.5745550712804921,1.0379702600817018,0.9345821738243103,-19.33391571044922,4.140385150909424,-0.6719387173652649,-0.6094117760658264,-2.4850094318389893,478.1724853515625,-121.49478912353516,-1079.402587890625,-127.07136535644531,96.49113464355469,-21.16295051574707,-1.8224601745605469,24.697998046875,-1.8913687467575073,-3.7919883728027344,0.26277753710746765,2.7412450313568115
0.23566398971917613,-0.3914460200347648,1.2769570224332494,0.230647089761614,-0.25477530229960055,1.1731666365996103,0.037097332814079245,-0.5197160607142164,0.07662466365769999,0.3743576543615354,-0.4764010880561854,0.8023681628783018,0.10954624784505919,-0.28155321356476537,1.417421331468797,-0.055190554665808654,-0.543136100105892,0.9096638489243211,0.18801575307025026,-0.19612778210087328,1.4511812112189286,-0.022270466712926384,-0.26506412305579274,0.7328723408528511,-0.04908045946268846,-0.40395816390877526,0.8317690791673219,0.10846676712004553,-0.5730107079278555,0.0896147136755337,0.1748364826306602,-0.33017299013422025,0.4866876700856038,0.14358531935325522,-0.48436109849948755,0.04144483481515322,0.031433518901960736,-0.5684595060664297,0.8795749521413386,0.27577980780443606,-0.2853102411655401,0.42054291770158225,0.4784707243474114,-0.6416230904345481,0.8929822235707416,0.1023939029369133,-0.40448818064683323,1.1884654784044684,0.20949783082434673,-0.37729686913111354,0.5415653025867134,0.11329480364227926,-0.3618492669617104,0.3920019091359827,0.06800539224155691,-0.3426843696082665,0.07321990049437971,0.005879398595714401,-0.47405996602892086,1.0499477070688412,0.024313641576380142,-0.33435887631201583,0.7459271238339659,-0.05394602127817291,-0.3553614014426603,0.7096661191112948,0.7410831976410568,-0.01335003671069812,0.29729299493972833,0.643344551127478,-0.42908035070690886,0.9262467030657838,0.42779758947574537,-0.40536895394325256,1.2223051296954124,0.23749980517965277,-0.39760609513876455,1.4190806110963128,0.46359915528076373,0.05677450556826118,1.2758489168242904,0.310836822386609,-0.30757161698594,1.4493773354599808,0.1898915917668121,0.24090600526885478,1.163536102566498,0.33173541991126454,0.16721071885121577,1.217741213886943,0.66377614507612,-0.06826567018268917,0.3620049700831736,0.7176114703645768,-0.0694265587637756,0.7473282636396144,0.6266748636763616,0.023755808626085676,0.3150555939469117,0.4953216219579936,0.04016381329455912,1.1848457522739637,0.5931728411194505,-0.06606791360883524,0.7344547071993747,0.5709034693951638,-0.6128306523064114,0.925920412240439,0.3338636451999083,-0.26791090562643594,1.3196298357666723,0.7376619127412505,-0.16430648401478268,0.7932187472747652,0.7398177728747689,-0.051060367819686606,0.5900574804141822,0.6938035180237119,0.14287056768966822,0.23123174007759983,0.4167149361000945,-0.11965692862374894,1.3162598728344141,0.25487504514637366,0.16964985844710012,1.1385787401767755,0.29708914369936806,0.24990467243636677,1.1483114965704102,0.328271027827105,-0.2854617650540459,0.9916091667895286,0.45172050990016255,-0.5745314474137414,1.0372459138466033,1.0976468324661255,-19.32701873779297,4.352137565612793,-0.6512656807899475,-0.4996579885482788,-2.476696252822876,483.22760009765625,-121.30349731445312,-1087.58349609375,-127.53913116455078,97.17295837402344,-21.383886337280273,-1.791025161743164,24.741127014160156,-1.9513462781906128,-3.7739717960357666,0.3003843128681183,2.759659767150879
0.23602714468509156,-0.39123406971724617,1.2761713057164326,0.23104991040975842,-0.25465417791478684,1.1723840935340781,0.03715310849570083,-0.5196852167907929,0.07663548878387899,0.37466918790577264,-0.4761480786251706,0.8017565010991318,0.10984930426918513,-0.2813821140898774,1.416601418659387,-0.054930126824915805,-0.5436673098249941,0.9093035006562605,0.1882805446816596,-0.19588907889479043,1.4503455491650183,-0.02270752436401236,-0.2668148082810522,0.7305966146931743,-0.049242511551999886,-0.4049737521552092,0.8304468368655009,0.10854071319497974,-0.5729435852031834,0.0896420120354125,0.17512782381859837,-0.32967670049691045,0.48635766985795353,0.14362152873088194,-0.4843281123614469,0.04137827863682382,0.03158566820749779,-0.5690529193507126,0.8791992513351883,0.2761120990116075,-0.28494176041606245,0.42015667442257043,0.47868820871935774,-0.641497195655147,0.8922697983632814,0.10282151277688956,-0.40438735771258144,1.1876820625848328,0.20979420522486927,-0.37685288523404015,0.5411958697418503,0.113586278718631,-0.3614222323460295,0.39178842158112304,0.068017605840173,-0.3426561439471529,0.07315572083539126,0.0062134680083786335,-0.4742753676922116,1.049373157174382,0.02390519885457312,-0.3359821890264947,0.7438941621622502,-0.05454842368177823,-0.3571836128337494,0.7080171494097109,0.7433226251641646,-0.0121838277181154,0.2956253205308851,0.6437952096099095,-0.42914317908468624,0.9256179432403173,0.42812313667393675,-0.405250646173954,1.2216071644366182,0.23785576488304613,-0.39736124794214767,1.4183296458610635,0.46414373400590275,0.056822653329431615,1.2757874273306486,0.31113217030929413,-0.3072451176923632,1.4486430715646175,0.19140194233087515,0.24235848628527282,1.163259598198316,0.3327979186907509,0.16789008849701345,1.2176608014975163,0.6657810199339659,-0.06719179336746402,0.36008909630854397,0.7189474982141659,-0.06961067764717617,0.745527355382774,0.6289303379737778,0.02502247545905165,0.3133132296386144,0.49603072474926513,0.040337886827819004,1.184834485811903,0.5945766264239684,-0.06604838573577389,0.7326154374326301,0.5711611500441633,-0.6128560415166893,0.925205487782592,0.3341822996242157,-0.2677370589596546,1.3188413421049812,0.738658379738694,-0.1645418945576576,0.7916937483264911,0.741457122445896,-0.050775139629594145,0.5882448693182295,0.6964252118440654,0.1442629030554105,0.22995683972705278,0.41708910958656414,-0.11966669751910974,1.3158171484801944,0.256176549620581,0.17094230313865555,1.1382134132432622,0.2986798173939155,0.2510760919197111,1.14847966041786,0.3287153390069671,-0.2853842287860959,0.9908512988627352,0.452034185659017,-0.5745078235469907,1.036521567611505,1.1712406873703003,-19.278564453125,4.592161655426025,-0.6114626526832581,-0.4526429772377014,-2.4322988986968994,488.1365661621094,-121.15372467041016,-1095.8515625,-127.98773956298828,97.88114929199219,-21.567888259887695,-1.8610509634017944,24.732986450195312,-2.3038253784179688,-3.7836921215057373,0.3318100869655609,2.740551710128784
0.23640903736779229,-0.39101765645260844,1.2753561628575356,0.23146538095955815,-0.2545229304113136,1.1715663371496643,0.037213269300413444,-0.519651500594537,0.07665318196380375,0.3750138991321159,-0.4758726905118551,0.8011069064898207,0.11016719211016268,-0.2812028614101031,1.4157420684959716,-0.0546631044800708,-0.5442206788536729,0.9089312192225298,0.18855374706107259,-0.1956402539022711,1.4494708689632796,-0.02316660554894545,-0.2686451746533247,0.7282261816871088,-0.0494104264217694,-0.4060367959619357,0.8290700053931862,0.10862455146991654,-0.5728736470471945,0.08966572382888258,0.1754412350571708,-0.3291609337590388,0.4860113943057345,0.1436589313362608,-0.48429233566025237,0.041306738834211376,0.031745324478737555,-0.5696737835344099,0.8788097824481939,0.2764587808918479,-0.28455723526067295,0.4197393805775422,0.4789184344722735,-0.6413658725110111,0.8915278670803601,0.10326983979502258,-0.4042809625335087,1.1868631741069011,0.21010909264056096,-0.3763867295933086,0.5408069509149388,0.1138905058337363,-0.3609747845210777,0.3915651048848171,0.06803041316618193,-0.3426273694101548,0.07308864447948159,0.006568662384339885,-0.4744964330796374,1.0487787198546707,0.023468805205644393,-0.3376838222442083,0.7417812813196752,-0.05517579105664164,-0.3590946373165837,0.7063054000305026,0.745671177739339,-0.010962206102438993,0.29389494104890646,0.6442647678962606,-0.42921116671814824,0.9249603523323868,0.4284689203398117,-0.40513015533519897,1.220881524464942,0.23823358503398515,-0.39710015828246314,1.4175423091610537,0.4647146001556851,0.05687342623606423,1.2757223816896905,0.3114437518135601,-0.306902994975349,1.4478714663461345,0.19298650615460025,0.24387541669883467,1.162974116423272,0.3339121077234381,0.16860360657142484,1.217576911117857,0.6678834525954643,-0.06606781519702735,0.35809300849769304,0.7203436537294198,-0.06979513713559567,0.7436540274825318,0.6312928253056985,0.026342352500666365,0.3114970868194341,0.4967735381118509,0.040541010483211216,1.1848266618141274,0.5960378713955152,-0.06602862872035298,0.7306906247375818,0.571432998440913,-0.6128854398301106,0.9244582631335354,0.3345172871027561,-0.26754420591111217,1.3180288435607557,0.7396977531988889,-0.164788177372604,0.7901022039501874,0.7431810219951022,-0.0504816132443433,0.5863607675823945,0.6991628747902168,0.1457161507661768,0.22862834049179073,0.4174820230101907,-0.11967451270941078,1.315355804977038,0.25754484465185373,0.17229288959542638,1.1378350411819307,0.3003449969931153,0.25229566638043377,1.1486569402233655,0.32917816542237005,-0.285301864541919,0.9900573578891376,0.4523676795675265,-0.5744765704830751,1.035773713857133,1.0365360975265503,-19.334230422973633,4.843206405639648,-0.5950466394424438,-0.5137472152709961,-2.4126029014587402,493.7121887207031,-120.90032196044922,-1105.4022216796875,-128.5165557861328,98.76093292236328,-21.75145721435547,-1.957825779914856,24.682903289794922,-2.4340574741363525,-3.8188087940216064,0.31614023447036743,2.7021286487579346
0.23698143017114393,-0.3907558698922593,1.274241854220826,0.23200945884285384,-0.2542887645348018,1.1703905786899542,0.03731801218988485,-0.5195885829578172,0.0767407003568103,0.3756959167932043,-0.47536978579514866,0.8000716614407419,0.11063586602246524,-0.28094071781398444,1.4144817719001643,-0.05432903801171196,-0.5449993341963812,0.9084376172711518,0.1889124589151894,-0.19528852408098069,1.4481995042586169,-0.02384959266132471,-0.27128563268689915,0.7248928957427575,-0.049637946226196175,-0.4075823046316374,0.8271381840208508,0.10880896044487985,-0.5727750853394831,0.08965297219719713,0.1759790251438586,-0.32844714983212236,0.4854996529537321,0.14370846509045324,-0.48422818823365976,0.04118453218472123,0.031981301567955124,-0.5705737318621565,0.878280338072619,0.2769517679482896,-0.28400959197851205,0.41900640597801336,0.47927819759837836,-0.6411793609920716,0.8904859573635834,0.10392879145775015,-0.40411791619875576,1.1856836469362904,0.2106121957104727,-0.3756951612253852,0.5402199246038665,0.11432437867616975,-0.3603198024018711,0.39124185858380717,0.06804925672068501,-0.34259301463499764,0.07299211837153956,0.0071386272204879446,-0.4747750796624367,1.0479820937115625,0.022748243797644487,-0.3401817139114765,0.7388558889066936,-0.056056968972629656,-0.36190859489883015,0.7039553905954424,0.7491291683438598,-0.009177222818641983,0.29152705999004924,0.6449264741891267,-0.42933160678440374,0.924009645419405,0.4290204414271361,-0.4049874699569696,1.2198745249122973,0.23883365306830565,-0.396673936914924,1.4163851959026412,0.4655527217893411,0.056950888121562286,1.2756211818843488,0.3119203747305649,-0.30640203412005446,1.4467202243425987,0.19532557145155816,0.2460475826500267,1.1625973643451337,0.33555181433033465,0.169664300336743,1.2174576611708332,0.6709777229274345,-0.06443447324860571,0.35528141131858954,0.7223511071789344,-0.06998305944170778,0.7410444332077014,0.634743278488418,0.028203199996878158,0.30893086247294155,0.49785907561613235,0.04103947704694918,1.184853836203253,0.5980832896485234,-0.06600654209094332,0.7278961256047748,0.5718488856064563,-0.6129555973588237,0.9233826532071789,0.3350183272993328,-0.26715812131466454,1.316972295377428,0.7411733423637239,-0.16514499495361024,0.7878341143889143,0.7457645129881157,-0.050103721874981924,0.5837498443410887,0.7030795571819836,0.14778867398468862,0.2267549192619245,0.41806545912824716,-0.11966246523160413,1.3147051667930274,0.259592177013293,0.17423458399855535,1.137324043654448,0.3027676532896149,0.25400481644450434,1.1489268989357728,0.3298292300657721,-0.28517041587276964,0.9888966742730299,0.4529026579975292,-0.5743677539146499,1.0347868669901463,0.9568665623664856,-19.41997718811035,4.929778575897217,-0.5973458290100098,-0.5237994194030762,-2.4504029750823975,498.4229736328125,-120.6080551147461,-1113.8604736328125,-129.0198211669922,99.51353454589844,-21.944171905517578,-2.0188794136047363,24.632871627807617,-2.070316791534424,-3.8135194778442383,0.26836958527565,2.6763877868652344
0.2375538229744955,-0.3904940833319102,1.2731275455841167,0.23255353672614948,-0.25405459865829016,1.1692148202302441,0.037422755079356246,-0.5195256653210975,0.07682821874981684,0.37637793445429263,-0.4748668810784422,0.7990364163916632,0.11110453993476777,-0.2806785742178658,1.4132214753043573,-0.05399497154335314,-0.5457779895390895,0.9079440153197738,0.1892711707693062,-0.19493679425969032,1.4469281395539544,-0.02453257977370391,-0.27392609072047336,0.7215596097984063,-0.04986546603062294,-0.40912781330133896,0.8252063626485157,0.10899336941984314,-0.5726765236317717,0.08964022056551169,0.17651681523054638,-0.32773336590520596,0.48498791160172977,0.14375799884464566,-0.48416404080706715,0.041062325535231085,0.03221727865717267,-0.5714736801899032,0.877750893697044,0.2774447550047312,-0.2834619486963512,0.4182734313784846,0.4796379607244832,-0.6409928494731322,0.8894440476468068,0.10458774312047765,-0.40395486986400275,1.1845041197656796,0.2111152987803844,-0.37500359285746193,0.5396328982927941,0.11475825151860317,-0.35966482028266455,0.39091861228279723,0.06806810027518809,-0.34255865985984046,0.07289559226359753,0.007708592056635956,-0.4750537262452359,1.0471854675684544,0.02202768238964464,-0.3426796055787445,0.7359304964937123,-0.0569381468886176,-0.36472255248107643,0.7016053811603825,0.7525871589483802,-0.007392239534845127,0.2891591789311922,0.6455881804819927,-0.4294520468506592,0.9230589385064233,0.42957196251446045,-0.40484478457874024,1.2188675253596528,0.2394337211026261,-0.3962477155473848,1.415228082644229,0.466390843422997,0.057028350007060344,1.275519982079007,0.3123969976475696,-0.3059010732647599,1.4455689823390634,0.19766463674851587,0.2482197486012186,1.1622206122669954,0.3371915209372311,0.17072499410206113,1.2173384112238095,0.6740719932594045,-0.06280113130018421,0.3524698141394863,0.7243585606284487,-0.07017098174781988,0.7384348389328712,0.6381937316711374,0.030064047493089795,0.3063646381264492,0.4989446131204137,0.0415379436106871,1.1848810105923786,0.6001287079015314,-0.06598445546153366,0.7251016264719681,0.5722647727719995,-0.6130257548875366,0.9223070432808226,0.3355193674959094,-0.266772036718217,1.3159157471941008,0.7426489315285587,-0.16550181253461646,0.7855660248276415,0.7483480039811291,-0.049725830505620586,0.5811389210997829,0.70699623957375,0.14986119720320026,0.22488149803205842,0.4186488952463036,-0.11965041775379749,1.3140545286090168,0.26163950937473207,0.17617627840168418,1.1368130461269657,0.3051903095861143,0.25571396650857475,1.14919685764818,0.330480294709174,-0.28503896720362026,0.9877359906569223,0.45343763642753193,-0.5742589373462248,1.0338000201231596,1.115202784538269,-19.39910888671875,4.804027557373047,-0.6281227469444275,-0.43277034163475037,-2.498328685760498,503.9179382324219,-120.35523223876953,-1123.8472900390625,-129.62619018554688,100.36739349365234,-22.196407318115234,-1.9692513942718506,24.670358657836914,-1.7842305898666382,-3.7569355964660645,0.2892863154411316,2.697620391845703
0.238132683399892,-0.39022809350924775,1.2720142938443368,0.2331026621310916,-0.25382150813246407,1.1680376626403126,0.03752576929227208,-0.5194648631558513,0.07691459972041333,0.377048228108725,-0.47436098769208457,0.797998478771835,0.11157055902263975,-0.280415446701034,1.4119636313804729,-0.05366454277162916,-0.5465561264990181,0.9074524751562156,0.18963148138973096,-0.19458152676951018,1.4456570466227878,-0.025223260214984004,-0.2765731551986656,0.7182350373820754,-0.05009832211603589,-0.4106832056349476,0.8232834963806418,0.10917413587503086,-0.5725787722117064,0.08962976244210408,0.17705161580877588,-0.3270175076083632,0.4844757743327823,0.1438083252715354,-0.48410167165149914,0.040939277876785266,0.03245089534324723,-0.5723774417346676,0.8772257071062429,0.27794107799695816,-0.2829048470254766,0.4175487811004879,0.4799974587875486,-0.6408093777910763,0.8884026529575816,0.1052481440321499,-0.40379485078402705,1.1833273069748027,0.21161430637469353,-0.3743138337964254,0.5390456455038083,0.1151944390491934,-0.3590091729894379,0.39059272122304173,0.06808188225802601,-0.34252612613486927,0.07280277368298035,0.008278159927330058,-0.47533435157395354,1.0463894889844174,0.02129944275127146,-0.34517214985083267,0.7330084408553231,-0.05781358075852424,-0.3675406747405102,0.6992667727912499,0.7560497126634547,-0.0056100371160732986,0.28680157325915157,0.6462486755374252,-0.42957773030001595,0.9221101356855291,0.43012813310946846,-0.4046966108857401,1.2178620792777333,0.24002885862888879,-0.3958182731606313,1.4140746601369998,0.46722913281807044,0.057105015340378346,1.2754190674680748,0.31287331523879475,-0.30540193178203723,1.4444190992030088,0.20001106090004864,0.2503902159680593,1.1618469906169058,0.33883730805670187,0.17178697333924026,1.2172219058535747,0.6771824357920134,-0.06117092093317126,0.3496569017108703,0.7263651417185928,-0.07036310794535061,0.7358212250944796,0.6416587264135183,0.03193136381713163,0.3037971404707985,0.5000264615511263,0.04201371551472816,1.1849093928637093,0.6021694808408914,-0.06595903184782985,0.722309246165863,0.5726861306373646,-0.6130921931456257,0.9212363034684137,0.3360173124943348,-0.2663950322084869,1.314852018822108,0.7441274380644425,-0.16586083869468296,0.783296004332454,0.7509237376862014,-0.04934988653176274,0.5785376575608917,0.7109253094685787,0.15193655433145575,0.223016779006317,0.41923055309333546,-0.11963604719976322,1.3134030381970059,0.26370229507913645,0.17812417494441496,1.136308098076195,0.307621685282284,0.25741912217329666,1.149465329994429,0.33113036452737077,-0.28491105578395703,0.9865779308293829,0.45397658660909196,-0.5741438733426151,1.0328058588583737,1.2133071422576904,-19.36086654663086,4.620229244232178,-0.6758788228034973,-0.4091460108757019,-2.5157742500305176,508.7705383300781,-120.27992248535156,-1132.2440185546875,-130.1368408203125,101.1160888671875,-22.399307250976562,-1.805416226387024,24.731082916259766,-1.9135340452194214,-3.708322286605835,0.3549926280975342,2.729119300842285
0.23878154632271514,-0.38991660955331187,1.270912481459561,0.23370641953503055,-0.2536000566964118,1.166845361523281,0.0376100731236453,-0.5194269578583193,0.07698866976610082,0.3775916266322925,-0.47382274635185473,0.7969313980333064,0.11200784354020425,-0.2801416696894248,1.41073233402328,-0.053373486716423627,-0.5473286527276828,0.9069832508137684,0.19000909630431242,-0.19418796921605308,1.4443888952400512,-0.025997209627896686,-0.27929172472448516,0.7150047760925548,-0.05038893559565211,-0.41234557409554906,0.8214575559492934,0.10931547741029435,-0.5724897909638108,0.0896441281729976,0.17755405935427998,-0.326279197307612,0.483959351845135,0.14386723121467804,-0.4840585496646679,0.04080712753317215,0.032658964136479694,-0.5733224757459778,0.876746604774172,0.27847350758827283,-0.2822453722061701,0.4169142293614268,0.4803540879330098,-0.6406588078729364,0.8873668326842075,0.10592423093239987,-0.40366759728516965,1.1821798733528088,0.21206898646836245,-0.37364365782169323,0.5384559414244646,0.11565567967512747,-0.35834632616564144,0.3902382045392169,0.06804088017107636,-0.3425133026001469,0.07275008363340864,0.008843431230757762,-0.4756363939173174,1.0456005192750337,0.020488097560622892,-0.34760681643391267,0.7301225008948752,-0.05862684377672651,-0.3704038735059711,0.6970515641945089,0.7595616553398155,-0.003857933471691831,0.2845551835385381,0.6468960607288688,-0.42976016566058656,0.9211819418613485,0.4307346277876405,-0.4044890342563983,1.2168734472318992,0.24057063065617285,-0.3953539679776754,1.4129611845837524,0.46806923798377936,0.05717305916774746,1.275321239667223,0.3133463281274631,-0.30492248233185704,1.4432839238091022,0.20243713383050926,0.25254229865721506,1.1615072512468756,0.3405489077828577,0.17286286591891414,1.2171351064909373,0.6804679186138883,-0.05957460532964077,0.3468297536404719,0.7283622808014318,-0.07060073508529471,0.7331641053916604,0.6452811121545877,0.03386869568945147,0.3012158611160242,0.5010683811855631,0.04224385110204976,1.1849508486836162,0.604159975091353,-0.06589749028647184,0.7195397990428851,0.5731667007831548,-0.6131183757687246,0.9202182754775547,0.3364817565245344,-0.2661163062844056,1.313710575466914,0.7456375208516783,-0.16624376947516634,0.7810050843172517,0.753415510157086,-0.04899502025041362,0.5760409460951952,0.7149884558671354,0.15404258436517196,0.22124624854286787,0.41979296377163056,-0.11959653276185327,1.3127423236701663,0.2659323404956336,0.18013920052754154,1.1358686267145421,0.3101474356572358,0.25908104433918616,1.1497177146128472,0.33176966682569864,-0.28482142988814424,0.9854482696545835,0.4545585251604484,-0.5739611900405379,1.0317325299938784,1.0197142362594604,-19.3497257232666,4.305818557739258,-0.6855061650276184,-0.555952787399292,-2.496150493621826,513.813232421875,-120.22765350341797,-1140.5716552734375,-130.65513610839844,101.88672637939453,-22.582422256469727,-1.7257139682769775,24.735368728637695,-2.2628180980682373,-3.7357592582702637,0.33936119079589844,2.723001003265381
0.23943040924553838,-0.3896051255973759,1.2698106690747848,0.23431017693896955,-0.25337860526035955,1.1656530604062492,0.03769437695501853,-0.5193890525607874,0.07706273981178832,0.37813502515586006,-0.4732845050116249,0.7958643172947777,0.11244512805776878,-0.27986789267781553,1.409501036666087,-0.053082430661218066,-0.5481011789563476,0.9065140264713212,0.19038671121889392,-0.19379441166259598,1.4431207438573144,-0.02677115904080944,-0.28201029425030505,0.7117745148030339,-0.050679549075268344,-0.41400794255615064,0.8196316155179447,0.10945681894555787,-0.5724008097159152,0.08965849390389113,0.1780565028997841,-0.32554088700686074,0.48344292935748767,0.1439261371578207,-0.4840154276778366,0.04067497718955902,0.03286703292971217,-0.5742675097572882,0.8762675024421009,0.2790059371795875,-0.28158589738686357,0.4162796776223657,0.480710717078471,-0.6405082379547965,0.8863310124108333,0.10660031783264991,-0.40354034378631226,1.1810324397308147,0.21252366656203142,-0.372973481846961,0.5378662373451207,0.11611692030106158,-0.35768347934184486,0.3898836878553921,0.06799987808412669,-0.3425004790654246,0.07269739358383694,0.009408702534185517,-0.4759384362606813,1.04481154956565,0.01967675236997426,-0.35004148301699295,0.7272365609344269,-0.059440106794928844,-0.3732670722714322,0.6948363555977677,0.7630735980161767,-0.002105829827310214,0.28230879381792445,0.6475434459203127,-0.42994260102115717,0.9202537480371678,0.4313411224658126,-0.4042814576270565,1.2158848151860648,0.241112402683457,-0.3948896627947195,1.411847709030505,0.4689093431494883,0.05724110299511658,1.2752234118663712,0.3138193410161315,-0.3044430328816768,1.4421487484151954,0.20486320676097008,0.2546943813463709,1.1611675118768452,0.3422605075090136,0.17393875849858811,1.2170483071283,0.6837534014357635,-0.057978289726110147,0.3440026055700733,0.7303594198842711,-0.07083836222523884,0.7305069856888412,0.6489034978956575,0.03580602756177148,0.29863458176124974,0.5021103008200001,0.04247398668937138,1.1849923045035229,0.6061504693418148,-0.06583594872511381,0.7167703519199069,0.573647270928945,-0.6131445583918237,0.9192002474866956,0.336946200554734,-0.2658375803603242,1.3125691321117199,0.7471476036389142,-0.16662670025564977,0.7787141643020492,0.7559072826279709,-0.048640153969064466,0.5735442346294986,0.7190516022656925,0.15614861439888833,0.2194757180794186,0.4203553744499257,-0.11955701832394332,1.3120816091433267,0.26816238591213093,0.18215422611066828,1.1354291553528892,0.31267318603218774,0.26074296650507583,1.1499700992312651,0.3324089691240266,-0.28473180399233144,0.984318608479784,0.4551404637118049,-0.5737785067384606,1.030659201129383,0.8273043632507324,-19.28942108154297,4.067367076873779,-0.6250497698783875,-0.6727396249771118,-2.4575436115264893,519.7197265625,-120.10090637207031,-1150.22119140625,-131.2391357421875,102.78242492675781,-22.793659210205078,-1.8294156789779663,24.730297088623047,-2.525881290435791,-3.7881791591644287,0.24720822274684906,2.7048044204711914
0.2400779202087036,-0.3892949189966088,1.2687072272332298,0.23491217146646107,-0.2531577151342733,1.164461785594359,0.037781494638777724,-0.5193502914826602,0.07713220253685452,0.3786920356434702,-0.472775338896063,0.7947982707560457,0.11288671555700681,-0.2795934146208479,1.4082709392964445,-0.05278745796901501,-0.5488734999239839,0.9060521220529316,0.19076450415794424,-0.19339893097119615,1.4418498514503832,-0.02754457467636525,-0.2847369881655207,0.7085573396935368,-0.05096885500266062,-0.41566726999567044,0.8178096603084084,0.10959457196541969,-0.5723117132060576,0.08967455047250583,0.17856659478699136,-0.32480181802977,0.48292182849732457,0.14398400495383912,-0.4839729443685898,0.040543898940086365,0.033079457993538966,-0.5752029580785739,0.8757903058797318,0.27954054095887193,-0.28094119978266835,0.41564324932382596,0.4810653859811113,-0.6403562912088356,0.8852951305591508,0.1072806767280528,-0.4034090000667319,1.1798862882007826,0.2129815404383552,-0.3723024832491843,0.5372776022020554,0.11657924959991152,-0.3570199109465871,0.3895278180277111,0.06795959500287542,-0.3424852713449112,0.07264509787227934,0.009975852395426357,-0.47623325578424314,1.0440268587592423,0.01886703900450113,-0.35249264311316786,0.7243521699052773,-0.06025734447584247,-0.37613333337354343,0.6926335368724849,0.7665905869559736,-0.00035384829720445617,0.28006615800573337,0.6481958205336766,-0.4301230516654766,0.9193269720930137,0.43194695399296995,-0.40407538414001465,1.2148907863541154,0.24166310474967326,-0.3944304133487853,1.4107374166021285,0.46974976094353277,0.05730857722313199,1.2751253188051135,0.3142932325798944,-0.30396137213864866,1.4410142677509232,0.20729311175693738,0.25684953584576287,1.1608302545863272,0.3439762866654933,0.1750113187444131,1.2169654108830634,0.6870402595065287,-0.056382948717731515,0.34117935903814456,0.7323622399608031,-0.07108392665125676,0.7278531817410956,0.6525305904300007,0.03773651003146803,0.29606413545198,0.5031573717167835,0.04271062589343021,1.1850338676907368,0.6081500819187291,-0.06577755160481724,0.7140044984438562,0.5741266821393903,-0.6131656079102825,0.9181748111516435,0.3374147940155686,-0.2655616167760053,1.311429924522804,0.7486558501294117,-0.16700810697299756,0.7764252842656824,0.758410320771451,-0.04828370441466767,0.5710516220686451,0.723117473899134,0.15825046105495352,0.21771114965937785,0.42091834959604885,-0.11951961511412994,1.3114195367358379,0.2703858440285487,0.1841667660616881,1.1349957312969183,0.3152073126360281,0.2624076707473654,1.1502279658980716,0.3330586426305455,-0.2846372170953561,0.9831879036316019,0.4557155536500034,-0.5736050554458668,1.0295898890653195,0.8878774046897888,-19.177139282226562,4.164892673492432,-0.5689792633056641,-0.6468613743782043,-2.414858341217041,525.4969482421875,-119.96793365478516,-1160.0491943359375,-131.80401611328125,103.67337036132812,-23.03643798828125,-1.9605700969696045,24.732433319091797,-2.4131500720977783,-3.7911031246185303,0.17383038997650146,2.706882953643799
0.24070979913832333,-0.3889994818149813,1.2675849447976675,0.23549378273502877,-0.25294331515466933,1.1632823774356715,0.03790114749074969,-0.5193016354414012,0.07714839311723677,0.379406434465323,-0.47260235506572473,0.793744182152464,0.11337805628184448,-0.27931083072692353,1.4070547167828542,-0.052447199161528374,-0.5496434475609798,0.9056748542564594,0.1911443555049154,-0.19298121399733406,1.4405472659512073,-0.02831181851123141,-0.2875576203331251,0.7054914735405652,-0.051243042357463305,-0.41729143562893195,0.8160337842260765,0.10969083277594964,-0.5722212839797632,0.08971015735227146,0.17916512062514062,-0.32405397685750437,0.4823466339549482,0.1440298691737336,-0.48393784576891274,0.04042521677911282,0.033342252436112475,-0.5760275718589492,0.8753351447795401,0.28010028378655577,-0.280467363728198,0.4149851233063155,0.4813973895761351,-0.640188424891194,0.884258536708276,0.10801043056741057,-0.40323036317004274,1.1787549608590588,0.21347634242662528,-0.37162197307245626,0.5367013266347103,0.11705416667935072,-0.35634799938130857,0.3891563024741925,0.0679276254250119,-0.3424424964761892,0.07259736169400989,0.010564723081380987,-0.4764445614538445,1.0432916427684935,0.018076193617619862,-0.35513450945449965,0.7214856883942687,-0.0611205391943553,-0.37903500274317137,0.6905739760359393,0.7701659233167469,0.0013967212865865243,0.2778669267596789,0.6489058853379938,-0.4302805540281416,0.9184165903866687,0.43254511783651955,-0.40388669073581696,1.2138343571827113,0.24231706039104237,-0.39402962086216503,1.4096639290550688,0.4705937935027065,0.05736946545862007,1.2750241586704127,0.3147772838244375,-0.30345414332206677,1.4398878198980496,0.20976732501032325,0.2590402081510088,1.1605216963401694,0.3457403904850908,0.17604534888010936,1.2169276444327752,0.6903430188925849,-0.054798876465797904,0.3384012240447747,0.7344307465269075,-0.07142126594750295,0.7252377162113886,0.6562121052615688,0.039587796283330645,0.29361894623135903,0.504264004084448,0.04302246316601305,1.1850766723124397,0.6102551251452489,-0.06575551208429384,0.7112801965104035,0.5745926931599118,-0.61312730590634,0.9170637158368597,0.3379313652681199,-0.26531759274519046,1.31031656798148,0.7501428644388716,-0.16737189171033978,0.7741599914846042,0.7610436182543141,-0.04790894826565754,0.5686064030950434,0.7272148560609247,0.16030393740692664,0.21601551736624833,0.42148785140143324,-0.11950662297918307,1.3107417638333427,0.2725331364877965,0.18615056589147103,1.1346322292128936,0.31783828938638914,0.26410454274802797,1.1505492187493684,0.3338282332317718,-0.28448526862243945,0.9820451313099325,0.4562114564985629,-0.573538349262926,1.0285670212562512,1.1373060941696167,-19.171279907226562,4.413668632507324,-0.622346818447113,-0.5596057176589966,-2.4243149757385254,531.4912719726562,-119.71918487548828,-1170.5303955078125,-132.37603759765625,104.59040832519531,-23.324186325073242,-1.9114434719085693,24.731550216674805,-1.996630072593689,-3.7609670162200928,0.21474099159240723,2.7296030521392822
0.2413416780679431,-0.3887040446333538,1.266462662362105,0.2360753940035965,-0.2527289151750653,1.162102969276984,0.03802080034272165,-0.5192529794001421,0.07716458369761903,0.3801208332871759,-0.4724293712353864,0.7926900935488821,0.11386939700668221,-0.2790282468329992,1.4058384942692637,-0.05210694035404171,-0.5504133951979757,0.9052975864599873,0.1915242068518866,-0.19256349702347195,1.4392446804520311,-0.029079062346097636,-0.2903782525007298,0.7024256073875933,-0.051517229712266,-0.4189156012621936,0.8142579081437445,0.10978709358647959,-0.572130854753469,0.08974576423203708,0.17976364646328993,-0.32330613568523864,0.4817714394125717,0.14407573339362809,-0.4839027471692357,0.04030653461813927,0.03360504687868601,-0.5768521856393245,0.8748799836793483,0.28066002661423967,-0.27999352767372765,0.41432699728880495,0.4817293931711588,-0.6400205585735523,0.8832219428574013,0.1087401844067684,-0.4030517262733535,1.177623633517335,0.2139711444148954,-0.3709414628957281,0.536125051067365,0.11752908375878997,-0.35567608781603,0.3887847869206738,0.06789565584714839,-0.3423997216074672,0.07254962551574044,0.011153593767335665,-0.47665586712344593,1.042556426777745,0.017285348230738528,-0.3577763757958317,0.71861920688326,-0.061983733912868204,-0.3819366721127996,0.6885144151993935,0.7737412596775206,0.003147290870377654,0.27566769551362424,0.6496159501423109,-0.4304380563908065,0.9175062086803234,0.4331432816800692,-0.40369799733161926,1.212777928011307,0.24297101603241156,-0.39362882837554475,1.408590441508009,0.47143782606188034,0.05743035369410815,1.274922998535712,0.3152613350689806,-0.3029469145054849,1.438761372045176,0.2122415382637093,0.2612308804562549,1.1602131380940115,0.34750449430468855,0.1770793790158057,1.216889877982487,0.6936457782786413,-0.05321480421386415,0.3356230890514046,0.7364992530930121,-0.07175860524374918,0.7226222506816814,0.6598936200931371,0.041439082535193426,0.29117375701073783,0.5053706364521128,0.043334300438595916,1.1851194769341424,0.612360168371769,-0.06573347256377043,0.7085558945769507,0.5750587041804333,-0.6130890039023974,0.9159526205220759,0.3384479365206712,-0.26507356871437554,1.309203211440156,0.7516298787483316,-0.16773567644768203,0.7718946987035259,0.7636769157371773,-0.047534192116647375,0.5661611841214415,0.7313122382227158,0.16235741375889995,0.2143198850731187,0.42205735320681764,-0.11949363084423621,1.3100639909308478,0.2746804289470445,0.18813436572125414,1.134268727128869,0.3204692661367504,0.26580141474869073,1.1508704716006652,0.3345978238329982,-0.28433332014952273,0.980902358988263,0.45670735934712237,-0.5734716430799851,1.0275441534471828,1.2839020490646362,-19.305753707885742,4.4730305671691895,-0.7015829086303711,-0.5315213799476624,-2.482656240463257,536.9278564453125,-119.44886016845703,-1179.511962890625,-132.84722900390625,105.39020538330078,-23.59276008605957,-1.8077385425567627,24.730356216430664,-1.6651945114135742,-3.760918140411377,0.28833991289138794,2.753314971923828
0.24195837076531337,-0.38841562826704507,1.2653708759917328,0.23664572430367498,-0.25251902255001446,1.1609531483113371,0.03813684499816389,-0.5192038496795869,0.07718054076891072,0.38080618816693096,-0.4722515484749876,0.7916669628478045,0.11434396337841124,-0.27875529787200964,1.404650150742752,-0.05177781800585276,-0.5511642772432984,0.9049321517644339,0.1918937512334214,-0.1921570177208509,1.4379751429652536,-0.02982623328066224,-0.29313258806995984,0.6994406841448602,-0.0517878211750988,-0.42050426315195505,0.8125336394207368,0.10988054451662183,-0.5720422388307306,0.08978099253842767,0.1803448556225426,-0.32257932143298207,0.48121206131794597,0.14412053923634505,-0.48386726296500654,0.040190003257220164,0.033862376061348315,-0.5776589091447805,0.8744390625629994,0.28120547394878814,-0.27952112449912836,0.4136817353648066,0.4820575481219007,-0.6398573076685533,0.8822077466359992,0.10945102586010036,-0.402876300774268,1.17652171277842,0.21445624263870794,-0.3702779740884604,0.5355611237271732,0.11798768924758922,-0.3550206299451803,0.3884246759363358,0.06786577970973703,-0.34235885847877984,0.07250209250148164,0.011724080816404686,-0.47686469781872454,1.041841676693089,0.01651641189904011,-0.360357910937426,0.7158238157531285,-0.06283131692040436,-0.3847681962397713,0.6865062100800459,0.7772342513333881,0.004849706180486138,0.2735246937006516,0.650307371225578,-0.43058738408499203,0.9166150124657233,0.43372918241071384,-0.4035098989870375,1.2117521784558203,0.24360836366351862,-0.39323888166456034,1.407544149073544,0.4722621617036939,0.0574900224829549,1.2748246686348061,0.3157353776180191,-0.3024520028308528,1.437664295269164,0.21465779426476803,0.2633654350871281,1.1599142429054967,0.3492232011446099,0.17808846734612188,1.2168533164539084,0.6968718149409387,-0.05167006316366582,0.3329172471402498,0.7385181447133322,-0.07208315778943086,0.7200759586119495,0.6634842699134585,0.04324202962984502,0.2887902326931228,0.5064481345825637,0.04363388033423399,1.185159297376279,0.6144098784552504,-0.06571111256959818,0.7058973630137793,0.5755123284873583,-0.6130529267108993,0.9148670002719425,0.338953741190844,-0.26482580335724437,1.3081202266232068,0.7530801725505992,-0.1680918586323198,0.7696831936867823,0.7662499863777728,-0.04716660739816974,0.5637752638747362,0.7353095304689659,0.16435998401894467,0.21267018708961696,0.4226158604716623,-0.11948177887015785,1.3094025984505155,0.2767746552627607,0.19006578624248496,1.1339148851419916,0.3230340299227379,0.26745652007740844,1.1511880415954336,0.33533919350990393,-0.2841851633313476,0.9797889562632075,0.4571964908021175,-0.5734039436507699,1.0265468820830845,1.1617310047149658,-19.500883102416992,4.444145202636719,-0.7109926342964172,-0.549938976764679,-2.5308661460876465,542.3887329101562,-119.24919891357422,-1188.0704345703125,-133.29693603515625,106.1662826538086,-23.871694564819336,-1.7858954668045044,24.730823516845703,-1.7629704475402832,-3.7896149158477783,0.26712578535079956,2.758854866027832
0.24238675418279026,-0.38821427001068926,1.2646572408297205,0.23707617059448696,-0.252365021121423,1.1601702085393943,0.03820814801663752,-0.5191488463357584,0.07719360232747943,0.38113139816467334,-0.4720137229818382,0.7910277101377778,0.11461052777159292,-0.2786018220794122,1.4038075066560152,-0.05158678775295517,-0.5516787459518736,0.904713447520275,0.19213548924354526,-0.19188988554161907,1.4371154008322204,-0.030324500251487377,-0.2950648458193469,0.6974594529890856,-0.052013823577505065,-0.4216526786223152,0.8114493019533473,0.10993915292995655,-0.5719761078720851,0.08981152653496786,0.18071133796347685,-0.32211324098883876,0.4808488071754279,0.14415222120206087,-0.48382699726433154,0.040100141816976055,0.03405193602111165,-0.5782437932412355,0.8741747172463019,0.28157365716845784,-0.27906648903493064,0.41319598820035824,0.48233797988354765,-0.6397512878803228,0.8814712810200571,0.10992735372671227,-0.40274069660546763,1.1757844339143362,0.21482101418324653,-0.3698255502625017,0.5351503144036855,0.11824403101245298,-0.35456919788524804,0.3882059816098371,0.06786186223393244,-0.3423417009265218,0.07245707872095487,0.012066610768091984,-0.4770428388324005,1.041380703843982,0.016019147851609253,-0.3621913392022745,0.7139099453458724,-0.06348531471182967,-0.386729919357805,0.6851348158539526,0.7797061686484229,0.0059550084969312205,0.27207893685789303,0.6507676101678255,-0.43063534589003255,0.9159617163487618,0.4341630205413364,-0.40332917938169266,1.2111068561377114,0.24403977196737628,-0.39298342257146013,1.4068350760352533,0.4728422555702411,0.057534570133449224,1.274761433632958,0.3160853123428016,-0.30210982371639733,1.436931419846238,0.21635538033696985,0.2648041305557781,1.159735169631756,0.35037898543654683,0.17878827728972527,1.2168316959545313,0.6991464898286276,-0.05061302901498532,0.3311078394485626,0.739921811005927,-0.07224915462811261,0.7183874174459092,0.6659481935943199,0.04444557117507943,0.2871713531727823,0.5071643681715655,0.04378146875575678,1.1851621139917943,0.615773457565055,-0.06568477870218012,0.7040543840420957,0.5758123575456885,-0.6130444371937126,0.9140972708234724,0.33932604023952356,-0.264531645553791,1.307413851188508,0.7540751320636825,-0.16835376916342223,0.7681386569477865,0.7680762441742499,-0.046887948418295154,0.5621246478415484,0.7380657077625097,0.1657313187390763,0.21159007454550033,0.4230380354338134,-0.11948406489084888,1.3089443232050004,0.27821086139868423,0.19134770333766934,1.1336808283597428,0.32477775295049144,0.26859371867400916,1.151459944169253,0.33573062372523427,-0.2840840230319674,0.9790397365361649,0.4576016569769146,-0.5733239279677537,1.0258670066366133,1.0485056638717651,-19.516048431396484,4.576582431793213,-0.6701976656913757,-0.5272738933563232,-2.499677896499634,548.6270141601562,-119.12120819091797,-1197.965576171875,-133.85614013671875,107.07096862792969,-24.207656860351562,-1.790846347808838,24.732858657836914,-2.0594236850738525,-3.7983925342559814,0.20376548171043396,2.7577662467956543
0.24281513760026718,-0.38801291175433344,1.263943605667708,0.23750661688529892,-0.2522110196928315,1.1593872687674516,0.038279451035111156,-0.51909384299193,0.07720666388604815,0.3814566081624157,-0.4717758974886888,0.7903884574277511,0.11487709216477461,-0.27844834628681475,1.4029648625692783,-0.051395757500057586,-0.5521932146604488,0.9044947432761161,0.19237722725366915,-0.1916227533623872,1.4362556586991873,-0.03082276722231251,-0.29699710356873393,0.6954782218333112,-0.052239825979911336,-0.4228010940926754,0.810364964485958,0.10999776134329127,-0.5719099769134395,0.08984206053150806,0.18107782030441114,-0.32164716054469544,0.4804855530329098,0.1441839031677767,-0.48378673156365654,0.04001028037673195,0.03424149598087499,-0.5788286773376907,0.8739103719296045,0.28194184038812753,-0.27861185357073287,0.41271024103590986,0.48261841164519453,-0.6396452680920923,0.8807348154041151,0.11040368159332417,-0.4026050924366673,1.1750471550502524,0.21518578572778513,-0.36937312643654296,0.5347395050801979,0.11850037277731675,-0.3541177658253158,0.3879872872833385,0.06785794475812786,-0.3423245433742637,0.07241206494042811,0.012409140719779282,-0.4772209798460765,1.040919730994875,0.015521883804178394,-0.364024767467123,0.7119960749386162,-0.06413931250325497,-0.3886916424758387,0.6837634216278594,0.7821780859634576,0.007060310813376303,0.2706331800151345,0.6512278491100728,-0.430683307695073,0.9153084202318003,0.43459685867195885,-0.40314845977634783,1.2104615338196028,0.24447118027123393,-0.39272796347836,1.4061260029969627,0.47342234943678835,0.05757911778394355,1.27469819863111,0.31643524706758414,-0.3017676446019419,1.4361985444233119,0.21805296640917166,0.2662428260244281,1.1595560963580152,0.35153476972848374,0.17948808723332865,1.216810075455154,0.7014211647163164,-0.04955599486630483,0.32929843175687534,0.7413254772985218,-0.07241515146679436,0.7166988762798688,0.6684121172751812,0.04564911272031385,0.28555247365244174,0.5078806017605674,0.04392905717727957,1.1851649306073093,0.6171370366748595,-0.06565844483476206,0.7022114050704122,0.5761123866040185,-0.613035947676526,0.9133275413750023,0.33969833928820314,-0.2642374877503376,1.3067074757538095,0.7550700915767657,-0.16861567969452468,0.7665941202087907,0.769902501970727,-0.04660928943842057,0.5604740318083605,0.7408218850560536,0.1671026534592079,0.2105099620013837,0.42346021039596454,-0.11948635091153992,1.3084860479594855,0.2796470675346078,0.1926296204328537,1.133446771577494,0.326521475978245,0.2697309172706099,1.1517318467430722,0.3361220539405646,-0.28398288273258715,0.9782905168091225,0.4580068231517116,-0.5732439122847374,1.0251871311901422,1.1227787733078003,-19.315099716186523,4.6878743171691895,-0.6648864150047302,-0.4927562475204468,-2.428528308868408,553.9830932617188,-118.98212432861328,-1206.6119384765625,-134.32716369628906,107.86466979980469,-24.5037784576416,-1.7906875610351562,24.733022689819336,-2.2694196701049805,-3.7691848278045654,0.20652928948402405,2.757760524749756
0.2432581144847617,-0.38779973421270486,1.2632030410482395,0.237954866363118,-0.25205042060242583,1.15857887781219,0.03835287630952746,-0.5190352475801051,0.07722125639090474,0.38180361717742006,-0.47152235946118437,0.7897280640160012,0.11516456981960509,-0.27828141681800617,1.4020919152442983,-0.05118953046814497,-0.5527243146438472,0.9042675741855672,0.19263093479421753,-0.1913477970373552,1.435366041612941,-0.03134001507763038,-0.2989976983394053,0.6934337550835895,-0.05246856914746839,-0.42398858297344855,0.8092429918169186,0.11005958206704909,-0.5718386609427977,0.08987318583770304,0.18147172532136863,-0.3211616877688478,0.48010969694876515,0.14421645551919937,-0.48374350793314297,0.039916324669754276,0.034435828296554,-0.5794333620181936,0.8736372951245466,0.28232332600268306,-0.2781484672762701,0.41220928975288446,0.48290781666900934,-0.6395355816313762,0.8799753384479624,0.1108998855119509,-0.40246555702575787,1.174284502370468,0.21556049832050372,-0.36891100333621174,0.5343101012785704,0.1187724284581001,-0.353649587129915,0.38775726343622274,0.06785528416073085,-0.3423047235469944,0.0723649591256846,0.012772015311341976,-0.4774007587046023,1.0404400158402147,0.015008817938779395,-0.36592456747759244,0.7100342435157853,-0.06481608331499505,-0.3907238599283015,0.6823571636187321,0.7847425349500793,0.008212576903994824,0.26913713352964425,0.6517073650233792,-0.43073768203226936,0.9146322150104094,0.43504570681133015,-0.4029697019927549,1.2097919982000693,0.24491515114212664,-0.39245865074609293,1.4053931670473112,0.4740222369795603,0.05762381481611176,1.2746317943200371,0.3167972842983852,-0.3014124207544011,1.4354413313581456,0.21981235021194864,0.2677309870325176,1.159375724413537,0.3527315277729602,0.18021521519943573,1.216790612959704,0.7037821252219723,-0.048464065676690794,0.3274288500184256,0.7427790443234096,-0.07258658493492776,0.7149483332570816,0.6709625642031232,0.046894047927382686,0.2838836388280061,0.5086235147438302,0.04408355402630685,1.1851645364666616,0.618540305372895,-0.06563015864384886,0.7003069119342906,0.5764255336183586,-0.6130250804866386,0.9125370926020162,0.3400840581647607,-0.26395060802927084,1.305971299970387,0.7560996938225448,-0.16888502926029114,0.7649980621622099,0.7717873906062928,-0.04631423301353362,0.5587679252324516,0.7436769063899057,0.1685221495217834,0.20939839399413565,0.42389557722783244,-0.11948447065144185,1.3080149600837405,0.28114317623984725,0.19395999763382973,1.133205052637896,0.3283278101327402,0.2709077073643538,1.1520193250763495,0.33653846906115675,-0.28387732211722444,0.9775157837283532,0.4584267900282184,-0.5731595432916224,1.024480533520907,1.1920589208602905,-19.197391510009766,4.52669620513916,-0.6963024735450745,-0.527086615562439,-2.4166371822357178,560.4757080078125,-118.73235321044922,-1217.059326171875,-134.86058044433594,108.7893295288086,-24.84903907775879,-1.7906172275543213,24.736724853515625,-2.098341703414917,-3.7540347576141357,0.27458927035331726,2.758272886276245
0.24389601839299233,-0.38742868478921866,1.2621027758184649,0.23864091555310402,-0.2518016956006454,1.1574305317654514,0.038454648859749564,-0.5189286724028997,0.07725629796403528,0.3824417987801381,-0.4710589468676523,0.7887852912312312,0.11573138889788791,-0.27793478467409183,1.4008142032370663,-0.05078031788795989,-0.5534775609409572,0.9039273389325236,0.19304452106257938,-0.1909683324791343,1.4340773805087765,-0.03211079331867347,-0.3019110804658062,0.6905446414718565,-0.05273392110668271,-0.4256979809790257,0.8076183203829835,0.11016431008003011,-0.5716980880262047,0.08991220935142988,0.18223191893949414,-0.3204171888480913,0.4795655149300367,0.14426063373684883,-0.48366077481121417,0.039767681257120824,0.0346939056519641,-0.5803025259284783,0.8732475905821023,0.2828824936060716,-0.27756819489183804,0.41150525488600825,0.48331707883749575,-0.6393769189024603,0.8789084957332801,0.11166157669677639,-0.40227351145239065,1.1731829280095385,0.21606799491391276,-0.3683193256424752,0.5336323283760753,0.11925437715866707,-0.3529577212321837,0.3873759095637214,0.06786941186777803,-0.3422493433320759,0.07228990971104593,0.013406636164098084,-0.47760241449076607,1.0397099570328037,0.014284684933376635,-0.3687109043760015,0.7074317899563455,-0.06579703661236935,-0.393697680276356,0.6804852250790754,0.7885429426929019,0.009992144835360381,0.26696936110194947,0.6524443661929755,-0.4308777094775478,0.9136500096084267,0.4356950457818461,-0.40281714854256206,1.2087990420543595,0.2455269220155596,-0.39200429297638256,1.404342926495912,0.47488651148333455,0.05767050716063834,1.274523057092894,0.3173209764310066,-0.3008829565435056,1.4343590369287706,0.22239717513026777,0.26987986631740796,1.1591780059384984,0.3544755780835025,0.18130723389470024,1.216799975230994,0.7072956150533347,-0.04690603844031989,0.3247555149410734,0.7448991425582115,-0.0728306362393084,0.7123696225763156,0.6746687145027893,0.04869188418895597,0.2815475438702975,0.5097227882075783,0.044330327728430166,1.1851212557972661,0.6204737135708727,-0.06557579498910746,0.6975807653160285,0.5769138990451168,-0.6129824543828206,0.9114698928515643,0.3406490275994042,-0.2637609426943672,1.3048370766718655,0.7575920239979068,-0.169253743074785,0.7627138266500259,0.7744554197354032,-0.04580015357312383,0.556320623550194,0.747852201690737,0.17058494351557546,0.207866670872202,0.4245071497480601,-0.11942694078366094,1.3073727320756343,0.2834394121209517,0.19593766339073906,1.1328609891679904,0.33097045005157294,0.2726133267413701,1.152514851053819,0.3372886111306039,-0.2837127187098099,0.9764002651370914,0.45904445199184857,-0.5730170265136175,1.0234170033047532,1.115602970123291,-19.350862503051758,4.184670448303223,-0.6835123896598816,-0.6179513931274414,-2.487807035446167,566.231689453125,-118.44667053222656,-1225.966552734375,-135.3162384033203,109.56452941894531,-25.141754150390625,-1.7907044887542725,24.736312866210938,-1.7550256252288818,-3.7494988441467285,0.3108683228492737,2.758364200592041
0.24453392230122292,-0.38705763536573246,1.2610025105886902,0.23932696474308995,-0.25155297059886506,1.1562821857187133,0.03855642140997166,-0.5188220972256945,0.07729133953716581,0.3830799803828561,-0.4705955342741202,0.7878425184464614,0.11629820797617069,-0.27758815253017755,1.3995364912298343,-0.050371105307774854,-0.5542308072380672,0.9035871036794801,0.19345810733094118,-0.19058886792091348,1.4327887194046123,-0.03288157155971649,-0.30482446259220686,0.6876555278601237,-0.052999273065896996,-0.4274073789846028,0.8059936489490485,0.1102690380930111,-0.5715575151096117,0.08995123286515672,0.18299211255761957,-0.3196726899273349,0.4790213329113083,0.1443048119544983,-0.48357804168928537,0.039619037844487386,0.03495198300737418,-0.5811716898387631,0.8728578860396581,0.28344166120946007,-0.2769879225074061,0.41080122001913216,0.4837263410059821,-0.6392182561735443,0.8778416530185978,0.11242326788160181,-0.4020814658790235,1.172081353648609,0.21657549150732178,-0.3677276479487388,0.5329545554735803,0.11973632585923401,-0.3522658553344525,0.38699455569122015,0.06788353957482521,-0.3421939631171574,0.0722148602964073,0.014041257016854138,-0.47780407027692984,1.0389798982253928,0.013560551927973934,-0.37149724127441036,0.7048293363969059,-0.06677798990974357,-0.3966715006244102,0.6786132865394189,0.7923433504357241,0.011771712766725785,0.2648015886742549,0.6531813673625718,-0.4310177369228262,0.912667804206444,0.4363443847523619,-0.40266459509236924,1.20780608590865,0.24613869288899248,-0.39154993520667225,1.403292685944513,0.4757507859871087,0.05771719950516492,1.274414319865751,0.31784466856362803,-0.3003534923326101,1.4332767424993957,0.2249820000485867,0.2720287456022981,1.1589802874634598,0.3562196283940447,0.18239925258996464,1.2168093375022837,0.710809104884697,-0.045348011203949115,0.3220821798637215,0.7470192407930133,-0.07307468754368901,0.70979091189555,0.678374864802455,0.050489720450529095,0.2792114489125891,0.5108220616713264,0.04457710143055346,1.1850779751278706,0.6224071217688503,-0.06552143133436608,0.6948546186977665,0.577402264471875,-0.6129398282790026,0.9104026931011124,0.3412139970340476,-0.2635712773594635,1.3037028533733444,0.7590843541732686,-0.16962245688927882,0.7604295911378419,0.7771234488645136,-0.04528607413271408,0.5538733218679366,0.7520274969915678,0.17264773750936735,0.20633494775026848,0.4251187222682877,-0.11936941091588002,1.3067305040675283,0.285735648002056,0.19791532914764823,1.1325169256980845,0.3336130899704054,0.27431894611838625,1.1530103770312883,0.33803875320005095,-0.2835481153023954,0.9752847465458296,0.45966211395547873,-0.5728745097356127,1.0223534730885993,1.0160613059997559,-19.499879837036133,4.024999618530273,-0.6531496644020081,-0.6704505681991577,-2.54742169380188,572.9267578125,-118.10856628417969,-1235.7740478515625,-135.85418701171875,110.4572982788086,-25.46042823791504,-1.791068434715271,24.73851776123047,-1.885727882385254,-3.7292208671569824,0.29230377078056335,2.758622884750366
0.24517557639258586,-0.3866919317091538,1.2599024429226553,0.24000781762185475,-0.25130470166143204,1.15513459913778,0.03865683306353968,-0.5187173475887602,0.07732537950062199,0.38371380147160283,-0.47013630194971895,0.7868984807406041,0.11686356970115212,-0.27724295079905464,1.3982636977899943,-0.04996336747997053,-0.5549853171733831,0.9032491198833416,0.19387278982148265,-0.19020773016459105,1.4315020031486916,-0.033657732129787746,-0.3077415888080533,0.6847758447097627,-0.05326284927667568,-0.4291188142058865,0.8043745798583063,0.11037558619401708,-0.5714167561752117,0.08999001519717523,0.1837412788477165,-0.3189348934205952,0.4784777352450699,0.1443494526509023,-0.4834957665560261,0.03947163225207108,0.03521083033218091,-0.5820401443156186,0.8724725792147466,0.2840026845008332,-0.27640933518772887,0.410097877266786,0.484137134293452,-0.6390580206319986,0.8767774799801656,0.11318455207229448,-0.40189011562738985,1.1709800025090478,0.21708986210013856,-0.3671202132638717,0.5322800051692306,0.12021743860219092,-0.35157362253263297,0.3866131575593096,0.06789702070963304,-0.34213944628143944,0.07214017457865327,0.014673955211206171,-0.47800558173893304,1.0382544885802742,0.012834593743110549,-0.3742804556394254,0.7022386558403243,-0.06775882967211155,-0.39964947494252623,0.6767496867290396,0.7961458300320517,0.013540798293994023,0.2626429503623224,0.6539191395439059,-0.4311543114927431,0.9116855320946271,0.4369959854428342,-0.4025125496632216,1.2068109770879052,0.24675070430269302,-0.3910883657190184,1.4022394408848111,0.4766168898797982,0.05776515861492086,1.2743062651315273,0.3183704736019602,-0.29982384851831473,1.432192256908543,0.22756980670406324,0.27418014382487094,1.1587874618981848,0.35796732529504405,0.18348887422128227,1.2168214990208481,0.7143227717536963,-0.0437911820986512,0.31941366328901016,0.7491436110229681,-0.0733245438865281,0.7072113840193149,0.6820839400717753,0.05228585673385104,0.2768773180463457,0.5119279227312037,0.04482741315929305,1.1850394667773847,0.6243489957013667,-0.06546968700277885,0.6921280089593093,0.5778895728043373,-0.6129027198482033,0.9093356844999932,0.341785124299542,-0.2633700494142558,1.3025707570922296,0.760577487432404,-0.169997443031791,0.7581468630113349,0.7797996666257744,-0.0447753207227647,0.5514316648639591,0.7562117660479829,0.17470947729534655,0.20480733530114822,0.4257291645699779,-0.1193141761229725,1.3060847840561771,0.28803657794630283,0.1998945468703642,1.1321787121674873,0.33626269336962533,0.2760209605985919,1.153504330196128,0.33878547446617224,-0.28338676784804323,0.9741717950003037,0.4602783050955526,-0.5727332347868294,1.0212936863204503,1.0014479160308838,-19.411081314086914,4.10507869720459,-0.6703553199768066,-0.6378134489059448,-2.5298469066619873,578.6099853515625,-117.785888671875,-1243.83447265625,-136.30885314941406,111.22086334228516,-25.710203170776367,-1.7906272411346436,24.736692428588867,-2.370703935623169,-3.727379560470581,0.2887461483478546,2.7583811283111572
0.24587146390155445,-0.3864035360663143,1.2588052323322423,0.2406135238460357,-0.2510630281160999,1.1539979956007953,0.038737564057802515,-0.5186389980726684,0.07734493464724906,0.38428456281984086,-0.46973752274813246,0.785936150329792,0.11740785585531331,-0.27691843503753083,1.3970620344016726,-0.04957695684044174,-0.5557581012612146,0.9029436956178274,0.19430332537123696,-0.18980239538956956,1.4302434123904502,-0.034511729458112525,-0.31071286031741946,0.6820325405392428,-0.053500745433154466,-0.4308597107004644,0.8028365292691239,0.11050845556799938,-0.571273307137142,0.09002530967064251,0.1843309730094,-0.31829402413194546,0.4779425882148427,0.14440078150160265,-0.4834201146435264,0.039342127444333595,0.03548081259903132,-0.5828983392936504,0.8721508701510777,0.2845905438953677,-0.2758551164968125,0.40940454355533556,0.48457006991699036,-0.6388750398001134,0.8757519145675053,0.1139399505016819,-0.4017088207977497,1.1698818794938903,0.21770364129977507,-0.36628490824573096,0.5316520585919059,0.12068646211201778,-0.3508760837332303,0.38623111936825005,0.06790115141513332,-0.3420974152372373,0.07207074847738475,0.015278848807099201,-0.4782050060515372,1.0375963129744625,0.012082240655278189,-0.37701851336766534,0.6998182310173845,-0.06873802754361891,-0.40268752205845515,0.6750066777728253,0.7999782718175291,0.015158292131239294,0.26061640541679826,0.6546680617411405,-0.43124095217281616,0.9107022952559769,0.43768029408344367,-0.4023678509999585,1.2057847372743469,0.24736619429872522,-0.3905225036949512,1.401142746012732,0.47750944955064756,0.057831437098762845,1.2742080802949058,0.31892683450749376,-0.2992916073625451,1.4310760837517038,0.23020073386612297,0.2763679697616209,1.1586653953356458,0.3597677575041915,0.18454383062013718,1.2168741419615334,0.7178389988592916,-0.0422516798119475,0.31681482967556723,0.7513297608751334,-0.07365835001630497,0.7046200382393719,0.6858353149022485,0.05405740871630744,0.274571590964368,0.5131290505658711,0.045128890196021794,1.1850699735003591,0.6264132971795188,-0.06545582211372868,0.6893947017903361,0.5783615939269792,-0.6129454054579829,0.9082714402123003,0.34244530327272726,-0.26300160833541925,1.3014694207551465,0.7620822345184174,-0.170463136687184,0.7558859340007733,0.7825943046058249,-0.044312666830242896,0.5490716385920318,0.760525809415918,0.1767559716144933,0.20333916950502154,0.4263232621728189,-0.11929213164361897,1.3053885643055898,0.29040539126522474,0.201896208406284,1.1319250977591964,0.33901299940829227,0.27767084272492,1.1539755380706282,0.3394827256534273,-0.2832725064841327,0.9730959668854215,0.4608732258641956,-0.5726099185990972,1.0202880355696016,1.080920696258545,-19.196800231933594,4.3034443855285645,-0.6621736884117126,-0.5345388054847717,-2.453395128250122,584.2951049804688,-117.36402893066406,-1251.960693359375,-136.71731567382812,111.98825073242188,-25.955562591552734,-1.7874375581741333,24.73736572265625,-2.5505969524383545,-3.7902207374572754,0.3088931441307068,2.7589941024780273
0.24656735141052313,-0.3861151404234747,1.2577080217418293,0.24121923007021676,-0.25082135457076776,1.1528613920638104,0.038818295052065355,-0.5185606485565767,0.07736448979387615,0.38485532416807894,-0.4693387435465459,0.7849738199189799,0.11795214200947457,-0.27659391927600696,1.3958603710133508,-0.04919054620091293,-0.5565308853490463,0.9026382713523132,0.19473386092099132,-0.189397060614548,1.4289848216322085,-0.03536572678643738,-0.3136841318267859,0.6792892363687226,-0.05373864158963327,-0.43260060719504256,0.8012984786799412,0.1106413249419817,-0.5711298580990722,0.0900606041441098,0.18492066717108352,-0.31765315484329565,0.4774074411846155,0.14445211035230301,-0.48334446273102666,0.039212622636596105,0.03575079486588176,-0.5837565342716823,0.8718291610874088,0.2851784032899023,-0.27530089780589606,0.40871120984388504,0.48500300554052883,-0.6386920589682282,0.874726349154845,0.11469534893106938,-0.40152752596810953,1.168783756478733,0.2183174204994116,-0.3654496032275901,0.5310241120145811,0.12115548562184468,-0.35017854493382755,0.38584908117719047,0.0679052821206336,-0.34205538419303516,0.07200132237611623,0.01588374240299228,-0.4784044303641414,1.0369381373686506,0.011329887567445763,-0.37975657109590544,0.6973978061944445,-0.06971722541512634,-0.40572556917438435,0.6732636688166107,0.8038107136030069,0.016775785968484704,0.25858986047127397,0.655416983938375,-0.4313275928528893,0.9097190584173266,0.4383646027240532,-0.40222315233669537,1.2047584974607886,0.24798168429475745,-0.3899566416708839,1.4000460511406527,0.47840200922149695,0.057897715582604835,1.2741098954582846,0.31948319541302733,-0.29875936620677546,1.4299599105948644,0.23283166102818295,0.2785557956983711,1.158543328773107,0.3615681897133391,0.1855987870189922,1.216926784902219,0.7213552259648871,-0.04071217752524368,0.31421599606212414,0.7535159107272987,-0.07399215614608186,0.7020286924594287,0.689586689732722,0.05582896069876399,0.27226586388239016,0.5143301784005385,0.045430367232750575,1.1851004802233336,0.6284775986576712,-0.06544195722467852,0.6866613946213629,0.5788336150496212,-0.6129880910677625,0.9072071959246074,0.3431054822459126,-0.26263316725658264,1.3003680844180632,0.7635869816044308,-0.17092883034257697,0.7536250049902115,0.7853889425858755,-0.043850012937721054,0.5467116123201042,0.7648398527838535,0.1788024659336402,0.20187100370889474,0.42691735977566003,-0.11927008716426543,1.3046923445550023,0.2927742045841469,0.203897869942204,1.1316714833509054,0.3417633054469594,0.2793207248512482,1.1544467459451284,0.34017997684068235,-0.2831582451202222,0.9720201387705393,0.4614681466328387,-0.5724866024113648,1.0192823848187529,1.1111698150634766,-19.198238372802734,4.506208896636963,-0.5774902105331421,-0.5112712979316711,-2.411314010620117,590.9664306640625,-116.80137634277344,-1261.8890380859375,-137.11322021484375,112.876708984375,-26.226755142211914,-1.7813483476638794,24.73801612854004,-2.232875108718872,-3.8427300453186035,0.2805628180503845,2.7587804794311523
0.24726490834296144,-0.38582201864545707,1.2566134969130258,0.2418306695901795,-0.25057909780780213,1.1517227493374553,0.038900215647473244,-0.5184823760133705,0.07738641156068701,0.38543255242290875,-0.4689376764739586,0.7840110122762769,0.11849837439344418,-0.2762728116370195,1.3946571042206113,-0.0488029762313066,-0.5573004105233199,0.9023390534697779,0.19516493439279645,-0.1889901834213181,1.4277269721820653,-0.03622130368719038,-0.3166607440702173,0.6765533156742324,-0.05397855487979011,-0.43434402780817044,0.7997700248333003,0.1107739129208571,-0.5709876986528863,0.09009673939832788,0.18550573615048896,-0.3170028569682544,0.4768698973371493,0.14449928740397194,-0.48327452635133505,0.03908216899001835,0.03602322583265652,-0.5846110736297456,0.8715096356852955,0.285768079836637,-0.2747453587339414,0.40801388479226475,0.48543830245535896,-0.6385076772298245,0.8736976574588295,0.11545534101345681,-0.4013439586620457,1.167687009501931,0.21893074259852732,-0.36462428514531114,0.5303964745129971,0.12162606220766409,-0.34948077699206526,0.38546496649451606,0.06790915763141303,-0.3420133265043726,0.07193213163424801,0.01649081851324893,-0.4786022761404909,1.0362796846604505,0.010577445091149272,-0.38250156585743883,0.6949876069233117,-0.07069537586328999,-0.40876357425127596,0.671528869906798,0.807647488369847,0.018399708281388344,0.25656842593325685,0.6561677463796755,-0.43141073422716153,0.9087370353818729,0.43904889537798647,-0.40207212413383636,1.2037352820895366,0.2486011561573736,-0.3893944062539284,1.3989505688875716,0.4792881552746754,0.05796164298886495,1.274013122185966,0.3200395900682108,-0.298225467173469,1.4288447155857718,0.2354674611660029,0.28074145988123306,1.1584246348071572,0.36336991921165923,0.1866514552507969,1.2169799749424914,0.7248803085049257,-0.03917310310416664,0.31162082517383904,0.755700214414407,-0.07432115561520027,0.6994413125593931,0.693350797062678,0.05760016637724756,0.26996712889892377,0.5155251247203902,0.04572776367036712,1.1851327277177217,0.6305450749713064,-0.06542787429512731,0.6839285954734348,0.5793084166697319,-0.6130255259425434,0.9061415980983254,0.343762934602649,-0.2622629060650503,1.2992674136003912,0.7650964867989748,-0.17139146402971633,0.7513657622779442,0.7881843195056284,-0.04338953922817249,0.5443508222403116,0.7691550957446067,0.18084625317560915,0.20040768276381968,0.427516654824579,-0.11924558414133969,1.3039981355730272,0.2951448131476017,0.20589645877973922,1.1314198441852796,0.3445134640529456,0.28096411165022694,1.1549227616644853,0.3408838998008248,-0.2830410854311179,0.9709414460801131,0.4620659307928275,-0.5723587862703184,1.0182755403960777,1.0569490194320679,-19.375045776367188,4.655338287353516,-0.5323549509048462,-0.5557897686958313,-2.421335458755493,596.7213745117188,-116.39212799072266,-1270.7808837890625,-137.4556121826172,113.6382064819336,-26.4346866607666,-1.8146775960922241,24.74533462524414,-2.126372814178467,-3.8372175693511963,0.23891660571098328,2.7484922409057617
0.2479887586950466,-0.3854544602383841,1.2555612728295737,0.24253240851870433,-0.25032765536710916,1.1505519893785188,0.03900087246091555,-0.5184053157931132,0.0774456075953924,0.3861116344565587,-0.468500575433109,0.7830406882312914,0.11907525989689571,-0.27600538192797974,1.3934285838082927,-0.04839714681297937,-0.5580186078090541,0.9021375861191592,0.19560448013690132,-0.18855901314130685,1.4264807983344754,-0.03710175885368652,-0.3197214728751718,0.6739336847272142,-0.05425023802537593,-0.43612720328845717,0.7983927196816893,0.11090206892679857,-0.5708658502788734,0.09014611694937115,0.18601795850901412,-0.3162040588575484,0.4762946036181703,0.14448107362089568,-0.48329460961337123,0.038936771131706564,0.036334223823239455,-0.5854080369733027,0.871224502952683,0.28638637653052407,-0.27416902366063456,0.4072536961329694,0.48591078970803325,-0.6383012312137528,0.8726197267999712,0.11628768313059344,-0.40112459985230936,1.1666119351292288,0.21953686536443942,-0.36395626130285647,0.5297737049543305,0.12212109974036546,-0.34877940005814007,0.3850481470689079,0.0679090138253392,-0.34197084916545856,0.07186664780293474,0.0171322692247317,-0.4787752599708292,1.035616867589635,0.009823594746543811,-0.3853558188933409,0.6927384600931447,-0.07165702939378894,-0.4118009172133261,0.6699233792278152,0.8115525075931421,0.02012487908590897,0.25462748031347804,0.656947492665013,-0.4314387615350698,0.9077741297467655,0.4397329362417688,-0.40182140568234276,1.2027597016846108,0.2492833424186864,-0.3888892898989829,1.3978741853837147,0.4800732868495366,0.05798854092321056,1.2739385810514159,0.3205965162803795,-0.297665456568958,1.4277449264036899,0.23818001067204178,0.28289307644035633,1.1583590592374864,0.3651920810144468,0.1876680848515586,1.2170417818012615,0.7285448641374409,-0.03764076756671177,0.309083342206794,0.7578554410018667,-0.07457445017894766,0.6969163952679035,0.697315441259485,0.0593659177681566,0.26777851946701287,0.5166227121818934,0.04596089067196608,1.1851923923618746,0.6326625549437983,-0.06541035722768465,0.6812037976569689,0.5798270111249771,-0.612980261741095,0.9050546820392672,0.34437744275031495,-0.2618639780985599,1.2981772247134455,0.7666809322028759,-0.17180590321686093,0.7491330787638166,0.7909913347256893,-0.04296340340045314,0.5419780021866427,0.7734892322922382,0.1828474039520253,0.19902066822280953,0.42819780964922427,-0.11918235905715172,1.3033355961966988,0.2975436968124464,0.20784665261771496,1.131199315091632,0.3472613005942065,0.2825051970434504,1.1554745009403355,0.34169290318394335,-0.2828782771202113,0.96981763632487,0.462708813366511,-0.5721600958645738,1.0172498956421354,1.0616060495376587,-19.469404220581055,4.56500244140625,-0.5839551687240601,-0.5315735936164856,-2.4744625091552734,603.261962890625,-115.86557006835938,-1280.307373046875,-137.83071899414062,114.506591796875,-26.682043075561523,-1.9315298795700073,24.685441970825195,-2.6414480209350586,-3.7886159420013428,0.25300759077072144,2.7341506481170654
0.2487126090471318,-0.3850869018313111,1.2545090487461217,0.2432341474472292,-0.2500762129264162,1.149381229419582,0.039101529274357866,-0.5183282555728559,0.07750480363009782,0.3867907164902087,-0.46806347439225937,0.7820703641863059,0.11965214540034728,-0.27573795221893993,1.392200063395974,-0.04799131739465212,-0.5587368050947884,0.9019361187685404,0.19604402588100622,-0.18812784286129555,1.4252346244868854,-0.03798221402018274,-0.3227822016801265,0.6713140537801958,-0.054521921170961773,-0.43791037876874406,0.7970154145300783,0.11103022493274006,-0.5707440019048602,0.09019549450041442,0.18653018086753934,-0.3154052607468422,0.4757193098991912,0.1444628598378194,-0.4833146928754074,0.038791373273394755,0.03664522181382242,-0.5862050003168598,0.8709393702200706,0.28700467322441126,-0.27359268858732766,0.4064935074736741,0.48638327696070766,-0.6380947851976811,0.8715417961411129,0.11712002524773016,-0.4009052410425729,1.1655368607565266,0.22014298813035155,-0.3632882374604017,0.5291509353956639,0.12261613727306687,-0.3480780231242148,0.3846313276432997,0.06790887001926536,-0.3419283718265445,0.07180116397162147,0.017773719936214526,-0.47894824380116746,1.034954050518819,0.009069744401938288,-0.3882100719292432,0.6904893132629774,-0.07261868292428798,-0.4148382601753765,0.6683178885488321,0.8154575268164375,0.02185004989042974,0.25268653469369906,0.6577272389503505,-0.43146678884297807,0.906811224111658,0.4404169771055512,-0.4015706872308491,1.201784121279685,0.24996552867999927,-0.3883841735440374,1.3967978018798575,0.4808584184243979,0.05801543885755618,1.273864039916866,0.3211534424925482,-0.29710544596444693,1.426645137221608,0.2408925601780809,0.28504469299947977,1.1582934836678158,0.3670142428172345,0.18868471445232035,1.2171035886600317,0.7322094197699566,-0.03610843202925678,0.3065458592397488,0.7600106675893266,-0.07482774474269506,0.6943914779764138,0.7012800854562923,0.06113166915906578,0.2655899100351018,0.5177202996433965,0.04619401767356506,1.1852520570060274,0.6347800349162903,-0.06539284016024198,0.6784789998405028,0.5803456055802225,-0.6129349975396465,0.903967765980209,0.344991950897981,-0.2614650501320694,1.2970870358264999,0.7682653776067772,-0.17222034240400555,0.7469003952496889,0.7937983499457504,-0.042537267572733746,0.5396051821329736,0.7778233688398701,0.18484855472844164,0.1976336536817993,0.42887896447386964,-0.11911913397296375,1.3026730568203706,0.29994258047729133,0.20979684645569086,1.1309787859979845,0.3500091371354677,0.28404628243667396,1.1560262402161856,0.342501906567062,-0.28271546880930465,0.9686938265696267,0.46335169594019454,-0.5719614054588292,1.016224250888193,1.1073451042175293,-19.429317474365234,4.397250175476074,-0.6378453969955444,-0.48673510551452637,-2.5255627632141113,609.5752563476562,-115.26310729980469,-1289.0428466796875,-138.19775390625,115.36514282226562,-26.950103759765625,-2.1523056030273438,24.48879051208496,-3.5454206466674805,-3.7315454483032227,0.27149298787117004,2.729975700378418
0.24943603523420968,-0.38472203278778405,1.2534551659956674,0.24393235953734407,-0.24982415201352134,1.1482129096984863,0.0392021479590839,-0.5182508490732963,0.07756759380514652,0.38747338832214173,-0.4676330715220496,0.7811015186128238,0.12022934923108836,-0.27546930293373717,1.3909725438285347,-0.04758483503902001,-0.5594535163104138,0.9017358465699961,0.19648325248368526,-0.18769716540511874,1.4239884593234158,-0.03886376643886426,-0.3258438623997547,0.6687051640046355,-0.05479422936968454,-0.4396923015646586,0.7956439570480626,0.11115859749893478,-0.570621825705301,0.09024556216765318,0.1870460003515742,-0.3146075524932502,0.47514242969996096,0.14444855228066444,-0.48333156301288416,0.03864720021528717,0.036957615641075234,-0.5870036320970548,0.8706558255959821,0.28762320438955,-0.27301625310387834,0.4057346729944084,0.4868560931244433,-0.6378901031435721,0.8704626583895148,0.11795232692943103,-0.40068528791334457,1.1644645826706035,0.220751889272044,-0.36262281179822836,0.528524387159095,0.12311260212237468,-0.34737636504189073,0.38421447185293733,0.06790963926704119,-0.34188553518214765,0.07173536411973815,0.018416549760650873,-0.4791189399085297,1.0342920410712033,0.008309271567445676,-0.39106924397661175,0.6882461313380313,-0.0735787710063899,-0.41787700942217887,0.666721083075795,0.8193673396742105,0.023570551453713246,0.2507466756744891,0.6585064761291276,-0.4314949339292697,0.9058476660820033,0.44110288505522616,-0.4013254669131033,1.2008067497749202,0.2506508651059984,-0.38788289285653477,1.3957231877655383,0.48164853956920417,0.05804592231596937,1.2737886716198448,0.3217124338971068,-0.29654256200158835,1.4255459559279562,0.2436067347001554,0.2871950937817427,1.1582305806362077,0.3688395032227433,0.1897028293090545,1.2171651197979783,0.7358780395708334,-0.034578378719357955,0.3040094617877577,0.7621711013924996,-0.07508422759984501,0.6918704587694826,0.7052406155510451,0.06289626644393849,0.2634046125096203,0.5188216006518989,0.046426899416606535,1.1853105123864105,0.6368967517716994,-0.06537831029453814,0.6757578102760758,0.5808675651321348,-0.6128867557704054,0.9028802235789647,0.34560833210187236,-0.2610687735360979,1.2959962629324553,0.7698512613181245,-0.17263805496179502,0.7446688916904248,0.7966118261514119,-0.04211239277428352,0.5372387535919418,0.7821612645261332,0.18684803245478104,0.19625216794033723,0.42955866905040296,-0.1190574239964122,1.3020091974577368,0.3023379736684804,0.21174586468086326,1.1307649501901589,0.35274929962805546,0.2855730721393957,1.1565739066395537,0.343307987200898,-0.2825520086466082,0.9675697888562222,0.46399168073144176,-0.5717689480805239,1.015199539677197,1.014784574508667,-19.355587005615234,4.264652729034424,-0.6275693774223328,-0.5069260597229004,-2.521324872970581,615.0309448242188,-114.70291137695312,-1296.7047119140625,-138.4984893798828,116.10691833496094,-27.217191696166992,-2.3407514095306396,24.330047607421875,-4.202744960784912,-3.7073049545288086,0.2610242962837219,2.724388837814331
0.250152134934798,-0.38440361638732307,1.252372633542446,0.2445696535094684,-0.24956140839895666,1.1470867395401,0.03930210805689262,-0.5181674613857901,0.0776924645861253,0.388218065760783,-0.46731836432652757,0.7801582102743996,0.12081205144228523,-0.27517958824208244,1.3897623115817443,-0.04716707467539422,-0.5601445590423432,0.9015562179072804,0.19691696664355446,-0.18727500036062786,1.4227424441583898,-0.03976427139529327,-0.3289216198273841,0.6662818035542571,-0.05507733394077281,-0.44145258708505436,0.7943735047681443,0.11129071065132191,-0.5704939870644878,0.09030755002372312,0.18762395200350426,-0.3138286690443557,0.4745381466600279,0.1445017158985138,-0.48329293372615284,0.03852418279707037,0.03729411937444414,-0.5878310823282659,0.8703997119373044,0.28824578551267155,-0.2724380832634225,0.4049992288974737,0.4873345904792381,-0.6377158895233609,0.8693626708542275,0.11878393018087802,-0.40045506926561825,1.1634406040835854,0.22140878054085156,-0.36200226379546113,0.527832570849665,0.1236337206221574,-0.34666985075994833,0.3837969879440914,0.06792617944494778,-0.3418364923521383,0.0716641057307357,0.01908320062701274,-0.479250120800852,1.0336439814788616,0.0074344102712656755,-0.39401338076749376,0.6861059795941739,-0.07451181952527025,-0.4209400490419753,0.665274294796369,0.8233599516729644,0.025210402486537418,0.24882558521056022,0.6592769196491367,-0.4315251133694554,0.9048728394192576,0.4418210426703194,-0.40117521436009185,1.1997984410911207,0.25139061346748803,-0.38744786460668046,1.3946791358341444,0.48252484419487957,0.05813833755373165,1.273699015971051,0.322307096806583,-0.2959300473036356,1.4244572745253707,0.24634897768102726,0.289324494781873,1.1582138396256807,0.37071828494798265,0.19074659858713083,1.2172218884853339,0.7396168586434116,-0.033087745703608826,0.301491814141242,0.7644214780125397,-0.0753957809794028,0.6894167701140146,0.7091300838830454,0.06464092917000216,0.2612765206406449,0.5199870447449336,0.04665554487547337,1.1853480804834935,0.6390002875138592,-0.06541537754977776,0.67309894506505,0.5814476490810218,-0.6127870832847444,0.9017818625399608,0.34625706609511214,-0.2607182933400009,1.2948954026430648,0.7714619885217274,-0.17311230755799653,0.7424577691697127,0.7995369011992649,-0.04170929939048181,0.5349827239055508,0.786564090788759,0.1888186120434312,0.19496617964561416,0.4302133238868208,-0.11902188406085337,1.3013225383316445,0.30467307686016254,0.21367457686670563,1.1306667256828964,0.35535691037083295,0.28685293627890524,1.1570512237927773,0.3440635839834908,-0.2823772892257236,0.9664418136836678,0.46458161291697164,-0.57168415208526,1.0141909532989097,0.8530915379524231,-19.33738136291504,4.032863616943359,-0.5655295848846436,-0.5493302941322327,-2.48207688331604,621.2091064453125,-114.16852569580078,-1306.0447998046875,-138.809814453125,116.95426940917969,-27.52851676940918,-2.425755739212036,24.30830192565918,-4.462878704071045,-3.715649366378784,0.24147512018680573,2.7088913917541504
0.25086823463538627,-0.384085199986862,1.251290101089225,0.24520694748159277,-0.24929866478439197,1.1459605693817139,0.039402068154701334,-0.5180840736982838,0.07781733536710407,0.38896274319942425,-0.4670036571310056,0.7792149019359753,0.1213947536534821,-0.27488987355042765,1.3885520793349537,-0.04674931431176844,-0.5608356017742725,0.9013765892445647,0.1973506808034237,-0.18685283531613697,1.421496428993364,-0.04066477635172227,-0.33199937725501344,0.6638584431038786,-0.055360438511861086,-0.4432128726054501,0.793103052488226,0.11142282380370905,-0.5703661484236748,0.09036953787979306,0.1882019036554343,-0.3130497855954612,0.4739338636200949,0.14455487951636314,-0.4832543044394215,0.03840116537885358,0.03763062310781305,-0.588658532559477,0.8701435982786268,0.2888683666357931,-0.2718599134229666,0.40426378480053893,0.48781308783403293,-0.6375416759031498,0.8682626833189402,0.11961553343232499,-0.4002248506178919,1.1624166254965675,0.2220656718096591,-0.36138171579269385,0.527140754540235,0.12415483912194013,-0.345963336478006,0.3833795040352455,0.06794271962285436,-0.34178744952212897,0.07159284734173327,0.019749851493374604,-0.4793813016931742,1.03299592188652,0.006559548975085675,-0.39695751755837577,0.6839658278503166,-0.0754448680441506,-0.4240030886617718,0.6638275065169429,0.8273525636717184,0.02685025351936159,0.24690449474663134,0.6600473631691459,-0.4315552928096411,0.9038980127565118,0.4425392002854126,-0.40102496180708047,1.1987901324073211,0.2521303618289777,-0.38701283635682615,1.3936350839027505,0.48340114882055496,0.05823075279149394,1.2736093603222576,0.3229017597160592,-0.2953175326056828,1.4233685931227855,0.24909122066189912,0.29145389578200337,1.1581970986151537,0.37259706667322195,0.19179036786520717,1.2172786571726895,0.74335567771599,-0.0315971126878597,0.29897416649472636,0.7666718546325797,-0.07570733435896058,0.6869630814585465,0.7130195522150456,0.06638559189606583,0.2591484287716695,0.5211524888379684,0.0468841903343402,1.1853856485805765,0.641103823256019,-0.06545244480501737,0.6704400798540242,0.5820277330299087,-0.6126874107990833,0.9006835015009571,0.3469058000883519,-0.26036781314390384,1.2937945423536743,0.7730727157253303,-0.17358656015419802,0.7402466466490006,0.802461976247118,-0.0413062060066801,0.5327266942191597,0.7909669170513848,0.19078919163208136,0.1936801913508911,0.4308679787232386,-0.11898634412529453,1.3006358792055521,0.30700818005184466,0.215603289052548,1.1305685011756341,0.35796452111361043,0.2881328004184148,1.1575285409460006,0.34481918076608353,-0.28220256980483893,0.9653138385111133,0.4651715451025015,-0.5715993560899962,1.0131823669206228,0.8840636610984802,-19.384353637695312,3.928837299346924,-0.5352842211723328,-0.5521417260169983,-2.457145929336548,626.329833984375,-113.66642761230469,-1313.8236083984375,-139.03465270996094,117.64813232421875,-27.720247268676758,-2.367464780807495,24.387601852416992,-4.061584949493408,-3.755486011505127,0.21937963366508484,2.7055001258850098
0.2515748284313063,-0.3837696799379311,1.2502242105686112,0.24583732622940807,-0.2490396649632233,1.1448527503487291,0.0395015992273558,-0.5180040106473379,0.07794074514350353,0.38969448327228723,-0.4666903295264339,0.7782848358943762,0.12196798252546233,-0.2746043336509869,1.3873622962181142,-0.046337735216250495,-0.5615164465856868,0.901200176666904,0.19778052658237366,-0.1864367523631513,1.4202710800612999,-0.041551369137519216,-0.3350289057422157,0.6614784351642559,-0.05563476589193801,-0.4449435733998848,0.7918532506519596,0.11155300202551266,-0.5702402153551973,0.0904309225348842,0.18877183162416053,-0.31228358984388266,0.4733388311420845,0.14460737726941014,-0.48321496907448924,0.038280177257017586,0.03796241490404731,-0.589471409257674,0.8698925075941528,0.2894805796099025,-0.27129179002433423,0.40354294137449453,0.488286168468709,-0.6373675244533463,0.8671823978818806,0.12043347387321734,-0.3999987727166801,1.1614092829211657,0.222711366484102,-0.36076677052785233,0.5264638897204241,0.12466848064337344,-0.34526808984232266,0.38296831660712793,0.0679589422876077,-0.3417389336603367,0.07152295152083138,0.020403352701752767,-0.4795107576033927,1.032357608245698,0.005699122654557846,-0.39984720688781983,0.6818680812586223,-0.07636190558604844,-0.42701663915684673,0.6624099807628733,0.8312849769529127,0.028463895192110726,0.24502127962988737,0.6608072100885656,-0.431584438543446,0.9029411227497833,0.44324596788709525,-0.40087526336016244,1.197798145922604,0.2528572261136099,-0.38658422744826765,1.3926089271804356,0.4842603437553178,0.058320005726537956,1.2735210211071748,0.32348647684056236,-0.2947180998443768,1.422297761535013,0.2517904491219299,0.29354883710674884,1.158180059581403,0.3744442465881638,0.19281538955817945,1.2173356804626667,0.7470349760245013,-0.030131915356001755,0.2965017517670891,0.7688846704580925,-0.0760138477414649,0.6845482404263604,0.716851698444379,0.06809935851997093,0.25705772746872435,0.5223006081107436,0.04710946082822139,1.1854214995902106,0.643172319559072,-0.06549054317620416,0.6678257898384373,0.5825978213588133,-0.6125926744464217,0.8996041419095552,0.34754318008754426,-0.2600236920923587,1.292715056842526,0.7746562843291175,-0.17405153751768024,0.7380726280196613,0.8053384458781867,-0.04090769756708715,0.5305114009522445,0.7952967868340725,0.1927261308625044,0.1924194967904628,0.4315125668877797,-0.11895149188819311,1.2999610837721667,0.30930790828158516,0.21749930897887965,1.130471983887502,0.36053377863587127,0.28939252973392304,1.1580017962992586,0.34556412272500675,-0.2820302809508431,0.9642069381199136,0.4657562332634894,-0.5715113923644388,1.0121898737964252,1.1278448104858398,-19.448816299438477,4.202029228210449,-0.6279823184013367,-0.5272021889686584,-2.4723072052001953,632.2308959960938,-112.99150085449219,-1322.5518798828125,-139.34774780273438,118.46428680419922,-27.86433982849121,-2.2551746368408203,24.406492233276367,-3.514247179031372,-3.7594072818756104,0.21669995784759521,2.7220637798309326
0.25209985944806346,-0.38350948020322434,1.2494761809608004,0.24633562419292152,-0.24885217159591763,1.1440954378109105,0.03959293591956429,-0.5179874481546958,0.0780362497324383,0.39017911965878593,-0.46640335210901224,0.7776076977221381,0.12236027061840556,-0.27439853228283245,1.3865630914833371,-0.04604421834159174,-0.5620025111152637,0.9010851913137942,0.19813648628576702,-0.18613683735791423,1.419440456178804,-0.04217223946424509,-0.3371372614672642,0.6599264601800615,-0.05574144892369872,-0.4461092059284646,0.7909978722894428,0.11164622307317146,-0.5701506787183269,0.09048078605128045,0.18918850724369485,-0.3117597291110367,0.47292048439679557,0.14464715700473216,-0.483162147615919,0.038197948696054765,0.03820420870101018,-0.5900059314753046,0.8697373557169706,0.2898947609378802,-0.2709155536645296,0.40310097076245494,0.4886557897491171,-0.6371945604583286,0.866478422520966,0.12099045463251751,-0.3998517830738958,1.1607196881676352,0.2231432062061812,-0.36025883755739163,0.5260725983523376,0.1250393118783338,-0.3447880552501868,0.3826773919609209,0.0679691004511339,-0.34170048289149013,0.07147908075065013,0.020805695442643185,-0.4796072663554293,1.0319054422789062,0.005114404368985277,-0.4016969497038039,0.6805802730732406,-0.07697313346758189,-0.429084947369746,0.6615513692431103,0.8340675947287225,0.029576938087429026,0.24386148364437338,0.6613646619367284,-0.431593840485377,0.9023268228729829,0.4437351862326363,-0.4007361483396284,1.1971179134403633,0.2533380045302656,-0.3862782279584582,1.3919245689515247,0.4847927435936517,0.05834885867966327,1.2734578257759674,0.32388122947208137,-0.2943685320730241,1.4215678614101663,0.253668100233899,0.29498559863164725,1.158157328304076,0.37568783192642474,0.19348233237566537,1.2173975666627188,0.7495774277393391,-0.02915253958646332,0.2948932857900266,0.7703800751081366,-0.0762240971802481,0.682875388998859,0.7195889925127787,0.06922300959264995,0.2556811859769537,0.5231178233165614,0.04727026949087713,1.185424554229572,0.6445715625751887,-0.0655483358619821,0.6660628860557316,0.5829769933460563,-0.6125922182340495,0.898887709967348,0.34796369880043115,-0.2598010307017541,1.2920438295958059,0.7757211236764263,-0.1743393579362244,0.7366072937155401,0.8072865520486768,-0.04059676156188084,0.5290741732973137,0.7982331878499479,0.19402053925079224,0.19164191255506302,0.43196488161947555,-0.1189297746916283,1.2995128848694808,0.3109319747382442,0.2187709067485585,1.1304080744847556,0.3623704896462674,0.29026768391100777,1.1583974712731822,0.34610555755184186,-0.2819044159244228,0.9635025660525884,0.4662407605557252,-0.5713629249902751,1.011504761825334,1.2648100852966309,-19.47369956970215,4.502195835113525,-0.7313868403434753,-0.5121530294418335,-2.5040345191955566,637.2073364257812,-112.44200897216797,-1329.7689208984375,-139.58926391601562,119.16060638427734,-28.007003784179688,-2.158463478088379,24.338672637939453,-3.546050548553467,-3.696287155151367,0.22764244675636292,2.7295122146606445
0.25262489046482056,-0.3832492804685176,1.2487281513529898,0.24683392215643496,-0.248664678228612,1.1433381252730919,0.03968427261177277,-0.5179708856620536,0.07813175432137305,0.39066375604528464,-0.46611637469159056,0.7769305595499001,0.12275255871134876,-0.274192730914678,1.3857638867485602,-0.04575070146693301,-0.5624885756448404,0.9009702059606842,0.19849244598916033,-0.18583692235267718,1.4186098322963083,-0.04279310979097091,-0.33924561719231244,0.6583744851958674,-0.05584813195545941,-0.4472748384570443,0.7901424939269263,0.11173944412083026,-0.5700611420814565,0.09053064956767669,0.18960518286322914,-0.31123586837819084,0.47250213765150667,0.1446869367400542,-0.48310932615734886,0.03811572013509195,0.03844600249797302,-0.5905404536929352,0.8695822038397883,0.2903089422658579,-0.2705393173047249,0.4026590001504153,0.4890254110295251,-0.6370215964633108,0.8657744471600514,0.12154743539181763,-0.39970479343111154,1.1600300934141046,0.22357504592826033,-0.359750904586931,0.525681306984251,0.12541014311329415,-0.344308020658051,0.3823864673147139,0.0679792586146601,-0.34166203212264357,0.07143520998046887,0.02120803818353357,-0.4797037751074658,1.0314532763121145,0.004529686083412757,-0.4035466925197878,0.6792924648878591,-0.07758436134911527,-0.4311532555826451,0.6606927577233473,0.836850212504532,0.030689980982747233,0.24270168765885947,0.6619221137848911,-0.431603242427308,0.9017125229961825,0.4442244045781773,-0.40059703331909435,1.1964376809581228,0.25381878294692134,-0.38597222846864865,1.3912402107226138,0.4853251434319856,0.05837771163278858,1.2733946304447603,0.32427598210360037,-0.29401896430167146,1.4208379612853197,0.25554575134586804,0.2964223601565455,1.1581345970267491,0.37693141726468565,0.19414927519315123,1.2174594528627711,0.7521198794541768,-0.028173163816924973,0.2932848198129642,0.7718754797581805,-0.07643434661903127,0.6812025375713576,0.7223262865811783,0.07034666066532887,0.2543046444851832,0.5239350385223792,0.047431078153532855,1.1854276088689337,0.6459708055913053,-0.06560612854776003,0.6642999822730261,0.5833561653332994,-0.6125917620216774,0.8981712780251409,0.34838421751331805,-0.2595783693111496,1.2913726023490855,0.7767859630237351,-0.17462717835476854,0.735141959411419,0.8092346582191668,-0.04028582555667456,0.527636945642383,0.8011695888658231,0.19531494763908,0.1908643283196633,0.4324171963511713,-0.1189080574950635,1.299064685966795,0.31255604119490304,0.22004250451823726,1.1303441650820094,0.3642072006566634,0.2911428380880924,1.158793146247106,0.3466469923786769,-0.28177855089800247,0.9627981939852633,0.46672528784796097,-0.5712144576161113,1.0108196498542432,1.1419310569763184,-19.474199295043945,4.531857490539551,-0.6587026119232178,-0.5384467244148254,-2.5104916095733643,642.0863037109375,-112.03529357910156,-1337.013671875,-139.7553253173828,119.84364318847656,-28.188114166259766,-2.2028279304504395,24.301563262939453,-4.094463348388672,-3.6635918617248535,0.2273532748222351,2.714087963104248
0.25316027640704286,-0.38298665742013627,1.2479687783102327,0.24734046902285506,-0.24847234089840328,1.1425648633612702,0.03977784982555552,-0.517952148093293,0.07822774417254309,0.3911579582371459,-0.465820516231439,0.7762406124973928,0.12315473633984855,-0.2739810788670913,1.3849471890373735,-0.045450340240996416,-0.5629826841370159,0.9008569400634198,0.19885346014669397,-0.1855324564736016,1.417761283797144,-0.043427426799737046,-0.34139957313506014,0.6567935379135688,-0.05596078978543052,-0.448468429906084,0.7892716875336818,0.11183473988380653,-0.5699696550700838,0.09058124902627326,0.19003343283636678,-0.3107033579653462,0.4720777395051836,0.14472914511794285,-0.48305327228165623,0.03803099826323671,0.03869319379650401,-0.5910887306691794,0.8694273521568602,0.2907314224551055,-0.2701531771989848,0.4022029546021626,0.4894009829060921,-0.6368468774865005,0.8650555651116845,0.12211824618033223,-0.399553057521779,1.1593257767080472,0.22401847332617303,-0.3592345066713971,0.525277582422787,0.12578955475265616,-0.34381918318026905,0.3820900974289471,0.06799059490741088,-0.3416225577624428,0.07138974076470003,0.021619948117518845,-0.4798001155553275,1.0309964830906975,0.003934412095264014,-0.40543542550691697,0.6779882010837265,-0.07820967460260879,-0.43326817605866497,0.659818449951955,0.8396894266668533,0.031827262066156624,0.2415168429940742,0.6624914233060862,-0.43161260262625106,0.9010837560655266,0.4447255818457003,-0.4004535028673955,1.195743616448333,0.2543109913930198,-0.3856557221799497,1.390540316996985,0.48587458151460483,0.05840897269004228,1.2733305451885755,0.3246805971821412,-0.29365610094457273,1.4200951705705251,0.25746763803508893,0.29788962692417054,1.1581146047999527,0.378206821861646,0.19483183321869924,1.2175232006224574,0.754718525224174,-0.02717201075276104,0.2916436002447906,0.773408182212059,-0.07665383047270063,0.679493977238011,0.7251253602717885,0.07149373588232406,0.25289817238288215,0.5247670493970643,0.047592136885551424,1.185432065006913,0.6474055967583561,-0.06566485612104271,0.6624971775227035,0.5837412435092674,-0.6125918013962689,0.8974391072001678,0.3488187871824037,-0.259353877890189,1.2906829389120569,0.777874058544241,-0.17492257845618867,0.733643035324204,0.8112266806774581,-0.03997216704270699,0.5261669550707798,0.8041731259286008,0.19663658622183544,0.19007235940619813,0.4328795658140782,-0.11888388145887693,1.2986066872315691,0.3142328476965032,0.2213437910999683,1.13027570125283,0.3660865210440774,0.2920396275670323,1.1591987986833054,0.34719879545320737,-0.281650483706929,0.9620778006038919,0.46721598200055936,-0.5710675906858697,1.0101225389944797,1.0181688070297241,-19.42672348022461,4.4136857986450195,-0.5011351704597473,-0.5570996403694153,-2.493798017501831,647.5573120117188,-111.4413070678711,-1345.3936767578125,-139.85548400878906,120.65762329101562,-28.374340057373047,-2.3426570892333984,24.304336547851562,-4.499267578125,-3.6828176975250244,0.23636597394943237,2.704076051712036
0.2539165674258541,-0.38267233701336467,1.2469674119886185,0.24802299248461687,-0.24817666569292943,1.141451348137382,0.03991922483292241,-0.517887008900674,0.07833408628473218,0.39185623094340816,-0.46533519552638203,0.7752774093324776,0.12376789072688837,-0.27364461232494836,1.3837573078294465,-0.04500396618779925,-0.563648397164629,0.9007803558908551,0.19932230265922102,-0.1851309052859711,1.4165303434757208,-0.04434860635869544,-0.3445263337220575,0.65459451493838,-0.056200909977223684,-0.4502584783249342,0.7880717498182462,0.11197429624022237,-0.5698365600693305,0.0906475485851433,0.19070860235304227,-0.309986321045863,0.4715242448034666,0.14482316453725297,-0.4829282601740187,0.03789308575900976,0.039055531795155106,-0.5919304424958513,0.8692789046180169,0.2913309450181114,-0.269555757179955,0.4014466437480308,0.48990350083404816,-0.6366347188981164,0.8640186737310018,0.1229840975920885,-0.3993000679260848,1.1583073916814186,0.22470910447520132,-0.35853752326096927,0.5246086164026071,0.12635201501925256,-0.3431425508087045,0.38167756243257334,0.06802706462361954,-0.341561246786686,0.07131017137639571,0.02223595817086116,-0.4798928655141237,1.0304409751039467,0.0031139497854901664,-0.4081559488118088,0.6763328840795733,-0.07913547579125056,-0.4363774914812566,0.6586092888124732,0.8437360304080884,0.03348162449550932,0.23979762650483505,0.663313696518639,-0.4316210723081172,0.9001463586526202,0.4454818827821718,-0.4002157765508488,1.194754468684165,0.25504704046723065,-0.3851150708482755,1.3895089993413712,0.4867875021419777,0.05849160663536842,1.2732474748661977,0.32529561113048067,-0.2930095984248926,1.4190773806035124,0.26033321703901335,0.3000076722032975,1.158153045651139,0.3801610373108591,0.19584751568290565,1.2176266616543396,0.7585159775042373,-0.025706275403253,0.2893036373995789,0.7757365711477416,-0.07707031517727482,0.6770236269132982,0.729242399236224,0.0731405261780646,0.25085318058926553,0.525914701207584,0.04775853043064375,1.1854664197820701,0.6495987484786683,-0.06574352796109306,0.6598431521298872,0.5842523203780319,-0.6126024132927522,0.8963711735428564,0.34955311058372845,-0.25909034582163326,1.2895999700817842,0.7794582857596163,-0.17537967845896218,0.7314275291976552,0.8141555839421731,-0.03960042834183241,0.5239980222768343,0.8086088986586258,0.19853913561989917,0.18897351736067156,0.43355643620948914,-0.11880725017742606,1.29793962540216,0.3170347751568483,0.22327843900547897,1.1301100763264083,0.3688748414745392,0.2933979701522169,1.1598173036480581,0.3479717878119045,-0.28147543700325567,0.961015619189534,0.4678382358408921,-0.5709548665593002,1.0091694518430345,0.9902819395065308,-19.286949157714844,4.355348110198975,-0.47466570138931274,-0.5154815912246704,-2.4813380241394043,652.1353759765625,-110.55317687988281,-1352.369140625,-139.92947387695312,121.36842346191406,-28.485553741455078,-2.4038124084472656,24.309558868408203,-4.405763626098633,-3.7104408740997314,0.2503255307674408,2.7162063121795654
0.2546728584446654,-0.38235801660659297,1.245966045667004,0.24870551594637874,-0.24788099048745554,1.1403378329134934,0.04006059984028931,-0.5178218697080549,0.07844042839692128,0.39255450364967054,-0.464849874821325,0.7743142061675622,0.12438104511392825,-0.27330814578280543,1.3825674266215193,-0.04455759213460204,-0.564314110192242,0.9007037717182905,0.19979114517174806,-0.18472935409834054,1.4152994031542974,-0.04526978591765391,-0.3476530943090551,0.6523954919631908,-0.056441030169016866,-0.4520485267437846,0.7868718121028104,0.11211385259663821,-0.5697034650685772,0.09071384814401336,0.1913837718697178,-0.30926928412637966,0.4709707501017495,0.14491718395656308,-0.48280324806638114,0.037755173254782795,0.03941786979380624,-0.5927721543225232,0.8691304570791737,0.29193046758111735,-0.2689583371609252,0.400690332893899,0.4904060187620043,-0.6364225603097322,0.8629817823503192,0.12384994900384483,-0.3990470783303905,1.1572890066547898,0.22539973562422966,-0.3578405398505413,0.5239396503824272,0.126914475285849,-0.3424659184371399,0.38126502743619956,0.0680635343398282,-0.3414999358109291,0.07123060198809138,0.022851968224203524,-0.4799856154729199,1.029885467117196,0.0022934874757162492,-0.41087647211670075,0.6746775670754199,-0.08006127697989243,-0.43948680690384845,0.6574001276729913,0.8477826341493239,0.03513598692486217,0.23807841001559574,0.6641359697311919,-0.4316295419899833,0.8992089612397137,0.44623818371864343,-0.399978050234302,1.193765320919997,0.2557830895414415,-0.3845744195166013,1.3884776816857571,0.48770042276935066,0.05857424058069456,1.2731644045438197,0.32591062507882024,-0.2923630959052124,1.4180595906364997,0.263198796042938,0.30212571748242467,1.1581914865023253,0.38211525276007235,0.19686319814711215,1.2177301226862218,0.7623134297843009,-0.024240540053744836,0.286963674554367,0.7780649600834245,-0.07748679988184905,0.6745532765885853,0.73335943820066,0.0747873164738053,0.24880818879564873,0.5270623530181038,0.0479249239757361,1.1855007745572272,0.6517919001989806,-0.06582219980114343,0.6571891267370705,0.5847633972467965,-0.6126130251892355,0.8953032398855449,0.3502874339850533,-0.25882681375307753,1.2885170012515113,0.7810425129749916,-0.17583677846173576,0.729212023071106,0.8170844872068884,-0.039228689640957805,0.5218290894828885,0.8130446713886512,0.20044168501796306,0.18787467531514487,0.43423330660490006,-0.11873061889597518,1.297272563572751,0.3198367026171936,0.22521308691098982,1.1299444513999863,0.3716631619050012,0.2947563127374017,1.1604358086128108,0.3487447801706017,-0.2813003902995823,0.9599534377751762,0.46846048968122495,-0.5708421424327307,1.0082163646915892,1.0091472864151,-19.24471664428711,4.360590934753418,-0.601298987865448,-0.4974364638328552,-2.4948785305023193,657.4813232421875,-109.35893249511719,-1360.1170654296875,-140.07945251464844,122.15040588378906,-28.58965492248535,-2.3620989322662354,24.309906005859375,-4.067707538604736,-3.7120378017425537,0.21612712740898132,2.729649782180786
0.25543087681397697,-0.3820404889962531,1.2449626077879343,0.24939161548946076,-0.24758563205501102,1.1392241613754372,0.04020194262759575,-0.5177557571044821,0.07854446211200676,0.3932490488946043,-0.464368235788598,0.7733500974857255,0.12499711124707531,-0.2729734831693157,1.3813771491019142,-0.044111955590200744,-0.5649800766382785,0.9006292283140271,0.2002644327697375,-0.1843245029449463,1.4140695538741863,-0.04620096494523895,-0.35078062857223663,0.6502066957240074,-0.05668280813966366,-0.45384018093544914,0.7856811821855456,0.11225348730750431,-0.569569914546234,0.09078051283067426,0.19205999117813363,-0.3085519298417679,0.470416962903067,0.14501047844918358,-0.48268057356607047,0.037618700784957965,0.03978163430726291,-0.593612294323397,0.8689836737335912,0.2925218511496159,-0.2683631473819152,0.399934510324175,0.49090934233949673,-0.6362096256767678,0.861944439395374,0.1247174290829147,-0.3987950076725309,1.1562702411057932,0.2260914390647648,-0.357141999219427,0.5232718685604879,0.1274762577963191,-0.3417891834350611,0.38085285835708216,0.06809932156311756,-0.3414386970712649,0.0711508049376753,0.023473536558695975,-0.4800783291163034,1.0293284244095253,0.0014731000502908377,-0.41360875214172516,0.6730240224213,-0.08098636745222357,-0.44259674047792197,0.6561952509627437,0.8518378422749753,0.036786238410022876,0.23636310611734326,0.6649571163764852,-0.43163452499749644,0.8982714951433093,0.44699530569922846,-0.3997433523073891,1.1927773241965187,0.2565207929405945,-0.3840383111641107,1.387446796657234,0.4886152677188646,0.05865817003889589,1.273078185833053,0.32652669927931777,-0.29172230714204295,1.4170399280573358,0.2660655529293793,0.3042399247750541,1.1582333220551346,0.3840708079322284,0.19787733464051557,1.2178350758078873,0.7661192417144775,-0.02277713486098296,0.2846235913156674,0.7803904414176941,-0.07789954350681494,0.6720859428115239,0.737479035822761,0.07643179551062994,0.24676576414645113,0.5282093945717969,0.048095581423959984,1.185534685652777,0.6539862653277567,-0.06590204291193691,0.6545346497699914,0.5852793064338482,-0.6126162824251794,0.8942364193745796,0.35102045239991697,-0.2585631826066023,1.2874336376884916,0.7826275493924981,-0.17629319044533154,0.7269990290237578,0.8200180577916025,-0.03885555856966025,0.5196633634977783,0.8174821691007803,0.20234243285577028,0.18677789357719043,0.43491150053921124,-0.11865493447970081,1.2966043254397563,0.3226316152818945,0.22714661219656862,1.1297819132836449,0.37445301705638306,0.2961150409764801,1.1610576798584287,0.3495173035867956,-0.2811236213769344,0.9588917276717179,0.4690877412328657,-0.57072334810598,1.0072595275790486,1.0676203966140747,-19.386075973510742,4.367177486419678,-0.6967395544052124,-0.5401235222816467,-2.5368292331695557,662.1328125,-108.55992126464844,-1366.653076171875,-140.24197387695312,122.81135559082031,-28.678905487060547,-2.342716932296753,24.31108856201172,-3.911160469055176,-3.6904778480529785,0.1467820256948471,2.732881546020508
0.2562305675141069,-0.38164558759983014,1.2439091935852506,0.2501639879943914,-0.24729791577189966,1.1381067187580842,0.04034250810594353,-0.5176661609616501,0.07859280574696742,0.3938536691349863,-0.4639754171008306,0.7723641432081627,0.12568342325505827,-0.27268234033458283,1.3801773105630812,-0.04368411144550078,-0.5656521568037816,0.9006039184450314,0.2008449580545062,-0.18384004011750224,1.4128660259657349,-0.04737338115343978,-0.35392682777335294,0.6482646194909583,-0.056964580025153824,-0.45567057439625647,0.7847151028991536,0.1123950123194827,-0.569425374565535,0.09085598622528922,0.1927615367122833,-0.30782691912343174,0.46985611921509374,0.14508628408541743,-0.4826142938425209,0.037516969145084456,0.040179813490403386,-0.5944145140268944,0.8688770390504243,0.2929168814756223,-0.26782176214338144,0.39919046761579075,0.49143210221205325,-0.635977968968303,0.8608962022113484,0.12562420076092343,-0.3985651063899331,1.1552422954546695,0.22680901153790237,-0.35640589063925465,0.5226326555211024,0.1280216894402409,-0.3411099724718277,0.3804495170317738,0.0681186436447284,-0.3413792010273365,0.07106551553881327,0.024229198425934174,-0.4801701666503553,1.028734356559665,0.000654519209773198,-0.4166246630399431,0.6714132357117357,-0.08189431189355861,-0.4457215869564882,0.6550937361077758,0.8561006311746621,0.03833731336654803,0.2347421934766486,0.6657510845866424,-0.43155539198624376,0.8973323720575169,0.4477722353690507,-0.39958171428039374,1.1918170963296828,0.25729840692897504,-0.38361180218442387,1.38642634875727,0.4895765369400283,0.05877335374521103,1.2729160122524035,0.32716835206312844,-0.2912193627546955,1.415975088710027,0.26896072623153383,0.30626154064342664,1.1583570547845978,0.3860586839203802,0.19885417458829496,1.2179760255955703,0.7701267302036283,-0.021369944699725443,0.2822806035840749,0.7826457768678664,-0.0782220335862297,0.6696913832465545,0.7416603610610328,0.07802051542610514,0.2447852718563665,0.5293417136795473,0.04836910553523245,1.1855578929777966,0.6562099039357229,-0.06601014292940793,0.6518692785738321,0.5859117952995742,-0.6124421084756093,0.893196453519215,0.3517219880164064,-0.2582971612053202,1.2863407511979539,0.7842321078114162,-0.17673300396626357,0.724846638887134,0.8230642274712883,-0.0384488365619092,0.5175750017758238,0.8219612820061625,0.20419971805238557,0.18573081675941586,0.43562162484948996,-0.11860209318581007,1.2959077089827582,0.3252572960016742,0.22905305427628628,1.1296938444604936,0.3772798973499543,0.29748307311574346,1.1617607626299196,0.3502785137650982,-0.28090530392152585,0.9578413879437163,0.4698355625698108,-0.5704581101998588,1.006212222655088,1.0988633632659912,-19.603614807128906,4.356917858123779,-0.6614470481872559,-0.5809051990509033,-2.5715491771698,666.81396484375,-107.90897369384766,-1373.24072265625,-140.37147521972656,123.49066162109375,-28.760068893432617,-2.306544780731201,24.266925811767578,-3.9876742362976074,-3.662519931793213,0.15258750319480896,2.73199462890625
0.25703025821423686,-0.38125068620340713,1.2428557793825667,0.250936360499322,-0.24701019948878825,1.136989276140731,0.04048307358429132,-0.5175765648188181,0.0786411493819281,0.3944582893753683,-0.4635825984130632,0.7713781889306,0.1263697352630413,-0.27239119749984997,1.3789774720242483,-0.04325626730080078,-0.5663242369692847,0.9005786085760357,0.20142548333927496,-0.18335557729005814,1.4116624980572834,-0.048545797361640726,-0.3570730269744696,0.6463225432579092,-0.05724635191064401,-0.45750096785706396,0.7837490236127613,0.11253653733146111,-0.5692808345848361,0.09093145961990419,0.19346308224643302,-0.30710190840509555,0.4692952755271204,0.14516208972165126,-0.4825480141189714,0.037415237505210946,0.0405779926735439,-0.595216733730392,0.8687704043672574,0.2933119118016287,-0.2672803769048476,0.39844642490740645,0.49195486208460976,-0.6357463122598382,0.8598479650273229,0.12653097243893224,-0.3983352051073352,1.1542143498035455,0.22752658401103998,-0.3556697820590821,0.5219934424817168,0.1285671210841627,-0.3404307615085943,0.38004617570646554,0.06813796572633926,-0.3413197049834081,0.07098022613995122,0.024984860293172435,-0.4802620041844071,1.0281402887098048,-0.0001640616307445116,-0.4196405739381613,0.6698024490021712,-0.08280225633489374,-0.44884643343505476,0.6539922212528078,0.8603634200743492,0.03988838832307333,0.2331212808359538,0.6665450527967997,-0.4314762589749911,0.8963932489717243,0.44854916503887304,-0.39942007625339837,1.1908568684628469,0.2580760209173556,-0.38318529320473704,1.3854059008573065,0.4905378061611921,0.05888853745152618,1.2727538386717538,0.3278100048469392,-0.29071641836734796,1.4149102493627181,0.2718558995336886,0.3082831565117994,1.1584807875140612,0.3880465599085321,0.19983101453607444,1.2181169753832533,0.7741342186927794,-0.019962754538467804,0.27993761585248234,0.7849011123180389,-0.07854452366564448,0.667296823681585,0.745841686299305,0.07960923534158047,0.24280477956628171,0.5304740327872978,0.048642629646504947,1.1855811003028163,0.6584335425436891,-0.06611824294687896,0.6492039073776725,0.5865442841653002,-0.6122679345260392,0.8921564876638501,0.35242352363289586,-0.25803113980403797,1.2852478647074164,0.7858366662303343,-0.17717281748719563,0.7226942487505098,0.8261103971509743,-0.03804211455415812,0.5154866400538691,0.826440394911545,0.206057003249001,0.18468373994164122,0.4363317491597687,-0.11854925189191932,1.29521109252576,0.3278829767214541,0.2309594963560041,1.1296057756373425,0.3801067776435258,0.2988511052550069,1.1624638454014102,0.3510397239434008,-0.2806869864661173,0.9567910482157145,0.470583383906756,-0.5701928722937376,1.0051649177311273,1.0547525882720947,-19.575410842895508,4.261728763580322,-0.605774462223053,-0.5580115914344788,-2.529261827468872,672.048583984375,-107.02698516845703,-1380.646240234375,-140.42352294921875,124.2357406616211,-28.824169158935547,-2.2840754985809326,24.170574188232422,-4.030757427215576,-3.646735906600952,0.20084086060523987,2.7147703170776367
0.25782939490695655,-0.38085752592378896,1.241804286936261,0.25170960908891343,-0.24672390138175315,1.1358720877312667,0.04062173919542538,-0.5174855643155559,0.07869132600774038,0.395059666392819,-0.46320203662116005,0.7703989172810751,0.12705572519377362,-0.2720982973149281,1.3777801520777064,-0.04282476848595785,-0.5669974237680435,0.9005526037800391,0.20200308972340542,-0.1828737067959167,1.4104593155399854,-0.049714163210958374,-0.3602221126094557,0.6443827638760309,-0.05752742373143993,-0.45933161794349836,0.7827848018399928,0.11267920619259211,-0.5691361308887305,0.0910060734222859,0.1941656005747665,-0.3063764072313214,0.46873343089558434,0.14523763424217306,-0.48248196062662746,0.03731339892360154,0.040975698109543456,-0.5960176706511453,0.8686656513750948,0.2937184142947986,-0.26673629105288466,0.3977023901430187,0.4924821970083855,-0.6355127586631586,0.8587983863440571,0.1274376724482766,-0.3981053504525431,1.1531886533396134,0.22824530974523904,-0.3549334855861222,0.5213521598585394,0.1291159292720011,-0.3397495676547487,0.3796417412181564,0.06815767231465175,-0.3412597271188205,0.07089441217827482,0.02574018169108107,-0.480353871076707,1.0275480210386365,-0.000986142075618219,-0.4226555274121017,0.6681943915735018,-0.08370978181675959,-0.45197338023722544,0.6528959390738153,0.8646255651649257,0.04143867280876982,0.2315054007170612,0.667341006315307,-0.43139800222109487,0.895454859496742,0.4493273871623917,-0.39925462683502416,1.1898946760111297,0.25885473773968926,-0.38275651845908326,1.3843861161083575,0.4914989534592786,0.059001913078326654,1.2725907960869618,0.3284538615717003,-0.2902107830375236,1.413846234809484,0.2747549004606062,0.31030605688987173,1.1586102357763328,0.3900358433656344,0.20080817500684428,1.2182581752341315,0.7781417962928479,-0.018554758579649173,0.2775988816129452,0.787160204933179,-0.07887240279687947,0.6649022475378404,0.7500241996831449,0.08119861573128895,0.24082777710841205,0.531609841727263,0.048914854741649104,1.1856047897938862,0.6606583513368832,-0.06622721386814354,0.6465405677722781,0.5871768048070124,-0.6120985767107137,0.8911142947263276,0.35312607193624734,-0.25775764206584717,1.2841580701584847,0.7874426131216894,-0.1776120036050973,0.720542391897827,0.8291563844641311,-0.037636144247078764,0.513398101491644,0.8309224298260857,0.20791348420231537,0.18364164107386646,0.43704367295795715,-0.11849580037820813,1.2945159557244637,0.330514130164061,0.2328645520356316,1.1295204050098824,0.3829372033772877,0.30021832330732146,1.1631665717292305,0.3518015306122255,-0.2804677627043219,0.9557395631706479,0.4713304678335884,-0.5699303553791236,1.0041190482528004,1.0622960329055786,-19.239652633666992,4.181679725646973,-0.6041308045387268,-0.4854101538658142,-2.443861246109009,676.9588012695312,-106.00940704345703,-1387.8955078125,-140.43557739257812,124.93827819824219,-28.863134384155273,-2.333693027496338,24.116329193115234,-4.0295515060424805,-3.6430342197418213,0.21547915041446686,2.6890056133270264
0.25861317768002184,-0.3805126194527607,1.2408060545952904,0.2525071377391057,-0.24647690701168895,1.1347619445118684,0.040707751343779214,-0.5173556429660873,0.07879230266572623,0.3955711598033147,-0.4631611659432089,0.7696048498943152,0.12773278898355975,-0.271756693424768,1.3766526331175242,-0.042291983098581155,-0.5677012801170349,0.9005073395785906,0.20249980086127653,-0.1824636809675899,1.4092657052917985,-0.05077027625694177,-0.3634511936974051,0.6425066400837425,-0.05778909375928095,-0.46116938022588255,0.7818720597305046,0.1128535760159524,-0.5689868899370661,0.0910568642399169,0.194895079199052,-0.3056373134354093,0.4681438458281637,0.14530594212724673,-0.48242217697055134,0.03720859652816855,0.04136027398192329,-0.5967830561644194,0.8686130481050504,0.2944428597064997,-0.26611735962874056,0.39695857554082054,0.4931363262088093,-0.6352266341645196,0.857711628967563,0.12834238621178048,-0.397876788054081,1.1522252914921338,0.22899599728600076,-0.3541919817987657,0.5206535201988473,0.12975831596267143,-0.33901341940393515,0.37920701049811006,0.06818803523155238,-0.3411863959388228,0.07079406033288564,0.02648606722471333,-0.4804465516118814,1.0270056440340762,-0.0019052115555032076,-0.42564394655606597,0.6666619742153497,-0.08460569613619354,-0.4551585360078621,0.6519446767718587,0.8688698675458794,0.042967049960071634,0.23002899334525434,0.6681919812366662,-0.4313440303139339,0.8945368015213518,0.4501414287169248,-0.3989835474270069,1.1888780364927078,0.2596640188172953,-0.38226494962805946,1.3833847101161023,0.4924567217463689,0.05906517907286322,1.272403669673086,0.3291587989456606,-0.2896305701590532,1.4128050788348874,0.27775998127381524,0.3123645565367692,1.1588980859478577,0.3920641338193653,0.20179421854334947,1.2184063054078462,0.7821518435383473,-0.017124430516993805,0.27537802986751336,0.7895234246917118,-0.07934963564999055,0.6625072119251783,0.754239641672728,0.08280630069260561,0.23894749285764258,0.5328423688743288,0.049151078532665766,1.1856418421726354,0.6629155909778266,-0.0663603212659722,0.643933532253796,0.5878102060974828,-0.6120626946158757,0.8900103797975755,0.3538566861326331,-0.2572769429904736,1.2831539665626375,0.789087040534872,-0.1780338016961584,0.7184053146286516,0.8321973176191974,-0.03725100678718644,0.5113046619276338,0.8354854461373081,0.20974767612700426,0.18273750253465795,0.4378054682782154,-0.11842543705804459,1.2938618265240398,0.33329695621073635,0.2347311846270466,1.1295098129487195,0.3858658884534772,0.30156297952134087,1.163859419475328,0.35257986858980545,-0.2802234213083785,0.9546563364812081,0.4720571149658683,-0.5697432488005683,1.0031129611249001,1.109431505203247,-19.117219924926758,4.242319107055664,-0.5963668823242188,-0.4569994807243347,-2.4254488945007324,681.9052734375,-104.79475402832031,-1395.213623046875,-140.40283203125,125.64293670654297,-28.89438819885254,-2.3322105407714844,24.185829162597656,-3.9258999824523926,-3.651576519012451,0.2130620926618576,2.7061288356781006
0.2593969604530871,-0.3801677129817325,1.2398078222543198,0.2533046663892979,-0.24622991264162475,1.1336518012924701,0.04079376349213304,-0.5172257216166187,0.07889327932371208,0.3960826532138104,-0.4631202952652578,0.7688107825075554,0.1284098527733458,-0.27141508953460797,1.3755251141573421,-0.041759197711204496,-0.5684051364660262,0.9004620753771422,0.2029965119991476,-0.18205365513926314,1.4080720950436119,-0.05182638930292508,-0.3666802747853542,0.6406305162914543,-0.05805076378712194,-0.46300714250826663,0.7809593176210164,0.11302794583931268,-0.5688376489854017,0.09110765505754789,0.1956245578233374,-0.30489821963949715,0.46755426076074313,0.1453742500123204,-0.4823623933144753,0.03710379413273556,0.04174484985430309,-0.5975484416776934,0.868560444835006,0.2951673051182007,-0.26549842820459646,0.39621476093862235,0.4937904554092331,-0.6349405096658808,0.8566248715910691,0.1292470999752843,-0.3976482256556189,1.1512619296446542,0.22974668482676242,-0.3534504780114092,0.5199548805391552,0.1304007026533417,-0.3382772711531217,0.3787722797780637,0.068218398148453,-0.34111306475882497,0.07069370848749648,0.027231952758345522,-0.48053923214705574,1.026463267029516,-0.002824281035388118,-0.42863236570002994,0.6651295568571977,-0.0855016104556274,-0.45834369177849854,0.6509934144699021,0.8731141699268326,0.04449542711137332,0.22855258597344763,0.6690429561580253,-0.431290058406773,0.8936187435459617,0.4509554702714578,-0.3987124680189897,1.1878613969742857,0.26047329989490126,-0.3817733807970357,1.382383304123847,0.4934144900334591,0.059128445067399775,1.27221654325921,0.32986373631962085,-0.2890503572805828,1.411763922860291,0.28076506208702406,0.3144230561836664,1.1591859361193828,0.394092424273096,0.20278026207985458,1.218554435581561,0.7861618907838465,-0.015694102454338558,0.2731571781220817,0.7918866444502444,-0.07982686850310157,0.6601121763125163,0.7584550836623106,0.08441398565392214,0.23706720860687328,0.5340748960213945,0.0493873023236824,1.1856788945513845,0.6651728306187698,-0.06649342866380087,0.6413264967353141,0.5884436073879532,-0.6120268125210376,0.8889064648688235,0.35458730032901886,-0.25679624391510003,1.2821498629667902,0.7907314679480545,-0.17845559978721945,0.7162682373594765,0.8352382507742633,-0.036865869327294146,0.5092112223636237,0.8400484624485303,0.211581868051693,0.1818333639954495,0.4385672635984736,-0.11835507373788105,1.293207697323616,0.3360797822574114,0.23659781721846143,1.1294992208875567,0.3887945735296664,0.3029076357353601,1.1645522672214255,0.35335820656738526,-0.27997907991243515,0.9535731097917683,0.4727837620981481,-0.5695561422220129,1.002106873997,1.0752991437911987,-19.36295509338379,4.265626907348633,-0.5685158967971802,-0.49487802386283875,-2.4808757305145264,686.2781982421875,-103.72827911376953,-1401.2342529296875,-140.34425354003906,126.2460708618164,-28.917316436767578,-2.2648985385894775,24.287517547607422,-3.7214088439941406,-3.6462647914886475,0.20836958289146423,2.747990846633911
0.26017466828917823,-0.3798249348109921,1.2388183636381136,0.2540933689139536,-0.24598404651643427,1.1325530962438772,0.040879748107877784,-0.517094825079899,0.07899224528709783,0.3965378418466114,-0.46314792127798715,0.768032114434716,0.12907982750838953,-0.27107772063340574,1.3744083500855806,-0.041231426515227924,-0.5691018657179068,0.9004186449066692,0.20349206928385802,-0.18164735657489853,1.4068913191359564,-0.05287293591444063,-0.36987750538137565,0.6387760023407589,-0.05830800946530522,-0.4648269422796388,0.7800559040331683,0.11320224128022098,-0.5686896626917731,0.09115768473175977,0.1963473722239993,-0.30416660316732547,0.466971210099214,0.14544223594349742,-0.4823028361363127,0.03700000215445134,0.04212675354634688,-0.5983062234540648,0.8685091056965835,0.29588272072226796,-0.2648883593200848,0.395478174386435,0.4944364536084876,-0.6346596643229984,0.8555502457334506,0.13014350821640316,-0.39742145820563995,1.1503078388852,0.23048977233124093,-0.3527136159851062,0.5192628605476278,0.1310357612292498,-0.3375505582978394,0.378342324633472,0.06824864664219862,-0.3410406344576387,0.07059439089124567,0.027968650227350886,-0.48063264836538705,1.0259257227379754,-0.0037346471375507948,-0.43159041844851126,0.6636143624782562,-0.08638844952381997,-0.4614964908124594,0.6500548574308687,0.8773179981882208,0.04601058676000063,0.22709172830873772,0.6698861739888097,-0.4312378299354717,0.8927101117885665,0.4517607543839524,-0.39844428782431496,1.1868552009001474,0.26127544736230607,-0.38128688832781965,1.3813918276338388,0.4943612745858186,0.05919071870381074,1.2720320386602388,0.3305623163253266,-0.28847596236806833,1.4107326336254347,0.2837388131594815,0.3164584139324971,1.1594708767158306,0.3961008139793446,0.2037560880578906,1.2187020044453096,0.7901321963363924,-0.014278564898186213,0.27095964353605617,0.7942249930852295,-0.08029703332098903,0.6577413930798209,0.7626279667513258,0.08600496365041128,0.23520678498887074,0.5352950749413067,0.04962060232924309,1.1857159741666932,0.6674065668851333,-0.06662657736054318,0.6387449214790042,0.5890702149331175,-0.611990301616934,0.8878134208799199,0.3553111059776205,-0.2563253695404293,1.2811540724425916,0.7923598950667097,-0.17887322905639938,0.714152684669621,0.8382492385163212,-0.0364862663659039,0.5071399427012893,0.8445658391674622,0.21339704693350567,0.1809391657642971,0.4393210987381588,-0.11828551197190158,1.2925587525430895,0.33883438145877504,0.23844544209589227,1.1294890409273817,0.391696173327648,0.3042383426862047,1.1652376355714356,0.354131441538697,-0.27973716316238934,0.9525011460117947,0.4735042031434987,-0.569369106695352,1.0011108596593339,1.0010349750518799,-19.631454467773438,4.25173807144165,-0.5818668007850647,-0.5193781852722168,-2.531858444213867,690.4660034179688,-102.74592590332031,-1406.7799072265625,-140.25103759765625,126.81639099121094,-28.907329559326172,-2.2181239128112793,24.28844451904297,-3.8650717735290527,-3.637686252593994,0.18706198036670685,2.760218620300293
0.2607549406736102,-0.37955132639960737,1.23811405107675,0.25459522235867205,-0.2457748483496391,1.131826131746469,0.040964837913827,-0.5169322349575182,0.07902586367598038,0.39516312520432945,-0.4654016897378378,0.7677539240642889,0.12951940796430536,-0.2708779888733333,1.3736411198874972,-0.040866616539755804,-0.5695669643136839,0.9004348106929009,0.20395012634084714,-0.18136219408930532,1.4061276592955685,-0.05360857340575054,-0.3720395949897387,0.6376238082418378,-0.058421463779611695,-0.46606296044311774,0.7794556673986233,0.11337411929143976,-0.5685824527843109,0.09118297724485003,0.19685359935689445,-0.3036779997167208,0.46660052762915755,0.14549975837303314,-0.48225063949033914,0.036929048733502036,0.042421811377469275,-0.5988168837810983,0.8684988508358696,0.296304667578233,-0.26456632297362714,0.3949764994596014,0.4948181942697392,-0.634550391542201,0.8548698942392867,0.13076998698000875,-0.3972530265813632,1.1496550584865721,0.23098585865651536,-0.35212761119304115,0.5187859797714562,0.131432656075386,-0.3371304957973247,0.37806757569115684,0.06827517638340691,-0.34099748271782665,0.0705286863919915,0.028406735595981805,-0.4807499742863194,1.0255452416195774,-0.0043621534637378985,-0.4335615633437965,0.6626589149236679,-0.08698034292666722,-0.463597695904457,0.6495292214368353,0.8802064175637352,0.04709617757170602,0.22613623612467817,0.670477286375911,-0.4312422631296101,0.892107832116007,0.4522814216301931,-0.3982703320632707,1.1861884167652257,0.261845752498172,-0.380965377617356,1.3807230599668643,0.4949510877594253,0.059220740701139765,1.271932743045668,0.331054281862761,-0.2880906513491214,1.4100220134321428,0.28569434765750995,0.31774165999415693,1.1596612561222732,0.3974624293924167,0.20439984338567746,1.2188313307351624,0.7928108968679478,-0.013343718803382875,0.26951991663073865,0.7957550302049182,-0.08053748699410862,0.6561588121960494,0.7654176855718853,0.08705296529000563,0.23399183193579415,0.5361139364787285,0.04975887930748479,1.1857539389701868,0.6688764434776558,-0.06676106827197881,0.6369908047432932,0.5894760257558317,-0.6119333544116936,0.8870736824360904,0.3558136338232369,-0.2561737979386027,1.2804284567469792,0.7934683126132219,-0.17915537161444198,0.7127366808076568,0.8402870003356049,-0.0362865346058315,0.5057888598434183,0.8475999291369457,0.21459430192183973,0.18036802754496897,0.4398162280092176,-0.11824200071690492,1.2920783014092225,0.3406716081875049,0.2396753162688372,1.1294922542493075,0.39371750158387303,0.30511569858386817,1.1656799235486037,0.3547388288062929,-0.27957404740401454,0.9517952267894682,0.47402294636364806,-0.5691843803552602,1.0004422110042825,1.025409460067749,-19.518497467041016,4.444465160369873,-0.6242995858192444,-0.49354153871536255,-2.5104660987854004,695.0283203125,-101.61911010742188,-1413.168701171875,-140.12701416015625,127.4807357788086,-28.856611251831055,-2.163158655166626,24.222461700439453,-4.374940395355225,-3.6715078353881836,0.18378068506717682,2.7580699920654297
0.2613352130580422,-0.37927771798822263,1.2374097385153866,0.25509707580339036,-0.24556565018284401,1.1310991672490607,0.0410499277197762,-0.5167696448351374,0.07905948206486291,0.39378840856204766,-0.4676554581976883,0.7674757336938618,0.12995898842022116,-0.27067825711326093,1.372873889689414,-0.040501806564283704,-0.570032062909461,0.9004509764791324,0.20440818339783623,-0.18107703160371214,1.4053639994551805,-0.054344210897060374,-0.37420168459810155,0.6364716141429169,-0.05853491809391817,-0.46729897860659664,0.7788554307640784,0.1135459973026585,-0.5684752428768487,0.09120826975794027,0.19735982648978956,-0.30318939626611624,0.4662298451591012,0.14555728080256886,-0.4821984428443656,0.03685809531255274,0.04271686920859165,-0.5993275441081318,0.8684885959751558,0.296726614434198,-0.2642442866271695,0.39447482453276783,0.49519993493099085,-0.6344411187614036,0.8541895427451229,0.1313964657436143,-0.3970845949570864,1.1490022780879445,0.23148194498178973,-0.35154160640097615,0.5183090989952845,0.1318295509215222,-0.33671043329680994,0.3777928267488417,0.0683017061246152,-0.34095433097801464,0.07046298189273734,0.02884482096461268,-0.4808673002072517,1.0251647605011796,-0.004989659789924949,-0.4355327082390816,0.6617034673690796,-0.08757223632951443,-0.4656989009964544,0.649003585442802,0.8830948369392494,0.048181768383411316,0.2251807439406187,0.6710683987630124,-0.43124669632374846,0.8915055524434475,0.4528020888764337,-0.3980963763022265,1.185521632630304,0.2624160576340378,-0.3806438669068924,1.3800542922998895,0.495540900933032,0.05925076269846878,1.271833447431097,0.33154624740019534,-0.2877053403301745,1.4093113932388508,0.2876498821555383,0.3190249060558167,1.159851635528716,0.3988240448054888,0.20504359871346425,1.218960657025015,0.7954895973995031,-0.012408872708579616,0.2680801897254212,0.7972850673246067,-0.08077794066722818,0.6545762313122782,0.7682074043924444,0.08810096692959987,0.23277687888271767,0.5369327980161502,0.04989715628572646,1.1857919037736804,0.6703463200701782,-0.0668955591834144,0.6352366880075822,0.589881836578546,-0.6118764072064532,0.8863339439922611,0.3563161616688532,-0.256022226336776,1.279702841051367,0.7945767301597342,-0.17943751417248452,0.7113206769456928,0.8423247621548885,-0.03608680284575912,0.5044377769855475,0.850634019106429,0.2157915569101737,0.1797968893256409,0.4403113572802764,-0.11819848946190828,1.2915978502753556,0.3425088349162347,0.24090519044178205,1.1294954675712332,0.3957388298400979,0.3059930544815316,1.1661222115257717,0.3553462160738888,-0.2794109316456397,0.9510893075671417,0.4745416895837973,-0.5689996540151685,0.9997735623492311,1.0705831050872803,-19.268821716308594,4.604399681091309,-0.6538324952125549,-0.5049677491188049,-2.4394571781158447,698.81494140625,-100.5066146850586,-1418.5250244140625,-139.96055603027344,128.0418701171875,-28.825824737548828,-2.136516809463501,24.19462776184082,-4.680211544036865,-3.7315585613250732,0.2162768393754959,2.7580695152282715
0.2619215485374659,-0.37900222053393623,1.2366970457778073,0.2556057075494962,-0.24535364818000635,1.1303630824515363,0.041137915388341766,-0.5166087693331257,0.07909414094459537,0.3924592981077977,-0.4698489795852181,0.7671797857774014,0.1304064243045074,-0.2704760893587245,1.372097475047143,-0.040131829136254786,-0.5705026384221007,0.9004686600127757,0.20486919354918776,-0.1807891328800593,1.4045910772108874,-0.0550881100522465,-0.3763905864282948,0.6353084055201108,-0.05865212051901004,-0.46854997564427897,0.7782498292180876,0.11371849424248894,-0.5683673870879293,0.0912346350806241,0.19787276494285916,-0.30269618283044425,0.4658547239193064,0.1456140469488324,-0.4821470867324349,0.03678613131409449,0.04301563558470926,-0.5998450421931728,0.8684789712065892,0.2971572945054793,-0.2639151608805783,0.39396618874065137,0.49558818769573376,-0.6343281251310513,0.8535014648508552,0.1320303953345248,-0.3969133691183779,1.1483425010513786,0.23198448999828059,-0.3509540211976759,0.5178240186331288,0.1322325352604026,-0.3362840350890002,0.37751395556310946,0.06832865489930506,-0.3409108402614562,0.07039657995006107,0.029291921350734895,-0.48098427136212785,1.024781231059144,-0.005623611770354389,-0.4375268564318978,0.6607394393114066,-0.08817106598852484,-0.4678263582831976,0.6484754858230124,0.8860181783208783,0.04927902715589034,0.2242150660480885,0.6716632561770496,-0.4312496004219087,0.8908955715349968,0.4533312983860243,-0.3979196265734584,1.1848464327932193,0.262993268125894,-0.3803183101857735,1.3793762572948507,0.49613957018252236,0.0592817265342995,1.2717335153099716,0.3320443648474895,-0.28731519728899,1.4085921718190049,0.28963210132737816,0.32032298592739544,1.1600450079962117,0.4002025158002676,0.20569393127564561,1.2190919994123723,0.7982032011873674,-0.011463933420793139,0.2666236417775123,0.7988363371187488,-0.08102282977952861,0.6529751409165907,0.7710338160889038,0.0891604660856013,0.23154879997897626,0.5377625694732792,0.05003907245318621,1.1858302139683274,0.671837793971529,-0.06703248467074324,0.633461968196149,0.5902940711832994,-0.6118161837194139,0.8855869493737126,0.3568266618824163,-0.2558627265277288,1.2789707201600864,0.795699888013846,-0.17972595900889263,0.7098879142115448,0.844390142437638,-0.035883407965795894,0.5030719572739886,0.8537080357998411,0.21700248593427485,0.17922047365284124,0.44081320490268683,-0.11815288593832231,1.2911130403051314,0.3443698396055114,0.24215012835647093,1.12949981772347,0.3977835926393799,0.3068777084942685,1.1665710787109982,0.35596079635896427,-0.2792466430375908,0.9503749529060149,0.4750654866166462,-0.5688145734024364,0.9990968048967274,0.9966180920600891,-19.263174057006836,4.365022659301758,-0.6516308784484863,-0.5882110595703125,-2.3886659145355225,703.3711547851562,-99.17181396484375,-1424.8173828125,-139.76058959960938,128.66387939453125,-28.816791534423828,-2.1912074089050293,24.25589370727539,-4.311115741729736,-3.755463123321533,0.22260408103466034,2.7584915161132812
0.26274555734056504,-0.3786526725979041,1.2356558501325696,0.2563800487099893,-0.24503173580430204,1.1292694818894595,0.0413394992714686,-0.5165151069495851,0.0791695870656446,0.3929179502244027,-0.46968081573776854,0.7661877420564361,0.13116179298091404,-0.27017843062119773,1.3709610301927226,-0.03955928756799923,-0.5711879090757559,0.9005458392449562,0.20544596499954623,-0.18039397362446946,1.4034550687335186,-0.056155866431380666,-0.37963052735423386,0.6337134275610085,-0.058916248886889164,-0.47038814455073386,0.7774339231434247,0.11391525318389695,-0.5682342127458939,0.09130305453937575,0.19864878714676718,-0.302022257980132,0.4653056029057661,0.14564116679082642,-0.4821286795549835,0.0366745526772856,0.043459776924639315,-0.6006305803921048,0.8684940460501918,0.29793031661715724,-0.26330813064875197,0.39318468702944703,0.4962317149173345,-0.6340692741981405,0.852510512072519,0.13295639735578693,-0.39663261007394224,1.1474084558076416,0.23274021571045675,-0.35030448387395474,0.517017514500397,0.13287422771485433,-0.3356092771552257,0.3770734924354301,0.06837202978647308,-0.34085406165644033,0.07030283822523838,0.030092410422516126,-0.4810873356875994,1.0242782073305143,-0.006510233397083602,-0.4404227338879312,0.6594390555328092,-0.08904179688913137,-0.4709829016039701,0.647850812073575,0.8903104623421925,0.05083366999069575,0.22285010838350722,0.6724049186469703,-0.4311925639577259,0.889983702179612,0.4541953646189329,-0.39763335330991556,1.1838413374313457,0.26384116857257106,-0.3798341498469675,1.3783349426376899,0.4970853976066538,0.05934961043939685,1.2716086321319175,0.3327836371612864,-0.28673563897609716,1.4075357823182417,0.2926603597126258,0.32220255114779556,1.1603557084569867,0.40224172559794985,0.2066020914260914,1.219302372821909,0.8022850126225425,-0.01012334096806738,0.26450770896002174,0.8012199277514652,-0.08144158810771851,0.6506484776537941,0.7752985885206434,0.09067066788476023,0.2298061877291725,0.53902000978293,0.05032364483799364,1.1858820634961917,0.6741758823789507,-0.06726484553308675,0.6308796078164058,0.5909581180439879,-0.6116275299858573,0.8845555127061756,0.35764967891948896,-0.25539244099563324,1.2779835955986125,0.7974008659258582,-0.1802614531572291,0.7077982036877943,0.847538166488243,-0.03553641878611207,0.5011284528978615,0.8583471800712557,0.21874943716044445,0.17843718180395915,0.44157841189807606,-0.11802526548603513,1.2904573639497063,0.34716294034822076,0.2439855649475229,1.129548731623896,0.4007469895264958,0.30804844861788455,1.1672778508521073,0.35685734292924004,-0.2790363787223172,0.9493299290439152,0.47578739310731943,-0.5686156053022043,0.9981021825840932,0.9499732255935669,-19.418088912963867,4.060278415679932,-0.6487945914268494,-0.6626957654953003,-2.414660692214966,707.3331298828125,-98.0211410522461,-1430.274169921875,-139.5988006591797,129.16537475585938,-28.769039154052734,-2.2399697303771973,24.307029724121094,-3.6712119579315186,-3.7223362922668457,0.19493144750595093,2.75848650932312
0.2635695661436643,-0.37830312466187194,1.234614654487332,0.25715438987048256,-0.24470982342859768,1.1281758813273828,0.04154108315459544,-0.5164214445660446,0.07924503318669385,0.3933766023410077,-0.46951265189031893,0.7651956983354707,0.1319171616573207,-0.2698807718836709,1.369824585338302,-0.038986745999743624,-0.5718731797294111,0.9006230184771368,0.20602273644990476,-0.17999881436887957,1.4023190602561497,-0.057223622810514914,-0.3828704682801732,0.6321184496019061,-0.05918037725476831,-0.47222631345718896,0.7766180170687619,0.11411201212530499,-0.5681010384038584,0.0913714739981274,0.19942480935067528,-0.3013483331298197,0.4647564818922258,0.14566828663282047,-0.48211027237753207,0.036562974040476696,0.043903918264569415,-0.6014161185910369,0.8685091208937942,0.2987033387288352,-0.26270110041692557,0.39240318531824264,0.4968752421389352,-0.6338104232652298,0.8515195592941828,0.13388239937704915,-0.3963518510295066,1.1464744105639046,0.23349594142263297,-0.3496549465502335,0.5162110103676651,0.1335159201693061,-0.3349345192214511,0.37663302930775067,0.06841540467364109,-0.3407972830514245,0.07020909650041568,0.030892899494297427,-0.481190400013071,1.0237751836018847,-0.00739685502381289,-0.4433186113439647,0.6581386717542118,-0.08991252778973798,-0.47413944492474286,0.6472261383241376,0.894602746363507,0.052388312825501306,0.22148515071892586,0.6731465811168911,-0.43113552749354317,0.8890718328242271,0.4550594308518416,-0.3973470800463727,1.1828362420694718,0.2646890690192481,-0.3793499895081615,1.377293627980529,0.49803122503078534,0.0594174943444942,1.2714837489538635,0.33352290947508334,-0.2861560806632042,1.4064793928174784,0.2956886180978736,0.3240821163681958,1.1606664089177618,0.40428093539563226,0.2075102515765373,1.2195127462314455,0.8063668240577179,-0.008782748515341504,0.26239177614253095,0.8036035183841819,-0.08186034643590843,0.6483218143909973,0.7795633609523834,0.09218086968391931,0.22806357547936856,0.5402774500925809,0.050608217222801094,1.185933913024056,0.6765139707863724,-0.06749720639543028,0.6282972474366625,0.5916221649046765,-0.6114388762523006,0.8835240760386385,0.3584726959565617,-0.25492215546353764,1.2769964710371384,0.7991018438378706,-0.18079694730556561,0.7057084931640436,0.8506861905388483,-0.03518942960642822,0.4991849485217341,0.8629863243426706,0.2204963883866142,0.17765388995507697,0.4423436188934654,-0.11789764503374794,1.289801687594281,0.3499560410909304,0.24582100153857503,1.1295976455243217,0.403710386413612,0.3092191887415008,1.1679846229932165,0.35775388949951586,-0.2788261144070436,0.9482849051818153,0.47650929959799276,-0.5684166372019723,0.997107560271459,1.0481148958206177,-19.455854415893555,4.154341220855713,-0.6771543025970459,-0.6309925317764282,-2.49074387550354,711.9465942382812,-96.5255126953125,-1436.36181640625,-139.4064178466797,129.72348022460938,-28.646305084228516,-2.242063045501709,24.310592651367188,-3.5334887504577637,-3.6398959159851074,0.19949208199977875,2.7588346004486084
0.2643950151291904,-0.37795234417283774,1.233575071720098,0.2579295623381406,-0.24438789368465247,1.1270825476046429,0.04174337462084183,-0.5163291696681093,0.07932106760756069,0.3938800615585403,-0.46929021485593936,0.7642052094667953,0.13267312134733264,-0.2695827501893833,1.3686899270442938,-0.038415169676408074,-0.5725575259189732,0.900700976122294,0.20660137636772055,-0.1796028623912508,1.4011831954615006,-0.05829222821044606,-0.3861112695261343,0.6305266859515614,-0.05944520375685187,-0.4740663289234338,0.775804342418317,0.11430789490803978,-0.5679678206412208,0.09144039718520562,0.20020119628764146,-0.3006731283585757,0.46420716923593686,0.14569771832582967,-0.48209267519167714,0.03645274181239652,0.04434884233486573,-0.6022030486176345,0.8685258137469261,0.29947552578338726,-0.2620962422020388,0.39162326885374965,0.4975188110048408,-0.63355289310809,0.850527291266334,0.13480890182075123,-0.3960715143491101,1.1455406211069878,0.23425079023601203,-0.34900414568698956,0.515405542013661,0.13415805196130512,-0.3342594731327714,0.3761933779479652,0.06845892610534138,-0.3407405099726671,0.0701155195765148,0.031693065995412155,-0.4812930277641246,1.0232746601104736,-0.008284016290297177,-0.4462164823977363,0.6568401076935775,-0.09078316439855967,-0.4772964514643941,0.6466038002083633,0.8988965351060526,0.05394267268626895,0.2201214748502567,0.6738914989477751,-0.43107828754462946,0.8881595493941907,0.4559224563718632,-0.39706173756264695,1.181831775122131,0.26553757301229514,-0.37886629219086754,1.376253208577238,0.49897805823395586,0.059486393576228855,1.2713586549885225,0.33426244803611804,-0.28557599400052963,1.4054236609414714,0.29871921764304304,0.3259623542131967,1.1609774654274745,0.4063206099911241,0.20841776811523943,1.2197223917537967,0.8104496878503964,-0.007443660165534806,0.2602774818606724,0.8059884203190835,-0.08228027835389636,0.6459951732332343,0.7838301536263219,0.09369018698567586,0.22632161187415092,0.5415348801391804,0.05089052431038674,1.1859851925578337,0.6788516984080637,-0.06772911627561051,0.6257151104756539,0.5922860830824896,-0.6112523434177929,0.8824937746224814,0.3592943138634132,-0.2544534883357042,1.276008015436842,0.8008032105616386,-0.18133129436053977,0.7036196924992745,0.8538330284175494,-0.03484327943119782,0.4972423036761631,0.867625825057756,0.22224240014884644,0.1768718192119472,0.44310867292991535,-0.1177702270793599,1.2891461225534906,0.3527508220135771,0.24765504097306965,1.1296481036192534,0.40667475888271204,0.31039099602509806,1.1686938630034591,0.35865121231173835,-0.27861645955913117,0.9472402752629968,0.4772326618630365,-0.5682165006928096,0.9961136757143286,1.1087195873260498,-19.392549514770508,4.432312965393066,-0.6736957430839539,-0.5534136891365051,-2.534520149230957,715.891845703125,-95.0926284790039,-1441.0091552734375,-139.19671630859375,130.1897430419922,-28.512252807617188,-2.238422393798828,24.304821014404297,-3.8536064624786377,-3.59413480758667,0.23821943998336792,2.758671283721924
0.26529139309924166,-0.37754086044845203,1.2326149231945442,0.258745676683669,-0.24406510855484484,1.1260023557192442,0.04198051455572542,-0.5163052284362301,0.07942607579444418,0.3965902704967567,-0.466394823365259,0.7632912970733959,0.13345818845740212,-0.26926685287462954,1.36764325685059,-0.03789113166538496,-0.5731963422519482,0.9008172706065588,0.2072720383078057,-0.17916786885320748,1.4000544070408045,-0.05940264788462423,-0.3893944415331675,0.6290932270075312,-0.05974441336850258,-0.475997287459326,0.7751005654106077,0.11446062687611737,-0.5678324644139271,0.09153412899236806,0.2009955463277188,-0.2999348874814463,0.4636484181742795,0.14584100868133518,-0.48211497009195237,0.03640882021420642,0.04483231587569837,-0.6030585261567538,0.8686221935693791,0.3002065862744849,-0.2615983558214264,0.39092142578979205,0.49816443085275736,-0.6333604111576712,0.8494702471999933,0.1357600500696147,-0.3958119790976411,1.144619429150954,0.2349624517836318,-0.34829111550225333,0.5146510857619987,0.13482182112750624,-0.3335702354150103,0.3757937061569549,0.06850966485525599,-0.34068400906213864,0.0700300590980132,0.03247734589119814,-0.4813741542250905,1.0228972733020782,-0.009197754814715036,-0.44921253814010415,0.6556311647426214,-0.0916491571369747,-0.480476271533808,0.6460964920504993,0.9032644313692255,0.055483096075669744,0.21882092743026507,0.6747967433061031,-0.4310110259727137,0.8872268727875704,0.45673422678219555,-0.3968222359849128,1.1808582575905402,0.26641580166406187,-0.37840539868304274,1.3752568804270384,0.4999744260547966,0.05960529764485082,1.2712231797493057,0.3350150992736121,-0.2849698861111079,1.4044003170847104,0.30186511931435145,0.32787571881977917,1.161306057347367,0.40838317587872996,0.20929358677556179,1.2198961888322768,0.8145843802501033,-0.006178648884497671,0.25824388545870003,0.8084379038865991,-0.0827580095694357,0.6436696207483874,0.7881964432285319,0.0951559427903582,0.22461159401480735,0.5427918047304974,0.051061265509797636,1.1860083998828534,0.6811716573325213,-0.067938815284249,0.6231439768873305,0.5929436636286856,-0.6111702648614417,0.8815193843367874,0.3600470246068689,-0.2540645276177798,1.2749540061745424,0.8025237262643725,-0.18180914706741735,0.7015757023893445,0.8569214473299631,-0.034538450225299576,0.4953419907104891,0.8722828806236088,0.22394214331215573,0.1761498879271233,0.4438661937385994,-0.11765278214650439,1.2884960397584548,0.3556283517981206,0.24942027044710724,1.1297746132935909,0.40968717876451677,0.3116153609377658,1.169524645568519,0.3595867650398355,-0.2784368209787552,0.9462150470507856,0.47802772101582275,-0.5679588200438102,0.9951561256157642,1.0258510112762451,-19.345125198364258,4.540660381317139,-0.5595651865005493,-0.5463534593582153,-2.523573398590088,719.7109375,-93.70817565917969,-1445.222412109375,-138.9010009765625,130.65399169921875,-28.39389419555664,-2.2383525371551514,24.30531883239746,-4.282188415527344,-3.6295390129089355,0.24776309728622437,2.758657693862915
0.266187771069293,-0.3771293767240663,1.2316547746689903,0.25956179102919746,-0.24374232342503718,1.1249221638338456,0.04221765449060904,-0.5162812872043508,0.07953108398132766,0.3993004794349733,-0.4634994318745784,0.7623773846799964,0.13424325556747171,-0.2689509555598758,1.3665965866568863,-0.03736709365436179,-0.5738351585849232,0.9009335650908237,0.20794270024789088,-0.1787328753151641,1.3989256186201082,-0.0605130675588025,-0.392677613540201,0.627659768063501,-0.06004362298015332,-0.4779282459952184,0.7743967884028984,0.11461335884419498,-0.5676971081866334,0.09162786079953049,0.2017898963677962,-0.29919664660431694,0.46308966711262206,0.14598429903684074,-0.48213726499222764,0.03636489861601631,0.045315789416531055,-0.6039140036958732,0.8687185733918322,0.3009376467655826,-0.2611004694408139,0.3902195827258344,0.49881005070067397,-0.6331679292072524,0.8484132031336525,0.13671119831847828,-0.39555244384617205,1.1436982371949203,0.23567411333125157,-0.347578085317517,0.5138966295103363,0.13548559029370744,-0.33288099769724916,0.37539403436594454,0.0685604036051706,-0.3406275081516102,0.06994459861951159,0.03326162578698419,-0.48145528068605636,1.0225198864936829,-0.010111493339132973,-0.45220859388247225,0.6544222217916653,-0.09251514987538981,-0.4836560916032222,0.6455891838926353,0.9076323276323988,0.057023519465070664,0.2175203800102733,0.6757019876644311,-0.43094376440079796,0.88629419618095,0.4575459971925281,-0.3965827344071786,1.1798847400589494,0.2672940303158286,-0.3779445051752179,1.3742605522768387,0.5009707938756374,0.0597242017134728,1.2710877045100888,0.33576775051110624,-0.2843637782216862,1.4033769732279493,0.30501102098566013,0.3297890834263618,1.1616346492672598,0.4104457417663359,0.21016940543588422,1.2200699859107567,0.8187190726498105,-0.004913637603460429,0.25621028905672744,0.8108873874541149,-0.08323574078497507,0.6413440682635403,0.7925627328307423,0.09662169859504066,0.2229015761554636,0.5440487293218145,0.05123200670920855,1.186031607207873,0.6834916162569791,-0.0681485142928875,0.6205728432990069,0.5936012441748815,-0.6110881863050903,0.8805449940510933,0.3607997353503246,-0.25367556689985543,1.2738999969122426,0.8042442419671064,-0.18228699977429497,0.6995317122794146,0.8600098662423771,-0.0342336210194013,0.4934416777448149,0.876939936189462,0.22564188647546513,0.17542795664229932,0.4446237145472836,-0.11753533721364887,1.287845956963419,0.3585058815826643,0.25118549992114503,1.1299011229679286,0.4126995986463218,0.3128397258504337,1.1703554281335793,0.3605223177679327,-0.27825718239837927,0.9451898188385742,0.4788227801686091,-0.5677011393948107,0.9941985755171997,0.9247731566429138,-19.3483943939209,4.450088977813721,-0.47898373007774353,-0.6301190257072449,-2.4966394901275635,723.857421875,-92.25637817382812,-1449.948486328125,-138.4237823486328,131.18128967285156,-28.29400634765625,-2.2398195266723633,24.30187225341797,-4.356076717376709,-3.644186019897461,0.20862798392772675,2.7586047649383545
0.2670840281030989,-0.3767180920930098,1.2306940666097679,0.260378816615272,-0.24341957722574672,1.1238422466824387,0.04245368048351331,-0.5162568583788462,0.07963592997005838,0.40198393851913355,-0.46063867640613726,0.7614621359188826,0.13502803921008738,-0.2686355745555549,1.3655495582432147,-0.03684225242387581,-0.5744734861400743,0.9010505706861319,0.20861326915440176,-0.17829852664707516,1.3977970084212474,-0.061623988204345725,-0.3959610801165465,0.6262294256331906,-0.06034091922349684,-0.47985838136530856,0.7736955890987094,0.11476604847718547,-0.5675617075519057,0.09172143470125876,0.20258337779846408,-0.298458705625392,0.4625306901651503,0.14612499333375337,-0.48215542363607333,0.036318261059161465,0.04579955171670342,-0.6047684785151323,0.868815330381425,0.3016685003180377,-0.260600200749391,0.3895162010923127,0.4994561566619683,-0.6329731824776984,0.8473560018649955,0.13766302629713184,-0.3952929757979532,1.1427771530009263,0.23638748426903158,-0.3468665002987085,0.5131423609540953,0.13614989782603368,-0.33219220301765484,0.3749943825582795,0.06861104166122856,-0.3405709234590562,0.06985935307299065,0.03404567147056191,-0.4815372335693694,1.0221408767415987,-0.011025408762414566,-0.45520429318116973,0.653216036542362,-0.09338178892700082,-0.4868351203321619,0.6450843021569663,0.9120010244135822,0.05856220169449278,0.21622096542392352,0.6766067497580256,-0.4308764505761349,0.8853620045035091,0.4583589587582657,-0.3963426174904337,1.178911642325635,0.2681740953630169,-0.37748349961263455,1.3732643052442186,0.5019671010063184,0.05984214125262783,1.2709516365796525,0.33652163301872096,-0.2837580996041267,1.4023534641755337,0.3081573964842895,0.331701643222215,1.161963557960182,0.4125089827949636,0.2110465148722888,1.2202446042307165,0.8228546055342185,-0.0036478020538077984,0.2541785317146227,0.8133358407691613,-0.0837127210708051,0.639020626612057,0.796929533414493,0.09808781472904389,0.22119313661033754,0.5453054528954802,0.051403293546461885,1.1860550270964767,0.6858117460020329,-0.06835820612232416,0.6180023349673545,0.5942601809241124,-0.6110053365396348,0.8795692676937344,0.36155268441367616,-0.25328586339358466,1.2728477515132222,0.8059649601677394,-0.18276436658983197,0.697488341801214,0.8630989367598727,-0.03393050631051823,0.49154330138733854,0.8815975054013016,0.22734032043360705,0.17470809770439638,0.4453821688002308,-0.11741774477410001,1.2871953146347148,0.3613830657293463,0.25294996122058644,1.1300290092727205,0.41571181588220263,0.31406193803872484,1.1711866245759244,0.3614576961228389,-0.2780766852742789,0.9441653227569252,0.47961655579852736,-0.5674450059008125,0.993240197071966,0.9726818203926086,-19.34737205505371,4.471853733062744,-0.5410420298576355,-0.6518574953079224,-2.4715993404388428,727.421142578125,-91.0976333618164,-1454.2586669921875,-138.0435791015625,131.65013122558594,-28.22246742248535,-2.2414088249206543,24.301729202270508,-4.109247207641602,-3.6219751834869385,0.17290426790714264,2.7589433193206787
0.2679723033447139,-0.37631994762168025,1.2296964293284132,0.2612559840773904,-0.2430994004405887,1.1227804619744914,0.04261618630578186,-0.5162002483740548,0.07973007088070673,0.40290190723558134,-0.46006389840549194,0.7604586868886127,0.1357941140007499,-0.2683542700398047,1.3644788873116702,-0.036264398708840885,-0.5750795543588549,0.9012145096103087,0.20927769784501055,-0.1779067393959753,1.39668016086351,-0.0627679729599826,-0.39926398826750686,0.625004773108375,-0.06051193315856503,-0.4817341877924685,0.773164518226851,0.11491594399442735,-0.5674233760265325,0.09180458684433375,0.20331953100810776,-0.29774055792795906,0.4619568047539288,0.1460943477635352,-0.4819005893555698,0.03609237023043317,0.046302372133297624,-0.605556773823618,0.8689369804022328,0.30238569592008524,-0.2599426995444772,0.38871127386756293,0.5001343461061944,-0.6326289603252284,0.8462884252434535,0.13865971644193129,-0.3950379431642444,1.1418631811015654,0.23721367495738904,-0.34625029623113723,0.5124004802956487,0.13684973752261784,-0.3315326488570662,0.3745960496514049,0.06865503392274806,-0.3405088091528179,0.0697882930371935,0.03481425914839401,-0.4816737303275936,1.0216547527060604,-0.011950999510702682,-0.45817646719762023,0.6521918596021388,-0.09429108464954702,-0.4899619205898006,0.6447395642861625,0.9164225553834674,0.05998596736532169,0.21499631785793813,0.677479682379211,-0.4308056880701457,0.8844618181519162,0.4592505365807489,-0.39606188819897886,1.1779662512785551,0.26917536250802854,-0.3770150984359893,1.3722734119718438,0.5029594025864507,0.0598964218469645,1.2707764510287354,0.33735677935429753,-0.28318075292947276,1.4013190522099173,0.3113350445861058,0.33356108550993807,1.162313373673041,0.4146167831310373,0.2120088155301201,1.2204734244883455,0.8270456104089091,-0.0023275647755321,0.25226815232377975,0.8157162974212343,-0.08414013999582125,0.6368364999625857,0.8013300587799375,0.09957771259822588,0.21958886580356704,0.5465489093041578,0.05161059248131632,1.1860924761816365,0.6881431499064363,-0.06856742412443982,0.6154730935759892,0.5950086270736542,-0.610871586973304,0.8785053606064904,0.3623213625901582,-0.2528471358564516,1.2719119210906376,0.8076990432297156,-0.18320966457689045,0.6954858670171523,0.8662310132127723,-0.03374054840463677,0.48977274117090847,0.8862889752482735,0.22895234685070462,0.17412501366327932,0.44620223037454465,-0.11729041689279064,1.286507743083878,0.36423743777717177,0.2546637229966801,1.1302477531875206,0.41871065848710515,0.31514207041816206,1.1720451369190847,0.3623815658471442,-0.2778395242643672,0.9431891472923835,0.4803256189191578,-0.5672909846369004,0.9922271477465598,1.1677051782608032,-19.35500144958496,4.535284519195557,-0.6457307934761047,-0.5795254707336426,-2.472973108291626,731.5901489257812,-89.57984161376953,-1458.826416015625,-137.67779541015625,132.14988708496094,-28.116426467895508,-2.2074828147888184,24.298770904541016,-3.7552883625030518,-3.6133816242218018,0.20063816010951996,2.7504379749298096
0.26886057858632884,-0.37592180315035073,1.2286987920470587,0.2621331515395088,-0.2427792236554307,1.1217186772665442,0.0427786921280504,-0.5161436383692634,0.07982421179135508,0.403819875952029,-0.4594891204048467,0.7594552378583429,0.13656018879141232,-0.2680729655240545,1.3634082163801258,-0.03568654499380601,-0.5756856225776356,0.9013784485344855,0.20994212653561928,-0.17751495214487545,1.3955633133057728,-0.06391195771561939,-0.402566896418467,0.6237801205835596,-0.06068294709363322,-0.48360999421962825,0.7726334473549925,0.11506583951166922,-0.5672850445011594,0.09188773898740872,0.20405568421775136,-0.2970224102305261,0.46138291934270736,0.14606370219331705,-0.4816457550750663,0.035866479401704905,0.04680519254989178,-0.6063450691321037,0.8690586304230405,0.30310289152213277,-0.25928519833956337,0.3879063466428132,0.5008125355504206,-0.6322847381727585,0.8452208486219116,0.13965640658673065,-0.3947829105305356,1.1409492092022044,0.23803986564574645,-0.345634092163566,0.5116585996372022,0.13754957721920197,-0.3308730946964776,0.3741977167445303,0.06869902618426756,-0.3404466948465796,0.06971723300139636,0.035582846826226054,-0.4818102270858177,1.021168628670522,-0.012876590258990718,-0.4611486412140705,0.6511676826619155,-0.09520038037209314,-0.49308872084743904,0.6443948264153588,0.9208440863533521,0.061409733036150486,0.21377167029195285,0.6783526150003963,-0.4307349255641565,0.8835616318003232,0.460142114403232,-0.395781158907524,1.1770208602314753,0.27017662965304007,-0.37654669725934403,1.3712825186994693,0.5039517041665827,0.05995070244130117,1.2706012654778185,0.33819192568987405,-0.28260340625481895,1.4002846402443008,0.3145126926879217,0.33542052779766096,1.1626631893859003,0.4167245834671107,0.21297111618795134,1.2207022447459746,0.8312366152835994,-0.0010073274972565147,0.250357772932937,0.8180967540733071,-0.08456755892083737,0.6346523733131145,0.8057305841453815,0.10106761046740775,0.21798459499679668,0.5477923657128352,0.05181789141617072,1.1861299252667963,0.6904745538108394,-0.06877664212655546,0.6129438521846242,0.595757073223196,-0.6107378374069732,0.8774414535192465,0.36309004076664014,-0.25240840831931854,1.2709760906680532,0.8094331262916917,-0.1836549625639489,0.6934833922330909,0.8693630896656716,-0.03355059049875533,0.48800218095447856,0.890980445095245,0.23056437326780205,0.1735419296221623,0.4470222919488584,-0.11716308901148127,1.2858201715330415,0.367091809824997,0.2563774847727736,1.1304664971023206,0.4217095010920074,0.3162222027975991,1.172903649262245,0.3633054355714494,-0.2776023632544556,0.9422129718278418,0.48103468203978816,-0.5671369633729885,0.9912140984211537,1.2317365407943726,-19.405221939086914,4.388449668884277,-0.6894969940185547,-0.5629937648773193,-2.497706413269043,735.6771240234375,-87.96198272705078,-1463.0816650390625,-137.31834411621094,132.5993194580078,-27.998064041137695,-2.137782335281372,24.296871185302734,-3.5784873962402344,-3.614990472793579,0.26799970865249634,2.733318328857422
0.26974884257806053,-0.3755235756864611,1.2277016102872937,0.2630096453901947,-0.24245897443681363,1.12065714163496,0.042940641660860035,-0.5160866695524051,0.07991825710266631,0.4047380738108363,-0.45891536811724404,0.7584515421201062,0.137326872802728,-0.2677912125919039,1.3623380017596365,-0.03510843467781483,-0.5762920018458209,0.9015428477170452,0.2106069835606,-0.17712277025971193,1.3944471407410326,-0.06505608578391417,-0.4058695548022818,0.6225574180385135,-0.060854570286360786,-0.48548623100416544,0.7721031181859654,0.11521593767483503,-0.5671465467932998,0.09197096630240117,0.2047920129847842,-0.29630439861720764,0.4608087835722412,0.14603395745256878,-0.48139239176614396,0.03564151064400247,0.047308283198057396,-0.6071325540542603,0.8691807320181107,0.30382029080627765,-0.2586281336103844,0.3871020313525042,0.5014911828846331,-0.6319405570724942,0.8441535333134481,0.14065300801534522,-0.39452753931481316,1.140035662035279,0.23886600802868405,-0.3450170937950248,0.5109170106862555,0.1382496854820788,-0.3302135187269047,0.37379907367639986,0.06874301050179052,-0.3403846276122213,0.06964612310591912,0.03635271673170932,-0.4819458821751424,1.0206834287043438,-0.013801973812676779,-0.4641210549319815,0.6501451474151865,-0.09610979283684923,-0.49621588741706685,0.6440515974104799,0.925265812123848,0.0628329267762354,0.21254788788146536,0.679225873868197,-0.430664243781014,0.8826612167011034,0.4610336310421394,-0.39550095322905787,1.1760757233922845,0.2711775632488806,-0.3760784324628628,1.370291679505481,0.5049447231734825,0.060005412763909784,1.2704259907173006,0.33902699909857564,-0.2820266518766517,1.3992508140620807,0.31769120989256333,0.33727960130631524,1.1630134096998253,0.418832649458323,0.21393234573847408,1.2209315852613638,0.8354284437681664,0.0003121809330220964,0.2484475624383681,0.820478002954003,-0.08499633723142129,0.6324676936430648,0.8101321421316915,0.10255593614072983,0.216381274657139,0.5490365105354232,0.05202529853246859,1.1861674501406436,0.6928064586310986,-0.0689861069106503,0.6104147894098271,0.5965047016838528,-0.6106031300216321,0.8763782397800723,0.3638595025863079,-0.2519702005465299,1.270039819723723,0.8111677369139841,-0.1841011462819497,0.6914810323162585,0.8724963477510489,-0.0333602676624494,0.48623218185064815,0.8956722808594734,0.23217591603860155,0.17295969652616427,0.4478425699354007,-0.11703571630333434,1.2851328723478002,0.36994652094825203,0.2580907868825836,1.1306855978555237,0.424708537708055,0.31730166235506924,1.1737625918640995,0.36422854425101875,-0.2773649807007897,0.9412364588668015,0.48174448153435784,-0.5669817332400392,0.9902013668556088,1.0340887308120728,-19.51278305053711,4.1797990798950195,-0.6390038728713989,-0.582284688949585,-2.505155563354492,738.9480590820312,-86.4449234008789,-1466.5408935546875,-136.89756774902344,132.96226501464844,-27.85919189453125,-2.143793821334839,24.29693031311035,-3.8227179050445557,-3.6133065223693848,0.260405957698822,2.7347707748413086
0.27063598720640536,-0.37511709046284886,1.2267497529257212,0.2638191149033458,-0.24213151808902128,1.119620389101521,0.04304724039250849,-0.5159939989348911,0.08000279027993316,0.4056790713344189,-0.45844367427739086,0.7574232989391744,0.13815417426903515,-0.2674648422279105,1.3613131900891564,-0.034504792566676414,-0.5769293305297561,0.9017530426086969,0.21131445985558805,-0.17669132228521323,1.3933981299795062,-0.06621447346167059,-0.40914736135511204,0.62152873848053,-0.0610868146161962,-0.48740528834774005,0.7716465884486571,0.11538619910743063,-0.5669915139280408,0.09206167322318286,0.20554580971203892,-0.2955999273732798,0.46020973705692797,0.14609384524407765,-0.48128539012954724,0.03550828795337322,0.04783826188757916,-0.6078394055366516,0.8693477652522902,0.3045579564591117,-0.25801449821682165,0.3863586035390563,0.5022153902724878,-0.6316004606666944,0.8431122186562873,0.14164078218356663,-0.3942384791887359,1.1391643757456975,0.2396873440223419,-0.34432106247998234,0.5102044466315516,0.1389765160910736,-0.32955177276339753,0.373369569563313,0.0687862043916587,-0.3403272440299293,0.0695700521722732,0.037250168288484306,-0.48199779120896824,1.020290173639525,-0.01470674150345834,-0.46711731894521524,0.649285960671128,-0.09703082115148866,-0.4993795020296084,0.6438585005651246,0.9297069205550957,0.06419921340729226,0.21141018844302129,0.6801315942742178,-0.4306015939211214,0.8817380412130167,0.4619190599152584,-0.39527284704296795,1.1751558802380466,0.2721453087021973,-0.37562373749270345,1.3693062211109313,0.5060091261437397,0.06010288104957697,1.270241839601504,0.3398548162832165,-0.28150883099890706,1.3982752733277959,0.3209562028283315,0.33910198129762875,1.16340388781977,0.4209671481358294,0.21478700011179147,1.2212126914239088,0.8397022214354268,0.0015591689875902091,0.24655415712306833,0.8229380785826815,-0.08556037440599984,0.6302279884254696,0.8146364458941465,0.10388782832598843,0.2148725257952087,0.5503491525421079,0.05224346970238827,1.1862125159888868,0.695188204579006,-0.0692201265016731,0.6079034989835411,0.5971709701004407,-0.6103731196447714,0.8753840141738487,0.3647069369029525,-0.2515837093260115,1.2690597168657165,0.8129548397877359,-0.18463546022871472,0.689490101688745,0.8757471782679589,-0.033133634248908785,0.4845180134504836,0.900400525390707,0.2337393360027414,0.1724621324695104,0.44868438093867524,-0.11690388332484969,1.2844726735392944,0.37283497007674726,0.2597583521971639,1.130940204029841,0.427726878433038,0.31831417612682117,1.1746643452060144,0.3650759289793621,-0.2771055545435836,0.9402263650041542,0.48252755023588406,-0.5667062206378836,0.9892202523962551,0.9323221445083618,-19.53125,4.284250259399414,-0.5855411887168884,-0.5213092565536499,-2.472597360610962,742.4942016601562,-84.6571044921875,-1470.6011962890625,-136.43812561035156,133.3836212158203,-27.662870407104492,-2.206899642944336,24.299365997314453,-4.111190319061279,-3.6214725971221924,0.20875020325183868,2.7503437995910645
0.2715231318347501,-0.3747106052392366,1.2257978955641489,0.2646285844164968,-0.24180406174122895,1.1185836365680821,0.043153839124156934,-0.515901328317377,0.0800873234572,0.40662006885800134,-0.45797198043753773,0.7563950557582426,0.13898147573534222,-0.2671384718639172,1.3602883784186761,-0.03390115045553804,-0.5775666592136913,0.9019632375003486,0.21202193615057607,-0.17625987431071455,1.39234911921798,-0.06737286113942689,-0.41242516790794204,0.6205000589225467,-0.061319058946031596,-0.4893243456913145,0.7711900587113488,0.11555646054002622,-0.5668364810627817,0.09215238014396453,0.20629960643929357,-0.29489545612935203,0.4596106905416148,0.1461537330355865,-0.4811783884929505,0.03537506526274398,0.04836824057710089,-0.608546257019043,0.8695147984864696,0.3052956221119457,-0.257400862823259,0.3856151757256085,0.5029395976603426,-0.6312603642608946,0.8420709039991265,0.14262855635178795,-0.3939494190626587,1.138293089456116,0.2405086800159997,-0.34362503116493986,0.5094918825768477,0.1397033467000683,-0.32889002679989043,0.37294006545022623,0.06882939828152689,-0.3402698604476373,0.06949398123862728,0.03814761984525922,-0.4820497002427941,1.0198969185747058,-0.015611509194239823,-0.47011358295844863,0.6484267739270697,-0.09795184946612802,-0.5025431166421497,0.6436654037197694,0.9341480289863432,0.065565500038349,0.2102724890045773,0.6810373146802384,-0.4305389440612288,0.88081486572493,0.4628044887883773,-0.395044740856878,1.174236037083809,0.2731130541555139,-0.3751690425225441,1.3683207627163818,0.5070735291139968,0.06020034933524415,1.2700576884857078,0.3406826334678574,-0.2809910101211624,1.3972997325935113,0.32422119576409936,0.34092436128894216,1.163794365939715,0.4231016468133357,0.21564165448510877,1.2214937975864537,0.843975999102687,0.0028061570421582154,0.24466075180776872,0.82539815421136,-0.08612441158057835,0.6279882832078746,0.8191407496566012,0.10521972051124691,0.21336377693327854,0.5516617945487925,0.052461640872307945,1.18625758183713,0.6975699505269132,-0.06945414609269589,0.6053922085572554,0.5978372385170285,-0.6101431092679106,0.8743897885676252,0.36555437121959705,-0.251197218105493,1.26807961400771,0.8147419426614874,-0.1851697741754797,0.6874991710612317,0.8789980087848687,-0.03290700083536819,0.48280384505031926,0.9051287699219404,0.23530275596688116,0.17196456841285657,0.44952619194194965,-0.11677205034636505,1.2838124747307884,0.37572341920524227,0.2614259175117441,1.1311948102041585,0.43074521915802083,0.31932668989857294,1.175566098547929,0.3659233137077053,-0.2768461283863775,0.9392162711415071,0.48331061893741023,-0.566430708035728,0.9882391379369017,0.9796203970909119,-19.429683685302734,4.5935821533203125,-0.5992856621742249,-0.46363165974617004,-2.423595428466797,745.574951171875,-83.04707336425781,-1473.8209228515625,-136.0552520751953,133.71218872070312,-27.476112365722656,-2.2418134212493896,24.30034065246582,-4.025860786437988,-3.650975465774536,0.2037903368473053,2.7589759826660156
0.2724090978404544,-0.37430480413681627,1.2248475048320973,0.2654368827575879,-0.24147700905701183,1.1175486317138799,0.04326022436089863,-0.5158088542767708,0.08017176024566423,0.40755923995316423,-0.45750080399363247,0.7553685348949685,0.1398076018108832,-0.26681279726573176,1.359265020746269,-0.033298270715190884,-0.5782028689289724,0.9021730946981354,0.21272838221776563,-0.17582919636112176,1.3913017392947975,-0.06852922933977959,-0.41569763954901534,0.6194734181592007,-0.06155082288611408,-0.4912400800266013,0.7707346013642304,0.11572639863716055,-0.5666817420760527,0.0922428620424097,0.20705218842586143,-0.29419213049853876,0.4590126816306683,0.14621353174084858,-0.4810716419523915,0.0352421272114314,0.048897446645115375,-0.6092519059481211,0.8696816467883571,0.3060319334367253,-0.2567884245554343,0.38487255158803324,0.5036626145342328,-0.6309210680770558,0.841031388533826,0.1436147887679125,-0.3936607443931087,1.1374232427568625,0.24132867381963508,-0.34293021414650987,0.5087803916031162,0.14042886279967445,-0.3282294791463195,0.3725112680567811,0.0688725941080526,-0.34021251416758985,0.06941800509018219,0.03904324673140877,-0.4821015970892464,1.0195045236325422,-0.016514771102946114,-0.4731049679269064,0.6475693573620146,-0.09887116154446111,-0.5057016066368052,0.6434730617021094,0.9385816264428839,0.06692968004241287,0.20913692090092906,0.6819415828644835,-0.43047637171697933,0.879893198017253,0.463688473531742,-0.39481680065590813,1.1733176309541362,0.27407933865359285,-0.3747151279883669,1.3673370831849558,0.5081362391741859,0.060297604335706356,1.2698738346036695,0.34150933666734506,-0.2804738570325422,1.3963255623713235,0.327480638116006,0.3427435374812574,1.1641843721566612,0.4252326153465454,0.2164944824053357,1.2217744359906935,0.8482427442113295,0.004050807600273481,0.24277070951678897,0.8278541918227215,-0.08668741275439198,0.6257522918333281,0.8236371717902997,0.10654956740111308,0.21185782899623676,0.5529723456561171,0.05267932179649144,1.1863024955158992,0.6999478838499018,-0.06968783493468303,0.6028852261454855,0.5985026516464372,-0.6099140404273342,0.8733974522510112,0.36640021930269845,-0.25081121198684964,1.2671012390923027,0.8165262973071723,-0.1857033342567106,0.6855115280640836,0.8822433076157474,-0.03268079090222026,0.4810924637100555,0.9098490332530823,0.23686341213568154,0.17146808550452555,0.4503665864467621,-0.11664032531495126,1.283153385516034,0.3786075432963718,0.2630907007992662,1.131448986711881,0.43375860440809993,0.32033749778341775,1.1764663917734133,0.3667696797295122,-0.2765870164857795,0.9382079128200644,0.48409255332504675,-0.5661557785525227,0.9872598053011673,1.0061261653900146,-19.380706787109375,4.689740180969238,-0.6457363367080688,-0.4901845157146454,-2.4092769622802734,749.6594848632812,-81.25025939941406,-1477.6363525390625,-135.5605926513672,134.11529541015625,-27.272781372070312,-2.2375190258026123,24.301559448242188,-3.777461528778076,-3.657072067260742,0.21503324806690216,2.7580668926239014
0.2730593393180544,-0.3740358272727752,1.2241904400042352,0.2660109466866941,-0.24123068908784565,1.1168631627070194,0.04332391061628891,-0.5157556956177516,0.08023691927360382,0.4081331253643857,-0.4571331067393158,0.7546864775632391,0.14039864973319283,-0.26662627582913206,1.3585324626884714,-0.03284786513309608,-0.5786152849134231,0.902315413122935,0.2132287827252552,-0.1755525233927152,1.3905805270403426,-0.0692817020593889,-0.41790312883869685,0.618854536323358,-0.06168650887561159,-0.49249121270432367,0.7704936220551168,0.11583166964204106,-0.5665857787953308,0.09228833947355383,0.20756182227505748,-0.29371792749063863,0.4586221935930631,0.1462555131967494,-0.4810159146193637,0.0351661170234546,0.04927212841167353,-0.6097170442145391,0.8698115086318641,0.30649737915061165,-0.2564154114352157,0.38429066262497813,0.5041475286152188,-0.6307418162854302,0.8403517114405601,0.14429267076467042,-0.3934491610290199,1.1368413141231664,0.24188022961877037,-0.34247825645058366,0.5082835168238508,0.14089147702155522,-0.32780859348000285,0.37222381459166676,0.06891617726608618,-0.340162628336458,0.06936098598190492,0.039573939492469554,-0.4821510564609869,1.0192841532214587,-0.01711687659659721,-0.47512054394017766,0.6470659765976154,-0.09944722636152573,-0.5078351730542465,0.6434316852234847,0.9415130289579857,0.06787253464787994,0.20842761975645235,0.6825554066935912,-0.4304293025013627,0.8792730863915375,0.46428363232423137,-0.39462205747894896,1.1726866297374499,0.2747534321041296,-0.37441730065061557,1.3667091762782722,0.5088603672207586,0.0603522022951715,1.2697494274733083,0.34211324283618794,-0.28009026176882107,1.3956254945685533,0.3296299636956081,0.34392195387391844,1.1644799977738336,0.42665755502040803,0.2169820197074618,1.2219615227339284,0.8511029775963712,0.004827958867817272,0.24155327208981617,0.8295026259706508,-0.08704321377522106,0.6242590690685424,0.8265572681726997,0.10747035521249101,0.21091206603689705,0.5538647168914214,0.05279895357343534,1.1863169752998857,0.7015632921891496,-0.06985537396953594,0.6012398466369175,0.5989970073399954,-0.6098732788436461,0.872782973856326,0.36692882067715094,-0.2505222262432244,1.2664684526967687,0.8177610063394962,-0.18608612123112012,0.6841814111400125,0.8843822692403729,-0.032539277047609665,0.4799384943499471,0.9129730565658466,0.2378713092365801,0.17118783226076342,0.4509236812591552,-0.1165301896977109,1.2827162150515625,0.3806266599143576,0.26419907867513737,1.1316172299006126,0.43578089467737047,0.3210071282868353,1.1770746617127728,0.3674123044440288,-0.2763907559067998,0.9375466627395707,0.4846476249347459,-0.5659974728593763,0.9866368373892955,0.9988586902618408,-19.483745574951172,4.552690029144287,-0.6834929585456848,-0.5426698923110962,-2.4344258308410645,753.1947021484375,-79.75659942626953,-1480.6636962890625,-135.0525360107422,134.45375061035156,-27.10440444946289,-2.2378997802734375,24.301349639892578,-3.7870070934295654,-3.633568525314331,0.18962843716144562,2.7580978870391846
0.2737095807956544,-0.3737668504087341,1.2235333751763728,0.26658501061580037,-0.24098436911867946,1.1161776937001588,0.04338759687167919,-0.5157025369587324,0.08030207830154343,0.4087070107756071,-0.4567654094849991,0.7540044202315097,0.1409896976555025,-0.2664397543925323,1.3577999046306737,-0.03239745955100124,-0.5790277008978736,0.9024577315477346,0.21372918323274478,-0.17527585042430865,1.389859314785888,-0.07003417477899826,-0.4201086181283786,0.6182356544875152,-0.06182219486510911,-0.4937423453820462,0.7702526427460032,0.11593694064692156,-0.5664898155146088,0.09233381690469798,0.2080714561242536,-0.29324372448273844,0.45823170555545795,0.1462974946526502,-0.4809601872863359,0.035090106835477794,0.04964681017823171,-0.6101821824809573,0.8699413704753711,0.306962824864498,-0.2560423983149971,0.38370877366192296,0.504632442696205,-0.6305625644938045,0.8396720343472942,0.14497055276142837,-0.3932375776649311,1.1362593854894703,0.2424317854179057,-0.34202629875465734,0.5077866420445852,0.14135409124343598,-0.3273877078136861,0.3719363611265524,0.06895976042411975,-0.3401127425053262,0.06930396687362762,0.040104632253530385,-0.48220051583272733,1.0190637828103755,-0.01771898209024835,-0.4771361199534491,0.6465625958332163,-0.10002329117859039,-0.5099687394716881,0.64339030874486,0.9444444314730877,0.0688153892533471,0.20771831861197557,0.6831692305226988,-0.43038223328574604,0.8786529747658218,0.46487879111672076,-0.39442731430198974,1.1720556285207635,0.27542752555466643,-0.37411947331286427,1.3660812693715885,0.5095844952673312,0.06040680025463665,1.2696250203429469,0.3427171490050309,-0.27970666650509995,1.394925426765783,0.33177928927521033,0.3451003702665796,1.1647756233910063,0.4280824946942708,0.217469557009588,1.2221486094771632,0.8539632109814131,0.00560511013536113,0.24033583466284328,0.8311510601185804,-0.08739901479605017,0.6227658463037568,0.8294773645550998,0.10839114302386903,0.20996630307755726,0.5547570881267256,0.052918585350379244,1.1863314550838724,0.7031787005283974,-0.07002291300438887,0.5995944671283495,0.5994913630335537,-0.6098325172599578,0.8721684954616408,0.3674574220516034,-0.2502332404995991,1.2658356663012347,0.8189957153718203,-0.1864689082055297,0.6828512942159414,0.8865212308649985,-0.03239776319299905,0.4787845249898387,0.9160970798786112,0.23887920633747875,0.1709075790170013,0.45148077607154846,-0.11642005408047051,1.282279044587091,0.3826457765323436,0.2653074565510086,1.1317854730893444,0.43780318494664117,0.321676758790253,1.1776829316521322,0.3680549291585455,-0.27619449532782003,0.9368854126590767,0.4852026965444451,-0.56583916716623,0.9860138694774236,0.9991312623023987,-19.636802673339844,4.436877727508545,-0.7010558843612671,-0.5715680718421936,-2.4852921962738037,756.4998779296875,-78.20309448242188,-1483.7132568359375,-134.54736328125,134.77491760253906,-26.934608459472656,-2.2378814220428467,24.30543327331543,-3.938298225402832,-3.644575834274292,0.20878803730010986,2.7584922313690186
0.2743598222732544,-0.373497873544693,1.2228763103485107,0.2671590745449066,-0.24073804914951324,1.1154922246932983,0.04345128312706947,-0.5156493782997131,0.08036723732948303,0.4092808961868286,-0.4563977122306824,0.7533223628997803,0.1415807455778122,-0.2662532329559326,1.357067346572876,-0.0319470539689064,-0.5794401168823242,0.9026000499725342,0.21422958374023438,-0.1749991774559021,1.389138102531433,-0.07078664749860764,-0.4223141074180603,0.6176167726516724,-0.06195788085460663,-0.4949934780597687,0.7700116634368896,0.11604221165180206,-0.5663938522338867,0.09237929433584213,0.2085810899734497,-0.29276952147483826,0.4578412175178528,0.14633947610855103,-0.4809044599533081,0.03501409664750099,0.050021491944789886,-0.6106473207473755,0.8700712323188782,0.3074282705783844,-0.25566938519477844,0.3831268846988678,0.5051173567771912,-0.630383312702179,0.8389923572540283,0.14564843475818634,-0.3930259943008423,1.135677456855774,0.24298334121704102,-0.3415743410587311,0.5072897672653198,0.14181670546531677,-0.3269668221473694,0.371648907661438,0.06900334358215332,-0.34006285667419434,0.06924694776535034,0.04063532501459122,-0.4822499752044678,1.018843412399292,-0.018321087583899498,-0.4791516959667206,0.6460592150688171,-0.10059935599565506,-0.5121023058891296,0.6433489322662354,0.9473758339881897,0.06975824385881424,0.20700901746749878,0.6837830543518066,-0.4303351640701294,0.8780328631401062,0.4654739499092102,-0.3942325711250305,1.1714246273040771,0.27610161900520325,-0.3738216459751129,1.3654533624649048,0.5103086233139038,0.06046139821410179,1.2695006132125854,0.3433210551738739,-0.2793230712413788,1.3942253589630127,0.3339286148548126,0.3462787866592407,1.1650712490081787,0.42950743436813354,0.21795709431171417,1.222335696220398,0.8568234443664551,0.006382261402904987,0.23911839723587036,0.83279949426651,-0.08775481581687927,0.621272623538971,0.8323974609375,0.10931193083524704,0.20902054011821747,0.55564945936203,0.05303821712732315,1.1863459348678589,0.7047941088676453,-0.07019045203924179,0.5979490876197815,0.5999857187271118,-0.6097917556762695,0.8715540170669556,0.3679860234260559,-0.24994425475597382,1.2652028799057007,0.8202304244041443,-0.18685169517993927,0.6815211772918701,0.888660192489624,-0.03225624933838844,0.4776305556297302,0.9192211031913757,0.23988710343837738,0.17062732577323914,0.45203787088394165,-0.11630991846323013,1.2818418741226196,0.3846648931503296,0.2664158344268799,1.1319537162780762,0.43982547521591187,0.32234638929367065,1.1782912015914917,0.36869755387306213,-0.27599823474884033,0.9362241625785828,0.4857577681541443,-0.5656808614730835,0.9853909015655518,0.9779117703437805,-19.55770492553711,4.460392951965332,-0.6673460602760315,-0.549863338470459,-2.502260684967041,760.1243896484375,-76.1833724975586,-1487.2669677734375,-134.00440979003906,135.1370849609375,-26.73313331604004,-2.237525701522827,24.307804107666016,-3.941706657409668,-3.684471845626831,0.2938086986541748,2.758779764175415
0.275321686554034,-0.37311029138154544,1.2219216363714231,0.26808370792905223,-0.24038376057187455,1.1144446420748502,0.04360229190167606,-0.5155094996193387,0.08060064946381461,0.4101561297051953,-0.455998823934833,0.7525468613730362,0.1423839421708457,-0.2659416597410543,1.35606479013203,-0.031230542685417185,-0.5800317251524388,0.9028681243294912,0.2149654790907111,-0.17459279636772265,1.3880708829456607,-0.07191639297351926,-0.4256258323689958,0.6167942217446322,-0.062137530592350367,-0.49688841565357916,0.7697476553206413,0.1163253534141163,-0.5661705065247239,0.09237991666902375,0.2094441297285209,-0.29205100682397556,0.45722556883925636,0.14639878867576453,-0.48083185276250967,0.034910921988058966,0.05062028927888891,-0.611409988821737,0.870292634166629,0.3083278420350409,-0.2550895293520776,0.38243846022924843,0.5058469395369094,-0.6300416096354162,0.8379875792572831,0.14669868522724563,-0.3927073497941952,1.1348129939164546,0.2438503480362181,-0.3409072098057002,0.5065816463224146,0.14248734757008139,-0.32635281980037695,0.3712346271568576,0.06909599436434688,-0.33999602156166997,0.06912380761608779,0.04142174216616426,-0.48232690649514165,1.018495104170793,-0.019211143665385715,-0.48215213531492546,0.6453891382706877,-0.10142562354587951,-0.5152392618308792,0.6433834457239568,0.951832255286886,0.07101460562291123,0.20604266048661926,0.6847474674712742,-0.43022281681464997,0.8771377744658894,0.4664105737446159,-0.39390513957138884,1.1704334960078562,0.2770942478681242,-0.3733065722892616,1.364458224433937,0.5114119630183604,0.06052765066408558,1.2693248722726935,0.3442099849810663,-0.2787746345463968,1.3932051094162543,0.3372179060582292,0.3480048463340626,1.1655661402553912,0.43185921906438085,0.21875227743525374,1.2226192222920476,0.861055488519321,0.007535074425811841,0.23736457307113726,0.835305925039266,-0.08827590952251128,0.6191660728280909,0.8368595948085088,0.11062847544124578,0.20764999881090715,0.5569626765930099,0.05321988386922324,1.1863488308246561,0.7072221901243095,-0.07046397119168413,0.5954771901400675,0.6007989668688237,-0.6096758182277743,0.8705375560664184,0.3688481755505334,-0.24944297157672068,1.2642589566723401,0.8220963330063598,-0.18739037289722074,0.6795199322976815,0.8918757954772732,-0.03208837062367147,0.4759105754806507,0.923998598823484,0.24137986999079084,0.17020697070174662,0.45288400598709155,-0.11616358586543839,1.28120063788054,0.3877508921536387,0.26804635728037113,1.1322262535821523,0.4428667554890871,0.3232951622629007,1.1793072460502978,0.3696506112715266,-0.2757392945569872,0.9352375934060836,0.48658287781753284,-0.5654478361275023,0.984476374277216,0.9120409488677979,-19.31983184814453,4.412449359893799,-0.5856651067733765,-0.511422872543335,-2.4676742553710938,763.2173461914062,-74.4576644897461,-1490.227294921875,-133.55169677734375,135.46543884277344,-26.574600219726562,-2.2373085021972656,24.30772590637207,-3.842602014541626,-3.711853504180908,0.3625909090042114,2.758854866027832
0.27628355083481365,-0.37272270921839784,1.2209669623943353,0.2690083413131979,-0.24002947199423583,1.1133970594564022,0.043753300676282664,-0.5153696209389642,0.0808340615981462,0.41103136322356215,-0.45559993563898354,0.751771359846292,0.14318713876387928,-0.265630086526176,1.355062233691184,-0.030514031401927908,-0.5806233334225535,0.9031361986864481,0.2157013744411879,-0.17418641527954318,1.3870036633598883,-0.07304613844843098,-0.4289375573199316,0.6159716708375919,-0.06231718033009412,-0.49878335324738987,0.7694836472043928,0.11660849517643057,-0.5659471608155611,0.09238053900220536,0.21030716948359215,-0.2913324921731128,0.4566099201606599,0.14645810124297806,-0.4807592455717112,0.034807747328616925,0.051219086612987984,-0.6121726568960986,0.87051403601438,0.30922741349169747,-0.25450967350937675,0.381750035759629,0.5065765222966276,-0.6296999065686535,0.8369828012605377,0.147748935696305,-0.3923887052875481,1.1339485309771355,0.2447173548553953,-0.34024007855266925,0.5058735253795094,0.14315798967484605,-0.3257388174533844,0.37082034665227726,0.06918864514654045,-0.33992918644914566,0.0690006674668252,0.04220815931773737,-0.4824038377858156,1.0181467959422938,-0.02010119974687201,-0.4851525746631306,0.6447190614725581,-0.10225189109610405,-0.518376217772629,0.6434179591816782,0.9562886765855827,0.07227096738700833,0.20507630350573963,0.685711880590742,-0.43011046955917054,0.8762426857916725,0.46734719758002174,-0.39357770801774716,1.1694423647116352,0.2780868767310452,-0.37279149860341027,1.3634630864029689,0.5125153027228172,0.060593903114069377,1.2691491313328016,0.34509891478825877,-0.2782261978514147,1.392184859869496,0.340507197261646,0.34973090600888457,1.1660610315026037,0.4342110037606283,0.2195474605587934,1.222902748363697,0.8652875326721873,0.008687887448718793,0.235610748906404,0.8378123558120222,-0.08879700322814334,0.6170595221172106,0.8413217286795179,0.11194502004724463,0.2062794575035967,0.5582758938239899,0.05340155061112334,1.1863517267814536,0.7096502713809739,-0.07073749034412649,0.5930052926603533,0.6016122150105356,-0.609559880779279,0.869521095065881,0.369710327675011,-0.24894168839746753,1.2633150334389793,0.8239622416085755,-0.18792905061450224,0.6775186873034926,0.8950913984649228,-0.03192049190895447,0.474190595331571,0.9287760944555926,0.24287263654320443,0.16978661563025405,0.45373014109024146,-0.11601725326764663,1.2805594016384605,0.39083689115694814,0.2696768801338625,1.1324987908862285,0.4459080357622626,0.3242439352321309,1.180323290509104,0.3706036686699911,-0.2754803543651341,0.9342510242335844,0.48740798748092146,-0.565214810781921,0.98356184698888,0.891141951084137,-19.323537826538086,4.353078365325928,-0.557885468006134,-0.4979625940322876,-2.4418768882751465,766.8178100585938,-72.7314682006836,-1493.450439453125,-133.00863647460938,135.88182067871094,-26.397830963134766,-2.2369940280914307,24.305612564086914,-3.6623106002807617,-3.711608409881592,0.2870727479457855,2.7585208415985107
0.2772454151155932,-0.3723351270552503,1.2200122884172477,0.2699329746973435,-0.23967518341659713,1.112349476837954,0.04390430945088926,-0.5152297422585898,0.08106747373247776,0.4119065967419289,-0.4552010473431341,0.7509958583195478,0.1439903353569128,-0.2653185133112977,1.354059677250338,-0.02979752011843869,-0.5812149416926681,0.9034042730434051,0.2164372697916646,-0.17378003419136373,1.385936443774116,-0.07417588392334261,-0.4322492822708671,0.6151491199305515,-0.06249683006783786,-0.5006782908412004,0.7692196390881444,0.11689163693874481,-0.5657238151063982,0.09238116133538697,0.21117020923866336,-0.2906139775222501,0.4559942714820635,0.14651741381019157,-0.48068663838091275,0.0347045726691749,0.05181788394708701,-0.61293532497046,0.8707354378621309,0.310126984948354,-0.2539298176666759,0.38106161129000965,0.5073061050563458,-0.6293582035018909,0.8359780232637924,0.1487991861653643,-0.392070060780901,1.1330840680378162,0.2455843616745724,-0.3395729472996384,0.5051654044366041,0.14382863177961067,-0.32512481510639196,0.37040606614769694,0.06928129592873403,-0.3398623513366213,0.06887752731756265,0.04299457646931042,-0.48248076907648946,1.0177984877137949,-0.020991255828358226,-0.4881530140113355,0.6440489846744285,-0.10307815864632851,-0.5215131737143787,0.6434524726393996,0.960745097884279,0.07352732915110533,0.20410994652486011,0.6866762937102097,-0.42999812230369117,0.8753475971174557,0.46828382141542746,-0.3932502764641055,1.1684512334154142,0.2790795055939661,-0.37227642491755897,1.362467948372001,0.5136186424272738,0.060660155564053166,1.2689733903929097,0.3459878445954512,-0.2776777611564327,1.3911646103227375,0.3437964884650626,0.35145696568370643,1.1665559227498161,0.43656278845687563,0.22034264368233297,1.2231862744353466,0.8695195768250532,0.009840700471625646,0.23385692474167089,0.8403187865847782,-0.08931809693377536,0.6149529714063304,0.8457838625505267,0.11326156465324337,0.20490891619628637,0.5595891110549699,0.05358321735302343,1.1863546227382509,0.7120783526376382,-0.07101100949656883,0.5905333951806392,0.6024254631522475,-0.6094439433307838,0.868504634065344,0.3705724797994885,-0.24844040521821442,1.2623711102056188,0.8258281502107909,-0.1884677283317837,0.6755174423093039,0.8983070014525721,-0.03175261319423749,0.47247061518249145,0.9335535900877009,0.24436540309561788,0.16936626055876153,0.45457627619339136,-0.11587092066985488,1.279918165396381,0.3939228901602573,0.27130740298735373,1.1327713281903045,0.44894931603543786,0.325192708201361,1.18133933496791,0.3715567260684556,-0.275221414173281,0.9332644550610852,0.48823309714431,-0.5649817854363397,0.9826473197005443,0.9511877298355103,-19.557615280151367,4.343449592590332,-0.5832369923591614,-0.49527207016944885,-2.4657535552978516,769.9317626953125,-71.34028625488281,-1496.1793212890625,-132.60879516601562,136.25062561035156,-26.23037338256836,-2.234609603881836,24.30562400817871,-3.3743317127227783,-3.6889328956604004,0.1197296753525734,2.759000539779663
0.2782765056518529,-0.37191779191130836,1.2190710353535532,0.27087008163628984,-0.23933114308789866,1.111318196681951,0.04407227076343353,-0.5150552849895906,0.08124408382453666,0.4113175691358301,-0.45650192759684377,0.7502600274338628,0.1449394251731847,-0.2650057855031348,1.3530670680747128,-0.029056990580843007,-0.5818193195671435,0.903721728466994,0.2172557629694212,-0.17336648376966945,1.3849385787319664,-0.07527640683958858,-0.4355704808077274,0.6145201656992072,-0.06264784441187682,-0.5025385610315184,0.7690372222306713,0.11712357692963239,-0.5655566793403878,0.09242666231480655,0.21202897107759056,-0.28995635039759,0.45546557255928094,0.14661969303690045,-0.4805759493483613,0.03455937254113078,0.052425749032505284,-0.6136063163643641,0.8710120036112552,0.3108567917189061,-0.2534945326925114,0.38018796834724633,0.5080779439566151,-0.6290671643831872,0.8349911069238423,0.14987024398434237,-0.3917584326488293,1.1322878149171538,0.24642918451337623,-0.33889652009041893,0.5044635400077365,0.14456564326159999,-0.3244676289968933,0.3699960290201453,0.06936870663371307,-0.3397886084010269,0.0687680005139073,0.0439116846992085,-0.482503740400668,1.0174601267505166,-0.021905064952886633,-0.4911305489919043,0.6435548402615731,-0.10382919506916145,-0.5246086432444338,0.6436632145319553,0.9652739131687491,0.0747478121755928,0.20325887124270006,0.6876431344360705,-0.42998207010180745,0.874454363687149,0.4692209090618108,-0.39293906842635956,1.167594390199674,0.280161186164578,-0.37173330547004346,1.3614997705876433,0.5147227123873123,0.06076186735010305,1.2687725839235924,0.34696676360060835,-0.2771093805894157,1.390244859733329,0.3471192530054129,0.3530897401421275,1.1670918662027019,0.4387545682341847,0.2211088238172973,1.22349190554082,0.8738885537678042,0.010935032604545916,0.23216267561675702,0.8427844019915094,-0.08989909380082262,0.6127992501322008,0.8504312642362732,0.11449477870930107,0.2035342104584966,0.5609410120951418,0.05374710261821746,1.1863636370526245,0.7145263086881068,-0.07132145589747965,0.588055458289898,0.6031635541789578,-0.6091698759438976,0.8675092715301261,0.3715055061886642,-0.24796544577901727,1.2614106476701648,0.8276626972962688,-0.18895527335586926,0.6735767493184829,0.9015350187851103,-0.03161996931133681,0.47084445313902096,0.9383598814736926,0.24577744186713993,0.16907281206538347,0.45547340089911653,-0.11568353339931034,1.2792542320213571,0.39703999410401897,0.27288429152886595,1.1330812861587827,0.4519895009252408,0.3261018894760814,1.1823838791310393,0.37247389239191214,-0.27493775384315594,0.9322691030849685,0.48913149881047124,-0.5646403072685595,0.9816461091009987,1.06308913230896,-19.7629451751709,4.388674259185791,-0.6105186343193054,-0.48214924335479736,-2.524399757385254,773.0520629882812,-69.7900619506836,-1498.9820556640625,-132.26951599121094,136.58056640625,-26.04827880859375,-2.231821060180664,24.302093505859375,-3.3795573711395264,-3.6646525859832764,0.06685672700405121,2.7591452598571777
0.27930794231938993,-0.3715003080024625,1.2181298493944257,0.27180725094301017,-0.23898715400044496,1.1102869980382604,0.04424031683866748,-0.5148806548276484,0.08142040990638416,0.41072122022410895,-0.45781130669330117,0.749524394901383,0.14588924445557272,-0.26469305192200554,1.3520745086354136,-0.02831634095197685,-0.5824237612896407,0.9040394307959159,0.21807466913631413,-0.17295289750130763,1.3839410604625348,-0.07637678364304114,-0.43889172671251714,0.6138921794512414,-0.06279871557894723,-0.5043986578848186,0.768855213329492,0.11735526091166283,-0.5653898246240932,0.09247238768745732,0.21288771152693697,-0.289299027710561,0.45493730838527746,0.1467221870969068,-0.48046506990660104,0.03441396228574366,0.05303365945668011,-0.6142768493748658,0.8712888451798863,0.31158574966602764,-0.25305997057268953,0.3793133993121173,0.508849994137587,-0.6287763785842239,0.8340042798921763,0.15094140584006996,-0.39144683959863047,1.1314919028455848,0.2472738964322781,-0.3382200464014187,0.5037617068614392,0.14530298659047539,-0.32381022696858214,0.36958601310947875,0.06945609113830603,-0.33971483092631727,0.06865854177698,0.04482944638449815,-0.4825264419250141,1.0171218155235644,-0.02281899284263017,-0.4941079694506346,0.643061575510644,-0.10457985533635737,-0.5277039053424303,0.6438748375666852,0.9698030904231478,0.07596811580638213,0.20240837236903367,0.6886099872999633,-0.42996649937519177,0.8735611395330619,0.470157999027249,-0.3926279415061932,1.166738218424336,0.2812433119937283,-0.37119004579371967,1.3605317276045188,0.5158267859986285,0.06086375643283325,1.2685716521266281,0.34794613255175527,-0.2765409003030386,1.3893256116387072,0.35044218491244766,0.3547220481744664,1.1676280149166158,0.44094554798689883,0.2218748589373187,1.2237976471714627,0.8782582153745041,0.012029072333016156,0.23046872436704238,0.8452498133214102,-0.0904803901836769,0.610645293005255,0.855079592261093,0.11572757611260893,0.20215948389855454,0.5622931065543597,0.05391089897602795,1.1863726819587859,0.7169743641125443,-0.07163208693463279,0.585577491202102,0.6039012694200933,-0.6088950179073195,0.8665140144872351,0.37243888694916333,-0.24749061795852045,1.2604501024382004,0.8294970875741629,-0.18944256271648877,0.6716363590876789,0.9047630981893726,-0.031487501602595225,0.46921876018607866,0.9431663168384535,0.24718907699975734,0.168779998104896,0.4563707805528545,-0.11549594085540205,1.2785901851606685,0.4001572535724827,0.2744609118988181,1.1333914312305828,0.4550296803381267,0.32701087279232915,1.18342856579269,0.37339087925999365,-0.27465396991233954,0.9312737071948336,0.4900302669366463,-0.5642982868366684,0.980644465084897,1.1051357984542847,-19.698026657104492,4.556593894958496,-0.6137920022010803,-0.48237988352775574,-2.544865608215332,776.4879150390625,-67.81889343261719,-1501.8865966796875,-131.77685546875,136.91261291503906,-25.840974807739258,-2.262786626815796,24.30196189880371,-3.738393783569336,-3.671743392944336,0.1430048793554306,2.7508492469787598
0.280339378986927,-0.3710828240936166,1.2171886634352982,0.2727444202497305,-0.2386431649129912,1.1092557993945698,0.044408362913901434,-0.5147060246657063,0.08159673598823168,0.4101248713123878,-0.45912068578975873,0.7487887623689032,0.1468390637379608,-0.2643803183408763,1.3510819491961146,-0.02757569132311063,-0.583028203012138,0.9043571331248378,0.21889357530320713,-0.1725393112329458,1.3829435421931033,-0.07747716044649379,-0.44221297261730713,0.6132641932032756,-0.06294958674601765,-0.5062587547381192,0.7686732044283128,0.11758694489369328,-0.5652229699077985,0.09251811306010808,0.21374645197628345,-0.2886417050235319,0.454409044211274,0.14682468115691316,-0.48035419046484085,0.034268552030356524,0.05364156988085498,-0.6149473823853676,0.8715656867485173,0.31231470761314917,-0.2526254084528677,0.3784388302769882,0.5096220443185592,-0.6284855927852605,0.8330174528605101,0.15201256769579763,-0.3911352465484316,1.1306959907740157,0.24811860835118005,-0.3375435727124183,0.5030598737151418,0.14604032991935081,-0.323152824940271,0.3691759971988122,0.069543475642899,-0.33964105345160756,0.0685490830400527,0.04574720806978787,-0.4825491434493602,1.0167835042966122,-0.02373292073237379,-0.4970853899093652,0.6425683107597149,-0.10533051560355335,-0.5307991674404269,0.6440864606014151,0.9743322676775469,0.07718841943717156,0.20155787349536722,0.6895768401638561,-0.42995092864857604,0.8726679153789748,0.4710950889926872,-0.3923168145860268,1.165882046648998,0.2823254378228787,-0.3706467861173958,1.359563684621394,0.5169308596099449,0.060965645515563466,1.2683707203296637,0.34892550150290225,-0.2759724200166614,1.3884063635440853,0.35376511681948264,0.35635435620680544,1.1681641636305298,0.44313652773961315,0.22264089405734014,1.2241033888021051,0.8826278769812045,0.01312311206148649,0.2287747731173276,0.8477152246513113,-0.09106168656653124,0.6084913358783092,0.8597279202859132,0.11696037351591693,0.20078475733861234,0.5636452010135776,0.054074695333838456,1.1863817268649475,0.719422419536982,-0.07194271797178596,0.5830995241143058,0.6046389846612286,-0.6086201598707414,0.8655187574443438,0.37337226770966253,-0.2470157901380236,1.2594895572062361,0.8313314778520571,-0.18992985207710833,0.6696959688568748,0.9079911775936352,-0.03135503389385363,0.4675930672331362,0.9479727522032149,0.24860071213237492,0.1684871841444085,0.4572681602065926,-0.11530834831149374,1.27792613829998,0.4032745130409467,0.2760375322687704,1.133701576302383,0.45806985975101283,0.327919856108577,1.1844732524543409,0.37430786612807515,-0.27437018598152313,0.9302783113046987,0.4909290350628215,-0.5639562664047771,0.9796428210687953,0.9951832890510559,-19.40631866455078,4.638150691986084,-0.6175768971443176,-0.5687075853347778,-2.5015769004821777,779.9019165039062,-65.98768615722656,-1504.573486328125,-131.23800659179688,137.28311157226562,-25.661781311035156,-2.3664603233337402,24.306232452392578,-4.166834354400635,-3.700350522994995,0.2397182732820511,2.7237937450408936
0.28134463826157396,-0.3706818753421701,1.2162408005717575,0.2736200442081256,-0.23828306779364086,1.1082734599808195,0.04449385593935157,-0.514601580551918,0.08168800027165192,0.41115046031032965,-0.45861922949552536,0.7479669584935864,0.1477832223800634,-0.26410473976901033,1.3501419801980454,-0.026866877886361835,-0.5835898732704832,0.904772730655228,0.2197215738428744,-0.17213397781481807,1.3819334556330118,-0.07859371401468254,-0.4455116839697029,0.6128506730526488,-0.06314996642288782,-0.5081164950369209,0.7686090428900245,0.1177460126307429,-0.5650989652074725,0.09259112291531452,0.2146515232689728,-0.2879986296722431,0.45385102853672393,0.14686045526767408,-0.4803328404560784,0.03418989731800675,0.05432550373505677,-0.6156549918533161,0.8718570604032239,0.31317880414179616,-0.25204079272533886,0.3776923694357967,0.5104605296984414,-0.6281300802893987,0.8320590026725997,0.15305099799143557,-0.3908085715494409,1.1299007463928878,0.24899794689274782,-0.336899432914936,0.5023203946107271,0.14665175468617717,-0.32255299157456846,0.3687806312019462,0.0696033105525552,-0.33957632907376384,0.06845828281431798,0.04675536080331399,-0.4825570084993413,1.0165099983183754,-0.024628846141330842,-0.5000932491970378,0.6422473101426434,-0.10609178527548217,-0.5338886952558101,0.64447028885614,0.9788426514098186,0.07831033937238303,0.20069181154303203,0.6905734445282955,-0.42983875882546635,0.8717564475654767,0.47208267795723796,-0.39197396255092115,1.1649632690758105,0.28340467687276816,-0.3702472664465178,1.3585935600151289,0.5181159986960178,0.06102701781675318,1.2681983421180423,0.3498983113773611,-0.2753883275567301,1.3873954454794626,0.35712921969740596,0.35791701823472977,1.1686928891977726,0.44547341749170755,0.22336087817486547,1.224453433657324,0.8870358325985094,0.01415675157983324,0.22717171122893592,0.8502876824693174,-0.09164423241421876,0.606463631158633,0.8642647243690806,0.11814165320124057,0.19954206165395036,0.5651055595140584,0.0542450151745452,1.1864140231088298,0.7219312347915788,-0.07234013158309933,0.5806893865201647,0.6054729062397748,-0.6084290184327309,0.8645264068186678,0.3742218140438692,-0.2465017502325655,1.2585850586954332,0.8332353668497098,-0.19049604182803867,0.6677776909624504,0.911271592145724,-0.03125407466886947,0.4660130030666756,0.9527351396368039,0.2499087226903991,0.168310651419968,0.4581930624530805,-0.1151553038384346,1.277294140580474,0.40639052549932175,0.27750272688684086,1.1341037841032673,0.46117537463737635,0.32878175742973553,1.1855463355977014,0.3753230624048915,-0.274089828873707,0.9293577556578528,0.49180417873014676,-0.5637304044717195,0.9787610078489544,0.8923810124397278,-19.286975860595703,4.4805169105529785,-0.62800532579422,-0.6590893268585205,-2.4489688873291016,783.44873046875,-64.25736236572266,-1507.03466796875,-130.65074157714844,137.66433715820312,-25.469987869262695,-2.4236481189727783,24.2791748046875,-4.110524654388428,-3.716829776763916,0.24262584745883942,2.716083526611328
0.2823496344468451,-0.37028109277321014,1.2152928706036499,0.2744950496203062,-0.23792280878452277,1.1072916116146063,0.04457851928590938,-0.5144978418255484,0.08177840966262565,0.41219235019178574,-0.45809957385063177,0.747144288574623,0.14872732413130874,-0.263829534614323,1.3492025397471246,-0.026158384411342925,-0.584151113664867,0.9051893120569898,0.22054966376317253,-0.1717287273399088,1.3809232427584415,-0.07971043016342132,-0.44881016884418495,0.6124393083401863,-0.06335084367272079,-0.5099742116517577,0.7685460657473432,0.11790435055628516,-0.5649753911605734,0.09266440698642604,0.21555706019827856,-0.2873556975102583,0.4532927138521182,0.14689555882618127,-0.4803123902406124,0.034111913515637256,0.05501020164383164,-0.6163629739489777,0.8721485801090467,0.3140442588471418,-0.25145466892135065,0.37694719611414224,0.5112996827687648,-0.6277739172739698,0.8311008376790988,0.1540890993266705,-0.3904817449730753,1.1291055087222168,0.24987763344057343,-0.3362556180811876,0.5015805371549745,0.14726191393981702,-0.32195373678838973,0.36838541244039474,0.06966286858186027,-0.33951169568181827,0.06836767011130883,0.04776442198958612,-0.4825647244390273,1.0162371436491708,-0.025524590620832677,-0.5031014144025889,0.6419280408233996,-0.1068531615745942,-0.5369781654402118,0.6448558478165936,0.9833528462624705,0.07943127052673435,0.19982559317784598,0.6915703479027906,-0.42972561815716576,0.8708447963986177,0.47307077444941786,-0.3916307916704393,1.1640438622986244,0.2844838869098006,-0.3698491913988101,1.3576234144880284,0.51930195251048,0.06108798291410831,1.2680262508771278,0.35087105533145113,-0.274804078190532,1.3863836061086088,0.36049373635393084,0.35947898030281056,1.1692215401605264,0.4478117736759563,0.22408039946824507,1.2248039237710813,0.8914441730802419,0.015189784060892227,0.22556956280146223,0.852861216131425,-0.09222679081934174,0.6044371953073717,0.868800407608613,0.11932241512055422,0.19830069291275865,0.5665670060953556,0.0544154005778941,1.1864465530344983,0.7244406606977347,-0.07273841738108765,0.5782799306294777,0.6063077947161845,-0.6082387183675703,0.8635340854032151,0.3750705178210277,-0.24598731623580128,1.25768112346826,0.835139954326958,-0.19106302454771582,0.6658596353025626,0.9145525326791977,-0.031153432112063797,0.4644333974809837,0.9574970843776169,0.2512156917954122,0.16813528735116617,0.4591182413085406,-0.11500260658216793,1.27666246496289,0.4095065254249318,0.2789668016481083,1.13450691715771,0.46428154616166406,0.3296431855650137,1.186619704132838,0.3763392457109413,-0.273809506206323,0.9284379521742563,0.49267908496572477,-0.5635057099607607,0.9778803989587241,0.9506682753562927,-19.44413948059082,4.350960731506348,-0.6328151822090149,-0.619465708732605,-2.43778920173645,786.3286743164062,-62.882144927978516,-1509.10693359375,-130.13726806640625,137.9852752685547,-25.297157287597656,-2.355036973953247,24.206031799316406,-3.724897861480713,-3.736579179763794,0.240615576505661,2.7513797283172607
0.2833546306321163,-0.36988031020425016,1.2143449406355422,0.2753700550324869,-0.23756254977540464,1.1063097632483931,0.044663182632467206,-0.5143941030991788,0.08186881905359937,0.4132342400732419,-0.45757991820573807,0.7463216186556595,0.1496714258825542,-0.26355432945963564,1.3482630992962035,-0.025449890936323955,-0.5847123540592509,0.9056058934587516,0.2213777536834707,-0.1713234768649995,1.379913029883871,-0.08082714631216019,-0.45210865371866726,0.6120279436277238,-0.06355172092255378,-0.5118319282665947,0.7684830886046619,0.11806268848182744,-0.5648518171136743,0.09273769105753757,0.21646259712758442,-0.2867127653482734,0.45273439916751246,0.14693066238468847,-0.4802919400251464,0.03403392971326776,0.05569489955260658,-0.6170709560446391,0.8724400998148697,0.3149097135524876,-0.25086854511736245,0.37620202279248777,0.5121388358390884,-0.6274177542585411,0.8301426726855979,0.15512720066190552,-0.3901549183967098,1.1283102710515458,0.2507573199883991,-0.33561180324743917,0.500840679699222,0.14787207319345694,-0.32135448200221095,0.3679901936788433,0.06972242661116533,-0.3394470622898727,0.06827705740829967,0.04877348317585834,-0.4825724403787133,1.015964288979966,-0.026420335100334588,-0.5061095796081403,0.6416087715041559,-0.10761453787370627,-0.5400676356246139,0.6452414067770471,0.9878630411151228,0.08055220168108575,0.19895937481265985,0.6925672512772857,-0.4296124774888651,0.8699331452317586,0.4740588709415979,-0.3912876207899574,1.1631244555214384,0.28556309694683313,-0.3694511163511024,1.3566532689609274,0.5204879063249424,0.06114894801146344,1.2678541596362134,0.35184379928554127,-0.2742198288243338,1.3853717667377548,0.36385825301045605,0.3610409423708915,1.1697501911232804,0.4501501298602053,0.2247999207616247,1.2251544138848387,0.895852513561975,0.0162228165419513,0.22396741437398837,0.8554347497935326,-0.09280934922446477,0.6024107594561103,0.8733360908481458,0.12050317703986797,0.19705932417156682,0.568028452676653,0.054585785981243015,1.1864790829601666,0.7269500866038909,-0.07313670317907602,0.5758704747387906,0.6071426831925941,-0.6080484183024097,0.8625417639877623,0.37591922159818625,-0.24547288223903702,1.256777188241087,0.8370445418042063,-0.19163000726739302,0.6639415796426749,0.9178334732126715,-0.031052789555258115,0.4628537918952917,0.9622590291184304,0.2525226609004254,0.16795992328236434,0.4600434201640009,-0.11484990932590125,1.2760307893453056,0.41262252535054217,0.28043087640937586,1.1349100502121527,0.46738771768595205,0.33050461370029194,1.1876930726679744,0.37735542901699115,-0.273529183538939,0.9275181486906595,0.49355399120130283,-0.5632810154498018,0.9769997900684938,1.1294145584106445,-19.6314754486084,4.479215145111084,-0.5888783931732178,-0.4938901960849762,-2.475055456161499,788.7625732421875,-61.51326370239258,-1511.03564453125,-129.63902282714844,138.29360961914062,-25.146379470825195,-2.2701776027679443,24.196535110473633,-3.691094160079956,-3.734210252761841,0.2863430082798004,2.776360034942627
0.2840357340921629,-0.3696057415561171,1.2137464900679935,0.27598397670597424,-0.23729191740222327,1.1056519150733948,0.04475203348903466,-0.5143468914837237,0.08190945215177851,0.41301381489298994,-0.4583027159536121,0.7457827371082559,0.1503143835048012,-0.26335956748352934,1.347632574719309,-0.024926714623803373,-0.5850882644684898,0.9058838828115273,0.22194180943515912,-0.1710586502457297,1.3792351409299484,-0.08154452861046155,-0.4542983435834479,0.6118460481135262,-0.06364535444126224,-0.5131148776865952,0.7684680608329394,0.11816638239369487,-0.5647683376508044,0.09278690274681477,0.21707769744838307,-0.2862764023589772,0.4523488995649957,0.14696931720569434,-0.4802415263376489,0.03396425376467358,0.05617380497471383,-0.6175603913945078,0.8726768118656234,0.31539695635931375,-0.2505368714695735,0.37563991290054577,0.5126592447820878,-0.6272078817648603,0.8294635870993533,0.1558722422415057,-0.3899546183695067,1.1277834638854527,0.2513671301255952,-0.33518768797647086,0.5003455809212679,0.14840683528524357,-0.3209124401902521,0.3677002427396396,0.06975169388565007,-0.3394188696382851,0.06820447212516867,0.049463431431066865,-0.48256790519550147,1.01580487931801,-0.026972175588128148,-0.508104829006637,0.64144546464579,-0.10809686163205971,-0.5421303171195729,0.645584604598039,0.9909223083233989,0.081310857654802,0.19846275152749576,0.6932499827138635,-0.4295433783373296,0.8693307030279905,0.47469128431468605,-0.39109295813847855,1.1625471423003848,0.28632755863745474,-0.36913622974954696,1.3560391289508895,0.5212372551295931,0.06120873953135597,1.2677143863494822,0.3525178464043219,-0.2738144614838607,1.384673493587418,0.36617221145440393,0.36208533845989904,1.170138354727764,0.45164077477344605,0.22523007033676498,1.2253843857752567,0.8987843104150909,0.016889890384496394,0.22294864995984848,0.8571422443484628,-0.09324006551247556,0.6010166730312323,0.8764360089175747,0.1212343305645399,0.19628190564990838,0.5690138639993225,0.05470225154514738,1.1864922690075754,0.728710709028686,-0.07336112854397848,0.5742892299266842,0.6077049402211675,-0.6079101708551117,0.8619210208883349,0.3765274457978886,-0.24508807665070165,1.256197175048045,0.8383118754980579,-0.19198365534180833,0.6626797503982949,0.9200437203148342,-0.031030830421441835,0.4618389591673353,0.9654916351204674,0.2533153173149816,0.16790440821687116,0.46069261658665356,-0.11473873057803571,1.275591536468228,0.4147482945626933,0.28140257131184954,1.1351862170838363,0.46948034814651424,0.33101133568002683,1.1884024636634927,0.37798842768005975,-0.27334271775965663,0.9268851230870809,0.4941497105636344,-0.5630338703164991,0.9763787603930922,1.1868953704833984,-19.57870101928711,4.753774166107178,-0.5589219331741333,-0.5044823884963989,-2.5098254680633545,791.4385375976562,-59.920196533203125,-1513.2010498046875,-129.1347198486328,138.61691284179688,-24.999998092651367,-2.2403995990753174,24.253002166748047,-4.087615489959717,-3.7262768745422363,0.2662748098373413,2.7676234245300293
0.28471193008667584,-0.36933308524011776,1.2131533346428776,0.276593942565239,-0.23702264300837422,1.1049989759922028,0.044840947792723476,-0.5143005363396461,0.0819493310637032,0.4127742637269544,-0.4590443387528918,0.7452481553846637,0.15095277833721493,-0.2631660243434622,1.3470067306859603,-0.024406346147078175,-0.5854613668476509,0.906159772284773,0.22250186466914137,-0.17079595126063618,1.3785622871869447,-0.08225586039587754,-0.4564712335238393,0.6116676294053627,-0.06373736305495366,-0.5143891185127346,0.7684537595668376,0.11826924836596116,-0.5646854656816318,0.09283574970303386,0.2176883972145074,-0.28584316920563085,0.45196601837281364,0.14700802583370778,-0.4801906586581508,0.03389470369265175,0.05664959232884131,-0.6180465154300462,0.8729126934973609,0.3158784686828291,-0.25020905312718145,0.37508057669693273,0.5131748242686126,-0.6270002257942364,0.828788729988976,0.15661284352177812,-0.38975623541123033,1.1272607238482166,0.2519728512262666,-0.3347669014867568,0.4998541906081288,0.14894045499579003,-0.32047278039305416,0.3674118867674411,0.06978050220930418,-0.33939122911912717,0.0681321599847631,0.050148544641865384,-0.4825631843892154,1.0156471885198,-0.027518805409380714,-0.5100847311959361,0.6412845208550131,-0.10857495732161382,-0.5441774412101467,0.6459271605835845,0.9939595917794877,0.08206402461062991,0.19797172816778652,0.6939279539695639,-0.4294749464815026,0.8687329458085117,0.4753183085496062,-0.3909005456116815,1.16197501231503,0.28708725141373687,-0.3688226035789938,1.3554303829638374,0.5219799887068224,0.0612685132697718,1.2675751027287236,0.35318736781347665,-0.2734118044771106,1.3839799714404226,0.3684702523496766,0.3631218926401327,1.1705243897359103,0.4531185755765201,0.22565583549193197,1.2256125316319877,0.9016937353950462,0.017551419399185267,0.2219387246974257,0.8588366170987387,-0.09366848116234831,0.5996321676582691,0.8795141729692748,0.12195867184080822,0.19551151667703068,0.5699920626665582,0.054817900141787446,1.1865051619659197,0.7304599859461879,-0.07358291965989482,0.5727205337672834,0.6082630664702282,-0.6077727120838418,0.8613059077633928,0.3771320263676296,-0.24470523512916062,1.255622069764611,0.8395695538315552,-0.19233407107311368,0.6614278639783923,0.9222377447892498,-0.031010063460701152,0.4608326836038899,0.9687010693234323,0.2541001811130157,0.16785070904536753,0.46133763145729406,-0.11462818089847929,1.2751551990872187,0.4168590602791861,0.2823668059134325,1.1354604602254779,0.4715576219242929,0.33151268332407174,1.1891063398478046,0.3786156205152044,-0.27315767405443636,0.9262564426028965,0.49474119982182585,-0.5627863850222519,0.9757616637360971,1.0952800512313843,-19.4730281829834,4.822362422943115,-0.5485461950302124,-0.6069105267524719,-2.511119842529297,793.886474609375,-58.599205017089844,-1514.7962646484375,-128.7179718017578,138.83685302734375,-24.845308303833008,-2.257045269012451,24.301414489746094,-4.492889404296875,-3.774111747741699,0.14481207728385925,2.760498523712158
0.2853881260811888,-0.36906042892411844,1.2125601792177618,0.27720390842450376,-0.2367533686145252,1.1043460369110107,0.044929862096412296,-0.5142541811955685,0.08198920997562788,0.41253471256091895,-0.4597859615521715,0.7447135736610716,0.15159117316962867,-0.262972481203395,1.3463808866526117,-0.02388597767035298,-0.5858344692268119,0.9064356617580186,0.22306191990312363,-0.1705332522755427,1.377889433443941,-0.08296719218129354,-0.45864412346423067,0.6114892106971993,-0.0638293716686451,-0.5156633593388741,0.7684394583007358,0.11837211433822746,-0.5646025937124594,0.09288459665925297,0.21829909698063174,-0.2854099360522845,0.45158313718063153,0.1470467344617212,-0.4801397909786527,0.03382515362062991,0.05712537968296878,-0.6185326394655847,0.8731485751290985,0.31635998100634444,-0.24988123478478944,0.3745212404933197,0.5136904037551374,-0.6267925698236124,0.8281138728785988,0.15735344480205055,-0.38955785245295393,1.1267379838109806,0.25257857232693803,-0.3343461149970427,0.4993628002949898,0.14947407470633653,-0.3200331205958562,0.3671235307952426,0.0698093105329583,-0.33936358859996923,0.06805984784435752,0.0508336578526639,-0.4825584635829294,1.01548949772159,-0.028065435230633283,-0.5120646333852351,0.6411235770642363,-0.10905305301116792,-0.5462245653007204,0.64626971656913,0.9969968752355765,0.08281719156645781,0.19748070480807728,0.6946059252252642,-0.42940651462567564,0.8681351885890329,0.4759453327845264,-0.39070813308488456,1.1614028823296756,0.287846944190019,-0.3685089774084407,1.3548216369767851,0.5227227222840518,0.061328287008187626,1.267435819107965,0.35385688922263137,-0.27300914747036054,1.3832864492934271,0.37076829324494925,0.36415844682036647,1.1709104247440565,0.4545963763795941,0.22608160064709898,1.2258406774887185,0.9046031603750014,0.01821294841387414,0.2209287994350029,0.8605309898490148,-0.09409689681222107,0.5982476622853058,0.8825923370209751,0.12268301311707655,0.194741127704153,0.570970261333794,0.05493354873842751,1.1865180549242638,0.7322092628636897,-0.07380471077581115,0.5711518376078827,0.608821192719289,-0.607635253312572,0.8606907946384506,0.37773660693737054,-0.2443223936076196,1.255046964481177,0.8408272321650524,-0.19268448680441902,0.6601759775584897,0.9244317692636654,-0.03098929649996047,0.45982640804044456,0.9719105035263971,0.25488504491104985,0.16779700987386387,0.4619826463279345,-0.11451763121892285,1.2747188617062095,0.41896982599567895,0.28333104051501545,1.1357347033671197,0.4736348957020715,0.3320140309681166,1.1898102160321167,0.3792428133503491,-0.2729726303492161,0.9256277621187121,0.4953326890800173,-0.5625388997280045,0.975144567079102,1.0375633239746094,-19.45128059387207,4.637899398803711,-0.506537914276123,-0.6150968670845032,-2.4880030155181885,797.1349487304688,-57.270538330078125,-1516.90234375,-128.16409301757812,139.11004638671875,-24.635101318359375,-2.237792730331421,24.369083404541016,-4.2559733390808105,-3.8364105224609375,0.10312584042549133,2.7734649181365967
0.2864712038576997,-0.36859252106472357,1.2116481981530096,0.2781549107949465,-0.23636183722425771,1.1033695675679391,0.04511991970315081,-0.5141812896491676,0.08213286031506313,0.4140756859487255,-0.45854788125548146,0.7437411510194375,0.1525708280799799,-0.26269235940563757,1.3454303459221164,-0.023012437503044814,-0.5863620853976698,0.9068622546677557,0.22393410835439792,-0.17015575175944544,1.3769376850286068,-0.08408486384232307,-0.46184656749300596,0.6113762873292758,-0.06388860588140835,-0.5175126916328012,0.7685334216679959,0.1185405169619827,-0.5644710036303034,0.09295444188035086,0.21923291389614535,-0.28472482092333157,0.4509217501278745,0.14714086820550312,-0.48005827521251526,0.033727702660029696,0.0578370919352434,-0.6191547504126631,0.8735524428798662,0.31715440903081005,-0.24937013058078214,0.37374485984740674,0.5145124835486443,-0.6263671403886467,0.8271244087361342,0.15844653309970497,-0.3892243768501756,1.125978846226307,0.253499959971731,-0.3337066413353611,0.4986350999170582,0.15021197125315663,-0.3194253580361013,0.3667096080665557,0.06983998029289261,-0.33929444242589524,0.06797416786977788,0.051744749670885215,-0.4825354880647154,1.0152502730982194,-0.028827307594705656,-0.515045550880053,0.6409074997665077,-0.1097911495518013,-0.5492641313976009,0.6468220364968508,1.0014494529228335,0.0838832669330156,0.19687967688239966,0.6956497100212715,-0.4293112450384146,0.8672199276898871,0.47694102832615765,-0.3903665529280309,1.1605425261898545,0.2890250567371482,-0.36807784260503507,1.3538887386290444,0.5239327103886383,0.06140520856006453,1.2672885259650402,0.35486807896206707,-0.2723867048984332,1.382285143760656,0.3741790939443157,0.365676330513512,1.1715721272869615,0.4568992454484597,0.22672192670947666,1.226222209583055,0.9089442291204501,0.019138782547281033,0.21945232436653012,0.8631024830388706,-0.09467540108999667,0.5962732711572521,0.8872091069521492,0.12371975005857197,0.1936001476665207,0.5723995788405273,0.05497165855069626,1.1865006983280182,0.7347273761468217,-0.07418041788535006,0.568814732775783,0.6096369845188216,-0.6073259980670663,0.8597074767809041,0.3786598673423394,-0.24388388882310977,1.254138608641972,0.8427769565424381,-0.19317457343864913,0.6583779467060077,0.9277172077767895,-0.031043567777987544,0.45842764645025436,0.9766463738008838,0.2560017887034163,0.1677339451991959,0.4629174426000639,-0.11431980302051599,1.274099510631814,0.42217079071414376,0.2847565225023307,1.1361705755555866,0.47673184774964045,0.33277132367061457,1.1909098637025088,0.38022603138985217,-0.2726859220901862,0.9247102139406647,0.49620447273285967,-0.5622435517066362,0.9742300294290316,1.0851751565933228,-19.48491859436035,4.546452522277832,-0.5256574153900146,-0.5452813506126404,-2.456270694732666,799.9737548828125,-56.33584213256836,-1518.7672119140625,-127.59857940673828,139.36163330078125,-24.479936599731445,-2.035989761352539,24.5399112701416,-3.223142147064209,-3.8472368717193604,0.17821207642555237,2.767446517944336
0.2875625431932361,-0.36812064870698563,1.2107297434712088,0.27911283776460105,-0.23596782345842843,1.1023865290824941,0.045312030981017264,-0.5141078592925672,0.08227861768855954,0.4156528121193513,-0.45726960394161426,0.7427598382068785,0.15355741212896953,-0.262410479665592,1.3444732123652832,-0.02213172633694301,-0.5868928389043997,0.9072919075457465,0.22481263453597264,-0.16977592024779478,1.375980273777286,-0.08521078605920272,-0.4650699161733223,0.6112646938159766,-0.063947174624102,-0.5193737009108461,0.7686295833019231,0.1187102502791692,-0.5643384243478838,0.09302471346215696,0.22017329156596138,-0.28403459143954396,0.45025470813378593,0.14723612733234634,-0.4799761371502024,0.03362968518392535,0.05855359454077994,-0.6197796225153057,0.8739597215162997,0.31795519067356914,-0.24885530483643742,0.3729640722077414,0.5153407866986381,-0.6259372891574506,0.8261285566336272,0.1595467784941591,-0.38888815824953926,1.1252149086914316,0.25442775708950116,-0.33306272732500997,0.4979026013652221,0.1509540155529976,-0.31881418222228425,0.3662931357590568,0.06987068784848743,-0.33922445349740665,0.06788821646709316,0.05266042988722686,-0.4825121418924521,1.0150093929657082,-0.029593550365738904,-0.5180467935587396,0.640690303006709,-0.1105345252975328,-0.5523238486012085,0.6473786155909103,1.0059307675487947,0.08495569576984208,0.1962764153614739,0.6967009225033767,-0.4292154305225966,0.8662982200155195,0.4779442095796004,-0.3900219439868106,1.1596763177423288,0.290211665117188,-0.367644321839541,1.3529492585074823,0.5251521858947956,0.06148247829089496,1.2671410701922234,0.3558862061295288,-0.27175979967543623,1.3812775888190365,0.3776124887513798,0.3672039873947371,1.172239427140217,0.45921886717246857,0.22736660933849825,1.2266068561187644,0.9133143667748431,0.0200699832820833,0.21796637620554857,0.8656917857807993,-0.09525695285260281,0.5942869026534605,0.8918571176118408,0.12476283005925992,0.19245164293721814,0.5738380561206514,0.055008193971404176,1.1864827275276184,0.7372611003206265,-0.07455925019272905,0.5664620257371309,0.6104580081061811,-0.6070132545682768,0.8587166826851321,0.3795895984038612,-0.2434442538200625,1.2532234862940201,0.8447407326161467,-0.19366749603029906,0.6565688266264682,0.931024806981055,-0.031099362675075893,0.45702091560063773,0.9814132377011886,0.2571252711758708,0.16767069036202714,0.46385812275851795,-0.1141202026694421,1.2734764435433394,0.4253938914529535,0.28619136991879796,1.1366097295521111,0.47984950392451503,0.3335338132270914,1.1920175473421615,0.38121647836751493,-0.2723971495762566,0.9237868004287315,0.49708194764244634,-0.5619472318532451,0.9733094523679342,1.094844102859497,-19.54998016357422,4.484277725219727,-0.6240697503089905,-0.5376297831535339,-2.440354108810425,802.969970703125,-55.34382629394531,-1520.585205078125,-126.9908447265625,139.63609313964844,-24.33893585205078,-1.795057773590088,24.685049057006836,-2.3253369331359863,-3.793269157409668,0.26923179626464844,2.7457454204559326
0.28865388252877233,-0.3676487763492477,1.2098112887894081,0.2800707647342555,-0.23557380969259914,1.1014034905970491,0.0455041422588837,-0.5140344289359667,0.08242437506205592,0.41722993828997695,-0.4559913266277472,0.7417785253943198,0.15454399617795905,-0.2621285999255465,1.34351607880845,-0.02125101517084128,-0.5874235924111296,0.9077215604237373,0.22569116071754727,-0.16939608873614415,1.3750228625259653,-0.08633670827608228,-0.4682932648536383,0.6111531003026773,-0.06400574336679565,-0.5212347101888908,0.7687257449358504,0.1188799835963557,-0.5642058450654642,0.09309498504396306,0.22111366923577733,-0.2833443619557564,0.4495876661396974,0.14733138645918953,-0.4798939990878895,0.033531667707821004,0.05927009714631643,-0.6204044946179484,0.8743670001527332,0.31875597231632824,-0.24834047909209273,0.37218328456807614,0.516169089848632,-0.6255074379262545,0.8251327045311202,0.16064702388861316,-0.388551939648903,1.1244509711565562,0.25535555420727124,-0.33241881331465895,0.49717010281338603,0.15169605985283846,-0.3182030064084672,0.36587666345155795,0.06990139540408226,-0.3391544645689181,0.06780226506440845,0.053576110103568435,-0.4824887957201888,1.0147685128331974,-0.03035979313677209,-0.521048036237426,0.6404731062469103,-0.11127790104326424,-0.5553835658048161,0.6479351946849696,1.0104120821747555,0.08602812460666849,0.1956731538405482,0.6977521349854816,-0.42911961600677856,0.865376512341152,0.47894739083304305,-0.3896773350455903,1.1588101092948029,0.29139827349722774,-0.36721080107404697,1.3520097783859204,0.5263716614009528,0.06155974802172539,1.2669936144194067,0.3569043332969905,-0.27113289445243927,1.380270033877417,0.3810458835584436,0.368731644275962,1.1729067269934723,0.46153848889647714,0.22801129196751982,1.2269915026544735,0.9176845044292359,0.021001184016885485,0.21648042804456713,0.8682810885227278,-0.09583850461520893,0.592300534149669,0.8965051282715321,0.12580591005994776,0.19130313820791567,0.5752765334007754,0.055044729392112086,1.1864647567272186,0.7397948244944312,-0.074938082500108,0.564109318698479,0.6112790316935406,-0.6067005110694873,0.8577258885893602,0.38051932946538286,-0.24300461881701524,1.2523083639460684,0.846704508689855,-0.194160418621949,0.6547597065469288,0.9343324061853204,-0.03115515757216424,0.4556141847510212,0.9861801016014929,0.2582487536483252,0.16760743552485838,0.464798802916972,-0.11392060231836822,1.2728533764548648,0.4286169921917629,0.2876262173352651,1.1370488835486354,0.48296716009938934,0.33429630278356814,1.1931252309818141,0.38220692534517764,-0.27210837706232704,0.9228633869167985,0.4979594225520329,-0.5616509119998541,0.9723888753068368,1.0299807786941528,-19.57052993774414,4.303535461425781,-0.6756605505943298,-0.6046688556671143,-2.451751470565796,805.2936401367188,-54.44496154785156,-1521.6981201171875,-126.55314636230469,139.8500213623047,-24.220766067504883,-1.7237975597381592,24.738510131835938,-2.097860336303711,-3.715189218521118,0.3171893358230591,2.7427055835723877
0.289713036935061,-0.36722569394585314,1.2089391386272101,0.28106303325552023,-0.23517772150750194,1.1004488460275512,0.04571147319792911,-0.5139130886816821,0.08260324335848258,0.4174516224703252,-0.45661650548707566,0.7409905155762931,0.15561748340429846,-0.2618201637504906,1.342617705957779,-0.020441290003475786,-0.5879078673211154,0.9082430873485591,0.22660499071048582,-0.16900631548553113,1.3740648323336975,-0.08736958626090294,-0.47157449418345815,0.6111750432987086,-0.06405557198635001,-0.523077131896619,0.7689822122750692,0.11908938232439242,-0.5640668636126234,0.09316558302040921,0.2219802817169404,-0.28273692549459195,0.4489612905000219,0.1474067959564411,-0.4797894727710067,0.03338656840932291,0.06002667013383067,-0.6210363298062457,0.8747914350585432,0.31963507900174876,-0.247879525387524,0.37137598884816203,0.517015438995614,-0.625241625387937,0.8242511244009663,0.1617875584703407,-0.3882153342101748,1.1237303981717848,0.2563160681566655,-0.3318002952250424,0.4964429909819799,0.1524620832789023,-0.3175974784307922,0.36544662279798495,0.06992363362320211,-0.33908399209281465,0.0677341976702608,0.054591442230126686,-0.48245805126941754,1.0145366847120374,-0.031141390962316478,-0.5240421997790304,0.6403210143379818,-0.11190283421846413,-0.5583866499117667,0.6487020783077012,1.0149487533316706,0.08695197618560284,0.1950789394954972,0.6988070804551737,-0.42907911933810505,0.8645138748434206,0.4799847879157161,-0.3892825822167049,1.1579274215445614,0.2926246585040692,-0.366742232777425,1.3510957522108065,0.5275726653882209,0.06163927350217933,1.2667819822071404,0.35799487655525963,-0.27056731273796386,1.379319189400073,0.3845068309086047,0.3701176410479261,1.173560796983984,0.4639818214422819,0.22862383318657906,1.2273636156360046,0.9221077742955541,0.0218890056951551,0.21506598690487694,0.8708525773705236,-0.09646287210137637,0.5903266411743417,0.9010787886499568,0.12684788757207374,0.19019976781298786,0.5766988795324666,0.05508550673427171,1.186427676125078,0.7423313919282116,-0.07528654076405708,0.5617849282081554,0.6121454313890823,-0.6065752486519467,0.856825343820433,0.38141768795764996,-0.24253690420397073,1.2513990441694955,0.8487101599870138,-0.19484629121837235,0.652901767500189,0.9376235454287749,-0.031194185455705944,0.4541879475906196,0.9909558627779119,0.25930176389138426,0.16761549428993502,0.46577187109467205,-0.11371197413332415,1.2721826122296567,0.43178076163822443,0.28898611487142295,1.1375816910472136,0.48610399377267083,0.334948939992892,1.1942356224881103,0.3832619356003818,-0.27178355123823056,0.9219535127380826,0.4989373012883773,-0.5613406272913447,0.9714874660731941,0.9978045225143433,-19.500274658203125,4.316356182098389,-0.637739360332489,-0.661855161190033,-2.477234363555908,807.701416015625,-53.5057258605957,-1522.785888671875,-126.14979553222656,140.075439453125,-24.0865478515625,-1.7777342796325684,24.740571975708008,-2.4550957679748535,-3.7026050090789795,0.2768654525279999,2.7561655044555664
0.2907713702972361,-0.366803856184151,1.2080681697027573,0.2820561778367749,-0.23478158040354585,1.0994949257926436,0.04591919239363724,-0.51379052623613,0.08278295632131051,0.4176387290488805,-0.4572902419018429,0.7402074369571068,0.15669318754842732,-0.26151105011535797,1.3417208321047145,-0.019633375703425066,-0.5883909565526129,0.9087669579990652,0.22751972131085704,-0.1686162886191283,1.3731067863521198,-0.08840009066837505,-0.4748572000604589,0.6112003928383455,-0.06410517764357936,-0.5249190794316347,0.7692427690455456,0.11929979292515491,-0.5639277188391085,0.09323618932324923,0.22284501243308674,-0.28213160110033114,0.44833595226734685,0.14748169908559086,-0.4796843753251808,0.03324026804392702,0.06078426532496674,-0.621668342624279,0.8752163076242864,0.32051618377499225,-0.24741994596968428,0.37056801690171104,0.5178622484996618,-0.6249799975101522,0.8233724593721479,0.16292912083745784,-0.3878787189031279,1.1230109314255368,0.2572774167191113,-0.3311824249905467,0.49571601656691133,0.1532287184173697,-0.31699209453056987,0.3650162360131346,0.06994565578782005,-0.3390135072813129,0.06766658650082075,0.05560931649725161,-0.48242711808705174,1.0143050875095343,-0.031923380498435065,-0.527036182730403,0.6401705832670856,-0.11252474589951776,-0.5613882892968637,0.6494743268418786,1.019486836644987,0.08787203752836636,0.19448495594574922,0.6998621211541409,-0.4290400338390016,0.8636527442379504,0.4810230578511755,-0.3888865502070118,1.1570443134039443,0.293852058220778,-0.36627277041113143,1.3501823753710616,0.5287731981632724,0.06171885652726651,1.2665687128408065,0.35908726716278394,-0.2700032953987059,1.3783697916182462,0.3879684811297629,0.37150002404159255,1.1742145294779973,0.46642830987639755,0.22923555447171062,1.2277354088840104,0.9265323995754415,0.02277572076483962,0.2136533699238933,0.8734236117822443,-0.09708833182538971,0.5883530664522918,0.9056505523375324,0.1278898369594914,0.18909754880414112,0.5781208141552691,0.055126392288713265,1.186390108027995,0.7448680318941342,-0.07563422417995942,0.5594612600787587,0.6130129886384041,-0.6064547689150501,0.855927101330252,0.3823152461292727,-0.24206847327434466,1.2504898724177027,0.8507168795296687,-0.195537086008795,0.651042583071633,0.9409142647752696,-0.03123278560931023,0.452761212820249,0.99573185092566,0.26035297637348925,0.16762537227955876,0.4667457654973528,-0.11350311564639311,1.2715106312407563,0.43494301753130943,0.2903441004208381,1.1381168876657421,0.4892413166678502,0.33559877484642114,1.195346083072637,0.3843185928779721,-0.27145780568683386,0.9210439839505202,0.49991774134683287,-0.5610299863365312,0.9705865458147416,1.0710225105285645,-19.46859359741211,4.582195281982422,-0.5739486217498779,-0.6156268119812012,-2.4684033393859863,810.6654663085938,-52.45263671875,-1524.15869140625,-125.65222930908203,140.3458709716797,-23.899547576904297,-1.7959952354431152,24.73299789428711,-2.769230842590332,-3.7609875202178955,0.2429402768611908,2.759089708328247
0.29182970365941124,-0.3663820184224489,1.2071972007783043,0.2830493224180297,-0.23438543929958977,1.098541005557736,0.046126911589345385,-0.5136679637905778,0.08296266928413845,0.41782583562743586,-0.4579639783166102,0.7394243583379203,0.15776889169255626,-0.2612019364802253,1.34082395825165,-0.01882546140337428,-0.5888740457841103,0.9092908286495713,0.22843445191122835,-0.16822626175272545,1.3721487403705421,-0.08943059507584726,-0.4781399059374599,0.6112257423779822,-0.06415478330080872,-0.5267610269666507,0.7695033258160219,0.11951020352591742,-0.5637885740655937,0.09330679562608928,0.22370974314923314,-0.28152627670607033,0.44771061403467166,0.1475566022147406,-0.47957927787935495,0.03309396767853112,0.061541860516102866,-0.6223003554423123,0.8756411801900295,0.32139728854823585,-0.2469603665518445,0.36976004495525994,0.5187090580037098,-0.6247183696323673,0.8224937943433295,0.16407068320457505,-0.38754210359608104,1.1222914646792885,0.2582387652815572,-0.3305645547560509,0.4949890421518427,0.15399535355583718,-0.3163867106303474,0.36458584922828424,0.069967677952438,-0.3389430224698111,0.06759897533138066,0.05662719076437662,-0.4823961849046859,1.0140734903070312,-0.03270537003455372,-0.5300301656817757,0.6400201521961895,-0.11314665758057144,-0.5643899286819608,0.6502465753760559,1.0240249199583038,0.08879209887112999,0.19389097239600114,0.7009171618531082,-0.42900094833989805,0.86279161363248,0.482061327786635,-0.3884905181973186,1.1561612052633272,0.29507945793748686,-0.3658033080448378,1.3492689985313164,0.529973730938324,0.0617984395523537,1.2663554434744728,0.3601796577703084,-0.26943927805944784,1.3774203938364193,0.3914301313509213,0.37288240703525916,1.1748682619720106,0.46887479831051343,0.22984727575684222,1.2281072021320165,0.9309570248553293,0.023662435834524216,0.21224075294290953,0.8759946461939653,-0.09771379154940311,0.5863794917302416,0.9102223160251085,0.1289317863469092,0.1879953297952943,0.5795427487780715,0.05516727784315482,1.186352539930912,0.7474046718600569,-0.0759819075958618,0.557137591949362,0.613880545887726,-0.6063342891781536,0.8550288588400708,0.38321280430089555,-0.2416000423447186,1.2495807006659099,0.8527235990723236,-0.1962278807992177,0.6491833986430768,0.9442049841217646,-0.03127138576291452,0.4513344780498783,1.0005078390734083,0.2614041888555943,0.16763525026918247,0.46771965990003367,-0.11329425715946205,1.270838650251856,0.43810527342439476,0.29170208597025327,1.138652084284271,0.49237863956302985,0.3362486096999503,1.196456543657164,0.38537525015556257,-0.27113206013543717,0.9201344551629579,0.5008981814052884,-0.5607193453817179,0.969685625556289,1.1754755973815918,-19.46026039123535,4.746253967285156,-0.5431395769119263,-0.5155453681945801,-2.444666862487793,813.2471313476562,-51.72562026977539,-1525.6170654296875,-125.20707702636719,140.57469177246094,-23.774402618408203,-1.7912662029266357,24.732940673828125,-2.915330648422241,-3.7684378623962402,0.25795748829841614,2.757936477661133
0.29292848627298873,-0.3659751134005603,1.2062986755607934,0.2840952992636636,-0.23403578981855847,1.0975877395923563,0.04629564041037433,-0.5135767100662585,0.08305338715875385,0.42032082023604816,-0.45560506963177233,0.7383785135303902,0.15889979982810304,-0.26091930151775183,1.33988836703711,-0.017932145085358467,-0.5893838446069237,0.9098320566857887,0.22938030361142378,-0.167831611702379,1.371210938257887,-0.09049591528165418,-0.48131654317805306,0.6114394253255516,-0.06418795765235724,-0.5285827113895226,0.7698606567469654,0.11975423443988459,-0.5636577808501705,0.09335322522663123,0.2246332715283956,-0.2808616831898689,0.4470243613846255,0.1476237214608303,-0.4794879104720046,0.03296030048799041,0.06235145329688953,-0.6228644204455496,0.8761045969282555,0.32222787986528006,-0.24657282894415572,0.3689175121831578,0.5196018972933687,-0.624324271418401,0.8215035186303372,0.16520030996361315,-0.38719262419552203,1.1216012476295825,0.25920766680840623,-0.329922418819358,0.4942730556161988,0.15477362603245193,-0.3158308395388111,0.36415484666034875,0.07000899144651875,-0.338881081648615,0.06752060479577014,0.05772556664286464,-0.4823656173435268,1.0138950428820603,-0.033521107971569555,-0.5329521789850777,0.6400270344603141,-0.1137684682347127,-0.5673697654972013,0.6511351491836522,1.0286124968370853,0.0895711001847556,0.19333109745620103,0.7020080334303395,-0.4288548416649269,0.8619447037676312,0.4830960858341874,-0.3881218404268587,1.155323549611679,0.29629814047489733,-0.3653453531249469,1.348303241642895,0.5312646876107778,0.06185475632005575,1.2661835855206116,0.3611667783351134,-0.26885567112079517,1.376459873472618,0.3950659615906658,0.3743094535458167,1.1755483576793544,0.47128357965227785,0.23040277797062664,1.2284715290101158,0.9353555370837647,0.024444285570489645,0.21087946244422964,0.8785681244948053,-0.09827526996763336,0.5844997084693404,0.9148545419143524,0.1298307634100614,0.1869898849469147,0.5811397004995914,0.05529814470090613,1.1863562293005305,0.7499742754642537,-0.07646836590835984,0.554806823071265,0.6148385077912286,-0.606044776984398,0.8541103917241886,0.38423069033599055,-0.24110558495813647,1.248616377841558,0.8546635831231313,-0.19666479976958787,0.6475055623330818,0.94753230407538,-0.03139472644874789,0.4499520700400239,1.0052314471724806,0.26238167093486975,0.1677121908854175,0.4687165403306879,-0.11309281452898158,1.2702339435650023,0.4413996725188975,0.2929832718230241,1.139226998911788,0.49556694737333334,0.33684512158695434,1.1975756252048821,0.38640338897902443,-0.2708487939953015,0.9192056254243219,0.5018813540011842,-0.5603462409302099,0.9687646923475708,1.1677765846252441,-19.411178588867188,4.645745277404785,-0.6158472299575806,-0.500796377658844,-2.4591472148895264,815.7114868164062,-51.040809631347656,-1526.8370361328125,-124.5988998413086,140.75613403320312,-23.71038055419922,-1.7907615900039673,24.73133087158203,-2.8696374893188477,-3.707069158554077,0.2525169253349304,2.7577178478240967
0.29402851347891695,-0.3655686678475892,1.2053993024573422,0.28514290171743223,-0.23368757084900182,1.096634493758347,0.046463169527566975,-0.513486419687208,0.08314136672296271,0.4228868164763544,-0.45315284879002365,0.7373245836093726,0.16003240654800105,-0.26063748128366787,1.33895158451914,-0.017036201012943803,-0.5898944652633161,0.9103738187954126,0.23032711288392144,-0.16743681940021896,1.3702737590335063,-0.0915623067427944,-0.4844899167682949,0.6116589031472112,-0.06422062642526942,-0.5304037723320209,0.7702209653443848,0.11999929982502727,-0.5635272446057654,0.09339891092864093,0.22555860906642,-0.28019526600837713,0.4463362344448141,0.14769060120282584,-0.4793969655273766,0.03282702201052218,0.06316264600351153,-0.623426394746793,0.8765691996410193,0.32305691692213345,-0.24618750800754852,0.36807391600103573,0.5204961528841233,-0.6239260971940906,0.8205098087424475,0.1663295694731718,-0.3868427489767012,1.1209119305705393,0.2601768007341599,-0.3292795362456745,0.4935574071691526,0.15555225658100957,-0.31527649191831125,0.3637238251452415,0.07005089851996757,-0.33881940371942837,0.06744190320273899,0.05882641949400991,-0.48233506103225104,1.0137182308348598,-0.03433788432092062,-0.5358719778376697,0.640038757134747,-0.11439027578033355,-0.5703489314641382,0.6520273022304307,1.0332015965948038,0.09034576118979229,0.19277227201209166,0.7031000074961327,-0.42870544203069827,0.8610982314640323,0.4841307358236502,-0.38775400432529833,1.1544872924981529,0.2975165547914062,-0.36488775228033005,1.3473358730606686,0.5325584265569977,0.06191035720291516,1.2660130017640574,0.36215065982168076,-0.2682714614252381,1.3754990108755252,0.3987071512155973,0.37573787431843225,1.176229264562493,0.47369120077581583,0.2309565503668311,1.2288356261537565,0.9397532458336935,0.025222908680802104,0.20951975122192845,0.8811416779922332,-0.098834779730301,0.5826228110995515,0.919488628179032,0.1307253413247746,0.18598741776501113,0.5827420373626102,0.0554317802141439,1.1863611881306628,0.7525448933342433,-0.07695909421767617,0.552475835708593,0.6157992513763983,-0.6057500637919697,0.853191302312131,0.38525227876688467,-0.24061032675749422,1.2476503580611273,0.8566015137741896,-0.19709390717626404,0.6458333059651963,0.9508607502015219,-0.03152067453557292,0.44857102593049314,1.0099534435777473,0.26335688438636573,0.16779119496708675,0.4697141280237412,-0.11289160007869961,1.2696313068566734,0.444698137558059,0.29426209460820574,1.1398031356318896,0.4987568239502558,0.3374399927672961,1.198694972013006,0.38743065031158996,-0.2705668349139738,0.9182762018102685,0.5028646106751549,-0.5599712145249576,0.9678431433557675,1.072451114654541,-19.406686782836914,4.472594261169434,-0.7007724046707153,-0.547565221786499,-2.4829964637756348,817.86572265625,-50.36680221557617,-1527.8587646484375,-123.99698638916016,140.9333953857422,-23.655582427978516,-1.7903761863708496,24.730775833129883,-2.687035083770752,-3.673222303390503,0.2364017218351364,2.757495164871216
0.29512854068484523,-0.365162222294618,1.204499929353891,0.2861905041712009,-0.23333935187944513,1.0956812479243374,0.04663069864475963,-0.5133961293081574,0.08322934628717157,0.42545281271666086,-0.4507006279482747,0.736270653688355,0.16116501326789917,-0.2603556610495839,1.33801480200117,-0.016140256940529063,-0.5904050859197086,0.9109155809050364,0.23127392215641918,-0.16704202709805888,1.3693365798091257,-0.09262869820393471,-0.487663290358537,0.6118783809688707,-0.06425329519818161,-0.5322248332745192,0.7705812739418042,0.12024436521016998,-0.5633967083613605,0.09344459663065063,0.22648394660444449,-0.2795288488268852,0.44564810750500256,0.14775748094482138,-0.47930602058274857,0.03269374353305394,0.06397383871013358,-0.6239883690480365,0.8770338023537831,0.3238859539789869,-0.2458021870709413,0.3672303198189136,0.5213904084748779,-0.6235279229697802,0.8195160988545576,0.16745882898273054,-0.3864928737578803,1.120222613511496,0.26114593465991365,-0.32863665367199096,0.4928417587221064,0.1563308871295673,-0.31472214429781137,0.3632928036301341,0.0700928055934164,-0.3387577257902417,0.06736320160970782,0.059927272345155255,-0.48230450472097525,1.0135414187876595,-0.03515466067027176,-0.538791776690262,0.64005047980918,-0.11501208332595445,-0.5733280974310755,0.6529194552772092,1.0377906963525227,0.09112042219482903,0.19221344656798225,0.704191981561926,-0.4285560423964696,0.8602517591604334,0.4851653858131131,-0.3873861682237379,1.1536510353846265,0.2987349691079152,-0.3644301514357131,1.346368504478442,0.5338521655032177,0.06196595808577458,1.2658424180075032,0.36313454130824824,-0.267687251729681,1.3745381482784322,0.40234834084052906,0.37716629509104793,1.1769101714456318,0.47609882189935404,0.23151032276303563,1.229199723297397,0.9441509545836226,0.026001531791114633,0.20816003999962715,0.8837152314896615,-0.09939428949296868,0.5807459137297625,0.924122714443712,0.13161991923948785,0.18498495058310743,0.584344374225629,0.05556541572738167,1.1863661469607953,0.7551155112042331,-0.07744982252699255,0.5501448483459208,0.6167599949615681,-0.6054553505995416,0.8522722129000734,0.38627386719777884,-0.2401150685568519,1.2466843382806967,0.8585394444252481,-0.19752301458294028,0.6441610495973107,0.9541891963276642,-0.03164662262239795,0.4471899818209623,1.0146754399830142,0.26433209783786177,0.16787019904875597,0.4707117157167946,-0.11269038562841763,1.2690286701483442,0.4479966025972208,0.2955409173933875,1.1403792723519912,0.5019467005271785,0.3380348639476378,1.19981431882113,0.3884579116441556,-0.2702848758326461,0.9173467781962149,0.5038478673491257,-0.5595961881197051,0.9669215943639642,0.9976441860198975,-19.507478713989258,4.4447760581970215,-0.7059682011604309,-0.5647752285003662,-2.4765636920928955,819.6259155273438,-49.76132583618164,-1528.318603515625,-123.4586181640625,141.07359313964844,-23.570363998413086,-1.7900924682617188,24.7289981842041,-2.595137119293213,-3.7062931060791016,0.2657195031642914,2.7570931911468506
0.29631147331354624,-0.3647224939619469,1.2036293496359263,0.28721620527324293,-0.2329274198866838,1.0947263939491172,0.04677918373255539,-0.5133201590436973,0.08329170806617137,0.42558395872447663,-0.4512084877451524,0.7355095203349133,0.1622146188423333,-0.26007454916341416,1.3371401626542705,-0.015170592037553887,-0.5909384694320476,0.9115214772177058,0.23221074276609918,-0.16664669396269402,1.368383740352479,-0.09362022016222107,-0.49083854968579377,0.6122563181333984,-0.0642960292120643,-0.5340620904963537,0.770984715183839,0.12052298379161498,-0.5632314247800815,0.09346147937490451,0.22745738000861848,-0.2789215882685011,0.44498610328759586,0.14781680816648812,-0.4792417056907881,0.03256915906900602,0.0648732518419524,-0.6245559144099027,0.8775717860815541,0.3247208205477291,-0.2452781208797007,0.3664536242256102,0.5222915560993927,-0.6230490545168618,0.8185426821771837,0.1686445170187002,-0.3861445301021172,1.1195550063587973,0.26215676538991606,-0.32801920461733614,0.4921206253648594,0.15710880454407616,-0.3141640156310126,0.36284834264919463,0.0702938971091185,-0.3387223141674964,0.0672125117668253,0.060914239124549074,-0.48228744530914636,1.0133325970725509,-0.03588664944943603,-0.5416418319901092,0.6403539461015866,-0.11553208739650957,-0.5762346481645342,0.6540319619589293,1.0423464463246577,0.0919274207179909,0.191786756726685,0.7053253844084328,-0.42837634653050377,0.8593416121227063,0.48624974459607073,-0.3870006617133981,1.1528271839318687,0.29998177477460813,-0.3639375543752254,1.34546484891942,0.5351675760667055,0.06201528434623156,1.2656911319454773,0.3642807301898665,-0.26707343500576275,1.3736216244318629,0.40590940100073,0.3785041621978708,1.1776603432680597,0.4785217586534701,0.2320501627215486,1.2296599643119912,0.9485621602329983,0.026760748322337616,0.20688948010569386,0.8863721403065105,-0.10006993720369618,0.5789340503563156,0.9287126342587121,0.13246005487363063,0.1840488431568178,0.5859350712094085,0.055660591059863956,1.186402617700842,0.7577098300125423,-0.07783823524484569,0.5479009877766996,0.6176604141067984,-0.6051992519407083,0.8512866345067688,0.3872884870167599,-0.2395134241573069,1.2457776282796797,0.8605666652025764,-0.1981153578947711,0.6425018880935696,0.957478147271453,-0.031835953489143316,0.44585186933839566,1.0194592732467396,0.2651775687538235,0.16794550823454824,0.4717171813873265,-0.11246297666371265,1.2684381710772483,0.4513435416071618,0.2967650250883291,1.1409507760938429,0.5051353518536547,0.33862486284300186,1.201013230330107,0.38951489487231167,-0.2699793019634209,0.9164583238939576,0.5048395859089908,-0.5593244273536253,0.966055794267465,0.9915792942047119,-19.533357620239258,4.528531074523926,-0.678932249546051,-0.5443549752235413,-2.4706640243530273,821.8545532226562,-49.16702651977539,-1528.8074951171875,-122.89371490478516,141.21353149414062,-23.467527389526367,-1.7917628288269043,24.72580909729004,-2.713542938232422,-3.733888864517212,0.29698917269706726,2.756679058074951
0.29749739737502784,-0.36428156470423506,1.2027598088545515,0.28824111612032577,-0.23251318897040477,1.0937714819481832,0.04692698166465127,-0.5132447054844029,0.0833531454920966,0.4256272493115324,-0.45182315457538264,0.7347589518060748,0.1632612295300755,-0.25979346283618976,1.3362677655867394,-0.014198267104609946,-0.5914726742845497,0.9121296876511037,0.23314720296011063,-0.16625134131272898,1.3674303358359052,-0.0946090406436004,-0.494013877055108,0.6126399729030811,-0.0643391264047449,-0.53589993212002,0.7713897127584116,0.1208028130554008,-0.5630648874289153,0.0934773228371775,0.22843254883064337,-0.2783164622274456,0.4443250416426469,0.14787586287453475,-0.4791783516770167,0.03244488830647327,0.06577584818498974,-0.6251236607894203,0.8781124175779077,0.3255558974596838,-0.24474904841638562,0.3656793425710786,0.523192952405538,-0.6225672744165194,0.8175699977290551,0.1698322411355198,-0.38579624170893867,1.1188881825532344,0.2631691006437832,-0.3274026732669761,0.4913992940984815,0.15788669622694418,-0.3136057505347082,0.3624033967390755,0.07050073239335555,-0.3386878502980763,0.06705922440977287,0.061897096612694213,-0.4822708728988439,1.0131226203694248,-0.036615578883284344,-0.5444893707700122,0.6406679392255694,-0.11604841814579946,-0.5791385787607027,0.655152419545003,1.046900992954014,0.09273558605881714,0.1913648346648706,0.7064602821078522,-0.42819555750153715,0.858429167543026,0.4873358969952886,-0.38661451761098886,1.1520037801060456,0.30122960487146244,-0.3634436945646804,1.3445634922839158,0.536483768595765,0.06206438420278742,1.265540542192017,0.3654327755238836,-0.2664585499870067,1.3727067004371163,0.4094675698915853,0.3798387619043817,1.1784130143408744,0.4809452480334319,0.23258949996323774,1.2301236744353312,0.9529738528839009,0.027519264616170835,0.20562213701226859,0.8890320567895245,-0.10074977545894137,0.5771245335703654,0.9333009604389303,0.13329822609558797,0.1831151301546997,0.5875253481975454,0.05575437865386538,1.186440225468566,0.7603050040093478,-0.0782229561630069,0.5456602709577574,0.6185586565969795,-0.6049445465897882,0.850298657026512,0.3883028553909813,-0.23890794108048183,1.2448730583222496,0.8625971077885848,-0.19871359116194262,0.6408431990849262,0.9607656731313426,-0.03202757136341159,0.44451530593515237,1.0242453377373169,0.2660183582380907,0.16802068409935528,0.47272293131477783,-0.1122346225361161,1.267848109962135,0.4546922296779044,0.2979871585274374,1.1415221126663764,0.5083239589700634,0.33921468593426884,1.2022150127303521,0.3905729505399994,-0.26967287601422,0.9155713478658374,0.5058316097946356,-0.5590563926673093,0.9651920057290437,0.9980856776237488,-19.436872482299805,4.485301494598389,-0.6983941197395325,-0.5544043183326721,-2.4937963485717773,823.6113891601562,-48.66477966308594,-1528.7147216796875,-122.35975646972656,141.29641723632812,-23.39071273803711,-1.7925444841384888,24.741846084594727,-2.798234224319458,-3.728809356689453,0.27295756340026855,2.760737895965576
0.2986833214365094,-0.3638406354465232,1.2018902680731767,0.28926602696740866,-0.2320989580541257,1.092816569947249,0.04707477959674715,-0.5131692519251084,0.08341458291802185,0.42567053989858816,-0.4524378214056129,0.7340083832772363,0.1643078402178177,-0.2595123765089654,1.3353953685192084,-0.013225942171666005,-0.5920068791370519,0.9127378980845016,0.23408366315412205,-0.16585598866276394,1.3664769313193315,-0.09559786112497974,-0.4971892044244223,0.6130236276727639,-0.0643822235974255,-0.5377377737436863,0.7717947103329842,0.12108264231918664,-0.5628983500777491,0.09349316629945048,0.22940771765266824,-0.27771133618639005,0.443663979997698,0.14793491758258137,-0.4791149976632453,0.032320617543940514,0.06667844452802708,-0.6256914071689378,0.8786530490742614,0.3263909743716385,-0.24421997595307054,0.36490506091654695,0.5240943487116833,-0.6220854943161769,0.8165973132809267,0.17101996525233945,-0.38544795331576015,1.1182213587476717,0.2641814358976503,-0.3267861419166161,0.4906779628321035,0.15866458790981217,-0.3130474854384037,0.36195845082895645,0.0707075676775926,-0.33865338642865617,0.06690593705272042,0.06287995410083935,-0.48225430048854145,1.012912643666299,-0.03734450831713266,-0.5473369095499152,0.6409819323495524,-0.11656474889508936,-0.5820425093568713,0.6562728771310768,1.0514555395833705,0.09354375139964337,0.19094291260305618,0.7075951798072714,-0.4280147684725705,0.8575167229633458,0.4884220493945065,-0.3862283735085797,1.1511803762802224,0.3024774349683168,-0.36294983475413545,1.3436621356484115,0.5377999611248244,0.06211348405934328,1.2653899524385566,0.3665848208579007,-0.2658436649682506,1.37179177644237,0.4130257387824406,0.3811733616108926,1.179165685413689,0.48336873741339376,0.23312883720492686,1.2305873845586714,0.9573855455348034,0.028277780910004054,0.20435479391884329,0.8916919732725384,-0.10142961371418656,0.5753150167844153,0.9378892866191485,0.13413639731754531,0.18218141715258163,0.5891156251856823,0.0558481662478668,1.1864778332362902,0.7629001780061533,-0.07860767708116809,0.5434195541388152,0.6194568990871606,-0.6046898412388682,0.8493106795462552,0.3893172237652027,-0.23830245800365676,1.2439684883648197,0.8646275503745932,-0.19931182442911413,0.6391845100762829,0.9640531989912323,-0.032219189237679864,0.44317874253190903,1.0290314022278944,0.26685914772235797,0.16809585996416232,0.4737286812422291,-0.11200626840851954,1.2672580488470215,0.458040917748647,0.29920929196654567,1.1420934492389099,0.5115125660864722,0.33980450902553583,1.203416795130597,0.3916310062076872,-0.26936645006501914,0.914684371837717,0.5068236336802805,-0.5587883579809934,0.9643282171906224,0.9987159371376038,-19.39490509033203,4.437658786773682,-0.7142428755760193,-0.5665354132652283,-2.5047905445098877,825.5265502929688,-47.98747253417969,-1528.64453125,-121.64127349853516,141.44522094726562,-23.322860717773438,-1.7948882579803467,24.81982421875,-2.498335838317871,-3.7488720417022705,0.23276999592781067,2.780041217803955
0.2995287151328775,-0.3635187427827854,1.2012956351633892,0.28996773917746066,-0.23184038891105463,1.0921850946565337,0.04721925997896896,-0.5130819899356918,0.0834951161943524,0.42635619956136533,-0.4521383729004702,0.733618219463241,0.16507357691988248,-0.25932626233787726,1.3347795572107202,-0.012542429179668656,-0.5923651383807328,0.9131767146832106,0.2347346021738273,-0.16559344275996385,1.365880293759289,-0.09625325534517398,-0.49928786008563253,0.6133832275275363,-0.06440759386053148,-0.5389757471171436,0.7721386278504567,0.12123583093137535,-0.5628102626034756,0.09350615050273621,0.23006902030662982,-0.27732029507886496,0.4432387822215131,0.14797977360569878,-0.4790934112095675,0.03223026268776285,0.06727231946459272,-0.6260505252523927,0.8790114879213421,0.3269428489421377,-0.24399801790220849,0.36430706769622717,0.5246917922173114,-0.6219325028113182,0.8160149545859028,0.1718358333339754,-0.3852144733367377,1.1177768381620874,0.2648880566094095,-0.3263723346472576,0.4901896099874516,0.15920337316709635,-0.31264906268048764,0.361670023755522,0.07089821636578104,-0.33863484489404605,0.06677836636143016,0.06361625823408164,-0.48222649102376786,1.0128202941638744,-0.03784821694408424,-0.5492535440732311,0.6412910687805011,-0.11688894029731386,-0.5840281630983415,0.6570635557372049,1.0544730095279136,0.09400193010833087,0.19059814529999203,0.7083943562199737,-0.42791232456829376,0.8569385331395446,0.48917561355016087,-0.3859519620999595,1.1506463932675242,0.30335349949779883,-0.3626226356980817,1.3430632652825867,0.538696535375734,0.06216052339245744,1.2652768449278067,0.36734833074918644,-0.26545777778751806,1.3711318383548434,0.4154556883585373,0.3820075505221916,1.1797034811499891,0.48502446933100546,0.23347439239455373,1.2308945758453267,0.9603894638107311,0.028699611720709197,0.20352701487525413,0.8935232236487975,-0.101865860244987,0.5741008543810309,0.9410297088078314,0.1346825241598467,0.18155016185136033,0.5901996443011113,0.05591508371151046,1.1865106033568351,0.7646402502494142,-0.07888737677392973,0.5419270346891012,0.6201425326975766,-0.6044517819652494,0.8486909536731164,0.3900136120666731,-0.23799220472574237,1.2433648429169561,0.8659998253481277,-0.1996835691496631,0.6380217179952079,0.9663463217138454,-0.03233670802256523,0.44229503242385315,1.0323289950557102,0.26742632445318015,0.16815162334122405,0.47444212490951776,-0.11185222406507724,1.2668296108577426,0.4602932787888886,0.300004560179663,1.1425375975915137,0.5136651739182061,0.34010179730637974,1.2042250901658014,0.3923707675460158,-0.2691461589952178,0.9140569527220253,0.5074878784007584,-0.5585309699276425,0.9637205573107234,0.9985312223434448,-19.4154109954834,4.516022682189941,-0.6951612830162048,-0.5483213663101196,-2.486018180847168,826.9347534179688,-47.38505554199219,-1528.46484375,-120.93242645263672,141.5482177734375,-23.243209838867188,-1.7841057777404785,24.91629409790039,-2.093064069747925,-3.762859582901001,0.21661794185638428,2.8000168800354004
0.3003599935809508,-0.36320178427838334,1.200712397398538,0.2906560545528172,-0.23158827206946367,1.0915670260688326,0.047363602846170104,-0.512994238477669,0.0835764410085236,0.42706848592158186,-0.451801033604224,0.7332429947047834,0.16582767117694514,-0.25914408483647355,1.3341743815813634,-0.011870887667088723,-0.5927161045421828,0.9136085097758185,0.23537370611894998,-0.16533640180005144,1.3652984444668752,-0.09689482878770259,-0.5013418868677505,0.6137418302873902,-0.0644322293286292,-0.5401888554854108,0.772480013552091,0.12138377019013001,-0.5627254269375707,0.0935190161875147,0.23071731296398781,-0.2769381279582219,0.4428233611860023,0.1480240410822906,-0.47907355605371743,0.032141313672263104,0.06785339765892123,-0.6264009955308295,0.87936237474151,0.32748298455547814,-0.24378878998243256,0.36371638176851717,0.5252766366431255,-0.6217931398492775,0.815448775196707,0.17263628769394576,-0.38498575225571136,1.1173415322177458,0.2655820052157964,-0.3259669304486142,0.48971091427945146,0.15973224727720614,-0.3122572655117275,0.3613880845095148,0.07108819410698303,-0.3386169633525886,0.06665186164592275,0.0643423425391415,-0.48219821577435296,1.0127328204003392,-0.038342589993547914,-0.5511315918916109,0.6416000038977491,-0.11720516737427143,-0.5859757535504979,0.6578405647483093,1.0574267664492525,0.09444560159910594,0.1902565761216429,0.7091796167244184,-0.4278131281303254,0.8563741984351582,0.48991539166463133,-0.38568009919678137,1.1501244069724683,0.30421415405557645,-0.3623023448598306,1.3424769332077329,0.5395757161228862,0.062207477315273506,1.2651652910851485,0.3680957355444005,-0.26508138274514914,1.3704824696313467,0.4178388723671831,0.3828209970171088,1.1802323701365893,0.4866483771051002,0.23381191516751484,1.2311952793045549,0.9633350287446912,0.02910748665646606,0.2027174561031607,0.8953201251708909,-0.10229200970948926,0.5729113698795142,0.9441101142507515,0.1352165455356339,0.1809314436569119,0.591262678634252,0.05598088738736727,1.1865431729531446,0.766344877860404,-0.07916272325527589,0.5404655286018423,0.6208193535046862,-0.6042144126844722,0.8480864921152986,0.3906968198469932,-0.23769418895244598,1.242773671023893,0.8673448187625961,-0.2000459257439272,0.6368794812271926,0.9685982256535662,-0.03245115534260573,0.44143009343684114,1.0355648895762615,0.26798215972271977,0.16820658205558134,0.47514345225514165,-0.11170125991994183,1.266407872272643,0.46250019622164845,0.3007821344974025,1.1429764738935508,0.5157748387744094,0.3403869597919729,1.2050170748439055,0.3930973353370136,-0.2689294382831119,0.9134402924420818,0.5081385364200895,-0.5582740231855026,0.9631235141627836,1.000248670578003,-19.3468017578125,4.534591197967529,-0.7013634443283081,-0.547804594039917,-2.4668970108032227,828.394775390625,-46.939109802246094,-1528.27587890625,-120.2367935180664,141.61021423339844,-23.122398376464844,-1.7172999382019043,24.890487670898438,-2.2129385471343994,-3.7185585498809814,0.22502310574054718,2.7780115604400635
0.301191272029024,-0.36288482577398123,1.200129159633687,0.29134436992817364,-0.23133615522787274,1.0909489574811317,0.047507945713371226,-0.5129064870196463,0.08365776582269478,0.4277807722817983,-0.45146369430797784,0.7328677699463257,0.1665817654340077,-0.2589619073350698,1.3335692059520066,-0.011199346154508846,-0.5930670707036327,0.9140403048684265,0.2360128100640726,-0.16507936084013902,1.364716595174461,-0.09753640223023113,-0.5033959136498684,0.614100433047244,-0.06445686479672691,-0.5414019638536781,0.7728213992537252,0.12153170944888464,-0.5626405912716658,0.09353188187229318,0.23136560562134575,-0.27655596083757894,0.44240794015049145,0.14806830855888248,-0.4790537008978673,0.032052364656763366,0.06843447585324969,-0.6267514658092663,0.879713261561678,0.3280231201688185,-0.24357956206265666,0.36312569584080717,0.5258614810689395,-0.6216537768872369,0.8148825958075113,0.17343674205391607,-0.384757031174685,1.1169062262734042,0.2662759538221833,-0.32556152624997087,0.4892322185714514,0.16026112138731588,-0.3118654683429674,0.3611061452635077,0.07127817184818501,-0.33859908181113124,0.06652535693041536,0.06506842684420129,-0.4821699405249381,1.0126453466368037,-0.03883696304301155,-0.5530096397099904,0.6419089390149969,-0.11752139445122897,-0.5879233440026541,0.6586175737594137,1.060380523370591,0.09488927308988095,0.18991500694329377,0.7099648772288631,-0.4277139316923571,0.8558098637307717,0.4906551697791017,-0.38540823629360327,1.1496024206774125,0.30507480861335395,-0.36198205402157957,1.3418906011328793,0.5404548968700383,0.06225443123808957,1.2650537372424902,0.3688431403396145,-0.2647049877027802,1.36983310090785,0.42022205637582866,0.383634443512026,1.1807612591231895,0.4882722848791949,0.23414943794047594,1.231495982763783,0.966280593678651,0.029515361592222893,0.20190789733106732,0.897117026692984,-0.10271815917399148,0.5717218853779976,0.9471905196936713,0.13575056691142104,0.18031272546246355,0.5923257129673926,0.05604669106322408,1.186575742549454,0.7680495054713936,-0.07943806973662201,0.5390040225145833,0.6214961743117957,-0.603977043403695,0.847482030557481,0.39138002762731333,-0.23739617317914966,1.2421824991308301,0.8686898121770643,-0.20040828233819133,0.6357372444591776,0.970850129593287,-0.03256560266264621,0.44056515444982924,1.0388007840968123,0.2685379949922593,0.1682615407699386,0.4758447796007655,-0.11155029577480642,1.2659861336875435,0.4647071136544081,0.301559708815142,1.143415350195588,0.5178845036306128,0.3406721222775661,1.20580905952201,0.3938239031280113,-0.26871271757100595,0.9128236321621384,0.5087891944394206,-0.5580170764433627,0.9625264710148439,0.9984113574028015,-19.27667236328125,4.400656700134277,-0.7299033999443054,-0.5667416453361511,-2.4809377193450928,830.2307739257812,-46.619544982910156,-1527.9835205078125,-119.47079467773438,141.6836395263672,-22.982542037963867,-1.6243563890457153,24.797121047973633,-2.626528739929199,-3.6904125213623047,0.2611337900161743,2.7308316230773926
0.3022988476105873,-0.3624666041096315,1.1993068464544436,0.29239843203531984,-0.23095538235263322,1.0900564580563679,0.04768105157163759,-0.5127393658587475,0.0838237087063442,0.42949943767478127,-0.45019932673466917,0.7317200121500634,0.16772346198558805,-0.2586994411929554,1.3327005509509156,-0.010165939711971817,-0.5935221326272219,0.91470926171107,0.23702289963400125,-0.16465097586840194,1.3638349258347062,-0.09846714977791765,-0.5064536479135222,0.6147411402487597,-0.06436826722906125,-0.5431206396083957,0.7734186096696664,0.12169805825348722,-0.562516042333565,0.09359564439745138,0.23227813080051873,-0.2759793388922483,0.4418254903215446,0.1481343652831008,-0.47899432194153996,0.03196634179511607,0.0693516981917501,-0.6272340168226633,0.8802940154707195,0.32897274206016236,-0.2431072337145837,0.362338736159912,0.5267898566675502,-0.6212350757706244,0.8139887250811849,0.17462112295706536,-0.38438999573916,1.1162996000012024,0.26724541325442835,-0.324973329210913,0.4885277578372829,0.16104041079416967,-0.31132781584531266,0.3606793738358858,0.07149114671921887,-0.338569746704291,0.06634599907903482,0.0662051082052142,-0.4821131403083043,1.0125919019939094,-0.03946578640811489,-0.5557023590763672,0.6425028206496839,-0.11800816502200055,-0.5906956480038876,0.6599023480289029,1.0648345552532876,0.09546028615425753,0.18954235492952612,0.7110163265506163,-0.42759988067165905,0.8549520941759577,0.49171831927552123,-0.3850090105012553,1.1487768627949897,0.30629328051150234,-0.3613955364716764,1.3409929291302005,0.5417822919144535,0.0623172131545891,1.2648518053901117,0.36999186518176497,-0.2641541271020245,1.368914758132783,0.42376874831338585,0.38479494535370373,1.181600957516803,0.4906902591519008,0.23459748904041897,1.2319490972733655,0.9706713351982318,0.03013866587190437,0.2007389201825818,0.8997552394866942,-0.10335529487061973,0.5699401312316491,0.9517531055488333,0.1364229500096365,0.17946267651011616,0.5939332321779617,0.05616851560524757,1.186656248490542,0.7706589931683824,-0.07986522095882338,0.536864018203407,0.6224277019500732,-0.6036781337087518,0.8466136727901484,0.39238044895873164,-0.23690605676726792,1.2412771073398212,0.8707628696170073,-0.20099365661870564,0.6340801372433341,0.9741589257259242,-0.03273625321538243,0.4393533306406034,1.0434995139671477,0.2692550801678209,0.16843971294283078,0.4769260166891363,-0.11135009740362105,1.2653593488086927,0.46797110327821684,0.3026415747127785,1.1440718158191403,0.5210640963339647,0.34107013411869275,1.2069980632390407,0.39491748711131264,-0.2684273133609469,0.9119752669176519,0.5098511197709089,-0.5576640864871196,0.9616758957603909,0.9972473382949829,-19.30769920349121,4.154532432556152,-0.6967641711235046,-0.5544053316116333,-2.508969306945801,831.7465209960938,-46.309329986572266,-1527.8038330078125,-118.86679077148438,141.78297424316406,-22.89166831970215,-1.624796986579895,24.731414794921875,-2.8205912113189697,-3.7285540103912354,0.30315354466438293,2.7170071601867676
0.3034193746202828,-0.3620436357346592,1.1984733266151504,0.2934696385205186,-0.23056857872581643,1.0891510946861167,0.047855505695110115,-0.5125685242430263,0.08399361806200038,0.4312652770849252,-0.44889150471087336,0.7305360418676542,0.1688833273947238,-0.25843321152080767,1.3318195453542747,-0.009115570850843115,-0.5939820740396613,0.9153893355107465,0.2380503791550926,-0.1642145591461106,1.3629392024302325,-0.09941145236178338,-0.5095584309653728,0.6153950710959781,-0.0642743618628442,-0.5448630138343532,0.7740278118690908,0.12186527000555138,-0.5623896318358301,0.0936617927120024,0.23320304187915175,-0.27539360187701045,0.4412352110179055,0.14820144337830163,-0.4789330903070652,0.03188045609693062,0.07028467728700852,-0.6277227591205117,0.8808855443995519,0.32994155862078756,-0.24262257253393435,0.3615425761468364,0.5277343352898856,-0.6208032806780165,0.8130794938234305,0.1758235004169261,-0.3840164768182679,1.1156849430886326,0.2682277872566355,-0.3243765637574607,0.4878127143675129,0.1618314384180583,-0.31078332637911604,0.3602458133997507,0.0717051995807136,-0.33853987471157354,0.06616416373691024,0.06736103630322485,-0.4820550029838322,1.012540052466045,-0.0401009121317638,-0.5584332661715562,0.6431100591523757,-0.11850292981904464,-0.5935066104527339,0.6612109237948789,1.0693589125247978,0.09603726835489663,0.18916824590784828,0.7120802534731807,-0.4274851333423956,0.85408056986253,0.4927966268054696,-0.3846038145734775,1.1479370749944093,0.3075285250974806,-0.3607965395446645,1.3400806630684052,0.5431306970040529,0.062380737008292546,1.2646456370685275,0.37115940190111557,-0.2635950884282195,1.3679838071990487,0.4273699796851105,0.38597171541476083,1.1824552251013698,0.49314545529172893,0.23505072115568923,1.2324093560509335,0.9751298193702631,0.03077206840208227,0.199553095297703,0.9024328887462614,-0.10400232054687883,0.5681306144456991,0.9563851686108188,0.13710181881359076,0.17860178392849227,0.5955662741171602,0.056292966125372615,1.1867390014477912,0.7733108961819022,-0.08029948802825233,0.5346922092879847,0.6233711689710616,-0.6033763393068945,0.845732944887995,0.39339573967535757,-0.2364069356379525,1.240356986491096,0.8728700550581444,-0.2015894848532629,0.6323988954752487,0.9775172636801042,-0.03290953829465124,0.43812524660533636,1.0482668142445037,0.26997972393272723,0.16862366074659177,0.4780250620466983,-0.11114759117808959,1.2647229523848225,0.4712846431609808,0.30373770427822266,1.1447384809421388,0.5242938419051515,0.34147343577336,1.2082056772235212,0.39602827497862814,-0.2681386896119213,0.9111160405029525,0.5109323232576546,-0.5573065945052154,0.9608134361884453,0.9884538054466248,-19.361230850219727,3.8891074657440186,-0.6263653039932251,-0.5403339266777039,-2.5134496688842773,833.2949829101562,-45.61771774291992,-1527.4373779296875,-118.21192169189453,141.8628387451172,-22.77863311767578,-1.722467064857483,24.68229103088379,-2.513169050216675,-3.7701940536499023,0.2963131070137024,2.750610828399658
0.3045399016299784,-0.36162066735968684,1.1976398067758574,0.2945408450057175,-0.23018177509899962,1.0882457313158655,0.04802995981858266,-0.5123976826273053,0.08416352741765659,0.4330311164950692,-0.4475836826870774,0.7293520715852447,0.17004319280385966,-0.2581669818486599,1.3309385397576339,-0.008065201989714322,-0.5944420154521007,0.9160694093104229,0.23907785867618406,-0.16377814242381925,1.3620434790257587,-0.10035575494564918,-0.5126632140172237,0.6160490019431967,-0.06418045649662713,-0.5466053880603108,0.774637014068515,0.12203248175761557,-0.5622632213380953,0.09372794102655341,0.23412795295778485,-0.27480786486177256,0.4406449317142664,0.14826852147350247,-0.47887185867259047,0.03179457039874516,0.07121765638226701,-0.62821150141836,0.8814770733283844,0.3309103751814128,-0.24213791135328497,0.36074641613376063,0.528678813912221,-0.6203714855854086,0.812170262565676,0.17702587787678695,-0.3836429578973758,1.1150702861760626,0.26921016125884273,-0.3237797983040084,0.4870976708977428,0.16262246604194702,-0.31023883691291937,0.3598122529636156,0.07191925244220834,-0.338510002718856,0.06598232839478563,0.0685169644012356,-0.48199686565936006,1.012488202938181,-0.04073603785541276,-0.5611641732667454,0.6437172976550677,-0.11899769461608878,-0.5963175729015804,0.662519499560855,1.073883269796308,0.0966142505555358,0.1887941368861704,0.7131441803957452,-0.42737038601313204,0.8532090455491023,0.49387493433541807,-0.38419861864569965,1.147097287193829,0.3087637696834589,-0.36019754261765263,1.3391683970066097,0.5444791020936524,0.06244426086199599,1.2644394687469431,0.37232693862046623,-0.26303604975441436,1.3670528562653144,0.43097121105683545,0.387148485475818,1.1833094926859369,0.49560065143155724,0.23550395327095952,1.2328696148285012,0.9795883035422949,0.031405470932260225,0.19836727041282406,0.9051105380058287,-0.104649346223138,0.566321097659749,0.9610172316728047,0.13778068761754506,0.17774089134686832,0.5971993160563588,0.05641741664549767,1.1868217544050406,0.7759627991954221,-0.08073375509768131,0.5325204003725621,0.6243146359920502,-0.6030745449050373,0.8448522169858415,0.3944110303919836,-0.23590781450863707,1.2394368656423709,0.8749772404992816,-0.2021853130878202,0.6307176537071633,0.9808756016342843,-0.03308282337392007,0.4368971625700692,1.05303411452186,0.2707043676976336,0.16880760855035276,0.4791241074042604,-0.11094508495255812,1.264086555960952,0.474598183043745,0.30483383384366697,1.1454051460651373,0.5275235874763387,0.34187673742802727,1.209413291208002,0.39713906284594375,-0.26785006586289567,0.910256814088253,0.5120135267444004,-0.5569491025233111,0.9599509766164995,1.0027129650115967,-19.425155639648438,3.793347120285034,-0.5922247767448425,-0.5331121683120728,-2.499751091003418,834.7669067382812,-44.83871841430664,-1527.0189208984375,-117.64625549316406,141.8867645263672,-22.672792434692383,-1.7975510358810425,24.626367568969727,-2.0825579166412354,-3.7712652683258057,0.2889809310436249,2.7843053340911865
0.30575718735622254,-0.361204597531565,1.1968132231803918,0.29551954310856116,-0.22978975044082334,1.087367509769288,0.04814872843836317,-0.5122891164181248,0.08430864629859956,0.43416642683823375,-0.44730646775060934,0.7285783386585728,0.1711681555241149,-0.25782221052425586,1.3300385725813986,-0.00700738002385772,-0.5949446298428719,0.9167837685109763,0.24006054476396926,-0.16338936054449998,1.3611293971933276,-0.1013136849868179,-0.5156708331100198,0.6169159207123005,-0.06404789052410237,-0.5483651028958377,0.775410782422451,0.12219924585807403,-0.5621272923535858,0.09380015619839265,0.23511722220095577,-0.2742188670579961,0.4400400636804025,0.14834114102437007,-0.47883258552740743,0.031697855065792604,0.07220052507095384,-0.6287474026348417,0.8821032646278671,0.33173453901579836,-0.24182825367774397,0.35984137782592646,0.5296769164848012,-0.6199238012168581,0.8112022994172494,0.1782794478318549,-0.38330998207559647,1.1144719143576969,0.2702357831182859,-0.32319533148940827,0.48640914725152073,0.1634650725550604,-0.3096716067451515,0.3593834706193564,0.07203244939693157,-0.3384396347482473,0.06586212289846496,0.06959234819506967,-0.48194857667021407,1.012422707104525,-0.0413361159924245,-0.5638823764805762,0.644512116316928,-0.11946137589926752,-0.599086823645017,0.6639423914105687,1.0783592995428881,0.09716096443944419,0.18854508758676763,0.7143454185582154,-0.4271164614435853,0.8523648326957463,0.4950389176705815,-0.3838158712679187,1.1462862998839245,0.3101086936249638,-0.35973159717210873,1.3383238347160895,0.5458751750110791,0.062472543932053426,1.2642521489140213,0.3734768048816959,-0.2623923436695377,1.3661463706698638,0.43459167731124043,0.3882621790695664,1.1841553161475833,0.49806398069424346,0.2359228575762534,1.2333592772483826,0.9839335836914201,0.03194201461329365,0.19727204078870103,0.9078338571534251,-0.10533505135419352,0.5646226550174864,0.96564000242988,0.1384077560625329,0.17698558799873126,0.59877398422617,0.05644865785509545,1.1869342502773992,0.7787166159871398,-0.08124154540926021,0.5303833857672104,0.6253131594484216,-0.6028215680888157,0.8439629130213466,0.39552079915803,-0.2353344868794577,1.2385400792226098,0.8771133583705156,-0.20274063592024197,0.6290747497650172,0.9841934530348178,-0.033388151540513465,0.4356783614154683,1.057767713701488,0.27134927293125366,0.16897284922911632,0.48024129443216007,-0.11073056517156545,1.2635102485189376,0.47802885685930185,0.30587425670086943,1.1460601628221423,0.530732825891861,0.34225204907703083,1.21066448289827,0.398251377440841,-0.2675047835569508,0.9093953447034028,0.5130497765856863,-0.5565802260542547,0.9590669732220125,1.1368063688278198,-19.464496612548828,4.13856315612793,-0.613919734954834,-0.49689891934394836,-2.48897647857666,836.6414184570312,-44.27812576293945,-1526.735107421875,-117.08059692382812,141.93772888183594,-22.588468551635742,-1.7617344856262207,24.651552200317383,-1.9409458637237549,-3.7197799682617188,0.34524834156036377,2.7881360054016113
0.30697953898385655,-0.36078888888390653,1.1959870027390538,0.29649339784060086,-0.22939745243021986,1.0864907092605995,0.04826458158674619,-0.5121838107014334,0.08445246724892926,0.4352687251883626,-0.44708321130038886,0.7278260841274894,0.17229129087846004,-0.2574733270714615,1.329137612652305,-0.005949167843093994,-0.5954494784209902,0.9174999227586961,0.24104088564582213,-0.16300307263601696,1.360214354186658,-0.1022723285074265,-0.5186733650845406,0.617793990681503,-0.06391330043606412,-0.5501257256166824,0.7761931668054188,0.12236598652127562,-0.5619908650189835,0.0938726890067391,0.23610986098153697,-0.2736296985323066,0.4394344318386735,0.1484140507038066,-0.4787944620413496,0.03160057273625538,0.07318600578023893,-0.6292857729046549,0.8827312707111535,0.3325511294090195,-0.2415277584893814,0.35893063908381184,0.5306778265940432,-0.6194752849490438,0.8102312613007249,0.17953569802227393,-0.38297912892916347,1.1138743951620644,0.2712636692634481,-0.3226115085826015,0.4857220120777358,0.1643103795335782,-0.30910318596473596,0.35895493843697557,0.0721403659376877,-0.338367146569372,0.06574514409564189,0.07066351500962738,-0.4819008033007186,1.0123564968045973,-0.04193435917725623,-0.5665999145697282,0.64531675592953,-0.11992342977334329,-0.6018538905295313,0.6653712683955565,1.0828327990525604,0.0977060935947279,0.18830258591680338,0.7155538457908377,-0.4268552501075315,0.8515220497617659,0.496207386649997,-0.3834342992068916,1.1454768204531134,0.3114593599411035,-0.359272617772715,1.3374828171256363,0.5472737436262977,0.06249898193490426,1.2640658159129667,0.37462574598805,-0.26174420473591387,1.365241165982177,0.4382131506275655,0.38937257023047134,1.185000697508553,0.5005277357748801,0.2363399646140092,1.2338504791259766,0.9882729369283509,0.032473487150392756,0.19618155437194754,0.9105595673946354,-0.10602278158759436,0.5629300277754172,0.9702622866788445,0.13903211244684177,0.17623581288271398,0.6003455961776885,0.056475018996079235,1.1870483033704442,0.7814757685787629,-0.08175318510524482,0.5282481928534857,0.6263145654406768,-0.60257114716713,0.8430731600483522,0.39663551441881034,-0.23475727409321745,1.2376445145007002,0.8792509910286656,-0.2032938380509812,0.627433853038889,0.9875091847205002,-0.033700392957752096,0.43446004627556206,1.0624995484257374,0.2719900033726597,0.16913711047725172,0.4813594312857318,-0.11051541640861146,1.2629370870969154,0.48146566334149676,0.3069117629764885,1.1467145697170535,0.5339409906343118,0.3426258952807117,1.211917956143815,0.3993637719691194,-0.2671565348344134,0.9085337578855603,0.514083672832969,-0.5562107535387507,0.9581818418787016,1.2775987386703491,-19.424537658691406,4.549437522888184,-0.6390277147293091,-0.46353232860565186,-2.485602617263794,838.7840576171875,-44.0925407409668,-1526.1689453125,-116.4051284790039,141.9873809814453,-22.514469146728516,-1.6609636545181274,24.744022369384766,-2.048637866973877,-3.6723592281341553,0.3854316771030426,2.7868783473968506
0.30820189061149067,-0.360373180236248,1.1951607822977155,0.2974672525726407,-0.22900515441961636,1.085613908751911,0.04838043473512921,-0.512078504984742,0.08459628819925895,0.43637102353849155,-0.44685995485016844,0.7270738295964058,0.17341442623280529,-0.25712444361866704,1.3282366527232115,-0.0048909556623301775,-0.5959543269991086,0.9182160770064158,0.24202122652767508,-0.16261678472753394,1.3592993111799885,-0.10323097202803519,-0.5216758970590616,0.6186720606507055,-0.06377871034802586,-0.5518863483375271,0.7769755511883868,0.12253272718447723,-0.5618544376843813,0.09394522181508556,0.23710249976211822,-0.2730405300066171,0.43882879999694446,0.1484869603832431,-0.4787563385552918,0.03150329040671816,0.0741714864895241,-0.6298241431744682,0.8833592767944399,0.33336771980224067,-0.24122726330101885,0.3580199003416971,0.5316787367032852,-0.6190267686812293,0.8092602231842003,0.18079194821269304,-0.3826482757827304,1.113276875966432,0.2722915554086104,-0.3220276856757947,0.4850348769039508,0.16515568651209603,-0.3085347651843204,0.3585264062545947,0.07224828247844384,-0.3382946583904967,0.06562816529281881,0.07173468182418517,-0.48185302993122314,1.0122902865046697,-0.04253260236208801,-0.5693174526588806,0.6461213955421321,-0.12038548364741912,-0.604620957414046,0.6668001453805443,1.087306298562233,0.09825122275001165,0.18806008424683912,0.7167622730234601,-0.4265940387714778,0.8506792668277854,0.4973758556294125,-0.38305272714586447,1.144667341022302,0.31281002625724336,-0.35881363837332125,1.336641799535183,0.5486723122415164,0.0625254199377551,1.263879482911912,0.3757746870944042,-0.26109606580228994,1.36433596129449,0.4418346239438909,0.39048296139137634,1.1858460788695229,0.502991490855517,0.23675707165176504,1.2343416810035706,0.9926122901652822,0.033004959687491904,0.19509106795519396,0.9132852776358459,-0.10671051182099524,0.5612374005333478,0.9748845709278093,0.13965646883115074,0.1754860377666966,0.601917208129207,0.05650138013706302,1.1871623564634892,0.7842349211703862,-0.08226482480122947,0.5261129999397607,0.6273159714329322,-0.6023207262454443,0.8421834070753578,0.3977502296795908,-0.23418006130697713,1.2367489497787905,0.8813886236868157,-0.20384704018172048,0.6257929563127607,0.990824916406183,-0.03401263437499076,0.4332417311356557,1.067231383149987,0.27263073381406583,0.16930137172538712,0.4824775681393036,-0.11030026764565747,1.2623639256748933,0.48490246982369195,0.30794926925210764,1.1473689766119648,0.5371491553767627,0.34299974148439255,1.2131714293893598,0.40047616649739787,-0.2668082861118759,0.9076721710677179,0.5151175690802517,-0.5558412810232466,0.9572967105353906,1.222907543182373,-19.422168731689453,4.656216621398926,-0.6138152480125427,-0.49540063738822937,-2.4735941886901855,840.6336669921875,-43.96647644042969,-1525.5592041015625,-115.6861801147461,141.99435424804688,-22.43192481994629,-1.6053677797317505,24.832653045654297,-2.407682418823242,-3.6640784740448,0.3202627897262573,2.777994394302368
0.30943400151287476,-0.35990996895641686,1.1943629865614784,0.2985476249495878,-0.22858175985663146,1.0847391332222136,0.048489577796877605,-0.511998286507777,0.08474067164375292,0.43637161144357645,-0.44754062652193155,0.7262710818391762,0.17455543483922015,-0.2568531187362229,1.327415116970113,-0.00381334797966468,-0.59642816339897,0.9190159491355845,0.24309061023573206,-0.16219949870314823,1.3584360926356538,-0.10413291379315957,-0.5246527605498861,0.6196562732687059,-0.06365629825864408,-0.5536149838902302,0.7778344722773065,0.12271993091662986,-0.5617040042450886,0.09402971231187415,0.23814340522944524,-0.27245539268910496,0.4381953715685977,0.14855510292463744,-0.4787139869880992,0.03141813217014667,0.07520855494484989,-0.6302947516472923,0.8839760892438573,0.3342955715411546,-0.24077579467896598,0.35727072867336657,0.5326087162984128,-0.6187116947789856,0.8084529646185061,0.18208843079821155,-0.38228993542147,1.1127059064953533,0.27336782542680266,-0.3214415659178172,0.48431443270073826,0.16596924069504068,-0.30801965010087223,0.3580753368060321,0.07231586115644467,-0.3382077891108216,0.06555995473403804,0.07287217607561318,-0.48181405022049584,1.012252575909065,-0.04317142246969484,-0.5719038358587301,0.6470126780058374,-0.12079593805682577,-0.6073398560482933,0.6683801457976662,1.091786173005767,0.09866548529425201,0.18771296334977183,0.7179596003712407,-0.42630729957526886,0.8498469462852605,0.49854907768451606,-0.3826067870026393,1.1439277233666931,0.3142177107318347,-0.3584002866255527,1.335779594664542,0.5501089804614615,0.06252936051776077,1.263693412408134,0.3769731183123114,-0.2605222510975718,1.3634641687601607,0.44550855921593696,0.3915705059143091,1.1867529595924529,0.5055351294823828,0.23712874322340186,1.2348304079068417,0.9969689682224725,0.03347631917637307,0.1940320999614451,0.9159448760629488,-0.10737055327915983,0.5595641418403349,0.979462286889158,0.1402045744440413,0.17475181561432143,0.6035842940902078,0.0565134644730399,1.1872180226622828,0.7869257682206613,-0.08273184464763329,0.5240900996110298,0.6283923953968957,-0.6019378191982674,0.841271960577428,0.3989154381665172,-0.23368945855968049,1.2358378977175581,0.8835462248877972,-0.20445464956049883,0.6242124152104587,0.9941998787273632,-0.034277821983525275,0.43213595232821467,1.0718798187394802,0.273068975731237,0.16956234915761756,0.4836004111940497,-0.11009863514872578,1.2617789518754214,0.48832782954964393,0.30891040757002414,1.1480779079411993,0.540363770052297,0.34331596016094384,1.214362990777224,0.4015834985781978,-0.26648810584813554,0.9068374527211222,0.5162198458681042,-0.5554654710734918,0.9564646973909922,1.0696766376495361,-19.409133911132812,4.498443603515625,-0.5725100040435791,-0.5921624302864075,-2.4609317779541016,842.2529296875,-43.43831253051758,-1524.636962890625,-114.84446716308594,141.9730682373047,-22.312501907348633,-1.6787410974502563,24.82187843322754,-2.649916410446167,-3.6764273643493652,0.25238919258117676,2.7640092372894287
0.3106666774248445,-0.3594440075241967,1.193566836466063,0.299634164137556,-0.22815656496692968,1.0838644749281423,0.04859833237992611,-0.5119195204499541,0.08488508765369851,0.43630841611236926,-0.4482736308744411,0.7254654107899066,0.17569747821286022,-0.256586284086799,1.3265981794587824,-0.002734617399520567,-0.5969002043569325,0.9198206680894687,0.24416514905477987,-0.16178041805099969,1.3575758744549278,-0.10503157282507179,-0.5276281379706022,0.6206466309874262,-0.06353459121128976,-0.5553417675542515,0.7786978244386761,0.12290831935277442,-0.5615527599260507,0.09411489509588834,0.23918710508389976,-0.2718704887573293,0.43756033386418364,0.14862296947382933,-0.478671390637262,0.03133367585474687,0.07624861005915708,-0.6307614370687118,0.8845922536407874,0.33522986472639815,-0.2403155854896994,0.35653091088825506,0.5335345893900915,-0.6184043464873801,0.8076551880268072,0.18338724262765696,-0.38193000369514063,1.1121364741135906,0.2744468966165915,-0.32085531318424554,0.4835920600800325,0.1667809565582417,-0.3075076211367222,0.35762296256837467,0.07238110448449653,-0.33812008724110015,0.06549456759991236,0.0740135103365443,-0.4817755796163287,1.0122165152963423,-0.04381259176756765,-0.5744826258807781,0.6479089766346066,-0.12120340512880425,-0.6100559659943674,0.6699688954661224,1.0962664165244196,0.09907217135048464,0.18735978555008276,0.7191562850941096,-0.42601908245031406,0.8490152314601356,0.49972257491768585,-0.38215712028623416,1.143192150340175,0.3156286962577049,-0.35798957647866764,1.3349161631618904,0.5515478544479964,0.0625319986153912,1.2635073571015667,0.37817441474720337,-0.2599527393745271,1.3625943106136575,0.4491855317591041,0.3926567277371488,1.1876634008047595,0.5080833929461358,0.23749778432068444,1.2353189915221259,1.001326649295573,0.03394419843614692,0.1929749567185017,0.918600646963972,-0.10802899170296869,0.5578920044843725,0.9840374225812241,0.14074826553858666,0.17401849389668334,0.6052569074938629,0.056524722257147955,1.1872703085671987,0.7896126607395955,-0.08319628123958772,0.5220737004319564,0.6294731625065898,-0.6015472419017198,0.8403592581385808,0.4000835699454838,-0.23320387007779633,1.234925949020891,0.8857049821623113,-0.20506540883258476,0.622635368381115,0.9975782701905989,-0.034540285424187474,0.43103668878212675,1.0765234259580143,0.27349549462858413,0.16982892594787458,0.4847235267130744,-0.10989778517245852,1.2611932942014656,0.4917525265686558,0.3098671245851264,1.1487899959482104,0.5435787581450101,0.3436288425069771,1.2155509677943803,0.40269053756993334,-0.26616955060043085,0.9060042899175985,0.5173260815293583,-0.5550892942196486,0.9556357595107413,1.0338518619537354,-19.27445411682129,4.379499912261963,-0.5907849669456482,-0.668808102607727,-2.447049617767334,843.7101440429688,-42.678558349609375,-1523.60986328125,-114.09991455078125,141.96310424804688,-22.22609519958496,-1.750138759613037,24.752281188964844,-2.473501205444336,-3.707862138748169,0.26559966802597046,2.7506158351898193
0.3118993533368141,-0.3589780460919766,1.1927706863706475,0.30072070332552414,-0.22773137007722796,1.0829898166340708,0.04870708696297461,-0.5118407543921313,0.08502950366364409,0.43624522078116207,-0.44900663522695067,0.724659739740637,0.17683952158650015,-0.2563194494373751,1.325781241947452,-0.0016558868193765463,-0.5973722453148949,0.9206253870433528,0.2452396878738276,-0.1613613373988512,1.356715656274202,-0.10593023185698394,-0.530603515391318,0.6216369887061466,-0.06341288416393547,-0.5570685512182727,0.7795611766000456,0.12309670778891897,-0.5614015156070128,0.09420007787990253,0.24023080493835416,-0.2712855848255537,0.4369252961597696,0.14869083602302122,-0.47862879428642474,0.031249219539347083,0.07728866517346418,-0.6312281224901313,0.8852084180377177,0.3361641579116416,-0.23985537630043285,0.3557910931031436,0.5344604624817703,-0.6180969981957746,0.8068574114351084,0.1846860544571023,-0.38157007196881126,1.1115670417318282,0.2755259678063802,-0.32026906045067394,0.4828696874593268,0.16759267242144268,-0.3069955921725722,0.3571705883307173,0.07244634781254837,-0.3380323853713787,0.06542918046578666,0.07515484459747532,-0.48173710901216166,1.0121804546836197,-0.04445376106544041,-0.577061415902826,0.6488052752633757,-0.12161087220078269,-0.6127720759404414,0.6715576451345784,1.1007466600430718,0.09947885740671723,0.18700660775039374,0.7203529698169783,-0.42573086532535936,0.8481835166350107,0.5008960721508555,-0.3817074535698291,1.1424565773136568,0.317039681783575,-0.3575788663317826,1.3340527316592388,0.552986728434531,0.06253463671302163,1.2633213017949996,0.37937571118209523,-0.2593832276514824,1.3617244524671543,0.4528625043022708,0.39374294955998845,1.1885738420170664,0.5106316564098886,0.237866825417967,1.2358075751374098,1.005684330368673,0.03441207769592073,0.1919178134755584,0.921256417864995,-0.10868743012677749,0.5562198671284102,0.9886125582732898,0.141291956633132,0.17328517217904532,0.6069295208975178,0.05653598004125601,1.1873225944721146,0.7922995532585293,-0.08366071783154212,0.5200573012528832,0.6305539296162838,-0.6011566646051723,0.8394465556997338,0.40125170172445024,-0.23271828159591224,1.2340140003242241,0.8878637394368252,-0.20567616810467065,0.6210583215517714,1.0009566616538341,-0.03480274886484965,0.4299374252360389,1.081167033176548,0.2739220135259312,0.17009550273813157,0.485846642232099,-0.10969693519619128,1.2606076365275098,0.4951772235876674,0.3108238416002285,1.1495020839552215,0.5467937462377229,0.34394172485301033,1.2167389448115367,0.40379757656166876,-0.26585099535272616,0.905171127114075,0.5184323171906123,-0.5547131173658055,0.9548068216304906,1.1836520433425903,-19.21005630493164,4.289015293121338,-0.6647806763648987,-0.616786777973175,-2.4302706718444824,845.2255249023438,-42.052886962890625,-1522.35498046875,-113.37688446044922,141.9185333251953,-22.180843353271484,-1.7104580402374268,24.724496841430664,-2.1006722450256348,-3.7412548065185547,0.3132971227169037,2.736849546432495
0.3128226910600599,-0.35864808864348774,1.1922128230135962,0.30149879957863823,-0.22747288358132572,1.0823845178480969,0.04881294246220233,-0.5118095859983899,0.0851368365796986,0.43601963945374583,-0.44933516201594015,0.7240728090535726,0.17766781578099486,-0.2561429608243191,1.325189050459704,-0.0009094127958844339,-0.5976968678022851,0.9212011821222621,0.24594530749399926,-0.16111734415719053,1.3560856302447666,-0.10648087959810595,-0.5326298304543589,0.6223798646832144,-0.06324315047668701,-0.5582076193678458,0.7802377004694465,0.12323117816191635,-0.5612899422250837,0.09425501786912513,0.24095647984387855,-0.2709145906153104,0.4364762567723824,0.14874072289032653,-0.4786074695405581,0.031215336907729013,0.07803258709362797,-0.631569938647826,0.8856920102574177,0.3367896724418299,-0.23964748415627227,0.3552013608990916,0.5351747945444473,-0.6177833085225908,0.8062225896988484,0.18557223351980673,-0.38131321566981197,1.1112029582064673,0.2762612521845773,-0.3199009978712,0.48243721855791993,0.16816525758299602,-0.3066188491239453,0.3568647093330788,0.07248492469850755,-0.3379794025657982,0.06539048075626623,0.07594816756761623,-0.48173850518188727,1.0121820693379207,-0.04484329524986592,-0.5788189597082453,0.649472911132882,-0.1217974540314927,-0.6145922605762417,0.6727349883475839,1.1038191168513518,0.09971771600181298,0.18682467523000099,0.7211906204357842,-0.4256312390234297,0.8476012792216232,0.5017240759947441,-0.3814315966620351,1.1419038225878153,0.3179844079033428,-0.3572826460990685,1.333479660828382,0.5539868907225842,0.06255476023779799,1.2632068294957775,0.3801890642733763,-0.2589273945187891,1.3611245133624172,0.45542427961597365,0.3944591331166147,1.1892047029062611,0.5123901007980699,0.2381060267274348,1.2361250160545703,1.0086819529533384,0.03469043474225018,0.19124477610781496,0.923104259450704,-0.10915358247395775,0.5550991875051663,0.9917884681201138,0.14162077747334706,0.17281513436641915,0.60816023326078,0.05652595806052748,1.187319784961789,0.7941354510207839,-0.0839727281265898,0.5186971418115478,0.6312766884336408,-0.6009354954523756,0.8388528807076397,0.4020395930733112,-0.23233916304561478,1.2334147190416096,0.8893418613056473,-0.20604389392776992,0.6200016596854129,1.003278168621442,-0.035013222302131296,0.4291884670687827,1.0843668570186917,0.274184645011725,0.17026269236049116,0.48666670499061115,-0.10956237363992938,1.2601989033995875,0.4975569914804388,0.31147525839458234,1.150020312197161,0.5490531254288376,0.3441294954707291,1.2175632622463024,0.40459793514960646,-0.265612313536224,0.9045803729469414,0.5192156086694325,-0.5544184832186099,0.9542278833934014,1.2882500886917114,-19.411582946777344,4.133625507354736,-0.6700969934463501,-0.5412569046020508,-2.443208694458008,847.13818359375,-41.61748504638672,-1520.98974609375,-112.55455780029297,141.85459899902344,-22.112550735473633,-1.6860774755477905,24.730131149291992,-1.9868903160095215,-3.7516894340515137,0.3167635202407837,2.732103109359741
0.3137263882633866,-0.35832676636856914,1.1916700889732663,0.30225731215334883,-0.22722498174534728,1.0817963212531134,0.04891861389261602,-0.5117814396785585,0.08524181501360129,0.43578374790434804,-0.44963800768978546,0.7234997666434736,0.17847618939268667,-0.2559722084675404,1.3246111285607547,-0.00018403442678295535,-0.598012130386782,0.9217624423519665,0.2466275036729724,-0.16088446757651323,1.3554702195900166,-0.10700943138425713,-0.5345958875899283,0.6231070275338281,-0.06307036747896909,-0.5593093722466601,0.7809023622250715,0.12336222516582501,-0.561180887632812,0.09430803768090065,0.2416619626891534,-0.2705571779746883,0.43603902680194934,0.1487894681905279,-0.47858749537278483,0.03118466530365265,0.07875770690622708,-0.6319038265983,0.8861671851960239,0.3373955819780463,-0.2394556121419597,0.3546211579382814,0.5358756954306798,-0.6174692162220051,0.8055981143026163,0.1864322136766863,-0.38106290384238917,1.110851912703735,0.276974708828705,-0.31954678863484337,0.48202315624186537,0.16872265984285745,-0.30625069565725643,0.3565681316205208,0.07252180847703227,-0.33792862414524255,0.06535347548640327,0.0767193945827863,-0.48174243257535215,1.0121860760726675,-0.04521685260169158,-0.5805243608967358,0.6501260287319588,-0.1219700114024396,-0.616355561065358,0.6738862105157991,1.1068021903764333,0.0999459188850905,0.18665361542575407,0.722005475238459,-0.42554358674200954,0.8470348816439016,0.5025301437504244,-0.3811667752976449,1.1413626753731279,0.3188995302512946,-0.35699369506725415,1.3329250255957346,0.5549591982996227,0.06257599394842489,1.2630969021494025,0.38097778604125343,-0.25847877907437206,1.3605417119746177,0.45791524875637707,0.395151822180148,1.18981781266383,0.5140983979433578,0.23833698424085087,1.2364315907686751,1.011593222618103,0.03495675863217044,0.19059612641468743,0.9249008039370278,-0.10960752618135206,0.5540135210713014,0.9948755382307317,0.14193595575773163,0.1723618129922065,0.6093628884151282,0.056514584983618846,1.1873134773298604,0.7959173173699158,-0.08427506056151643,0.5173786483853069,0.63197671656577,-0.600725082372198,0.8382794614264507,0.40280334217264163,-0.23196680449097362,1.2328352896583001,0.8907767682280762,-0.20639618905569543,0.6189780381341644,1.0055325718115498,-0.03522039478681734,0.428461750512881,1.0874750120750325,0.2744368709475789,0.17042357168647626,0.4874675263040113,-0.10943202087223924,1.259801403576175,0.4998704146667821,0.3121072910479362,1.150526231882588,0.5512518310388982,0.3443093224866501,1.2183644901837734,0.40537882196587444,-0.2653787030486871,0.9040050098043404,0.5199783957557172,-0.554129026386122,0.9536648181495287,1.1831494569778442,-19.639759063720703,4.10423469543457,-0.6257349252700806,-0.5853469371795654,-2.488112688064575,848.6629028320312,-41.16133499145508,-1519.6087646484375,-111.82117462158203,141.7899169921875,-22.00166893005371,-1.7561739683151245,24.73207664489746,-2.2278692722320557,-3.7615673542022705,0.2504192292690277,2.749309778213501
0.3146300854667132,-0.35800544409365054,1.1911273549329366,0.3030158247280594,-0.22697707990936888,1.08120812465813,0.04902428532302971,-0.511753293358727,0.08534679344750397,0.4355478563549503,-0.44994085336363077,0.7229267242333747,0.1792845630043784,-0.25580145611076166,1.3240332066618055,0.0005413439423184612,-0.5983273929712788,0.9223237025816708,0.24730969985194548,-0.16065159099583595,1.3548548089352666,-0.10753798317040826,-0.5365619447254976,0.6238341903844417,-0.06289758448125117,-0.5604111251254744,0.7815670239806964,0.12349327216973367,-0.5610718330405405,0.09436105749267616,0.24236744553442818,-0.2701997653340662,0.4356017968315163,0.1488382134907293,-0.47856752120501156,0.031153993699576287,0.07948282671882612,-0.6322377145487741,0.8866423601346299,0.33800149151426273,-0.23926374012764717,0.35404095497747134,0.5365765963169122,-0.6171551239214196,0.8049736389063842,0.18729219383356582,-0.3808125920149664,1.110500867201003,0.2776881654728327,-0.31919257939848683,0.48160909392581086,0.16928006210271881,-0.3058825421905676,0.35627155390796283,0.07255869225555697,-0.3378778457246869,0.06531647021654031,0.0774906215979563,-0.481746359968817,1.0121900828074146,-0.045590409953517215,-0.5822297620852261,0.6507791463310355,-0.12214256877338649,-0.6181188615544742,0.6750374326840141,1.1097852639015144,0.10017412176836799,0.18648255562150717,0.7228203300411338,-0.42545593446058944,0.84646848406618,0.5033362115061045,-0.38090195393325477,1.1408215281584406,0.31981465259924624,-0.3567047440354398,1.332370390363087,0.5559315058766611,0.06259722765905178,1.2629869748030278,0.3817665078091305,-0.25803016362995507,1.3599589105868182,0.46040621789678027,0.3958445112436812,1.1904309224213985,0.5158066950886454,0.2385679417542669,1.23673816548278,1.0145044922828672,0.03522308252209068,0.18994747672155998,0.9266973484233514,-0.11006146988874632,0.5529278546374365,0.9979626083413495,0.14225113404211617,0.17190849161799382,0.6105655435694763,0.05650321190671021,1.187307169697932,0.7976991837190476,-0.08457739299644301,0.5160601549590661,0.6326767446978991,-0.6005146692920205,0.8377060421452618,0.403567091271972,-0.2315944459363325,1.2322558602749907,0.8922116751505049,-0.2067484841836209,0.617954416582916,1.007786975001657,-0.035427567271503375,0.4277350339569793,1.0905831671313733,0.27468909688343274,0.1705844510124614,0.4882683476174114,-0.10930166810454912,1.2594039037527627,0.5021838378531253,0.31273932370129004,1.1510321515680149,0.5534505366489586,0.34448914950257103,1.2191657181212443,0.4061597087821423,-0.26514509256115026,0.9034296466617395,0.520741182842002,-0.5538395695536342,0.9531017529056562,1.035315752029419,-19.549610137939453,4.2862467765808105,-0.6239807605743408,-0.6442763209342957,-2.5073845386505127,850.3740844726562,-40.278865814208984,-1518.200927734375,-111.02375030517578,141.69776916503906,-21.854745864868164,-1.7882170677185059,24.73398208618164,-2.341508150100708,-3.8123788833618164,0.22334066033363342,2.7568113803863525
0.31591560114298434,-0.35755136984073566,1.190389634757642,0.3041531781092385,-0.22656414948946593,1.080354850813253,0.04922196757517113,-0.5116842574631142,0.08546896303528981,0.43561414693365036,-0.45078463250438106,0.7222027391787397,0.18045523328496918,-0.2554673309752483,1.323170467717758,0.0016956309331519004,-0.5987522633659919,0.9231863286321527,0.2483466186665541,-0.16024100987721754,1.3539977342087701,-0.1083805558598594,-0.5394064598525596,0.6250280212882339,-0.06270326673984528,-0.5620456483979888,0.782533274186368,0.12365936241205165,-0.5609106275419525,0.09447089646825726,0.2433672813784997,-0.26965213453532844,0.4349527907687307,0.1489037719388671,-0.47852196322371626,0.03109477800841363,0.08057623795720913,-0.6326515078544617,0.8873452662632165,0.33890496362124056,-0.23888516564242887,0.3532091623899953,0.5376419413168698,-0.6166667500079073,0.8040740122858262,0.18860664381491424,-0.3804423572211866,1.109980437929267,0.27867285877663567,-0.3186272526813659,0.48098460984545827,0.17015833343496384,-0.30535567260735874,0.35583510935701285,0.0726147105559608,-0.3378143310546875,0.06526200014431745,0.07873187697683735,-0.4816792871778374,1.0122278920862058,-0.04609428079712469,-0.584683327485394,0.6518721237087881,-0.1224027539523232,-0.6206488415894919,0.6768319977829788,1.1141148363517608,0.10044426475929108,0.18623082053582402,0.7240077363734213,-0.42520797055288656,0.8456745593753082,0.5045164634060386,-0.3805069037225862,1.1401032422552047,0.3212242345541518,-0.35621866406194425,1.3315398061512322,0.5573779210349582,0.06262607250782039,1.2628151565198078,0.38297382826047227,-0.2573944653896307,1.359147765778548,0.4640207691303151,0.3967705250575842,1.191399942170705,0.5183269211788051,0.23883754863644277,1.2372172036707796,1.018760702467912,0.0355483695420603,0.18908453708058165,0.9293798089816869,-0.11074837425489298,0.5514127734481105,1.0024371597151092,0.14263445543532338,0.1712390853474472,0.6123014514809412,0.05652255355226283,1.1872792670268886,0.8003548699498966,-0.08501991693744596,0.5141888359524557,0.6336887320935332,-0.6001642224014989,0.836860940945859,0.4047309979302993,-0.2311504146713295,1.2314211493296339,0.8943706281137782,-0.20731818143105663,0.6165017884298666,1.0110634691667872,-0.03587603161962615,0.4267039553613852,1.0952142177038633,0.2749990116286751,0.17081279628324192,0.48945707260378146,-0.1090822589910583,1.2588393948725518,0.5055714008823924,0.3136103024940617,1.1518075639838414,0.5566208334948053,0.3447042447052254,1.2204267126045478,0.40731139392252785,-0.2648206771604273,0.9026164041449692,0.5218744806895982,-0.5534710793305707,0.9522458745154324,0.9907384514808655,-19.269411087036133,4.281083583831787,-0.6519075036048889,-0.5863209962844849,-2.486121892929077,851.8055419921875,-39.395687103271484,-1516.9127197265625,-110.34695434570312,141.55233764648438,-21.732025146484375,-1.7235569953918457,24.734628677368164,-2.100905179977417,-3.8408701419830322,0.27478379011154175,2.7414989471435547
0.31722751916046954,-0.3570881159297678,1.1896384314985464,0.3053167279291626,-0.22613980751854698,1.0794832471585432,0.04942601227775116,-0.5116123940968356,0.08559232137307819,0.435701333085038,-0.4516658166189067,0.7214683166008122,0.18165095599479225,-0.25512190878588636,1.3222880339780392,0.002879576498892265,-0.5991847130241773,0.9240697938085392,0.24940806617405234,-0.1598181406788479,1.353123948668802,-0.10924484276070888,-0.5423117194152034,0.6262541217914479,-0.06250745989382268,-0.5637170121764504,0.7835203789125215,0.12382787585702557,-0.5607458158636724,0.09458466442856961,0.24438747141929643,-0.26909135035331677,0.4342891406144528,0.14897049299829843,-0.47847463614893276,0.03103358852399501,0.08169511615588562,-0.6330708265304565,0.8880639197613229,0.3398290118634305,-0.23849368087996714,0.35235997264748387,0.5387324872395849,-0.6161663247062671,0.8031553592508203,0.18995251990114606,-0.38006382988186077,1.1094482959501002,0.27967630780690544,-0.3180473274150432,0.48034557532395755,0.17105879252221404,-0.3048178279735395,0.35538899316298256,0.07267205198819668,-0.3377499356865883,0.06520632239959098,0.08000563431703876,-0.4816073047996357,1.0122680387749576,-0.04660716268005746,-0.5871886276448798,0.6529955169223002,-0.12266899850096132,-0.6232318366994919,0.6786710493611973,1.1185375177702364,0.1007173078640407,0.18597350684025432,0.7252209042476502,-0.42494892126677053,0.8448649014266122,0.5057225897414794,-0.3801028483257389,1.139372707400101,0.3226680078648572,-0.35571895283184307,1.330690140361028,0.5588571202281294,0.06265544365869452,1.2626390585441463,0.3842100943654577,-0.2567458305729936,1.3583208312656707,0.46771301487028966,0.39771267302975744,1.192393572717313,0.5209032912917483,0.239109828081352,1.2377081675245272,1.023109913859146,0.03587773379974608,0.1882067795176775,0.9321235296939381,-0.11145138760276183,0.5498679986852685,1.007007653942171,0.143022488852013,0.17055473703619664,0.6140742332532705,0.05654401908819841,1.1872498710818638,0.8030709798959704,-0.08547213497195415,0.5122792896450752,0.6347222911403668,-0.5998040923219643,0.8359970532308352,0.40592257505813173,-0.23070142731465254,1.2305687859358378,0.8965796480905139,-0.2079029118037776,0.6150194949266927,1.014410639835509,-0.03634118104341208,0.4256518304545359,1.0999505748811933,0.27531291549371567,0.17104580675233277,0.49067262071647383,-0.10885669172599617,1.2582633374937324,0.5090332395390956,0.31449780415817596,1.1526016115352806,0.5598583148409986,0.34492177866547313,1.2217194994553824,0.40848871937255976,-0.2644899826965585,0.9017867125225384,0.5230333989621787,-0.5530971240326269,0.9513697484076419,1.0038610696792603,-19.14444351196289,4.114834785461426,-0.6648811101913452,-0.5239066481590271,-2.4687705039978027,853.4663696289062,-38.63273239135742,-1514.95166015625,-109.5189208984375,141.36383056640625,-21.60859489440918,-1.6831830739974976,24.732114791870117,-1.877092719078064,-3.7781410217285156,0.297649621963501,2.7309775352478027
0.31853943717795485,-0.35662486201879995,1.1888872282394511,0.3064802777490868,-0.22571546554762797,1.0786116435038333,0.049630056980331204,-0.5115405307305569,0.08571567971086659,0.4357885192364257,-0.45254700073343235,0.7207338940228848,0.1828466787046154,-0.25477648659652435,1.32140560023832,0.004063522064632731,-0.5996171626823628,0.9249532589849256,0.2504695136815506,-0.15939527148047822,1.352250163128834,-0.11010912966155845,-0.5452169789778475,0.6274802222946622,-0.06231165304780007,-0.5653883759549121,0.784507483638675,0.12399638930199951,-0.5605810041853924,0.09469843238888197,0.24540766146009327,-0.2685305661713051,0.4336254904601748,0.14903721405772974,-0.4784273090741492,0.03097239903957639,0.08281399435456221,-0.6334901452064514,0.8887825732594294,0.3407530601056206,-0.23810219611750535,0.35151078290497234,0.5398230331623001,-0.6156658994046268,0.8022367062158143,0.191298395987378,-0.3796853025425349,1.1089161539709331,0.28067975683717533,-0.3174674021487205,0.4797065408024567,0.17195925160946432,-0.30427998333972023,0.3549428769689522,0.07272939342043258,-0.3376855403184891,0.0651506446548645,0.0812793916572403,-0.48153532242143393,1.0123081854637095,-0.04712004456299028,-0.5896939278043658,0.6541189101358122,-0.12293524304959946,-0.6258148318094922,0.6805101009394159,1.1229601991887121,0.10099035096879036,0.1857161931446846,0.726434072121879,-0.4246898719806545,0.8440552434779162,0.5069287160769204,-0.37969879292889147,1.1386421725449973,0.32411178117556283,-0.3552192416017419,1.3298404745708239,0.5603363194213008,0.06268481480956867,1.262462960568485,0.38544636047044334,-0.2560971957563565,1.3574938967527932,0.4714052606102645,0.3986548210019307,1.1933872032639206,0.5234796614046917,0.23938210752626127,1.2381991313782748,1.0274591252503804,0.03620709805743188,0.1873290219547733,0.9348672504061893,-0.11215440095063074,0.5483232239224264,1.0115781481692332,0.14341052226870263,0.16987038872494606,0.6158470150255998,0.056565484624133994,1.187220475136839,0.8057870898420446,-0.08592435300646237,0.5103697433376945,0.6357558501872005,-0.5994439622424297,0.8351331655158113,0.4071141521859642,-0.23025243995797556,1.2297164225420416,0.8987886680672499,-0.20848764217649862,0.6135372014235188,1.017757810504231,-0.03680633046719805,0.4245997055476865,1.1046869320585235,0.2756268193587562,0.17127881722142363,0.4918881688291663,-0.10863112446093402,1.2576872801149128,0.5124950781957991,0.3153853058222903,1.15339565908672,0.5630957961871923,0.3451393126257208,1.223012286306217,0.4096660448225918,-0.2641592882326897,0.9009570209001074,0.5241923172347592,-0.5527231687346831,0.9504936222998512,1.0025806427001953,-19.2132511138916,4.282153606414795,-0.6517882943153381,-0.5570520758628845,-2.475412607192993,854.8699340820312,-38.20336151123047,-1512.9739990234375,-108.81819152832031,141.25125122070312,-21.514545440673828,-1.7235097885131836,24.732654571533203,-1.9275014400482178,-3.7114360332489014,0.275987446308136,2.7411999702453613
0.3198359463092507,-0.35617384294800414,1.1880884142900934,0.3076557856028443,-0.2253169680618687,1.0777706730839431,0.04983002340285391,-0.5114848328544604,0.08578731217082368,0.43691214213505486,-0.4520998834971561,0.719998677933453,0.18404848192701276,-0.2544798007765353,1.320547193288803,0.0052900402290154405,-0.6000959497216521,0.925883984230212,0.25155907548618633,-0.15896542214893347,1.3513903655358497,-0.11082792023061126,-0.5480291947031652,0.6288672026419482,-0.062119901414639904,-0.5670000049254752,0.7856356857825588,0.12416276903144571,-0.5604323579972943,0.09481055796491784,0.24645745593881765,-0.26796236357941533,0.4329478339051569,0.1490957231957786,-0.47834718967510376,0.03089428688430332,0.08395288334480973,-0.6338705449112204,0.8895313986484578,0.3417030727823838,-0.2376830584018041,0.35067382800263286,0.5408892939422304,-0.6153027885007543,0.801403992322107,0.1926291999684659,-0.37928639302980033,1.1084328406299186,0.2817809830931638,-0.31689474766222847,0.4790355536025881,0.17284550130465962,-0.30374331974627955,0.35450392083221716,0.07278546154351029,-0.33761807240002994,0.06509939350483827,0.08252174301159303,-0.48148519851711413,1.0123640178449895,-0.04757157347430259,-0.5921686500902997,0.6553493535873905,-0.1231222702375311,-0.6283827686546654,0.682430109144836,1.1273650173714618,0.10104023741669213,0.1855054705693627,0.7276988366976479,-0.42438194792199607,0.8432293277702584,0.5081985816852936,-0.3792709967750587,1.137907836216175,0.3255181302692716,-0.3546963524542108,1.3290281591825928,0.5618409109826119,0.06268827688713736,1.2622854970148858,0.3866728829923055,-0.2555064872795383,1.3566370671553327,0.47508300169808976,0.39953510275739706,1.1944044915256122,0.5261444250084706,0.23966443504126655,1.2387366725119533,1.0318004384340829,0.03645419547124611,0.18646025598443897,0.9376409215642917,-0.11283615557168493,0.5468439599930845,1.0161410025413462,0.1437401818419924,0.1692724824198429,0.6176498579663157,0.05657450079498504,1.1872755604863956,0.808629681831164,-0.0864173699885804,0.5084451572192425,0.636869664618511,-0.5991007911645814,0.8342436455338207,0.4082952660341926,-0.22973616559379148,1.228827594526556,0.9010007144599561,-0.20904549004028963,0.6121077225697751,1.0211604162557235,-0.037185613411349176,0.4236014010199648,1.1093987457404864,0.27590512592863564,0.17148122674976754,0.49312719011938333,-0.10840632994690083,1.2571213723018468,0.5160024791758582,0.3161880217048506,1.154208566376705,0.5662988612786034,0.34525483422326725,1.224300348995537,0.41083769574267975,-0.26381251132054045,0.9001268679337786,0.5253730293930761,-0.5523940007023463,0.9497160946099173,0.9991128444671631,-19.388675689697266,4.732348918914795,-0.6081633567810059,-0.6116078495979309,-2.488267421722412,856.2538452148438,-37.80637741088867,-1510.906005859375,-108.14207458496094,141.16342163085938,-21.425189971923828,-1.785417914390564,24.785083770751953,-2.2158799171447754,-3.7252707481384277,0.28426867723464966,2.7688660621643066
0.3211313018340937,-0.35572373985454736,1.1872860359040318,0.3088321887104716,-0.2249204054573514,1.0769319960613124,0.05002968449959691,-0.5114303452289657,0.08585507210516771,0.4381133592286646,-0.4515533212399641,0.7192634024367428,0.18525074037495032,-0.2541867636686919,1.3196905851364136,0.006519745646772333,-0.6005782058696872,0.9268182476624748,0.2526507421045113,-0.15853505024057352,1.3505316151688431,-0.11153581802616053,-0.550834444579699,0.630266227469539,-0.06192845338030368,-0.5686071617713826,0.7867744513694813,0.1243289890174834,-0.5602849220597981,0.09492256058170305,0.24750946679257393,-0.2673936055985508,0.432269128742597,0.14915361753757425,-0.4782646152357392,0.030814907791105333,0.08509327046918547,-0.6342480308962184,0.8902824828956301,0.3426550293205589,-0.2372618504115288,0.3498377890776325,0.5419537365831286,-0.6149499578191745,0.8005777123748072,0.1939588755566552,-0.3788859575789496,1.107953182908873,0.2828895295692595,-0.3163226375121944,0.4783621742235904,0.17373068719510207,-0.30320674457297425,0.35406550074255233,0.07284143433862963,-0.33755037445106256,0.06504847375762383,0.0837617431156682,-0.4814367110760796,1.0124210245561915,-0.04801850911501225,-0.594641083123668,0.6565878114952945,-0.12330336671396595,-0.6309495781431134,0.6843561782742177,1.1317684981996647,0.10107341694910794,0.18529823609930002,0.7289674641280773,-0.42407036478945753,0.8424021949041759,0.5094732192178435,-0.3788414232383501,1.1371732152850422,0.32692167754994317,-0.35417172806152447,1.3282186400811404,0.5633474035768319,0.06268979924798801,1.262107931225505,0.3878986760480514,-0.2549201155340435,1.3557779994231975,0.47875965687612804,0.40041075281749494,1.1954235509531388,0.5288158063067504,0.23994751481820414,1.2392777007147175,1.0361411603081303,0.036695133870011123,0.18559216318146288,0.9404168350017622,-0.11351631863030373,0.5453696006181226,1.0207032849457087,0.14406547118101687,0.16868104770878295,0.6194549514757876,0.05658258492780837,1.187336970638755,0.8114817430641476,-0.08691344143736439,0.5065194451256305,0.6379894874743278,-0.5987588897446133,0.8333522065585812,0.4094755965352847,-0.22921485369963365,1.2279360365393936,0.9032129874292587,-0.20960132530982917,0.6106821977539568,1.0245671722273162,-0.03755846784900354,0.4226071258254399,1.114108721941512,0.2761807674603746,0.17168134529859025,0.4943679687597893,-0.10818159328588588,1.2565562243493187,0.5195132912389488,0.3169843899887918,1.1550228856257254,0.5694993497520091,0.34536271853162753,1.2255880580043161,0.41200892183164883,-0.26346453037483014,0.8992966804283344,0.526555373179202,-0.5520681857273279,0.9489459486197163,0.9977163076400757,-19.46187400817871,4.692078113555908,-0.5860167145729065,-0.5759031176567078,-2.4865989685058594,857.5797119140625,-37.34998321533203,-1508.013671875,-107.26424407958984,140.99110412597656,-21.338380813598633,-1.7961363792419434,24.838054656982422,-2.4267005920410156,-3.7744393348693848,0.32583707571029663,2.7847678661346436
0.3224266573589369,-0.35527363676109064,1.18648365751797,0.310008591818099,-0.22452384285283405,1.0760933190386817,0.05022934559633992,-0.511375857603471,0.08592283203951176,0.43931457632227444,-0.4510067589827721,0.7185281269400325,0.186452998822888,-0.25389372656084847,1.318833976984024,0.007749451064529331,-0.6010604620177225,0.9277525110947376,0.25374240872283643,-0.15810467833221353,1.3496728648018363,-0.11224371582170985,-0.5536396944562331,0.6316652522971298,-0.06173700534596743,-0.5702143186172902,0.7879132169564038,0.12449520900352111,-0.5601374861223019,0.09503456319848828,0.24856147764633033,-0.2668248476176862,0.4315904235800371,0.1492115118793699,-0.47818204079637466,0.030735528697907334,0.0862336575935613,-0.6346255168812164,0.8910335671428024,0.34360698585873406,-0.23684064242125347,0.34900175015263213,0.5430181792240268,-0.6145971271375946,0.7997514324275073,0.1952885511448446,-0.37848552212809883,1.1074735251878272,0.28399807604535526,-0.31575052736216036,0.47768879484459265,0.17461587308554458,-0.30267016939966884,0.35362708065288745,0.07289740713374898,-0.3374826765020952,0.0649975540104094,0.08500174321974348,-0.48138822363504513,1.0124780312673936,-0.048465444755721954,-0.5971135161570366,0.6578262694031987,-0.12348446319040084,-0.6335163876315615,0.6862822474035996,1.136171979027868,0.10110659648152377,0.1850910016292373,0.7302360915585069,-0.42375878165691894,0.8415750620380932,0.5107478567503935,-0.37841184970164143,1.1364385943539095,0.32832522483061477,-0.35364710366883817,1.327409120979688,0.5648538961710519,0.06269132160883865,1.2619303654361245,0.38912446910379733,-0.25433374378854867,1.3549189316910624,0.48243631205416665,0.4012864028775929,1.1964426103806654,0.5314871876050304,0.24023059459514176,1.2398187289174818,1.040481882182178,0.03693607226877615,0.1847240703784867,0.943192748439233,-0.11419648168892259,0.5438952412431604,1.0252655673500717,0.14439076052004138,0.16808961299772296,0.6212600449852596,0.0565906690606317,1.1873983807911146,0.8143338042971313,-0.0874095128861484,0.5045937330320182,0.6391093103301446,-0.5984169883246453,0.8324607675833418,0.41065592703637693,-0.22869354180547577,1.227044478552231,0.9054252603985615,-0.21015716057936876,0.6092566729381385,1.027973928198909,-0.03793132228665793,0.42161285063091497,1.1188186981425379,0.27645640899211366,0.17188146384741296,0.4956087474001954,-0.10795685662487091,1.2559910763967905,0.5230241033020397,0.3177807582727331,1.155837204874746,0.5726998382254151,0.3454706028399878,1.226875767013095,0.41318014792061797,-0.26311654942911983,0.8984664929228903,0.527737716965328,-0.5517423707523094,0.9481758026295151,0.9960850477218628,-19.396831512451172,4.22248649597168,-0.6212601661682129,-0.5095373392105103,-2.4699456691741943,858.5567016601562,-36.99177932739258,-1505.7294921875,-106.45439910888672,140.82269287109375,-21.260889053344727,-1.7968065738677979,24.810686111450195,-2.4803569316864014,-3.822451114654541,0.34208160638809204,2.7773547172546387
0.32377671100051186,-0.3548602988783098,1.185741006538568,0.3112580297601143,-0.2241442082141409,1.0752591573639423,0.05046260221213693,-0.5112632945278622,0.08599577957628578,0.44059706050039116,-0.45034743233627045,0.7177966509433772,0.1877332755074595,-0.2536041952718962,1.3179834260056351,0.009003414288286452,-0.6015185445349737,0.9287521369409876,0.2548273573845427,-0.15766010877509784,1.3487773308690811,-0.11300988179563681,-0.5563629338678143,0.6331939190034044,-0.061298238767298674,-0.5718179879993791,0.7891445838852433,0.12466333562273851,-0.5600094147865347,0.09511686730759822,0.2496712427364279,-0.2662836589560604,0.4309315602510971,0.14926175215583762,-0.47806302236010695,0.03061515527055754,0.08737296406303012,-0.6350137405837608,0.8918778033840734,0.34459961723807625,-0.236627548834346,0.34809281405628917,0.5440796299880702,-0.6141669665346082,0.7989058796538423,0.19666893721021556,-0.3781209616668967,1.1069946750899815,0.2851333475073441,-0.3151644398242433,0.4769551190516807,0.175455148350324,-0.3021913209300957,0.35321109963963365,0.07289440049142237,-0.3374156576908187,0.06500775206661383,0.0862906137049592,-0.4813853210171327,1.0126268867625305,-0.04888358817047233,-0.5995135017183442,0.6591619174212019,-0.12354719927472783,-0.6359774902561641,0.6883249997303185,1.1405543515224328,0.10122542537206056,0.18490957898019955,0.7314887867858078,-0.4233797619871746,0.8407919446364145,0.5120610582907468,-0.37790200943188956,1.135654010914809,0.32975157828915186,-0.35308729260173066,1.326563515805251,0.566447428520152,0.06267109320850561,1.2617615366613628,0.39039001006953755,-0.2536873417776942,1.3540934170318755,0.48630964183649456,0.4020527760121996,1.1974341371990986,0.5341219321781434,0.2404360920684227,1.2403127314239148,1.0448093149835698,0.03706957957405128,0.18391738447132494,0.9460021965945792,-0.11487312745672973,0.5424525994338738,1.0296782559116942,0.14458297099301357,0.1675524221153449,0.6230794554514599,0.05652021872040058,1.1874699229436205,0.8170993397172711,-0.08784760295456605,0.502774746508788,0.6402820325055658,-0.5980143683240904,0.8316364714641445,0.4119414779918872,-0.22818689561442826,1.2262067009281639,0.9076716554480672,-0.2106824988955693,0.6078904350072344,1.0313503615903536,-0.0383587853600647,0.42067633885026773,1.123510025589671,0.27665177461327306,0.17209921703235992,0.49690870279507915,-0.1077578996635036,1.2554052973425152,0.5265575104596597,0.3185088732187321,1.156698476399807,0.5759482885038614,0.3455385923977719,1.2281158262530698,0.41435500831398736,-0.2627828487299926,0.8976946745487239,0.5289676921651852,-0.5512866936377343,0.947336604855708,0.999940037727356,-19.354291915893555,4.076128959655762,-0.6665629148483276,-0.5131369829177856,-2.4609878063201904,859.2299194335938,-36.43068313598633,-1503.0269775390625,-105.49699401855469,140.58949279785156,-21.08147621154785,-1.7690811157226562,24.746191024780273,-2.1621506214141846,-3.8461666107177734,0.2964003086090088,2.753837823867798
0.32513117578053313,-0.3544499259318737,1.1850031722855094,0.3125133576081288,-0.22376593873398196,1.0744253598301616,0.0506985681439867,-0.5111460479482121,0.0860691454680945,0.44188609847564564,-0.4496790117874051,0.7170654813580166,0.18901984398530805,-0.25331494671027394,1.3171333635090203,0.010259333786721121,-0.6019746775658714,0.9297570339496561,0.25591176427555395,-0.15721439424630823,1.3478788305197331,-0.11378074681620721,-0.5590795595322223,0.6347330406998956,-0.06083952714473208,-0.573421376134386,0.7903834186642374,0.12483161600269624,-0.5598829051121971,0.09519677637576662,0.25078566542623054,-0.26574469362663117,0.43027429707002957,0.14931137516897244,-0.47794106489183097,0.03049147584851807,0.08851218338290978,-0.6354028302312686,0.8927295518829332,0.3455955288465449,-0.23643123866706495,0.3471779991558056,0.5451408394717222,-0.6137305696476374,0.7980587726199864,0.198053412830198,-0.3777592943500209,1.106515890123039,0.2862707742101309,-0.314577225077626,0.47621658064474337,0.17629072114529196,-0.3017171278398558,0.3527969282293162,0.07288663744285012,-0.33734869364871095,0.06502287897793267,0.08758342534994443,-0.48138609459463333,1.0127831494176625,-0.04929940963151635,-0.6019076447415824,0.66050540335131,-0.12360039016614292,-0.6384300681336825,0.6903771619923067,1.144935021732027,0.10135116146889743,0.18473023792963156,0.7327401971580176,-0.4229953038870104,0.8400123768689617,0.5133773698317293,-0.37738569603850514,1.1348653982411947,0.3311797709555815,-0.3525246438995892,1.3257150004636373,0.5680479802043232,0.06264911071452874,1.2615934124845543,0.3916587565118903,-0.2530360986164074,1.3532706082656685,0.49019883247400736,0.40281033649152476,1.198423443645831,0.5367537221766465,0.240635332904312,1.2408029415354824,1.0491356760855541,0.03719442308146432,0.18311565073318042,0.9488143491626574,-0.1155494895720521,0.5410125154927867,1.034078880453741,0.14476444929936863,0.16701960573527988,0.6249000205109451,0.05644343495492312,1.1875422821929122,0.8198578972492786,-0.08828101710521226,0.5009643668863948,0.6414590207551488,-0.5976068516638106,0.8308175900914022,0.4132355144679151,-0.2276814321413735,1.2253732604301528,0.9099208022782344,-0.21120537778004903,0.6065289782767265,1.0347243496124316,-0.038790652355709596,0.4197444854094493,1.1281998491050391,0.27684066637067606,0.1723183923653814,0.4982134305088725,-0.1075610217101724,1.2548178544897117,0.5300927398023225,0.31923148386328426,1.157563534398742,0.5792006066698111,0.3456033646369612,1.2293520427697542,0.4155301617964214,-0.26245029966365424,0.8969275633625637,0.5302015086080853,-0.550820543769969,0.9464918383896745,0.9951416850090027,-19.448955535888672,4.309956073760986,-0.6818987131118774,-0.576738715171814,-2.4836437702178955,859.8177490234375,-35.796478271484375,-1500.5177001953125,-104.61377716064453,140.38194274902344,-20.882217407226562,-1.6305391788482666,24.722152709960938,-1.707676887512207,-3.8384764194488525,0.2601035237312317,2.7318763732910156
0.32648564056055424,-0.3540395529854377,1.184265338032451,0.3137686854561432,-0.223387669253823,1.0735915622963812,0.05093453407583645,-0.5110288013685618,0.0861425113599032,0.44317513645090006,-0.4490105912385398,0.716334311772656,0.1903064124631565,-0.25302569814865167,1.3162833010124055,0.011515253285155682,-0.6024308105967692,0.9307619309583246,0.25699617116656515,-0.15676867971751868,1.346980330170385,-0.11455161183677755,-0.56179618519663,0.6362721623963866,-0.060380815522165524,-0.5750247642693929,0.7916222534432316,0.12499989638265394,-0.5597563954378596,0.09527668544393501,0.2519000881160331,-0.26520572829720207,0.42961703388896216,0.14936099818210727,-0.477819107423555,0.030367796426478612,0.08965140270278933,-0.6357919198787765,0.8935813003817931,0.34659144045501344,-0.23623492849978392,0.34626318425532215,0.5462020489553742,-0.6132941727606667,0.7972116655861305,0.19943788845018035,-0.3773976270331453,1.1060371051560964,0.2874082009129176,-0.31399001033100865,0.47547804223780604,0.17712629394025986,-0.30124293474961594,0.3523827568189988,0.07287887439427787,-0.3372817296066032,0.06503800588925153,0.08887623699492955,-0.481386868172134,1.0129394120727944,-0.04971523109256033,-0.6043017877648207,0.661848889281418,-0.123653581057558,-0.6408826460112007,0.6924293242542947,1.149315691941621,0.1014768975657343,0.18455089687906356,0.7339916075302274,-0.42261084578684627,0.839232809101509,0.5146936813727119,-0.3768693826451207,1.1340767855675806,0.332607963622011,-0.35196199519744775,1.324866485122024,0.5696485318884943,0.06262712822055186,1.2614252883077457,0.39292750295424295,-0.25238485545512074,1.3524477994994613,0.4940880231115199,0.4035678969708499,1.199412750092563,0.5393855121751493,0.24083457374020126,1.2412931516470498,1.053462037187538,0.03731926658887736,0.18231391699503596,0.9516265017307355,-0.11622585168737444,0.5395724315516998,1.0384795049957878,0.1449459276057237,0.1664867893552149,0.62672058557043,0.056366651189445664,1.1876146414422042,0.8226164547812858,-0.08871443125585843,0.49915398726400173,0.6426360090047317,-0.5971993350035307,0.8299987087186599,0.41452955094394295,-0.2271759686683188,1.224539819932142,0.9121699491084014,-0.2117282566645287,0.6051675215462187,1.0380983376345094,-0.039222519351354464,0.41881263196863094,1.1328896726204065,0.277029558128079,0.1725375676984029,0.49951815822266576,-0.10736414375684121,1.2542304116369083,0.5336279691449851,0.3199540945078363,1.1584285923976771,0.5824529248357606,0.34566813687615044,1.2305882592864383,0.4167053152788553,-0.26211775059731596,0.8961604521764036,0.5314353250509855,-0.550354393902204,0.9456470719236413,0.992478609085083,-19.626707077026367,4.541984558105469,-0.6685002446174622,-0.6337546706199646,-2.502380132675171,860.3532104492188,-35.26628494262695,-1497.9481201171875,-103.79161834716797,140.17913818359375,-20.762683868408203,-1.510685920715332,24.72379493713379,-1.8631563186645508,-3.788841485977173,0.2845229506492615,2.734733819961548
0.32790602003501734,-0.3535621060638238,1.1834890193102376,0.315009645525588,-0.22298975133441934,1.0727801836089583,0.05111422126384957,-0.5109285697439648,0.08633471037329032,0.44457080086927536,-0.44820026377376343,0.7156065378757502,0.1916036609288872,-0.2526545331671538,1.315405160188675,0.012859145760696489,-0.602856875354091,0.9318131626836511,0.25813393235601334,-0.1563315411277165,1.346139410473653,-0.11521865505207056,-0.5644638472242859,0.6379177918694666,-0.060067838952192025,-0.5765548530003881,0.7929953457109186,0.1252051117207041,-0.5596412777505964,0.09535100349280613,0.25305517234944347,-0.2646589401048541,0.42895663060889344,0.14941973569772102,-0.4777175149578132,0.030269922981569115,0.09086184019827284,-0.6361220961572318,0.8944097719839866,0.3475902183166402,-0.23578792615540772,0.3454129787174282,0.547371792674854,-0.612793294305833,0.7963230252660664,0.2008702231953475,-0.3770429792980485,1.1055815788294305,0.2885899176167336,-0.31337863325283233,0.4747153962684783,0.17808837438656,-0.30073384457076624,0.3518800875603758,0.0728864147642393,-0.33721010105696736,0.06504054501998109,0.09019157246051239,-0.481367094183205,1.013146208414179,-0.05007296300412999,-0.6065569996636434,0.6633661577835777,-0.123680389184036,-0.6432547132108384,0.6945755069224249,1.1536865037008623,0.10148154131278692,0.18441709639220838,0.7352821961143948,-0.4223568843591292,0.8384246700844228,0.5160454285657958,-0.37642289994173495,1.1333230425979919,0.3340343215212916,-0.351362395562873,1.3240582798885194,0.5712886451688033,0.06261287730754606,1.2612271141137508,0.3942270844385323,-0.2517212618463087,1.3516148766934477,0.49792793062546375,0.40425967055046,1.2004552556584211,0.5420250246264285,0.24104347677025573,1.2418093223445463,1.0577645919575593,0.0373645635839823,0.18157489851906602,0.9543914615318474,-0.116892407839464,0.5381905124676939,1.0430393252546422,0.14510327552920144,0.16593363079310255,0.6285850024775953,0.05630460945852348,1.187716904657566,0.8254083302242076,-0.08913276791079153,0.4974158846878059,0.6438189488373055,-0.596822361282955,0.8291031139970616,0.41583037879688056,-0.226650829371435,1.2237016327728498,0.9144001640626136,-0.2122693828103558,0.6038307291979822,1.0414249320693363,-0.03973344564191156,0.4179073415745963,1.1375156717979353,0.2770665567244915,0.17273406403151567,0.5008182579417102,-0.10714001814211838,1.2536859808378662,0.5371975387563767,0.3206387501185303,1.159294380652194,0.5857495147463501,0.34564577136805513,1.2318289303621708,0.41789114874917144,-0.26175696802455073,0.8953479190930625,0.5326894060862775,-0.5499768240364972,0.9448577318562578,1.0348924398422241,-19.576711654663086,4.4240336418151855,-0.671457827091217,-0.6028203964233398,-2.472553253173828,861.4385986328125,-34.63290023803711,-1495.1470947265625,-102.8573989868164,139.94212341308594,-20.6740665435791,-1.5609769821166992,24.724843978881836,-2.3592746257781982,-3.7246811389923096,0.2769452929496765,2.7501542568206787
0.3293321002398105,-0.3530788581497622,1.1827093722015027,0.31624936297634576,-0.22259013409054043,1.071970743848788,0.051289041101044375,-0.5108298096830481,0.086537186845841,0.4459756870340827,-0.4473776632784218,0.7148790576600081,0.19290183306924552,-0.2522762835223154,1.3145245909690857,0.014210646709932972,-0.6032803396120766,0.9328684017358236,0.2592763079712722,-0.15589514424074566,1.3453034707252554,-0.11587671908420442,-0.5671272745590336,0.6395726328259272,-0.05976746649487524,-0.578078602323469,0.7943800494370871,0.12541352143350815,-0.5595271453162692,0.09542483799406234,0.25421377325689554,-0.26411147534057794,0.42829595575269486,0.14947926149463023,-0.47761768378958797,0.030174281404951948,0.09207843710353832,-0.6364471772253908,0.8952362304491712,0.348589244070432,-0.23531924232544488,0.3445683610162988,0.5485509231390543,-0.6122868390667517,0.7954307928780057,0.2023066971080982,-0.3766889386619164,1.1051280640608427,0.2897754648071251,-0.3127651664594941,0.47395066532078167,0.17906139603513754,-0.3002217362653341,0.3513697644337913,0.07289527867310094,-0.33713806909046423,0.06504199547779481,0.09150885593220097,-0.4813455431074496,1.0133573752365366,-0.05042567095466402,-0.6088001958976518,0.6648984561298067,-0.1237049155578708,-0.6456198173248215,0.6967298210851404,1.1580564628373708,0.10147571220796629,0.18428723454870136,0.7365761730844611,-0.42211420913011033,0.8376140600403413,0.5174002404639263,-0.3759824566493761,1.132572315386589,0.335460520738008,-0.3507596001719797,1.3232535609346352,0.5729321799925621,0.06259929507181344,1.2610263409993507,0.3955293327372595,-0.2510566000906837,1.3507810791596673,0.501763575815207,0.40494575445225695,1.2015023622291767,0.5446652049655156,0.2412532154495353,1.242327738281907,1.0620650878015732,0.03740298088072546,0.18084130406577067,0.9571523397963567,-0.11755811590824695,0.536813623857814,1.047612913791707,0.14525853650064657,0.16537871290713746,0.6304532119769923,0.05624384271437364,1.1878217541618852,0.8282030872161814,-0.08954980056609539,0.49568403309938924,0.6450024034013812,-0.5964480291139211,0.828200884607454,0.41713179401214545,-0.2261239883816795,1.2228630350915013,0.9166287416653917,-0.2128120870977048,0.6024960699855098,1.0447474275993196,-0.040251209493109716,0.41700434852514834,1.142136151032732,0.27709041861508854,0.17292859893760934,0.5021179574017492,-0.1069135359728968,1.2531452700002303,0.5407700783369557,0.3213201231317015,1.1601602320639504,0.5890499335645839,0.34561586962235685,1.2330699866970642,0.41907790589411525,-0.2613937436350134,0.8945314576294249,0.5339452397349654,-0.5496069151439414,0.9440731854233521,1.1071648597717285,-19.299516677856445,4.257928848266602,-0.6784790754318237,-0.5199856758117676,-2.432652235031128,862.1986694335938,-33.90267562866211,-1492.5655517578125,-102.06739044189453,139.68948364257812,-20.52865219116211,-1.7348872423171997,24.724639892578125,-2.5314648151397705,-3.7148709297180176,0.19967301189899445,2.757534980773926
0.33075818044460364,-0.3525956102357006,1.1819297250927678,0.3174890804271034,-0.22219051684666155,1.0711613040886179,0.05146386093823917,-0.5107310496221314,0.08673966331839165,0.44738057319888996,-0.44655506278308027,0.714151577444266,0.19420000520960376,-0.251898033877477,1.3136440217494965,0.015562147659169339,-0.6037038038700622,0.9339236407879962,0.26041868358653103,-0.15545874735377485,1.3444675309768577,-0.11653478311633823,-0.569790701893781,0.6412274737823876,-0.05946709403755848,-0.5796023516465496,0.7957647531632556,0.12562193114631223,-0.5594130128819421,0.09549867249531856,0.25537237416434755,-0.2635640105763019,0.42763528089649633,0.1495387872915394,-0.4775178526213627,0.030078639828334783,0.09329503400880367,-0.6367722582935498,0.8960626889143558,0.34958826982422375,-0.23485055849548211,0.3437237433151694,0.5497300536032543,-0.6117803838276705,0.7945385604899451,0.20374317102084877,-0.3763348980257843,1.104674549292255,0.2909610119975165,-0.3121516996661559,0.4731859343730851,0.180034417683715,-0.29970962795990197,0.35085944130720687,0.0729041425819626,-0.33706603712396116,0.06504344593560854,0.09282613940388942,-0.48132399203169424,1.0135685420588942,-0.05077837890519801,-0.61104339213166,0.6664307544760356,-0.1237294419317056,-0.6479849214388044,0.6988841352478556,1.1624264219738787,0.10146988310314567,0.18415737270519433,0.7378701500545274,-0.42187153390109144,0.8368034499962599,0.5187550523620567,-0.37554201335701726,1.1318215881751863,0.33688671995472425,-0.35015680478108646,1.322448841980751,0.5745757148163207,0.06258571283608083,1.2608255678849505,0.39683158103598654,-0.25039193833505874,1.3499472816258866,0.50559922100495,0.4056318383540538,1.202549468799932,0.5473053853046024,0.24146295412881483,1.2428461542192673,1.0663655836455868,0.03744139817746862,0.18010770961247538,0.9599132180608659,-0.11822382397702984,0.5354367352479342,1.0521865023287713,0.14541379747209168,0.16482379502117242,0.6323214214763893,0.0561830759702238,1.1879266036662044,0.830997844208155,-0.0899668332213992,0.49395218151097275,0.6461858579654567,-0.5960736969448873,0.8272986552178465,0.4184332092274103,-0.22559714739192405,1.2220244374101525,0.9188573192681696,-0.21335479138505375,0.6011614107730374,1.0480699231293025,-0.04076897334430783,0.4161013554757005,1.1467566302675283,0.2771142805056856,0.17312313384370298,0.5034176568617883,-0.10668705380367524,1.2526045591625947,0.5443426179175344,0.3220014961448726,1.1610260834757065,0.5923503523828176,0.3455859678766585,1.2343110430319577,0.42026466303905896,-0.26103051924547616,0.8937149961657872,0.5352010733836533,-0.5492370062513857,0.9432886389904465,1.0897395610809326,-19.196537017822266,4.427033424377441,-0.6626206636428833,-0.4828854501247406,-2.433056116104126,862.8319091796875,-32.90972137451172,-1489.753662109375,-101.15784454345703,139.4334259033203,-20.305641174316406,-1.8002663850784302,24.735774993896484,-2.259856700897217,-3.7706425189971924,0.17508810758590698,2.758915424346924
0.33175373235285677,-0.35228474250692404,1.181451604855771,0.3183787626935946,-0.22190422184814682,1.0705928534071967,0.05158381613082443,-0.5106393529089871,0.08687649060361433,0.448334176808793,-0.446009993750528,0.7136805929885005,0.1950971780233825,-0.2516626944605088,1.3130589147277225,0.016501682310901707,-0.6040164698038669,0.9346813476638288,0.26123482877055537,-0.15513719342007543,1.343892045368422,-0.11688532369421017,-0.5716512136111985,0.6424373601446088,-0.0591556646719279,-0.580665621536457,0.7967332641020516,0.125768890641383,-0.5593284411935617,0.09555058156615061,0.25612880911258673,-0.26317255682503155,0.4271964568965482,0.14957978768853952,-0.47745997483367164,0.030021743392510132,0.09417184802475352,-0.6370208046294206,0.8966635923511934,0.3502551729710686,-0.23466582487750529,0.34306033044461387,0.5505438873309962,-0.611459518505248,0.7940015291536091,0.20475419171598572,-0.37607963531222566,1.1043719250634807,0.2917934190358547,-0.31173978341336284,0.4726779261566945,0.18070725159139822,-0.2993385233231728,0.35052040890352615,0.07290477878013193,-0.33701368811114735,0.06503860474817011,0.0937899899305097,-0.4813445032827112,1.0137258894396144,-0.050961064902559805,-0.6125726818248926,0.6675657622072081,-0.12370087971158375,-0.6495915055274963,0.7004546428358318,1.1654331005172223,0.1013501166606581,0.18401441915540506,0.7387573944022323,-0.4216040280086315,0.836254801181768,0.5196835757880811,-0.3752325779160127,1.1313503806954188,0.33788303547347615,-0.34975471559739274,1.3218949535824605,0.5757332041563576,0.06258424406020058,1.2606892183126992,0.3977168376082616,-0.24992364309481438,1.3494009932145379,0.5082866000813363,0.4061116597905064,1.2033000963413163,0.5491922205647095,0.24157778701640123,1.2432301668141852,1.0693420195421635,0.037438716640732936,0.17962808245854664,0.9618172523201696,-0.11871282805670175,0.5345246476053402,1.0553661600643436,0.14548135672184015,0.16442331296718674,0.6336397429965189,0.05616406514155154,1.1879983698295442,0.8329641921630758,-0.090232832344952,0.4927952301423282,0.6469839515275513,-0.5958320976093116,0.8267408230446822,0.4193379784261943,-0.22523667638665004,1.2214522495964506,0.9204327823310497,-0.21372208768958287,0.6002824736746731,1.0504052204801546,-0.04112918050774674,0.4154967661724975,1.1499598278904593,0.2770581123055212,0.17328320088370747,0.5043448418970928,-0.10651783650087206,1.2522032995097685,0.5468196849159846,0.32243788538389645,1.1616491300380782,0.5946387514373324,0.345561368181216,1.2351913420569818,0.4211202145412268,-0.26077766647402023,0.8931631832722796,0.5360904482026763,-0.548933772456567,0.9427195882165669,1.022537350654602,-19.31909942626953,4.6424880027771,-0.6540729403495789,-0.49392563104629517,-2.4564595222473145,863.2596435546875,-32.053489685058594,-1486.91943359375,-100.34504699707031,139.2213897705078,-20.123550415039062,-1.790177345275879,24.81691551208496,-1.8645292520523071,-3.8080718517303467,0.24076132476329803,2.7782580852508545
0.33270950719023373,-0.3519898012083098,1.1810013430797501,0.3192361047528437,-0.2216283968396929,1.0700466680210947,0.05169870230733163,-0.5105483087877564,0.08700725247479037,0.4492460858348189,-0.4454905662118205,0.713233306510559,0.19595730198633585,-0.2514405587058983,1.3125011058437903,0.017403154859060216,-0.6043188989359811,0.935411565153804,0.2620208330995199,-0.15482624997662395,1.3433406234577003,-0.11720745177902525,-0.5734375429074494,0.6436061365714925,-0.05884321374411617,-0.581686347130908,0.797663322446362,0.12591017267068488,-0.5592466006610567,0.09560046491786739,0.2568480874232898,-0.2627955171347454,0.4267781299865799,0.14961907649967843,-0.4774059731735299,0.029968426670780448,0.09501726905636433,-0.6372622798215475,0.8972436564647598,0.3508913908770542,-0.2345073257899837,0.3424136593247092,0.5513239708167827,-0.6111558000772994,0.7934973153057477,0.20572590423340822,-0.37583349881977435,1.1040832418084934,0.292593198994927,-0.31134648867790277,0.4721936368883051,0.1813523507621509,-0.2989804461993129,0.35019720227315726,0.07290465480937863,-0.3369631576320983,0.06503318226742034,0.09472118632633553,-0.48136890072696253,1.0138782643719224,-0.051128042349900225,-0.6140360127616401,0.6686640637402502,-0.12366741256702025,-0.6511280089616774,0.7019712117728807,1.168313823788371,0.10121982339892957,0.18387025604579624,0.7396070601924365,-0.4213342279787885,0.8357303553069665,0.520572713866139,-0.37493524646127463,1.1309049984082482,0.33883963347665513,-0.3493711699219729,1.3213642397463716,0.5768457871201811,0.06258389446267623,1.260558820915538,0.39856356777102736,-0.24947349041305633,1.3488812681460223,0.5108678893537709,0.4065724243687478,1.204023331798465,0.5510094532903456,0.2416838514341029,1.2436017617089858,1.0721961238131617,0.03743223792916497,0.1791719196746681,0.9636421216442094,-0.11918550622433617,0.533655503530376,1.0584170307149947,0.1455408130951275,0.16403709944115571,0.6349072596489987,0.056148912196374495,1.1880670793798584,0.8348540023265294,-0.09048487728350603,0.4916913945548583,0.647746441084028,-0.5956027616333488,0.8262148101795589,0.4202061009821512,-0.22489157652124667,1.2209046757379116,0.9219479032897001,-0.21407317782178617,0.5994456413368516,1.0526493093035867,-0.04147483080329482,0.41491974678063237,1.1530320810166415,0.2769945500208842,0.17344008339260586,0.5052376098388077,-0.10635390997377059,1.2518149239337997,0.5491955397736945,0.3228516402524828,1.1622497435437134,0.5968336486658512,0.3455372583491123,1.236038310243594,0.42194516552205114,-0.2605350110803219,0.8926358216053603,0.5369459654124367,-0.5486366988609959,0.942170447367706,0.98796546459198,-19.42457389831543,4.564882755279541,-0.6900938749313354,-0.5389186143875122,-2.486288070678711,864.0416259765625,-31.320035934448242,-1484.0638427734375,-99.5357666015625,138.99392700195312,-19.947921752929688,-1.79604172706604,24.904510498046875,-1.6634711027145386,-3.7929511070251465,0.2916386127471924,2.800684690475464
0.33366528202761087,-0.3516948599096955,1.1805510813037292,0.32009344681209284,-0.221352571831239,1.0695004826349928,0.05181358848383884,-0.5104572646665257,0.08713801434596642,0.45015799486084485,-0.4449711386731129,0.7127860200326175,0.19681742594928928,-0.25121842295128777,1.3119432969598581,0.018304627407218804,-0.6046213280680953,0.9361417826437792,0.2628068374284845,-0.15451530653317244,1.3427892015469785,-0.11752957986384037,-0.5752238722037005,0.6447749129983763,-0.05853076281630441,-0.5827070727253592,0.7985933807906725,0.12605145469998683,-0.5591647601285518,0.09565034826958416,0.25756736573399297,-0.2624184774444593,0.4263598030766115,0.14965836531081736,-0.47735197151338815,0.029915109949050757,0.09586269008797522,-0.6375037550136743,0.8978237205783263,0.3515276087830398,-0.23434882670246213,0.3417669882048045,0.5521040543025693,-0.6108520816493508,0.7929931014578864,0.20669761675083081,-0.37558736232732304,1.1037945585535063,0.29339297895399935,-0.31095319394244264,0.4717093476199157,0.18199744993290362,-0.29862236907545303,0.34987399564278837,0.07290453083862532,-0.33691262715304926,0.06502775978667057,0.09565238272216142,-0.4813932981712139,1.0140306393042304,-0.05129501979724065,-0.6154993436983879,0.6697623652732925,-0.12363394542245676,-0.6526645123958587,0.7034877807099298,1.17119454705952,0.10108953013720103,0.18372609293618739,0.7404567259826407,-0.42106442794894544,0.8352059094321649,0.521461851944197,-0.37463791500653654,1.1304596161210774,0.33979623147983423,-0.3489876242465531,1.3208335259102828,0.5779583700840046,0.0625835448651519,1.2604284235183767,0.3994102979337932,-0.24902333773129826,1.3483615430775069,0.5134491786262056,0.4070331889469892,1.2047465672556137,0.5528266860159816,0.2417899158518046,1.2439733566037867,1.0750502280841598,0.037425759217597,0.17871575689078958,0.9654669909682494,-0.11965818439197065,0.5327863594554119,1.0614679013656463,0.14560026946841487,0.16365088591512467,0.6361747763014787,0.05613375925119744,1.188135788930173,0.8367438124899832,-0.09073692222206008,0.49058755896738826,0.6485089306405049,-0.595373425657386,0.8256887973144355,0.4210742235381082,-0.22454647665584326,1.2203571018793726,0.9234630242483505,-0.2144242679539895,0.59860880899903,1.054893398127019,-0.04182048109884292,0.41434272738876726,1.1561043341428237,0.27693098773624725,0.17359696590150428,0.5061303777805227,-0.1061899834466691,1.2514265483578308,0.5515713946314047,0.3232653951210691,1.1628503570493482,0.59902854589437,0.34551314851700865,1.236885278430206,0.4227701165028755,-0.26029235568662357,0.8921084599384409,0.5378014826221971,-0.5483396252654247,0.9416213065188452,1.0146420001983643,-19.38116455078125,4.40114688873291,-0.7195256948471069,-0.5730404257774353,-2.5129361152648926,865.2908935546875,-30.65498161315918,-1480.6697998046875,-98.56425476074219,138.7050323486328,-19.769798278808594,-1.788653016090393,24.90233612060547,-1.778436541557312,-3.7717487812042236,0.26563605666160583,2.7979891300201416
0.33501750660061047,-0.351184727291003,1.1798937186500094,0.3213375228524997,-0.22098886710129037,1.0687351329437156,0.05194571312664952,-0.5102940025116434,0.08730856250256103,0.4513527984848086,-0.44449079989005397,0.7122478966681373,0.19808187789672257,-0.25092198334584964,1.3111607977096609,0.01961264637798465,-0.6050299442564415,0.9372471221630146,0.26394616654574476,-0.15410390977334504,1.3419589844365782,-0.11800236534944038,-0.577699514414301,0.6466521629631914,-0.058042954258768764,-0.5841526187808308,0.8000580584568693,0.12629960551364533,-0.5590138257734033,0.09572421851882476,0.2586930262430614,-0.26189469916141583,0.4257019322538218,0.14972188933104869,-0.47728145487655865,0.029850236581182046,0.09712780281802676,-0.6378897926862667,0.8987198717744145,0.3525475086952677,-0.2340166720481503,0.3409208642035131,0.5532384197048793,-0.6104944028601741,0.7922149864056253,0.2081369405846722,-0.3752008349887583,1.1033797149626625,0.29458112723582625,-0.31039382842992314,0.4710437276998893,0.1829379947226963,-0.29811292121939315,0.34943465143442154,0.0729111045080897,-0.33683300358767543,0.06501139805263637,0.09697599717668744,-0.4813919615074499,1.0142851199535345,-0.05150710304101176,-0.6175797875748564,0.6714336976705008,-0.12352829636228795,-0.6548424542739691,0.7057966531704593,1.1753559078996545,0.10088712042382617,0.18353117494196292,0.7417618222781365,-0.4207393763377177,0.8344461183674288,0.5228227278254679,-0.37422512318716933,1.1297418676464763,0.3412237456006719,-0.348424102346234,1.320097083682256,0.5796359837647306,0.06253652172224806,1.2602462689608138,0.4006817853509985,-0.24836500514520715,1.347616333045707,0.5172115099548504,0.4076500828100356,1.2058357146402068,0.5554869861792254,0.2418492299732783,1.2445121780531296,1.0791990198441688,0.03734366060388799,0.17806963575695525,0.9682153626190906,-0.12031688855726592,0.5315818593202047,1.065767156169904,0.1455690921191743,0.16315876976247656,0.6380301502761462,0.0560170491318533,1.1881929768237056,0.8395795001099441,-0.09116164754015325,0.48899546157050605,0.649738607126356,-0.5949827864864804,0.8248589413844987,0.4223227594171139,-0.2238685760819754,1.2196516199222465,0.9256833500617387,-0.21491624104068768,0.5974448374565074,1.0581366927023754,-0.04235156708773201,0.4135177576087958,1.1605509150501907,0.2768323728876398,0.17386141698190707,0.5074797500640351,-0.10600130477093703,1.2508319026192292,0.5550627192321992,0.3238038294856122,1.1637435628483628,0.6022104770931976,0.3454059310602826,1.238140813956987,0.4240175402717085,-0.25994727854302385,0.8913378432294391,0.5390867684653263,-0.5479393262934211,0.9408952775380469,1.0830717086791992,-19.36297035217285,4.341707706451416,-0.6417163610458374,-0.577850341796875,-2.5330748558044434,866.2382202148438,-30.193164825439453,-1477.505859375,-97.7131576538086,138.4622802734375,-19.67229461669922,-1.735822081565857,24.852079391479492,-2.2543511390686035,-3.7387359142303467,0.20483733713626862,2.7727527618408203
0.33640872622957285,-0.3506534283129585,1.1792159854181554,0.3226196383008893,-0.22061651846430952,1.067948226107667,0.05207953335630972,-0.5101236369436151,0.08748302406427876,0.45257542780693,-0.4440143059026327,0.7117008385279321,0.19938609980984232,-0.25061823516492027,1.3103561977676998,0.020960653521465866,-0.6054490050732695,0.9383893589310298,0.2651202489208701,-0.15368263235944787,1.3411013448475213,-0.1184899695957733,-0.5802429578951651,0.6485990988497702,-0.0575378974097849,-0.5856399504554192,0.8015753216301368,0.12655826801101103,-0.5588560953045523,0.09580044813503492,0.25985865877164116,-0.26135648757416685,0.4250204997346891,0.14978779714233828,-0.4772093138157927,0.029784226494020977,0.0984341966987445,-0.6382900496192325,0.8996471135032098,0.3536051478212242,-0.2336674365184165,0.3400551218860197,0.5544076325088146,-0.6101314164944832,0.7914099302512921,0.20962225897422682,-0.3748004987145102,1.1029524621584559,0.295807475680547,-0.30981812808687326,0.47036027197806257,0.18390759973731258,-0.2975885844388545,0.34898388385772705,0.07291833696183779,-0.33675051840725323,0.06499396032647581,0.09833821012879042,-0.4813880936199466,1.0145496437881167,-0.05172362292049735,-0.6197209310847401,0.6731613937592663,-0.12341554744156781,-0.6570834884580397,0.7081834571251016,1.1796432330908362,0.10067761728897791,0.18333126466400576,0.7431117150167755,-0.4204088901447145,0.8336631785954861,0.524230004146399,-0.37380097461062556,1.1289973290550788,0.34269757933963996,-0.3478428778664166,1.3193404058746945,0.5813691742372827,0.062484907738815085,1.2600590235350149,0.40199505217027975,-0.2476861958472145,1.3468489441650593,0.5210900093545975,0.40828233365191524,1.2069608533619254,0.5582302110084634,0.24190394570495907,1.245067448016034,1.083475157914572,0.03725412396701756,0.17740483019525646,0.971054570564371,-0.12099389036167532,0.5303443733430068,1.0701892028581226,0.14552899997755392,0.16265623695803008,0.6399433462825042,0.05589034978226321,1.1882490314395222,0.8425082248567743,-0.09160335781361091,0.4873553384218785,0.6510142364249324,-0.5945762814275477,0.8239991992514655,0.4236087130000259,-0.22315794101219308,1.218930606020997,0.9279730402870682,-0.2154220714671722,0.5962486882872929,1.061478269810708,-0.04290089265301525,0.41266839926605986,1.1651326757393135,0.276730310245855,0.1741364485775398,0.5088740342500193,-0.10581019145763473,1.250216968012172,0.5586637621683789,0.32435452740713455,1.1646655482172177,0.6054894936005799,0.3452905390831019,1.2394365364352598,0.4253065187410013,-0.25959212712894214,0.8905432997949866,0.5404143266330491,-0.5475288740057029,0.9401518497245991,1.0984817743301392,-19.434825897216797,4.383762836456299,-0.5067275762557983,-0.5805755853652954,-2.5233142375946045,866.9579467773438,-29.623456954956055,-1473.905517578125,-96.71049499511719,138.15574645996094,-19.550128936767578,-1.6865174770355225,24.889070510864258,-2.5275447368621826,-3.723696708679199,0.2209409773349762,2.7701172828674316
0.33779994585853534,-0.350122129334914,1.1785382521863015,0.323901753749279,-0.2202441698273286,1.0671613192716183,0.05221335358596992,-0.5099532713755867,0.0876574856259965,0.45379805712905147,-0.44353781191521136,0.7111537803877268,0.2006903217229622,-0.25031448698399084,1.3095515978257388,0.022308660664947196,-0.6058680658900975,0.939531595699045,0.2662943312959955,-0.1532613549455507,1.3402437052584641,-0.11897757384210626,-0.5827864013760294,0.6505460347363491,-0.05703284056080099,-0.5871272821300076,0.8030925848034044,0.12681693050837675,-0.5586983648357012,0.09587667775124509,0.261024291300221,-0.26081827598691776,0.42433906721555636,0.14985370495362788,-0.47713717275502665,0.029718216406859902,0.09974059057946234,-0.6386903065521985,0.900574355232005,0.3546627869471809,-0.2333182009886827,0.3391893795685263,0.5555768453127501,-0.6097684301287922,0.7906048740969589,0.21110757736378155,-0.3744001624402621,1.102525209354249,0.2970338241252678,-0.3092424277438233,0.4696768162562358,0.1848772047519289,-0.2970642476583159,0.34853311628103256,0.07292556941558588,-0.3366680332268311,0.06497652260031526,0.09970042308089351,-0.4813842257324433,1.014814167622699,-0.051940142799982957,-0.621862074594624,0.674889089848032,-0.12330279852084766,-0.6593245226421103,0.710570261079744,1.1839305582820183,0.10046811415412964,0.1831313543860486,0.7444616077554147,-0.4200784039517112,0.8328802388235433,0.5256372804673302,-0.3733768260340817,1.1282527904636812,0.3441714130786081,-0.3472616533865992,1.3185837280671329,0.5831023647098351,0.062433293755382105,1.2598717781092157,0.40330831898956104,-0.24700738654922177,1.3460815552844116,0.5249685087543449,0.408914584493795,1.2080859920836442,0.5609734358377014,0.24195866143663988,1.2456227179789385,1.0877512959849756,0.03716458733014713,0.1767400246335576,0.9738937785096515,-0.12167089216608479,0.5291068873658086,1.0746112495463416,0.14548890783593355,0.16215370415358354,0.6418565422888622,0.05576365043267312,1.1883050860553388,0.8454369496036049,-0.09204506808706861,0.48571521527325084,0.6522898657235089,-0.5941697763686149,0.8231394571184323,0.42489466658293806,-0.2224473059424107,1.2182095921197476,0.9302627305123979,-0.21592790189365677,0.5950525391180784,1.0648198469190406,-0.04345021821829853,0.4118190409233239,1.1697144364284362,0.2766282476040701,0.17441148017317254,0.5102683184360036,-0.10561907814433244,1.2496020334051146,0.5622648051045588,0.324905225328657,1.1655875335860726,0.6087685101079624,0.3451751471059212,1.2407322589135328,0.42659549721029416,-0.2592369757148604,0.8897487563605341,0.541741884800772,-0.5471184217179847,0.9394084219111513,1.0375982522964478,-19.456584930419922,4.483382701873779,-0.47996291518211365,-0.6119323968887329,-2.499875783920288,867.6183471679688,-29.026655197143555,-1471.32421875,-95.86458587646484,137.89044189453125,-19.391071319580078,-1.6735986471176147,24.956378936767578,-2.3902580738067627,-3.768599510192871,0.27085480093955994,2.782231569290161
0.3393011097086975,-0.34960488432290543,1.1779021151018458,0.3252024222288699,-0.21982904864068065,1.0664023587245814,0.052353887615219634,-0.509782241274979,0.08783372301632994,0.45512324897264006,-0.44293395217680775,0.7104681941452405,0.2020329473330484,-0.2499108882929316,1.3087005165239045,0.02370311549266433,-0.6062146028540781,0.9407262048184476,0.2674776812065515,-0.15278975265902403,1.3394048881057083,-0.11945951384621736,-0.5852537828170699,0.65258045543898,-0.05646275942343359,-0.5885658694418849,0.8046787977218627,0.12702449583849368,-0.5585346715339762,0.09596803895389007,0.2621100092960508,-0.26031626346490244,0.42367027877577096,0.1499275467451045,-0.47705746141095823,0.029650772298803398,0.10105290688228914,-0.6389989657512564,0.9014943230231076,0.3556759023903221,-0.23300115038819663,0.3382973792339793,0.5567637131308877,-0.6093044348110427,0.7898031585658624,0.21258085783546324,-0.3740362766760075,1.1021870757570331,0.29825415585609455,-0.30868296354811714,0.46901273076107963,0.1858273991291096,-0.29656934787500777,0.3480704499791,0.07295025258466897,-0.3365963062900581,0.06494468292653166,0.10111110201043788,-0.4813909095446795,1.0151399721372996,-0.05209382730752031,-0.6239285749315424,0.6767036960219704,-0.123099834812398,-0.6615044377892221,0.7129455344961177,1.1882076101587304,0.10017001266215024,0.18299815779095455,0.745864052448841,-0.4196612501381249,0.832063012762575,0.5270444310658814,-0.37295201292495855,1.1275631745919488,0.3456599293955113,-0.3466505339208818,1.3178238892397345,0.5848709011314719,0.06237748940012708,1.2597002659412408,0.4046415128060523,-0.24633931304445333,1.345366035865632,0.5288676086640514,0.40942862037791317,1.209209155167965,0.5637214560777144,0.24207885607781,1.2462017674319792,1.0920258535454601,0.03702524442546416,0.17614001548842884,0.9767196598826653,-0.12227072512471909,0.5279072258646126,1.079024316064569,0.1453848768839773,0.16175140351649153,0.6438169919497129,0.05557680639456836,1.188320586223476,0.8483261616024748,-0.09239974479801605,0.48418899660078907,0.6535252638605256,-0.5937012901764043,0.8222997228041391,0.42620738107242323,-0.2219443148532451,1.2174341583883526,0.9325706145621292,-0.2164454783824895,0.5938970341982431,1.0681778756987967,-0.04408353306846504,0.4110367015892307,1.1742081196102871,0.27630387187398825,0.17443331587590918,0.5116995290809908,-0.10540740922192077,1.2490472659369969,0.5659143768793697,0.32540193446819354,1.1665506481334862,0.6121014794766506,0.34501005886801034,1.2420308550462027,0.42790510313005625,-0.25887491855005557,0.8889957731527999,0.5430571042149271,-0.5466892547560054,0.9386090117179795,0.9997428059577942,-19.33181381225586,4.566488265991211,-0.6145402193069458,-0.6294252872467041,-2.4865612983703613,868.5363159179688,-28.38010025024414,-1468.932373046875,-95.09358215332031,137.65786743164062,-19.243770599365234,-1.6352133750915527,24.924076080322266,-2.183471918106079,-3.813786506652832,0.2826763391494751,2.765258312225342
0.3408137512522817,-0.34908910648317526,1.1772703204723383,0.32650502756336663,-0.21940946218785862,1.0656463156472769,0.0524951225356353,-0.5096111418000909,0.08801014579536504,0.45645914789264563,-0.44231679601385104,0.7097681461777908,0.20337958212029061,-0.2494968656475181,1.3078445827724128,0.025102419254450167,-0.6065535686466078,0.941926281381127,0.2686619986070702,-0.152312896677003,1.3385680359325662,-0.11994086252833833,-0.5877132237154916,0.6546240091718585,-0.05588589003617994,-0.5899993680565562,0.8062722086906433,0.1272267268489528,-0.5583703557387093,0.09606097982764639,0.2631873845659344,-0.2598180299661807,0.42300281032229103,0.15000221680923803,-0.476976959762589,0.029583178485268792,0.1023658414599516,-0.6392980625495216,0.9024135314470885,0.35668436975668594,-0.23268745975285177,0.33740263767787165,0.5579524240549036,-0.6088298946026934,0.7890017917811476,0.21405288160143304,-0.3736761961847741,1.101858245813294,0.29947385946843796,-0.30812519433482594,0.468350667432444,0.1867755671210636,-0.29607752118481706,0.3476065415025547,0.0729767575317266,-0.33652570246663316,0.06491133975272147,0.10252684057499,-0.48139869490798737,1.0154721740855286,-0.052240952078425724,-0.6259872828493055,0.6785273752267786,-0.12288745307665788,-0.6636779723775307,0.7153196041749802,1.1924835895465697,0.09986266189112965,0.18287192581110442,0.7472719833353497,-0.41923504860590627,0.8312422073637413,0.5284515685395689,-0.37252713044155517,1.1268792924107305,0.3471499785090124,-0.34603629355004295,1.3170637204157596,0.5866431275148265,0.062321247588473044,1.2595303962562259,0.4059767869134612,-0.24567236030930717,1.3446559313906739,0.5327688591764461,0.40993031514006734,1.2103321120044253,0.5664699769375339,0.24220588642931143,1.2467832993592647,1.0963002461076572,0.03688070196535019,0.1755467708043705,0.979544150020113,-0.12286250199505823,0.5267115130724497,1.0834364450925231,0.1452741710012717,0.16135956667709037,0.6457823746843843,0.0553836835153549,1.1883318526855369,0.8512112486441403,-0.09274533558760256,0.4826746690549598,0.6547564620411159,-0.5932263334263239,0.8214620772181758,0.4275228892829244,-0.22146300088293508,1.2166530434658986,0.9348803979671554,-0.2169642811086004,0.592745772359387,1.0715376219607347,-0.04472561603078974,0.41026135874505076,1.1786926078875333,0.2759562876346885,0.17442871904037646,0.5131345946859839,-0.10519359438427238,1.2484987796537135,0.5695690148516205,0.3258930074162041,1.1675180563863539,0.615440081286904,0.34483978255892433,1.2433297511757604,0.42921686246497737,-0.2585121404552302,0.8882471286500527,0.5443710355174463,-0.5462581340642955,0.937803757210441,1.1191551685333252,-19.244857788085938,4.571156978607178,-0.7025977373123169,-0.5739609003067017,-2.486208200454712,869.538330078125,-27.682422637939453,-1465.648193359375,-94.23870086669922,137.36007690429688,-19.13273048400879,-1.6108784675598145,24.792659759521484,-2.192701816558838,-3.798597574234009,0.2939162254333496,2.744046211242676
0.3423263927958658,-0.3485733286434452,1.176638525842831,0.32780763289786324,-0.21898987573503662,1.0648902725699723,0.05263635745605095,-0.509440042325203,0.08818656857440012,0.45779504681265104,-0.4416996398508944,0.7090680982103411,0.20472621690753268,-0.24908284300210465,1.3069886490209215,0.026501723016235885,-0.6068925344391374,0.9431263579438063,0.2698463160075888,-0.15183604069498205,1.3377311837594241,-0.12042221121045923,-0.590172664613913,0.6566675629047367,-0.055309020648926344,-0.5914328666712273,0.8078656196594237,0.1274289578594119,-0.5582060399434424,0.09615392070140269,0.2642647598358179,-0.259319796467459,0.42233534186881116,0.15007688687337153,-0.4768964581142198,0.02951558467173419,0.10367877603761397,-0.6395971593477868,0.9033327398710692,0.3576928371230497,-0.23237376911750696,0.33650789612176407,0.5591411349789195,-0.6083553543943443,0.788200424996433,0.2155249053674027,-0.3733161156935408,1.101529415869555,0.30069356308078127,-0.3075674251215348,0.4676886041038084,0.18772373511301751,-0.2955856944946264,0.3471426330260094,0.07300326247878422,-0.33645509864320816,0.06487799657891129,0.103942579139542,-0.4814064802712952,1.0158043760337576,-0.05238807684933112,-0.6280459907670682,0.6803510544315867,-0.12267507134091776,-0.6658515069658392,0.7176936738538424,1.1967595689344086,0.09955531112010908,0.18274569383125433,0.7486799142218582,-0.41880884707368765,0.8304214019649077,0.5298587060132562,-0.3721022479581517,1.1261954102295124,0.3486400276225133,-0.3454220531792041,1.316303551591785,0.5884153538981809,0.06226500577681902,1.2593605265712107,0.40731206102087,-0.24500540757416106,1.3439458269157158,0.5366701096888407,0.41043200990222145,1.2114550688408856,0.5692184977973531,0.24233291678081284,1.2473648312865504,1.1005746386698536,0.03673615950523624,0.1749535261203122,0.9823686401575604,-0.12345427886539732,0.5255158002802869,1.0878485741204769,0.1451634651185661,0.1609677298376892,0.6477477574190555,0.05519056063614146,1.1883431191475975,0.8540963356858056,-0.09309092637718905,0.48116034150913073,0.6559876602217061,-0.5927513766762437,0.8206244316322125,0.42883839749342545,-0.22098168691262507,1.2158719285434445,0.9371901813721812,-0.21748308383471124,0.5915945105205309,1.0748973682226721,-0.045367698993114394,0.40948601590087086,1.1831770961647787,0.2756087033953888,0.17442412220484374,0.514569660290977,-0.104979779546624,1.24795029337043,0.573223652823871,0.3263840803642146,1.1684854646392215,0.618778683097157,0.34466950624983833,1.2446286473053179,0.43052862179989837,-0.25814936236040487,0.8874984841473056,0.5456849668199651,-0.5458270133725855,0.9369985027029025,1.3382512331008911,-19.362926483154297,4.453848838806152,-0.6724352240562439,-0.4825030267238617,-2.4863085746765137,870.5354614257812,-26.978076934814453,-1462.3953857421875,-93.35844421386719,137.0554962158203,-18.998558044433594,-1.6959302425384521,24.639244079589844,-2.2575831413269043,-3.734442949295044,0.32687902450561523,2.7609691619873047
0.34381768965957965,-0.348067589054834,1.1759896911927408,0.32916525213528935,-0.21860678957787572,1.0641463754192884,0.05277339711982682,-0.5093311192776194,0.0883718083137708,0.45923958032928547,-0.44100555353212045,0.7083643886032484,0.20611919822874442,-0.24877171243066032,1.3061729039972192,0.02792177253421266,-0.6072702243035992,0.9443713922966395,0.2710296420861553,-0.15135620628169044,1.3368967607716062,-0.12074787992465968,-0.5925365635101367,0.6587620938061088,-0.0546902009279819,-0.5927944721172976,0.8095484460821214,0.12762334313712373,-0.5580654087050861,0.09624933764733226,0.26546910469303064,-0.2587874561350867,0.4216012940896268,0.150118517337848,-0.47675457488227363,0.029495658596595194,0.10498759573609223,-0.6399505198593961,0.9043262349256616,0.3587960337862273,-0.23212045534754433,0.3355415382527358,0.56039436220728,-0.607869579203871,0.7873781243499541,0.217043476610981,-0.3729237770501352,1.1011663987147098,0.30196100197091,-0.3070016360243425,0.46698668248803415,0.18873019462192292,-0.29510583511448857,0.34663657103942724,0.07305137333244283,-0.3363803687770635,0.06482605718767012,0.10545417451799304,-0.4814341992435866,1.0161983078678711,-0.05248299534648459,-0.6300329484094846,0.6823070706515911,-0.12237862148476358,-0.6679175143802402,0.7201670722061434,1.2009966813570614,0.09915773665520136,0.18257086028326427,0.7500890418393722,-0.41839545234939124,0.8296478227866407,0.5313218933659672,-0.371671721191201,1.1254723395732855,0.35015069801878446,-0.34483966907325964,1.3156057913966526,0.5902393255012713,0.06218462058694552,1.2592005879673738,0.40865913275259214,-0.2443281888517718,1.3432372228199283,0.5406399132400157,0.4109183079162181,1.2126227512659615,0.5719561409081843,0.24237638583641177,1.2479526147937143,1.1047867297731486,0.036509685625402355,0.1743602769708397,0.9851657305134841,-0.1240856237709522,0.5243866400213432,1.092228516442886,0.1449439326264211,0.16058308678056232,0.6497701724238742,0.05504603820871439,1.1883714613535545,0.8570364366304004,-0.09343027898313981,0.4796776380266575,0.6573267428093398,-0.592291905982605,0.8198121317372418,0.4302607362732192,-0.2204733437901696,1.2150794178839552,0.9395099851666696,-0.2179423224008241,0.5905228045010409,1.0782533278133695,-0.045966076713968164,0.4087411271815269,1.1876879839707681,0.27515248455946023,0.17444926502787514,0.5160326258038842,-0.1047452719795783,1.2474403168191974,0.5768698065091441,0.32680993147243725,1.1694530515086572,0.6220978514248171,0.34447074059816385,1.2459219705979554,0.4318345582347042,-0.2577948095585337,0.8867210645154612,0.5470877955883543,-0.5453906770770913,0.9362347051007859,1.3517752885818481,-19.51933479309082,4.130398273468018,-0.6122373342514038,-0.47700539231300354,-2.475330114364624,871.4345092773438,-26.100387573242188,-1458.74560546875,-92.37352752685547,136.72308349609375,-18.817293167114258,-1.7526795864105225,24.63091278076172,-2.2373554706573486,-3.7078423500061035,0.36886483430862427,2.7697865962982178
0.345306627995131,-0.34756295866524145,1.175338973667448,0.3305289502570171,-0.21822773660255584,1.0634038203599436,0.052909973219333106,-0.5092290665534948,0.0885580223029023,0.46069611766875185,-0.44030296664364293,0.70766027439509,0.20751730071393068,-0.24847195114915735,1.3053615997169192,0.029344114400939814,-0.6076521930710369,0.9456213943610917,0.2722128586263846,-0.15087604275997113,1.3360626062020562,-0.12105634643246006,-0.5948899052790458,0.6608622575437786,-0.05406674581104952,-0.5941481335668374,0.8112411526654729,0.12781686148304022,-0.5579273945448414,0.09634502819239699,0.2666874793388985,-0.25825134709181374,0.42085988947887293,0.15015649701783199,-0.4766059091549046,0.029480999674870084,0.1062959607517877,-0.6403098763614301,0.9053279384477249,0.3599096977750197,-0.2318738130544195,0.33456726697896494,0.5616547183090488,-0.6073825625789087,0.7865535105695788,0.21856719122225085,-0.3725278739700254,1.1007996039674772,0.30323371547736866,-0.3064349607521335,0.4662803566416368,0.18974309518242513,-0.2946272980890527,0.34612585120643213,0.07310187157909602,-0.3363051829945962,0.06477206296577359,0.10697636180958209,-0.48146412082460543,1.0165990606838504,-0.052572145194604694,-0.6320119778446803,0.6842777097462028,-0.12207288233353603,-0.6699716403389608,0.7226514461024707,1.2052294990874284,0.09875019272135584,0.1823906563962532,0.7514983016923563,-0.41798347274199227,0.8288794619752872,0.5327912740754766,-0.37124057074651023,1.1247449386988255,0.3516636470098369,-0.34426080499658523,1.3149149271826082,0.5920690148082001,0.06210156762047319,1.259041746720573,0.4100075080892108,-0.24364983576615126,1.3425287845118945,0.544617291712603,0.41140290463207574,1.213795375745028,0.5746925820578013,0.2424106215996458,1.2485410890831852,1.1089919367373384,0.0362741585500193,0.1737670273279512,0.9879597932692394,-0.12472134083509444,0.5232648336334734,1.096604902223246,0.14471237509455903,0.16019923861650442,0.6517988893369965,0.054906885996954334,1.1884016903820416,0.859982616459297,-0.09376894228703138,0.4781984289158259,0.6586777463259287,-0.5918341464554238,0.8190026324711098,0.43169487953580765,-0.21996201402106821,1.2142856480270032,0.9418308961865128,-0.21839497929179905,0.5894598891798234,1.0816088689873549,-0.0465596251263721,0.40799960355884984,1.1922017888517569,0.2746842619006997,0.17447769400102414,0.5174986741795445,-0.10450847792309641,1.2469345954869757,0.5805150227041433,0.3272285757475341,1.17042065811473,0.6254148724063342,0.34426882695283323,1.247214678107508,0.43313985125513266,-0.2574411656288122,0.885940465311341,0.548500447281149,-0.5449537644717867,0.9354754883721964,1.1677753925323486,-19.50478744506836,3.8241593837738037,-0.5856658816337585,-0.5513818264007568,-2.461813449859619,872.3245239257812,-25.3293399810791,-1455.5107421875,-91.52208709716797,136.450927734375,-18.71396255493164,-1.7031663656234741,24.706069946289062,-2.3099236488342285,-3.7568955421447754,0.391037255525589,2.741675615310669
0.34679556633068226,-0.347058328275649,1.1746882561421552,0.3318926483787447,-0.217848683627236,1.0626612653005991,0.05304654931883938,-0.5091270138293702,0.08874423629203379,0.46215265500821806,-0.43960037975516547,0.7069561601869319,0.20891540319911683,-0.2481721898676544,1.3045502954366193,0.030766456267666848,-0.6080341618384746,0.946871396425544,0.2733960751666138,-0.15039587923825185,1.3352284516325061,-0.12136481294026041,-0.5972432470479547,0.6629624212814481,-0.05344329069411719,-0.5955017950163771,0.8129338592488243,0.12801037982895674,-0.5577893803845968,0.0964407187374617,0.26790585398476635,-0.25771523804854085,0.42011848486811915,0.15019447669781597,-0.4764572434275356,0.029466340753144974,0.10760432576748306,-0.6406692328634641,0.906329641969788,0.361023361763812,-0.23162717076129472,0.3335929957051941,0.5629150744108175,-0.6068955459539465,0.7857288967892034,0.22009090583352053,-0.37213197088991573,1.1004328092202447,0.30450642898382724,-0.30586828547992456,0.4655740307952395,0.19075599574292726,-0.2941487610636168,0.3456151313734371,0.0731523698257492,-0.33622999721212893,0.06471806874387706,0.10849854910117102,-0.48149404240562427,1.0169998134998297,-0.05266129504272479,-0.6339910072798759,0.6862483488408144,-0.12176714318230848,-0.6720257662976813,0.7251358199987978,1.209462316817795,0.09834264878751034,0.1822104525092422,0.7529075615453403,-0.41757149313459335,0.8281111011639336,0.5342606547849856,-0.3708094203018195,1.1240175378243655,0.3531765960008892,-0.3436819409199109,1.3142240629685635,0.5938987041151286,0.06201851465400087,1.2588829054737722,0.41135588342582935,-0.2429714826805308,1.341820346203861,0.5485946701851899,0.41188750134793334,1.2149680002240943,0.577429023207418,0.24244485736287982,1.2491295633726562,1.1131971437015278,0.03603863147463626,0.1731737776850628,0.9907538560249946,-0.12535705789923665,0.5221430272456037,1.1009812880036054,0.14448081756269696,0.15981539045244655,0.6538276062501186,0.054767733785194284,1.1884319194105286,0.8629287962881933,-0.09410760559092292,0.47671921980499443,0.6600287498425174,-0.5913763869282426,0.8181931332049781,0.433129022798396,-0.2194506842519669,1.2134918781700514,0.9441518072063558,-0.21884763618277395,0.588396973858606,1.0849644101613403,-0.04715317353877599,0.40725807993617286,1.1967155937327452,0.2742160392419392,0.17450612297417312,0.5189647225552046,-0.10427168386661455,1.246428874154754,0.5841602388991423,0.32764722002263097,1.171388264720803,0.6287318933878512,0.3440669133075026,1.2485073856170603,0.43444514427556097,-0.2570875216990907,0.8851598661072207,0.5499130989739436,-0.5445168518664821,0.934716271643607,1.0029776096343994,-19.28469467163086,3.8205418586730957,-0.58307945728302,-0.6115712523460388,-2.4577250480651855,873.350341796875,-24.7307071685791,-1452.4176025390625,-90.71138000488281,136.20010375976562,-18.649953842163086,-1.6923868656158447,24.733585357666016,-2.2819509506225586,-3.8219473361968994,0.33195212483406067,2.73235821723938
0.3478774128370727,-0.34671121993601717,1.1742367681288561,0.33284458300925246,-0.21756658096187162,1.0621458276218136,0.05317469799755425,-0.5090657804185981,0.08885422270029586,0.4631049281713978,-0.4390842685636306,0.706608246888546,0.2099254513221071,-0.2479311130102107,1.3039879214684695,0.031783589735528466,-0.608286816158042,0.94778216122002,0.27425885654443144,-0.15004648228749534,1.33465658513126,-0.12157071603844496,-0.598849282754178,0.6645253794082743,-0.05300066486889164,-0.5963886810454312,0.8141645686515909,0.12814101724829893,-0.5576844586441848,0.09649772152600698,0.2687460105150741,-0.2573638284048497,0.41959616877385325,0.15023199898122952,-0.476415830534815,0.02943270875523422,0.10859327255100601,-0.6408418116980041,0.907043887289944,0.36182771909315853,-0.2313362942231412,0.33296348598619174,0.5638168316013765,-0.6065533330898412,0.7851776374096903,0.22117879256507417,-0.3718516514790769,1.100179235666793,0.3054141045011432,-0.3054776323946896,0.4650631331844835,0.19150304675891697,-0.2938155873327066,0.3452549616232613,0.07319667323535642,-0.3361781963844173,0.06467228101578769,0.10955479139129055,-0.48151509138132564,1.0172978608024041,-0.05267820620773644,-0.6353342821266477,0.6876983907049065,-0.12154475012362398,-0.6734353627590154,0.7269482383664869,1.2124220622296364,0.0980344731484028,0.1821016024872167,0.7538989652071567,-0.4172774774349288,0.8275638716110331,0.5353071523817959,-0.3704993245222711,1.1235555513015647,0.35427186643050995,-0.34328655947912606,1.3137536727829484,0.5952288097893165,0.061968376477625195,1.2587714913665065,0.4123195216355734,-0.24247123004979645,1.3412914560330624,0.5513363496357241,0.4121792987482437,1.21578344682984,0.5793876415056898,0.24244965099735766,1.2495593432559082,1.116125157337315,0.035828477696867186,0.17277894489812537,0.992722437871213,-0.1258334632938271,0.5214130187666179,1.1041321351828164,0.14429590559953095,0.15952389642892295,0.6552690437297947,0.0546942124303603,1.188463143165538,0.8649726703466958,-0.09431572880176518,0.47571370479286906,0.6609491966418083,-0.5910694172840245,0.8175839647552036,0.4341382402063205,-0.21909027314738722,1.2129474649366163,0.9457878490157474,-0.21918319955172128,0.5876703649167193,1.0872733924562568,-0.04760234339150371,0.4067690569833415,1.1998988808385582,0.27381822012907625,0.17454270071146505,0.5200007648657489,-0.1041304035395976,1.2460658605525037,0.586706637546716,0.3278945937061941,1.1720939385180442,0.6310795178476548,0.34386899633123386,1.2493988986046898,0.4353892183461726,-0.25684154803389747,0.8846406312967768,0.5508989064109246,-0.5442165010022801,0.934221279147445,1.0537434816360474,-19.194448471069336,4.053464412689209,-0.5649184584617615,-0.5634279847145081,-2.458411693572998,874.5174560546875,-24.15419578552246,-1449.1143798828125,-89.78235626220703,135.933349609375,-18.502559661865234,-1.7543450593948364,24.730134963989258,-2.1230549812316895,-3.8475341796875,0.257867693901062,2.7493631839752197
0.3489117652967275,-0.3463824891688808,1.173808523558623,0.33374847856578443,-0.21729578916600212,1.06165688697076,0.053301863477176775,-0.5090093092610505,0.08895531589078981,0.46399837051401066,-0.43858991287007243,0.706301890362967,0.2108902264361744,-0.2476968826689073,1.3034545893700706,0.032753448890188996,-0.6085243837920246,0.9486533483329987,0.27508425381996765,-0.14971234143668455,1.3341153189046493,-0.12176465340550766,-0.6003681327530879,0.6660256635471684,-0.05257913579436528,-0.5972211099420951,0.815341378383289,0.12826431855954082,-0.5575833976860868,0.09655021074295833,0.26954204159856626,-0.2570339670244432,0.419099413006511,0.15026946790170986,-0.47638693047280345,0.029396863231768478,0.10954495387410873,-0.6409925998046698,0.9077245958198774,0.36259599064556963,-0.23104025702306769,0.3323741984485791,0.5646767522522944,-0.6062280139978359,0.7846582693769443,0.22221583271066075,-0.371584816829653,1.0999388712526157,0.30627919225305905,-0.30510751523126833,0.4645750355345524,0.1922190819947135,-0.2934993726528244,0.3449123560494145,0.07324025391397491,-0.3361291238014272,0.06462745071197583,0.11055667343123851,-0.48153510521973997,1.0175839257950814,-0.05268668952638542,-0.6366033856047699,0.6890876962254378,-0.1213320807757362,-0.6747697641123208,0.7286822619225014,1.2152332825376495,0.09773789047701471,0.18200107708277294,0.7548416189800035,-0.41699722419116675,0.827042440704952,0.5363043136154578,-0.37020335178698927,1.1231245297864574,0.3553184076946302,-0.3429125843458618,1.3133090045673168,0.5965006307063512,0.06192207836009414,1.2586656104255196,0.413238273847182,-0.24199175580546559,1.3407835131449415,0.5539338642003518,0.4124486028950735,1.216557222683698,0.5812555138046377,0.24245100971681394,1.2499706087917681,1.1189041650847882,0.03562128413715309,0.17240726074438223,0.9945947136113185,-0.12629128232696984,0.5207287200436688,1.1071400028585596,0.14411643561937953,0.1592431770551284,0.6566419652755686,0.05462834800883437,1.1884944829719746,0.8669112753986521,-0.094508622335085,0.4747634540922595,0.6618194118240811,-0.5907800397928188,0.8169981682340042,0.4350978829312008,-0.21874746922033514,1.2124321433092584,0.9473439894172528,-0.21950510200976533,0.5869829917190881,1.0894602762152816,-0.04803466907893582,0.4063094924419921,1.2029269408706007,0.27342861476323466,0.17458022913790697,0.5209866398020295,-0.10400026648101823,1.2457194961854166,0.5891248408137566,0.328121985820745,1.172769053487588,0.6333140460465916,0.3436715456330224,1.2502436055647617,0.4362911502059721,-0.2566081358995659,0.8841518889989285,0.551834915351394,-0.5439320823412068,0.9337571128117328,1.2019654512405396,-19.371902465820312,4.386924743652344,-0.5835661888122559,-0.4959839880466461,-2.458636999130249,875.110107421875,-23.54728126525879,-1445.931396484375,-88.94955444335938,135.67318725585938,-18.328590393066406,-1.7887288331985474,24.73069190979004,-2.2572479248046875,-3.8461923599243164,0.28864702582359314,2.7569851875305176
0.34994611775638246,-0.3460537584017444,1.1733802789883898,0.33465237412231646,-0.21702499737013256,1.0611679463197063,0.05342902895679931,-0.5089528381035028,0.08905640908128377,0.4648918128566236,-0.4380955571765142,0.7059955338373879,0.21185500155024178,-0.24746265232760387,1.302921257271672,0.033723308044849604,-0.6087619514260071,0.9495245354459775,0.27590965109550397,-0.14937820058587373,1.3335740526780389,-0.12195859077257036,-0.6018869827519978,0.6675259476860627,-0.05215760671983888,-0.5980535388387591,0.8165181881149872,0.12838761987078268,-0.5574823367279886,0.09660269995990968,0.27033807268205856,-0.2567041056440366,0.41860265723916873,0.15030693682219018,-0.4763580304107919,0.02936101770830273,0.11049663519721153,-0.6411433879113355,0.9084053043498108,0.3633642621979808,-0.23074421982299415,0.3317849109109664,0.5655366729032124,-0.6059026949058306,0.7841389013441983,0.22325287285624745,-0.3713179821802291,1.0996985068384386,0.307144280004975,-0.304737398067847,0.4640869378846213,0.19293511723051004,-0.29318315797294214,0.3445697504755677,0.07328383459259342,-0.33608005121843704,0.06458262040816395,0.11155855547118657,-0.4815551190581543,1.0178699907877586,-0.05269517284503441,-0.6378724890828922,0.6904770017459692,-0.12111941142784839,-0.6761041654656265,0.7304162854785161,1.218044502845663,0.09744130780562661,0.1819005516783291,0.7557842727528502,-0.41671697094740456,0.826521009798871,0.5373014748491198,-0.36990737905170745,1.12269350827135,0.35636494895875054,-0.3425386092125975,1.3128643363516852,0.5977724516233861,0.061875780242563086,1.2585597294845328,0.4141570260587907,-0.2415122815611347,1.3402755702568205,0.5565313787649798,0.41271790704190336,1.2173309985375562,0.5831233861035858,0.24245236843627022,1.250381874327628,1.1216831728322616,0.035414090577438974,0.1720355765906391,0.9964669893514241,-0.1267491013601126,0.5200444213207195,1.110147870534303,0.14393696563922806,0.1589624576813338,0.6580148868213426,0.05456248358730844,1.1885258227784112,0.8688498804506086,-0.09470151586840483,0.4738132033916499,0.6626896270063539,-0.5904906623016131,0.8164123717128047,0.43605752565608114,-0.21840466529328303,1.2119168216819005,0.9489001298187584,-0.21982700446780942,0.5862956185214567,1.0916471599743065,-0.04846699476636796,0.4058499279006428,1.2059550009026432,0.27303900939739306,0.17461775756434889,0.5219725147383102,-0.10387012942243887,1.2453731318183292,0.5915430440807973,0.32834937793529584,1.1734441684571322,0.6355485742455286,0.34347409493481085,1.2510883125248333,0.43719308206577173,-0.2563747237652343,0.8836631467010801,0.5527709242918634,-0.5436476636801334,0.9332929464760206,1.1847742795944214,-19.54607582092285,4.454942226409912,-0.6440591812133789,-0.5077283382415771,-2.4594244956970215,875.7683715820312,-22.646278381347656,-1442.2486572265625,-88.03883361816406,135.38209533691406,-18.18254852294922,-1.7165454626083374,24.730985641479492,-2.5690295696258545,-3.844825029373169,0.3746563792228699,2.741077184677124
0.35143048567882434,-0.34558966617710546,1.1727795956150586,0.33599702905345435,-0.21664570267034683,1.0604801764156644,0.053671685775236185,-0.5088881177223281,0.08912579045439793,0.466203969539396,-0.43738438998231827,0.7055378473357649,0.21320564425642916,-0.2470754271508842,1.3021579361119808,0.03514403054823741,-0.6090922212561235,0.9508155144208315,0.27707279843605115,-0.1489129907001328,1.332758883964147,-0.12218823429468452,-0.6040256727018104,0.6697810799475538,-0.05155823908943609,-0.5992688588946071,0.8182657840630866,0.12856025312910016,-0.5573787674406506,0.09670089332029125,0.2715509015301995,-0.2562126071741249,0.4178850095201012,0.15036326237269584,-0.47630538071030815,0.029289834219839005,0.11182447096073864,-0.6414373980847415,0.9094314557432339,0.36437565621161305,-0.2305503131340671,0.3308293101507307,0.5667956122104695,-0.6054330585610788,0.7833810653907574,0.22479979716093335,-0.37095764160945716,1.099369856300733,0.30837954062697115,-0.3042197045900964,0.4633818255947126,0.19392853923487346,-0.29272465743371195,0.3440940091448114,0.07337156495708504,-0.33600530358931874,0.06451356132200223,0.1129938286685983,-0.48159332711570313,1.0183352423424752,-0.052661773027075046,-0.6397006496885754,0.6924968694416892,-0.12076467481620659,-0.6779609528795772,0.7330009682683755,1.2221027160717162,0.0968970474941249,0.18171515819055356,0.7571050483264671,-0.41632949546078185,0.825776019633211,0.5387761371814652,-0.3695031330482849,1.1220133849327139,0.35784954696104226,-0.34199919916738736,1.3122133492239263,0.5996642538056468,0.06178780543981798,1.2584225474209185,0.4154886104018483,-0.24080968966448543,1.339634685918985,0.5603119591806108,0.4130514650451426,1.2185026801974568,0.5858926318141798,0.24241320085742615,1.2509613745654655,1.1256120905576164,0.035043247303129826,0.1715422649651963,0.9991566094736389,-0.12728192738645913,0.51910635740157,1.114369769562159,0.1435858164204667,0.15854051230561655,0.6600028436310243,0.054378135937777974,1.1885583637565966,0.8717031424606083,-0.09497372648179137,0.47250284846650054,0.6639970687051483,-0.5900671775175246,0.8155831259410113,0.43747411707773903,-0.21792384143301982,1.2111627848337818,0.9511342786795256,-0.2202461665089162,0.5853246274768122,1.0948416501875744,-0.04909766393880181,0.40518127998571524,1.2102611076752872,0.27243464158860264,0.17464893126231157,0.5234343186514268,-0.10369145310181656,1.2448764796683331,0.5950317033474019,0.328650103351533,1.1744227559361238,0.6388076312889326,0.34313672539216794,1.2522972218248227,0.43845364318186086,-0.25599627897439414,0.8829551728948063,0.5541330665744693,-0.5431908945374142,0.9325305539251163,1.0400694608688354,-19.564971923828125,4.254336357116699,-0.6769872307777405,-0.5369855165481567,-2.451895236968994,876.5125732421875,-21.822521209716797,-1439.1959228515625,-87.30419158935547,135.12986755371094,-18.09142303466797,-1.6258116960525513,24.730546951293945,-2.4843263626098633,-3.8501412868499756,0.3622494339942932,2.7132389545440674
0.3529701627642902,-0.3451089373487511,1.1721577186458159,0.33739585552783985,-0.2162530724181245,1.0597679693967301,0.053928537059896024,-0.5088223834700932,0.08919127428571119,0.4675675883198415,-0.4366465755645803,0.7050615616192092,0.21460371202980438,-0.24666939813964417,1.301366348140287,0.036620166424094366,-0.6094338846522451,0.952158087926195,0.2782774569577728,-0.14843167177099267,1.3319100512574051,-0.12242226628278263,-0.6062405440981024,0.6721289868386374,-0.0509370142063558,-0.6005312381990697,0.8200835325070563,0.12873894953175094,-0.5572748898670373,0.09680470394969776,0.2728149569192469,-0.25570124269321265,0.41714021306953686,0.15042190549784148,-0.47624981205984457,0.029214307517800114,0.1131985379962731,-0.6417490109702609,0.9105000638014433,0.3654169311981327,-0.23036895879846536,0.3298286876536364,0.5681035929168297,-0.604945684900347,0.7825939205308624,0.22640938879243577,-0.3705858086908101,1.099030354954549,0.3096602973559044,-0.3036838732413109,0.4626500411144156,0.19495605346777575,-0.29224866924696413,0.34360190476013336,0.07346472153995211,-0.33592740036793894,0.064441524396669,0.1144823678183239,-0.4816337713342629,1.0188225168266043,-0.05262322556104092,-0.6415975212261376,0.6945942363991642,-0.12039247742354477,-0.6798819441669034,0.7356902013551319,1.226314190997193,0.09632234635534669,0.1815193339886255,0.7584722969705695,-0.41592884182140527,0.825003552910508,0.5403094867996822,-0.3690855797158172,1.1213026457274986,0.359387984338975,-0.3414394563397035,1.3115370044645096,0.6016322548026279,0.061694708362912506,1.2582815182919533,0.41687093388955315,-0.24007967548654574,1.3389774624085584,0.5642379443377057,0.4133929201703987,1.2197232664815636,0.5887726608491101,0.2423690523927575,1.2515615516940488,1.1296823380009227,0.034652290656077174,0.17103400471194694,1.0019466853299677,-0.1278239721494005,0.5181371044638932,1.1187408791472577,0.1432135669600885,0.15810120954418816,0.6620663913669964,0.054179226103800035,1.1885910523648293,0.8746688204095852,-0.09525568556311903,0.4711482349215755,0.6653582477411686,-0.5896272102728585,0.8147239590322735,0.4389468697917382,-0.21742605422901004,1.2103794086847874,0.953451758188917,-0.220677282241796,0.5843187783727584,1.0981599803002462,-0.04975271052280006,0.4044869346729178,1.214724292818284,0.2718038783957627,0.17467932393219296,0.5249546166287352,-0.10350681106183704,1.2443613563941804,0.5986519270385336,0.32895984179926235,1.1754386417123655,0.6421926080785838,0.34278215912004184,1.253550893423573,0.4397582816367117,-0.2556000089408546,0.8822202544338656,0.5555475827873937,-0.5427129426539339,0.9317315078729036,0.9830814599990845,-19.46355628967285,4.144093990325928,-0.6833129525184631,-0.5421074032783508,-2.438952922821045,877.4657592773438,-21.062864303588867,-1435.684326171875,-86.4849853515625,134.83074951171875,-17.977806091308594,-1.6855391263961792,24.794509887695312,-2.0631730556488037,-3.8777966499328613,0.25470399856567383,2.717658281326294
0.3545098398497562,-0.34462820852039666,1.171535841676573,0.33879468200222546,-0.21586044216590214,1.0590557623777959,0.05418538834455589,-0.5087566492178582,0.08925675811702447,0.46893120710028713,-0.43590876114684224,0.7045852759026534,0.21600177980317972,-0.24626336912840407,1.3005747601685935,0.03809630229995145,-0.6097755480483668,0.9535006614315589,0.27948211547949453,-0.1479503528418525,1.3310612185506632,-0.12265629827088077,-0.6084554154943945,0.6744768937297214,-0.05031578932327546,-0.6017936175035324,0.8219012809510262,0.12891764593440175,-0.557171012293424,0.09690851457910427,0.2740790123082944,-0.2551898782123004,0.41639541661897245,0.15048054862298713,-0.476194243409381,0.02913878081576122,0.11457260503180766,-0.6420606238557803,0.9115686718596527,0.36645820618465247,-0.2301876044628636,0.32882806515654195,0.5694115736231898,-0.6044583112396152,0.7818067756709673,0.22801898042393834,-0.3702139757721629,1.098690853608365,0.3109410540848378,-0.30314804189252537,0.46191825663411856,0.19598356770067812,-0.2917726810602163,0.3431098003754553,0.07355787812281918,-0.3358494971465591,0.06436948747133578,0.11597090696804963,-0.48167421555282264,1.0193097913107334,-0.05258467809500678,-0.6434943927636999,0.6966916033566393,-0.12002028003088291,-0.6818029354542297,0.7383794344418885,1.2305256659226702,0.09574764521656842,0.18132350978669742,0.759839545614672,-0.41552818818202875,0.8242310861878048,0.5418428364178992,-0.36866802638334945,1.1205919065222836,0.3609264217169079,-0.3408797135120196,1.3108606597050927,0.6036002557996093,0.06160161128600702,1.2581404891629882,0.41825325737725816,-0.23934966130860597,1.3383202388981321,0.5681639294948009,0.4137343752956548,1.2209438527656706,0.5916526898840405,0.24232490392808884,1.2521617288226323,1.1337525854442292,0.03426133400902449,0.1705257444586975,1.0047367611862965,-0.1283660169123419,0.5171678515262161,1.1231119887323568,0.14284131749971024,0.15766190678275974,0.6641299391029686,0.053980316269822075,1.188623740973062,0.8776344983585622,-0.09553764464444671,0.46979362137665026,0.6667194267771891,-0.5891872430281924,0.8138647921235356,0.4404196225057374,-0.21692826702500023,1.209596032535793,0.9557692376983087,-0.22110839797467585,0.5833129292687044,1.1014783104129184,-0.05040775710679836,0.4037925893601203,1.2191874779612812,0.2711731152029227,0.17470971660207438,0.5264749146060438,-0.1033221690218575,1.2438462331200277,0.6022721507296657,0.32926958024699166,1.1764545274886073,0.6455775848682352,0.3424275928479157,1.2548045650223232,0.44106292009156267,-0.25520373890731507,0.8814853359729249,0.5569620990003181,-0.5422349907704537,0.9309324618206909,1.008639931678772,-19.402751922607422,4.173859119415283,-0.681851327419281,-0.5334572792053223,-2.4570486545562744,878.0252685546875,-20.676122665405273,-1432.5003662109375,-85.78256225585938,134.55514526367188,-17.8907470703125,-1.8313055038452148,24.888975143432617,-1.6882070302963257,-3.889312505722046,0.18972758948802948,2.7504446506500244
0.35613459595386543,-0.3441918767643291,1.170916177973842,0.3402513520212362,-0.21543549558776895,1.0583348428176729,0.05449904241161234,-0.5086464037168894,0.08937324149324403,0.47055581567303223,-0.4351451779832904,0.7037602601856586,0.2174146685576596,-0.24593479566226734,1.2997861232189154,0.03963899096807097,-0.6101064788584677,0.9548894851807725,0.2807726961690068,-0.1474776805828739,1.3302586536533785,-0.12275707097539049,-0.6105571643800923,0.6768936753667741,-0.049510878689636516,-0.6029852074108376,0.8237922077147375,0.12920870952653568,-0.5569680119981829,0.09691634453487712,0.27530599548327206,-0.25466289790655605,0.4156988816742866,0.15054806677118832,-0.4761439356582844,0.029066315469708275,0.11601325230586598,-0.6423436223671136,0.9126556008462084,0.3675724399208232,-0.22987738883258493,0.3278323083326517,0.5707941378978703,-0.603934752427979,0.7810034177555943,0.22964911942450406,-0.36982289094798615,1.0983964256103464,0.31223608286964966,-0.3026466040027063,0.46122225329575955,0.1969686214694913,-0.29131203643138837,0.3426492877353896,0.07367928239782125,-0.33577686360734976,0.06429254095878033,0.11742418535695161,-0.48168738038334624,1.019806059385767,-0.05247722514319105,-0.6452834290384456,0.6987955222856128,-0.11953902437000088,-0.6836494310012715,0.7410619399010738,1.2347288850127465,0.09512004744730253,0.1811535026360032,0.7613082707717718,-0.41516007483005524,0.8234163039172723,0.5434292341699662,-0.36819783770880166,1.119901754208748,0.36254624055316104,-0.3402799210998397,1.3102101363883114,0.6055933756149366,0.061503832974773374,1.2580198361384158,0.41965387544489846,-0.23863010305837296,1.3375900127240365,0.5721993483849706,0.41403970674963186,1.222192860202284,0.5945879276225107,0.24226860884601706,1.2527682647010348,1.137838185228259,0.03385437070237882,0.17003320103252173,1.0075539934714106,-0.1289116801903737,0.5162164101142758,1.1274704159490316,0.14246442632762016,0.15725884186905745,0.6662219079914471,0.0537583131515822,1.1886446254932328,0.8806298446181592,-0.09577110288849729,0.46850601184052354,0.6681033708401862,-0.5887492606971438,0.8130779428197848,0.44190845653316035,-0.21640723173981474,1.2088811271238011,0.9581385181834364,-0.22153629041862802,0.5823501334679838,1.1047930571417144,-0.05104349140349204,0.40307242260468723,1.2237504357533735,0.2706919143728863,0.17482274667119346,0.5280521427164013,-0.10310361657711056,1.2433481133536788,0.6059356209458102,0.32951903353069,1.1774570282721362,0.6489500900767494,0.342058526167017,1.2560628388101691,0.44244225629118095,-0.2548315249728841,0.8807831773694778,0.5584580669339918,-0.5418369272686788,0.9302334167704678,1.0702612400054932,-19.513412475585938,4.329716205596924,-0.6486037969589233,-0.5028263926506042,-2.5146470069885254,878.2969970703125,-20.431636810302734,-1429.2933349609375,-85.05522155761719,134.25099182128906,-17.82028579711914,-1.8110250234603882,24.90938949584961,-1.7261512279510498,-3.8296010494232178,0.2495807260274887,2.770887851715088
0.35777034541431635,-0.34376128170861314,1.170296800254986,0.3417154962061256,-0.21500637330460234,1.0576127974797558,0.05482003616403466,-0.5085304067624326,0.08949631469829981,0.4722141476459061,-0.43437826515033545,0.7028901838506295,0.21882947238273173,-0.24561623049690234,1.2989978675810707,0.04119027915429196,-0.6104360228737459,0.9562842850850907,0.2820743791610989,-0.1470061255902644,1.3294620671809114,-0.12284062478370619,-0.6126442963121742,0.6793193565496545,-0.0486822333803635,-0.6041676503735662,0.8256925901040335,0.12951429247461407,-0.5567522037108213,0.09691177249349506,0.2765281884283419,-0.254133899825693,0.41500858276687713,0.15061673169203152,-0.47609430768631944,0.028994245692125418,0.11746250264445278,-0.6426229235154903,0.9137448971437302,0.3686961009111625,-0.22955052258557831,0.326837180219344,0.572186339375199,-0.6034065180069563,0.7801979648948505,0.23128191342219606,-0.3694293185180386,1.0981078216966413,0.3135329557965133,-0.30214961021151765,0.4605308733633812,0.1979481887738436,-0.2908533743971231,0.3421928571746839,0.07380433665551492,-0.3357049109821288,0.06421496006135909,0.1188729075801293,-0.4816970203491236,1.0203034895540073,-0.05236086867354959,-0.6470585315432769,0.7009002878176455,-0.1190436769104162,-0.6854863006942319,0.7437435760600677,1.2389310373375746,0.09448561472016456,0.18098683139642344,0.7627901080625735,-0.4147961661219597,0.8225960539074134,0.5450224864561826,-0.36772084783836706,1.1192142619991934,0.3641765749711074,-0.3396749537413484,1.309562949550073,0.6075897411202752,0.06140544978494676,1.257901815981265,0.421056857418935,-0.2379118958549784,1.3368503536214893,0.576248907588965,0.4143403705382189,1.2234455400350077,0.5975302990698655,0.2422107442572022,1.25337562221565,1.1419257687417086,0.03344533911949358,0.16954268843231612,1.0103747347332783,-0.1294578110293442,0.5152672701916158,1.1318272044327085,0.14208693538379197,0.1568604593738815,0.668317549276036,0.05353332606964554,1.1886639847660696,0.8836290244235108,-0.0959982941704278,0.4672270601257584,0.669490256451613,-0.5883115348436975,0.8123004379256672,0.4433993684831044,-0.21588319248908405,1.208175069054231,0.9605144920530697,-0.22196376637019066,0.5813929007345477,1.1081073408489983,-0.051676730292275624,0.40234891937071127,1.2283262855169788,0.27023003901669523,0.1749464546065062,0.5296367269675463,-0.1028806824508487,1.2428521906697987,0.6096046791960861,0.32976069715836187,1.1784577995341345,0.652320983788825,0.3416875858377937,1.2573217072628982,0.4438312444465839,-0.25446241941080977,0.8800852517813247,0.5599645595282118,-0.541449186422967,0.9295472931980298,1.0997039079666138,-19.64821434020996,4.596131324768066,-0.6109809875488281,-0.48084065318107605,-2.525355577468872,878.7069091796875,-20.065092086791992,-1425.2755126953125,-84.19915771484375,133.88858032226562,-17.739700317382812,-1.621142029762268,24.854814529418945,-2.194159746170044,-3.771085739135742,0.32386425137519836,2.7614893913269043
0.35940609487476716,-0.34333068665289723,1.16967742253613,0.34317964039101495,-0.21457725102143577,1.056890752141839,0.05514102991645697,-0.5084144098079757,0.0896193879033556,0.47387247961877976,-0.4336113523173806,0.7020201075156004,0.22024427620780376,-0.24529766533153738,1.298209611943226,0.042741567340512814,-0.610765566889024,0.9576790849894087,0.28337606215319083,-0.14653457059765498,1.3286654807084444,-0.12292417859202188,-0.6147314282442559,0.6817450377325347,-0.047853588071090566,-0.6053500933362947,0.8275929724933294,0.12981987542269244,-0.5565363954234597,0.096907200452113,0.2777503813734117,-0.2536049017448299,0.41431828385946773,0.15068539661287472,-0.47604467971435444,0.02892217591454257,0.11891175298303946,-0.642902224663867,0.9148341934412519,0.3698197619015017,-0.22922365633857175,0.32584205210603634,0.5735785408525277,-0.6028782835859336,0.7793925120341068,0.23291470741988793,-0.36903574608809114,1.0978192177829365,0.31482982872337684,-0.30165261642032903,0.45983949343100294,0.1989277560781958,-0.29039471236285785,0.34173642661397824,0.07392939091320858,-0.3356329583569078,0.06413737916393786,0.12032162980330689,-0.481706660314901,1.0208009197222476,-0.05224451220390813,-0.6488336340481081,0.7030050533496779,-0.11854832945083155,-0.6873231703871922,0.7464252122190612,1.2431331896624025,0.09385118199302665,0.18082016015684368,0.7642719453533753,-0.4144322574138642,0.8217758038975546,0.5466157387423988,-0.3672438579679325,1.118526769789639,0.36580690938905364,-0.3390699863828571,1.3089157627118344,0.6095861066256136,0.061307066595120155,1.257783795824114,0.4224598393929714,-0.2371936886515839,1.336110694518942,0.5802984667929589,0.41464103432680594,1.2246982198677314,0.6004726705172202,0.24215287966838736,1.253982979730265,1.1460133522551577,0.03303630753660837,0.16905217583211057,1.0131954759951456,-0.13000394186831463,0.5143181302689559,1.1361839929163846,0.14170944443996383,0.15646207687870559,0.6704131905606249,0.0533083389877089,1.1886833440389064,0.886628204228862,-0.09622548545235828,0.46594810841099327,0.6708771420630397,-0.5878738089902512,0.8115229330315495,0.44489028043304835,-0.2153591532383534,1.2074690109846609,0.9628904659227028,-0.2223912423217533,0.5804356680011118,1.1114216245562822,-0.05230996918105916,0.40162541613673536,1.2329021352805836,0.2697681636605042,0.17507016254181892,0.5312213112186911,-0.10265774832458688,1.2423562679859188,0.6132737374463615,0.3300023607860338,1.1794585707961327,0.6556918775009001,0.34131664550857044,1.258580575715627,0.4452202326019867,-0.2540933138487355,0.8793873261931717,0.5614710521224318,-0.5410614455772552,0.9288611696255918,1.0350905656814575,-19.625646591186523,4.747464656829834,-0.559751570224762,-0.4900827705860138,-2.4832561016082764,879.8013916015625,-19.633665084838867,-1422.0186767578125,-83.54070281982422,133.65701293945312,-17.719051361083984,-1.5013761520385742,24.836811065673828,-2.6960573196411133,-3.757946014404297,0.34627199172973633,2.7676188945770264
0.360989880236174,-0.3428076653685791,1.169059826443527,0.34464835217654305,-0.2141959968436238,1.056202976908905,0.05537356789044985,-0.5082628676630804,0.08981568245402234,0.4752918815375953,-0.4329483414821278,0.7014361743303325,0.22171684315070406,-0.24490318454752696,1.2974136708588,0.0443410533202799,-0.6110759671555449,0.959113272807456,0.2847526520490646,-0.14607396736642386,1.3278486326040813,-0.12290007283059967,-0.616705391975428,0.6842561671078599,-0.046967465664870735,-0.6064778473598278,0.8295427513438344,0.13012156324670804,-0.5563317834344131,0.09694210584244586,0.2790697078831148,-0.2531454394886036,0.413581356998311,0.15077753707963898,-0.4759876195662069,0.028838550675018934,0.12034438572675969,-0.6431986433978112,0.9159984752437136,0.37101167489756015,-0.22907067332046713,0.32490479191210103,0.5749333980462409,-0.6023900658879059,0.7785918975113244,0.23458361864978106,-0.3686362698378153,1.0975395918681923,0.3161847704392395,-0.3011117719163169,0.45908899669418274,0.20004065714727168,-0.28993526431701044,0.34117166619032424,0.07403248051391137,-0.3355610930663071,0.06406358858903513,0.12190047406054878,-0.48173354886817615,1.0214121993014353,-0.052032803795886366,-0.6506014703125352,0.7051795643094358,-0.11791411339496544,-0.6889909078545917,0.7492078071990549,1.2472833604212625,0.09315653422859729,0.1806366944697914,0.7657489443062157,-0.413948001599075,0.8209597459494673,0.5482210606731326,-0.366807286559746,1.1178846566487621,0.36749291089394226,-0.3384787130928198,1.30827070683833,0.6116288293473767,0.061185412004047285,1.257692430193061,0.42393511696564434,-0.2364970443659271,1.335471784634306,0.5842793460515949,0.4148371847753493,1.2259296249869642,0.6034944815351472,0.24200689008101722,1.254584223821463,1.1500642901619538,0.032500960617418743,0.16860041360290637,1.0160350466011374,-0.130590425668568,0.5133836276286485,1.1404992450546743,0.1412436232612228,0.15607951068325548,0.6725582457733469,0.053104529459498194,1.188727855682373,0.8895594726335132,-0.09640440033958447,0.4647074791275903,0.6722844639756032,-0.5873830360884699,0.8106618139720121,0.446397637491984,-0.21483267735171793,1.2067588307210153,0.965260990112033,-0.2226867643955922,0.579573367999879,1.1147551917477159,-0.05305281192656381,0.4010486874655383,1.2374316278277642,0.26909401277635275,0.1750314018830953,0.5328241833393147,-0.10241387353975648,1.2418935324577307,0.6169272326673102,0.33018405172998544,1.1805236552724774,0.6591077136085521,0.3408497768324732,1.2598095407943852,0.4465784353037543,-0.2537321732040273,0.878696736713119,0.5629684619161466,-0.5405630517676966,0.9280942615294299,0.997458815574646,-19.459625244140625,4.5580153465271,-0.5414639711380005,-0.4898700714111328,-2.4578142166137695,881.1010131835938,-19.158082962036133,-1418.33056640625,-82.7848129272461,133.3809814453125,-17.72675323486328,-1.60947847366333,24.809646606445312,-2.61396861076355,-3.773282051086426,0.31725212931632996,2.775346279144287
0.3625666196180495,-0.342272111714281,1.168442471927365,0.34611768329775094,-0.21382123325636845,1.055519848469867,0.055594111860587894,-0.5081065058313459,0.09002190532273804,0.4766788861609452,-0.43229941905334296,0.7008910402162185,0.22319724238076746,-0.24449841012031037,1.2966166876799223,0.045947074594087145,-0.6113837716595226,0.9605528013595682,0.2861393988132477,-0.1456148491197864,1.3270290371597997,-0.12286136916141636,-0.6186640108657988,0.6867788826787709,-0.04607354975398014,-0.6075981859339783,0.831499228019588,0.13042272291830834,-0.5561286895875109,0.09698236410487567,0.28040220504564956,-0.2526954058187687,0.41283810770274787,0.15087286067127392,-0.4759295516653566,0.028753358593198244,0.12177476523727769,-0.6434973831603069,0.9171729245722688,0.3722128424028687,-0.22894126768933226,0.3239753782157077,0.5762831916082773,-0.6019072741862165,0.7777919390343673,0.23625742713149808,-0.36823599306952876,1.0972611833092392,0.3175475858892036,-0.30056498155293876,0.45833048411947214,0.2011716373708864,-0.2894757096933213,0.34059221697169423,0.07413259185603913,-0.3354892396176888,0.0639903119561688,0.1234969619834265,-0.4817627762129765,1.0220389160888874,-0.05180816631147404,-0.6523683213240263,0.707363532276343,-0.11726106769892554,-0.6906357121388643,0.7520040915107096,1.2514264828321948,0.09245372171334874,0.18045095156952246,0.7672252872132308,-0.4134474275325308,0.8201442564165355,0.5498280191658348,-0.3663761956210168,1.1172486966019435,0.3691864604784163,-0.33788929662562367,1.307625939909196,0.6136778377934007,0.06106060196873763,1.2576046787350383,0.4254201973313527,-0.2358033238657263,1.3348465356605732,0.588250912775267,0.41501916392354776,1.227158145399283,0.6065270640202705,0.2418489513413006,1.255184638973893,1.1541102591729322,0.03194848619500139,0.1681539056612956,1.018877170338536,-0.1311823810567919,0.5124511097045924,1.1448088651461317,0.14076582510147664,0.15569908907081909,0.674710001179714,0.052903591463996084,1.1887757778167725,0.8924815327126459,-0.09657676927498635,0.46347204610606696,0.6736945569120495,-0.5868850703665752,0.8097893573985194,0.44790722439620667,-0.21430587107377336,1.2060480915158,0.9676307753616611,-0.22296439441821433,0.5787239402335211,1.1180913736488645,-0.05381051621196285,0.4004918604299722,1.241954834650684,0.2683910787697659,0.17497061158450233,0.5344295351710541,-0.10216715934359474,1.2414352968828568,0.6205786176469942,0.33035761078461906,1.1815974601846657,0.6625296436003502,0.3403699009229016,1.2610344511783675,0.4479324637067239,-0.2533721125481144,0.8780071419595883,0.5644646401436912,-0.54004965416643,0.9273163995995427,1.0945556163787842,-19.252674102783203,4.301224231719971,-0.6154813170433044,-0.46134093403816223,-2.4552786350250244,881.7175903320312,-18.861238479614258,-1415.1527099609375,-82.05018615722656,133.08438110351562,-17.656068801879883,-1.7400426864624023,24.746665954589844,-2.1144065856933594,-3.7958850860595703,0.27570077776908875,2.7561755180358887
0.36414335899992484,-0.34173655805998293,1.1678251174112029,0.34758701441895873,-0.21344646966911313,1.0548367200308288,0.055814655830725916,-0.5079501439996114,0.09022812819145372,0.4780658907842951,-0.43165049662455823,0.7003459061021047,0.22467764161083073,-0.24409363569309384,1.2958197045010447,0.047553095867894246,-0.6116915761635003,0.9619923299116804,0.2875261455774306,-0.14515573087314898,1.3262094417155184,-0.12282266549223306,-0.6206226297561694,0.6893015982496816,-0.04517963384308962,-0.6087185245081288,0.8334557046953415,0.1307238825899086,-0.5559255957406088,0.09702262236730547,0.2817347022081842,-0.25224537214893383,0.41209485840718485,0.15096818426290884,-0.47587148376450633,0.02866816651137756,0.12320514474779556,-0.6437961229228026,0.918347373900824,0.37341400990817714,-0.22881186205819742,0.3230459645193145,0.5776329851703138,-0.601424482484527,0.7769919805574101,0.23793123561321494,-0.3678357163012423,1.0969827747502865,0.3189104013391677,-0.3000181911895607,0.4575719715447616,0.20230261759450097,-0.2890161550696323,0.34001276775306427,0.07423270319816687,-0.33541738616907046,0.06391703532330248,0.12509344990630408,-0.4817920035577768,1.0226656328763393,-0.05158352882706173,-0.6541351723355172,0.70954750024325,-0.11660802200288571,-0.6922805164231369,0.7548003758223639,1.2555696052431269,0.09175090919810025,0.18026520866925355,0.7687016301202457,-0.4129468534659866,0.8193287668836038,0.551434977658537,-0.36594510468228764,1.1166127365551248,0.37088001006289023,-0.33729988015842755,1.3069811729800622,0.6157268462394245,0.060935791933427984,1.2575169272770155,0.426905277697061,-0.23510960336552555,1.3342212866868404,0.5922224794989388,0.41520114307174616,1.2283866658116018,0.6095596465053935,0.24169101260158402,1.2557850541263227,1.1581562281839104,0.03139601177258408,0.16770739771968485,1.021719294075934,-0.13177433644501574,0.5115185917805363,1.1491184852375886,0.1402880269417305,0.1553186674583827,0.676861756586081,0.052702653468494,1.1888236999511719,0.8954035927917782,-0.0967491382103882,0.46223661308454367,0.6751046498484958,-0.5863871046446807,0.8089169008250269,0.4494168113004292,-0.21377906479582884,1.2053373523105848,0.9700005606112889,-0.2232420244408364,0.5778745124671634,1.121427555550013,-0.054568220497361826,0.3999350333944062,1.2464780414736032,0.2676881447631792,0.17490982128590937,0.5360348870027932,-0.10192044514743304,1.240977061307983,0.6242300026266778,0.3305311698392527,1.1826712650968538,0.6659515735921478,0.33989002501333,1.2622593615623499,0.44928649210969335,-0.25301205189220166,0.8773175472060577,0.5659608183712358,-0.5395362565651635,0.9265385376696555,1.269065022468567,-19.279296875,4.25176477432251,-0.7137762308120728,-0.4405860900878906,-2.4826653003692627,881.4884643554688,-18.65424156188965,-1412.0465087890625,-81.38736724853516,132.77362060546875,-17.528736114501953,-1.6896861791610718,24.72588348388672,-1.8229843378067017,-3.789062976837158,0.28578251600265503,2.7271552085876465
0.36579444313680887,-0.34118958478731826,1.1672784863718297,0.34904502144712485,-0.21301574995186157,1.0541734261228548,0.05600113633847394,-0.5078178892861929,0.09038958224831826,0.47958122065525177,-0.43092913126313925,0.6997816148183204,0.2262172231216304,-0.24371802688434424,1.295048461055124,0.04917878450344726,-0.6119557516464335,0.9634914836346709,0.28887276302110276,-0.14468113318184356,1.325437817352497,-0.12271346413339211,-0.6225237250328064,0.6918588071469439,-0.044271760379636545,-0.6097910830516688,0.8354571477466861,0.13104137274997912,-0.555742440634216,0.09705305020540755,0.28307001302573853,-0.2517877919784445,0.4113155786959541,0.15122986086551715,-0.47597230053105893,0.028630819048313116,0.12470036207248039,-0.6440805859913099,0.9195727642798266,0.3745334337878701,-0.22857306256199517,0.32201980103720107,0.5790815692863717,-0.6009135021279189,0.7762163028811777,0.23957553979576815,-0.3674523127789529,1.0967289596203937,0.32026666896232703,-0.299503436546452,0.4568252085849939,0.2034795237890142,-0.28854076929439776,0.33940995825047526,0.07431745884434277,-0.33533842910993966,0.06385825682949546,0.12674810189679755,-0.48179483117646726,1.023262372080064,-0.051317567955579194,-0.6558297888332645,0.7118055263891915,-0.11597269625458498,-0.6938956036472952,0.7576273324473803,1.259687613177773,0.0909813309939492,0.18008914856326502,0.7702396476505607,-0.4124794527394882,0.8185243756565826,0.5530637332935207,-0.3654707841920537,1.1159594777404078,0.3725772156620657,-0.3367727722553228,1.306363326824264,0.6178327356742707,0.06076826362420392,1.2574338999805073,0.4283702977445741,-0.2343936384908411,1.333541883538101,0.5962863410545499,0.415341950804982,1.2296753498102655,0.6126140435010391,0.24154847949151173,1.2564331972046403,1.162147174607839,0.03077171750317348,0.1672877497625667,1.0245860807153562,-0.13234160722091495,0.5106121956907361,1.153411153925965,0.13971862867967974,0.15491744737751437,0.679086493340549,0.052483055469216104,1.1888795072669225,0.8984629835514043,-0.09691766876455964,0.4610338757764425,0.6765597091605331,-0.5859098244976524,0.8080667971775232,0.45099573222217176,-0.2133102510741215,1.2046417234749194,0.9724107617574022,-0.22355546343405513,0.5770702594952868,1.1247445629132504,-0.05531310376445977,0.3994001771835302,1.2510060419310007,0.26692831239952947,0.17479944900171646,0.5376711543032665,-0.10169980719389506,1.2405359855550804,0.6279183472229155,0.33064291532465956,1.1837354827400863,0.6693452454560639,0.33940085709489737,1.2635044191057319,0.4507052519463545,-0.252635326409182,0.8765999201117762,0.5674959535630333,-0.5391121317219261,0.9258336918243509,1.255772590637207,-19.562227249145508,4.2718963623046875,-0.7075530886650085,-0.47899696230888367,-2.5222506523132324,881.4337158203125,-18.3802547454834,-1408.341552734375,-80.66253662109375,132.43356323242188,-17.437442779541016,-1.591367244720459,24.703195571899414,-2.0277884006500244,-3.7669739723205566,0.3152732849121094,2.71038556098938
0.36745608760821097,-0.340640989409772,1.1667419012808642,0.35050141993934736,-0.21257708192069014,1.0535129496198616,0.05618277828622337,-0.5076890588793533,0.09054467709895395,0.48111477854433427,-0.4301974757124257,0.6992146023456625,0.22776521120639814,-0.24334656091912696,1.2942808738212712,0.050807266798339024,-0.6122137298252409,0.964999106842161,0.2902136802772022,-0.14420433670578417,1.3246730070635184,-0.12259424889817934,-0.6244166493415831,0.6944209156644263,-0.043361904309285465,-0.6108568546590425,0.8374649780672906,0.13136118258170731,-0.5555621177352817,0.09708208167641763,0.28440572351019894,-0.2513291398618395,0.41053118102795244,0.1515151671571842,-0.47609568614241304,0.028600267695867466,0.12620478931395018,-0.6443630211203303,0.9208053906034949,0.3756412463571061,-0.2283187241645049,0.3209798946877979,0.5805441861515802,-0.60039851770101,0.775444074182321,0.24121565302673542,-0.3670713060245609,1.0964786378753106,0.32162200649645145,-0.2989932324317907,0.4560801146046216,0.2046629535589391,-0.288063134776046,0.33880383052573304,0.07440003328370731,-0.3352584630152248,0.0638015377304412,0.12841101582871356,-0.48179390883406265,1.023854853104282,-0.05104573728479694,-0.6575141447466729,0.7140740721628365,-0.11533988754431543,-0.6955064696981417,0.7604586459350899,1.2638020537152193,0.09020226902717002,0.17991446385419133,0.7717864257807762,-0.4120167641351555,0.8177215608934694,0.5546955851134874,-0.3649903231405265,1.1153037617143418,0.37427494058151106,-0.3362545150005265,1.305749304641951,0.6199467047950288,0.0605946673783443,1.2573515437296685,0.4298324683150707,-0.23367451390387212,1.332854788034957,0.6003633126715158,0.4154769103258651,1.2309725797728985,0.6156715391487473,0.24140813468110484,1.2570881198178854,1.1661303053233794,0.030137221550951384,0.1668719171441549,1.0274563706079065,-0.13290537165983618,0.5097095100887564,1.1577014147445852,0.13913621903946072,0.15451327296874384,0.6813215967637812,0.05226080690122008,1.1889364346368423,0.9015418815099638,-0.09708565409412447,0.45983578274581616,0.6780211557418304,-0.5854354826425086,0.8072198686615522,0.4525845017259483,-0.21284967493142518,1.2039482409985651,0.9748267037979023,-0.22387398892877905,0.5762724233976264,1.1280588466205341,-0.05605616586418533,0.39886844182843406,1.2555347233023861,0.2661603978828879,0.17468203382184175,0.5393118130055483,-0.10148287325209342,1.2400973472768897,0.631611941764686,0.3307458804735285,1.1847983385553422,0.67273490338136,0.33891036928884244,1.2647523384615285,0.45213320658893763,-0.2522562337632211,0.8758783111509109,0.5690366224145257,-0.5387006876681815,0.92513921758197,1.0840052366256714,-19.682449340820312,4.1909708976745605,-0.6353974342346191,-0.529995858669281,-2.5259997844696045,881.7827758789062,-18.24930763244629,-1404.7154541015625,-80.04930877685547,132.12045288085938,-17.416500091552734,-1.5789517164230347,24.649837493896484,-2.719129800796509,-3.782437801361084,0.29493463039398193,2.7283174991607666
0.36911773207961324,-0.34009239403222574,1.1662053161898986,0.35195781843157,-0.21213841388951865,1.0528524731168685,0.056364420233972805,-0.5075602284725139,0.09069977194958964,0.4826483364334169,-0.42946582016171214,0.6986475898730045,0.22931319929116603,-0.24297509495390962,1.2935132865874184,0.05243574909323093,-0.6124717080040483,0.9665067300496512,0.29155459753330176,-0.14372754022972475,1.3239081967745396,-0.12247503366296655,-0.62630957365036,0.696983024181909,-0.04245204823893431,-0.6119226262664162,0.8394728083878952,0.13168099241343553,-0.5553817948363474,0.09711111314742771,0.28574143399465946,-0.2508704877452345,0.4097467833599508,0.15180047344885125,-0.47621907175376715,0.02856971634342181,0.12770921655542009,-0.6446454562493508,0.9220380169271633,0.3767490589263423,-0.22806438576701463,0.3199399883383947,0.5820068030167889,-0.5998835332741012,0.7746718454834641,0.24285576625770283,-0.36669029927016883,1.0962283161302275,0.322977344030576,-0.2984830283171294,0.45533502062424924,0.20584638332886407,-0.2875855002576942,0.33819770280099076,0.07448260772307187,-0.3351784969205098,0.06374481863138692,0.1300739297606297,-0.481792986491658,1.0244473341284999,-0.05077390661401465,-0.6591985006600815,0.7163426179364816,-0.11470707883404582,-0.6971173357489882,0.7632899594227999,1.2679164942526657,0.08942320706039078,0.17973977914511763,0.7733332039109918,-0.41155407553082274,0.816918746130356,0.5563274369334542,-0.3645098620889992,1.1146480456882755,0.3759726655009566,-0.3357362577457302,1.305135282459638,0.6220606739157871,0.060421071132484655,1.2572691874788298,0.43129463888556746,-0.23295538931690307,1.332167692531813,0.604440284288482,0.4156118698467482,1.2322698097355318,0.6187290347964557,0.24126778987069794,1.2577430424311302,1.1701134360389203,0.029502725598729233,0.1664560845257431,1.0303266605004568,-0.13346913609875746,0.5088068244867767,1.1619916755632058,0.13855380939924167,0.15410909855997326,0.6835567001870135,0.05203855833322403,1.188993362006762,0.9046207794685236,-0.0972536394236893,0.4586376897151897,0.6794826023231278,-0.5849611407873646,0.806372940145581,0.45417327122972495,-0.2123890987887288,1.2032547585222106,0.9772426458384027,-0.224192514423503,0.5754745872999659,1.1313731303278183,-0.05679922796391096,0.3983367064733379,1.260063404673772,0.26539248336624627,0.174564618641967,0.5409524717078303,-0.10126593931029175,1.239658708998699,0.6353055363064569,0.3308488456223974,1.1858611943705981,0.6761245613066564,0.3384198814827875,1.266000257817325,0.4535611612315209,-0.2518771411172602,0.8751567021900455,0.5705772912660181,-0.5382892436144368,0.9244447433395891,1.0268840789794922,-19.426834106445312,4.214792728424072,-0.5871852040290833,-0.5249454379081726,-2.4803266525268555,882.7255859375,-18.437217712402344,-1400.752685546875,-79.37974548339844,131.7781982421875,-17.399019241333008,-1.6576205492019653,24.70539093017578,-3.0078883171081543,-3.830065965652466,0.24501146376132965,2.769476890563965
0.3703165005966528,-0.33973619016195766,1.1658243988918153,0.35306780686639,-0.21185247782642477,1.0523806838010321,0.05650807023418463,-0.5074747964641116,0.09082687284723417,0.48383913677654516,-0.4289526158808083,0.6980435860078067,0.23037622365730487,-0.24273074156795907,1.2929727249587608,0.0536328259645807,-0.6126757533542367,0.9675898502599325,0.2925182008585393,-0.14336589284685275,1.3233706538645638,-0.12233204256422472,-0.6275825208386049,0.6988653856397464,-0.04180022850262606,-0.612640468095312,0.8409368721459874,0.13187782140757073,-0.5552646439793884,0.09713890121028518,0.28668882984001903,-0.2505652756485718,0.40916715947208027,0.15183555680197597,-0.47613745908074034,0.028493516692978064,0.12877653186388363,-0.6448627678763788,0.9229460619143303,0.377610296751095,-0.22790595385807239,0.31917838091092393,0.5830205668084669,-0.5995131468536049,0.7740936920737589,0.24408327521669942,-0.3664356711388424,1.0960564672552198,0.32397066846193856,-0.29812288802388487,0.4547924726510679,0.20669989115157664,-0.28727208196327386,0.33779469097884285,0.0745281001047188,-0.33511694017427646,0.06371406431229698,0.13127963647048993,-0.48180432553520264,1.0249087737490798,-0.05057077748170554,-0.6603283828852192,0.7179752640574184,-0.11421298568710586,-0.6982005822737485,0.7653315878467054,1.2708369175724636,0.08883806063935457,0.17962767499566867,0.7744519042455598,-0.41122410347722227,0.8163468253533572,0.5575168254162302,-0.36420725157718786,1.1141491372458983,0.3771843041805242,-0.33531188644123394,1.304704421206026,0.6236097730745543,0.06028553051565656,1.2572161549369232,0.4323739951710827,-0.23243267140937168,1.3316886606595375,0.6073465007819877,0.41569144589616763,1.2331819285620127,0.6208500196010072,0.24114476642663904,1.2581900741090837,1.1730130747059324,0.02907634076865896,0.16614328208842025,1.0323645231739575,-0.13382904204410434,0.5081919015243354,1.165054312604942,0.13812686031721286,0.15383601736351354,0.6851857802923151,0.05187797719699065,1.1890359211046964,0.9067433584012733,-0.09736083375154347,0.4578276091064049,0.6805291132421682,-0.5846176331011664,0.805821062022487,0.45528101447402247,-0.21200361068280327,1.202760428584964,0.9789450788340032,-0.22442203693535945,0.574905469224153,1.133746672150315,-0.05737849154713138,0.39793133247174967,1.26324371352101,0.264778855077873,0.17446640721022688,0.5421560379053583,-0.10112686301057307,1.2393057968048071,0.6379086273592829,0.33089004619824175,1.186606083089942,0.678586843984806,0.33803717298618213,1.26687494749265,0.4545731699427232,-0.2516175538104102,0.8746702873351558,0.5716871019230773,-0.5379530775625974,0.9239155733032732,1.107938289642334,-19.188671112060547,4.323019504547119,-0.5663455724716187,-0.48769959807395935,-2.4359700679779053,883.412109375,-18.68656349182129,-1397.2880859375,-78.78656005859375,131.48333740234375,-17.350839614868164,-1.7510666847229004,24.882173538208008,-2.5530242919921875,-3.8614120483398438,0.22304023802280426,2.802417755126953
0.37144649897190113,-0.33940857017277093,1.1654666093801032,0.35412632866411015,-0.21158923337001675,1.0519369280101447,0.05664607571647656,-0.507395812217763,0.09094981464329144,0.4849790131414173,-0.42847186721713343,0.6974340862785744,0.23136719627096158,-0.24250527347949957,1.2924658928485895,0.054765808315861246,-0.6128717858270304,0.9686099014534855,0.2934257461140487,-0.1430213533292543,1.3228668763937539,-0.12218551905147287,-0.6287633571403705,0.700646756105865,-0.04118674559308996,-0.6133066174999767,0.8423201477290778,0.1320563789629778,-0.5551568786829513,0.09716650453821712,0.2875785332247121,-0.25028286035487196,0.40861795911725785,0.1518334641756601,-0.4760253895197483,0.028410535009688893,0.1297789048280147,-0.6450704040116821,0.9238058833886456,0.37843490061381,-0.22776177091314304,0.31845812075185465,0.5839676438577917,-0.5991642435654899,0.7735443727070133,0.24524948296957452,-0.36619981926008566,1.095896277206623,0.32491020808946214,-0.29778504292696517,0.45428001722752653,0.2075043819992747,-0.2869830615078377,0.337421856376509,0.07456808315207626,-0.33505811853124606,0.06368716761765891,0.13241741525021603,-0.481817486270374,1.0253507443611196,-0.050377855435112466,-0.6613758861623852,0.7195134336585239,-0.11373950170957492,-0.699205439611776,0.7672558916325599,1.273579944048496,0.08828172452797166,0.17952486852936397,0.7755070044504885,-0.41091384931115915,0.815809208825724,0.5586404764889091,-0.36393106457413427,1.1136735259302404,0.37832372433302414,-0.3349014639064966,1.3043007724332494,0.6250749486961111,0.06015564387799889,1.2571674790603435,0.43339647619140065,-0.23193913392278534,1.3312405410981336,0.6100787765142932,0.41576279354411244,1.2340368308768366,0.6228318656517179,0.24102431644272332,1.258606219133794,1.1757517374114483,0.028680875305308433,0.1658457869922878,1.0342787109463418,-0.1341586604418344,0.5076197318683398,1.1679345598283981,0.13772300823240094,0.15358241287288288,0.6867248226475241,0.05172655807919061,1.1890763454879356,0.908723855650188,-0.09745899627342919,0.45707517605743664,0.6815139765771019,-0.5842935636343546,0.8053130199577635,0.4563172909597687,-0.21162927851376945,1.2022956870249566,0.9805415047715041,-0.22463833614690412,0.5743703321115861,1.1359804466070718,-0.05793341935075669,0.3975447321569683,1.2662236927360886,0.2641881493148425,0.17437104890678104,0.5432946646450371,-0.10099935413196387,1.2389656210577251,0.6403497007508939,0.33092207032323673,1.1873037309836079,0.6809113451976648,0.33767047741555223,1.267694185901162,0.4555233809726917,-0.2513757215825138,0.8742188156045826,0.5727328993626777,-0.5376280956710411,0.9234109627490013,1.2079379558563232,-19.241376876831055,4.3764142990112305,-0.5760278105735779,-0.49329426884651184,-2.437631845474243,883.7146606445312,-18.632707595825195,-1394.038818359375,-78.162109375,131.21751403808594,-17.272274017333984,-1.7203726768493652,24.956174850463867,-1.9886713027954102,-3.841707944869995,0.2544024586677551,2.792478322982788
0.3725764973471496,-0.3390809501835842,1.165108819868391,0.35518485046183035,-0.2113259889136087,1.0514931722192575,0.0567840811987685,-0.5073168279714142,0.09107275643934871,0.48611888950628945,-0.42799111855345845,0.6968245865493421,0.23235816888461838,-0.24227980539104008,1.2919590607384184,0.05589879066714189,-0.613067818299824,0.9696299526470387,0.29433329136955816,-0.14267681381165587,1.3223630989229442,-0.12203899553872102,-0.6299441934421363,0.7024281265719836,-0.04057326268355382,-0.6139727669046414,0.8437034233121682,0.13223493651838492,-0.5550491133865142,0.09719410786614907,0.28846823660940524,-0.2500004450611721,0.4080687587624354,0.15183137154934423,-0.4759133199587563,0.028327553326399715,0.13078127779214585,-0.6452780401469855,0.9246657048629608,0.3792595044765251,-0.22761758796821366,0.31773786059278525,0.5849147209071166,-0.5988153402773749,0.7729950533402676,0.2464156907224497,-0.3659639673813289,1.0957360871580264,0.32584974771698577,-0.2974471978300455,0.45376756180398514,0.20830887284697286,-0.2866940410524015,0.3370490217741752,0.07460806619943372,-0.33499929688821567,0.06366027092302082,0.13355519402994223,-0.4818306470055454,1.0257927149731592,-0.05018493338851937,-0.6624233894395513,0.7210516032596297,-0.11326601773204394,-0.7002102969498034,0.7691801954184146,1.276322970524529,0.08772538841658871,0.17942206206305927,0.7765621046554174,-0.41060359514509603,0.8152715922980909,0.5597641275615881,-0.3636548775710807,1.1131979146145827,0.37946314448552415,-0.3344910413717592,1.3038971236604728,0.6265401243176681,0.060025757240341204,1.2571188031837641,0.43441895721171864,-0.23144559643619897,1.33079242153673,0.6128110522465989,0.41583414119205725,1.2348917331916607,0.6248137117024288,0.24090386645880757,1.259022364158504,1.1784904001169647,0.028285409841957872,0.16554829189615533,1.0361928987187266,-0.13448827883956446,0.507047562212344,1.1708148070518543,0.13731915614758897,0.15332880838225219,0.6882638650027332,0.05157513896139055,1.1891167698711749,0.9107043528991029,-0.0975571587953149,0.4563227430084683,0.6824988399120356,-0.5839694941675426,0.8048049778930398,0.457353567445515,-0.2112549463447356,1.201830945464949,0.9821379307090051,-0.22485463535844885,0.573835194999019,1.1382142210638286,-0.05848834715438204,0.3971581318421869,1.2692036719511677,0.26359744355181197,0.17427569060333517,0.5444332913847159,-0.10087184525335467,1.2386254453106431,0.6427907741425053,0.3309540944482317,1.1880013788772734,0.6832358464105239,0.33730378184492227,1.2685134243096736,0.45647359200266024,-0.2511338893546174,0.8737673438740092,0.5737786968022782,-0.5373031137794848,0.9229063521947293,1.2277287244796753,-19.431058883666992,4.3406662940979,-0.6226317286491394,-0.5366950035095215,-2.476292371749878,883.6737670898438,-17.995384216308594,-1390.4359130859375,-77.41332244873047,130.95606994628906,-17.177175521850586,-1.629597544670105,24.903148651123047,-1.862850546836853,-3.794874668121338,0.3051692843437195,2.756309747695923
0.37422328753187156,-0.3385977191443475,1.1646244810117001,0.35663711758244104,-0.21094512825967462,1.0508776046582406,0.05700001776810512,-0.5071911732882064,0.09123192663421693,0.48751535024863984,-0.4273681950490207,0.69636708340108,0.2338767209096459,-0.24194032698869708,1.2912640701856046,0.057489145016729325,-0.6132946038088262,0.9711454350822019,0.29564323606870024,-0.14223062271708686,1.3216421785733559,-0.12178678958621247,-0.6315606033170459,0.7050561070047465,-0.03958587539659832,-0.6149380329428918,0.8458033596837756,0.13247582005546582,-0.5549164331511947,0.09724212951020689,0.2898333242397434,-0.2495639598034076,0.4072742638801108,0.15156804123856377,-0.47559544029614786,0.028124519327766467,0.13228747855551184,-0.6455283802471413,0.9259274278255487,0.38039704752678893,-0.22752669483225868,0.3166805447529484,0.5863406077915468,-0.5983240217562543,0.7722345322173163,0.24809238857386115,-0.36559037933286453,1.095525620788928,0.32720497704499596,-0.2969939902128763,0.4530251712001713,0.20943582413212344,-0.28631401496217745,0.33648613993300514,0.07464520102798544,-0.334924394721227,0.06362979839377056,0.1351472282942556,-0.4818031213536168,1.026481843152583,-0.04977937045180248,-0.6638858955822242,0.7233330313338348,-0.11256222296136109,-0.7015804646425688,0.7719579946915833,1.2802636654961186,0.0868634236174704,0.17925099278522644,0.7780158267115914,-0.41019483167209375,0.8145207478510623,0.5614266521883325,-0.36325951611364127,1.11255234598324,0.3811611589414393,-0.3339414231429827,1.303332824185984,0.628670860205265,0.059835643760415905,1.257056047190104,0.4359286188684551,-0.2307403721162026,1.3301720437624598,0.6166278919242073,0.41584745128423173,1.2361625484283396,0.6276561619824919,0.2406665858448736,1.2596365923913109,1.1823937288972712,0.027665538219920103,0.16512726523623564,1.038869713710633,-0.13498310251346485,0.5062973134170305,1.1748811496014624,0.13665543146283426,0.1529248299582905,0.6904977439649845,0.051355917426134594,1.189184976729336,0.9136408729269013,-0.09769641121985106,0.4552665657752398,0.683952536803997,-0.5834664355050649,0.8039564373872139,0.4589307178922046,-0.21080069663311476,1.2011528042768012,0.9844391867025007,-0.22519416993619587,0.5730707923702847,1.1413779700828701,-0.059129376161769484,0.39663831988312553,1.2734791593046375,0.26277356589866796,0.17413841390254484,0.5460954752584166,-0.10067567004766687,1.2381871551867352,0.6462772962273349,0.3309901108015452,1.1890268187649202,0.6865347088962199,0.3367445921858415,1.2696353165519159,0.4578528259171554,-0.25076408689187857,0.873114474956563,0.5752928470144207,-0.5368702301126442,0.922217738549441,1.2259814739227295,-19.548635482788086,4.218119144439697,-0.6520119309425354,-0.5213990807533264,-2.5079591274261475,883.745849609375,-17.21257972717285,-1387.4693603515625,-76.85453033447266,130.78924560546875,-17.115726470947266,-1.6255805492401123,24.849397659301758,-2.3359835147857666,-3.764575481414795,0.32971906661987305,2.744447946548462
0.37595026954909816,-0.33809034156286166,1.164120505187685,0.3581504831152246,-0.21054601681646923,1.0502353766501344,0.057228047092328004,-0.5070582766406584,0.09139671847717651,0.48895162580818524,-0.426723209931361,0.6959331659291754,0.23547713870540354,-0.24158315733075142,1.2905398826330703,0.05915047088329558,-0.6135261613406883,0.9727377947789944,0.29701562206081994,-0.14176865810195344,1.3208875636391293,-0.12151818463443131,-0.6332446021946849,0.7078154579495751,-0.038540468464870754,-0.6159497136311815,0.8480145020398082,0.13272637486556507,-0.5547798868046692,0.09729331951366355,0.2912721783909576,-0.24910356713742612,0.4064417060538633,0.15126417404571119,-0.47524562458328856,0.027902856521579807,0.13387185949462135,-0.6457853468246018,0.9272515148121789,0.3815831501061553,-0.22744407080459278,0.31557092716954405,0.5878407927538385,-0.5978106043196671,0.7714412384080571,0.24984830040608016,-0.36519541843048,1.0953073529218207,0.3286247099472197,-0.29652288151497874,0.4522471009994185,0.21061281238170645,-0.28591986730793456,0.3358937680030501,0.07468189389155006,-0.33484699730052064,0.0635987709936322,0.13680975047859129,-0.48176928229679333,1.027209323368325,-0.04934081151489392,-0.6654127987212692,0.725729792619383,-0.1118226903089822,-0.7030073184248627,0.7748682329196803,1.2843902055790881,0.0859540336771517,0.17906933100215647,0.779531403882614,-0.4097707822721526,0.8137368163130931,0.5631727951251907,-0.36284566206845226,1.1118804046649806,0.3829458518237467,-0.3333702055823724,1.302743596154333,0.6309048726858681,0.05963618473600079,1.2569911063506902,0.43751387752049803,-0.23000229983929768,1.3295249362655033,0.6206130260071216,0.4158517555487866,1.2374979018770307,0.6306321542981443,0.24041117634007475,1.2602815576736501,1.1864777817236665,0.027010844952568728,0.1646870698853834,1.0416648674090176,-0.13550356148883994,0.5055194316518228,1.1791315414258186,0.1359513817194677,0.1524975176481222,0.6928394424007428,0.05112617482610097,1.1892574946611922,0.9167257413169405,-0.09784203966376402,0.4541632558237638,0.6854789837306698,-0.5829356026570529,0.8030550609163891,0.46059179705697173,-0.2103340459235062,1.2004415493532523,0.9868498128770992,-0.22555282724318124,0.5722708140580071,1.144686025499508,-0.059783765700775246,0.39609783715167585,1.2779556737830307,0.26191350640050626,0.1739946326228562,0.5478389007563622,-0.10046883972225995,1.2377336404181474,0.6499260431093884,0.3310267466385633,1.1901031229274952,0.6899847653725288,0.33615553275441495,1.2708041723200816,0.4592986323482153,-0.2503744269789055,0.8724303547514985,0.5768796726567855,-0.5364206030668802,0.9215005727003742,1.2170970439910889,-19.499736785888672,4.2041449546813965,-0.6130208969116211,-0.44732585549354553,-2.491678476333618,883.8993530273438,-16.592029571533203,-1384.2366943359375,-76.29096984863281,130.6050262451172,-17.016386032104492,-1.6701526641845703,24.888216018676758,-2.7051188945770264,-3.7687268257141113,0.32441261410713196,2.7894015312194824
0.37767725156632465,-0.3375829639813758,1.1636165293636702,0.359663848648008,-0.21014690537326386,1.0495931486420285,0.057456076416550865,-0.5069253799931103,0.09156151032013607,0.4903879013677305,-0.42607822481370133,0.6954992484572707,0.23707755650116105,-0.24122598767280581,1.2898156950805362,0.06081179674986169,-0.6137577188725503,0.9743301544757867,0.2983880080529395,-0.14130669348682004,1.3201329487049027,-0.12124957968265018,-0.6349286010723239,0.7105748088944035,-0.037495061533143276,-0.6169613943194711,0.8502256443958407,0.13297692967566432,-0.5546433404581437,0.0973445095171202,0.29271103254217173,-0.24864317447144468,0.40560914822761596,0.1509603068528586,-0.47489580887042926,0.027681193715393168,0.1354562404337307,-0.6460423134020622,0.928575601798809,0.38276925268552153,-0.2273614467769269,0.31446130958613977,0.58934097771613,-0.5972971868830801,0.770647944598798,0.251604212238299,-0.3648004575280954,1.0950890850547135,0.33004444284944334,-0.2960517728170812,0.4514690307986658,0.21178980063128935,-0.2855257196536917,0.3353013960730951,0.07471858675511467,-0.3347695998798143,0.06356774359349383,0.13847227266292686,-0.4817354432399699,1.0279368035840672,-0.048902252577985396,-0.666939701860314,0.7281265539049311,-0.11108315765660336,-0.7044341722071564,0.777778471147777,1.2885167456620572,0.08504464373683306,0.17888766921908653,0.7810469810536365,-0.4093467328722114,0.812952884775124,0.5649189380620487,-0.3624318080232633,1.1112084633467214,0.38473054470605395,-0.3327989880217622,1.302154368122682,0.6331388851664712,0.05943672571158569,1.2569261655112764,0.4390991361725408,-0.22926422756239284,1.328877828768547,0.6245981600900357,0.41585605981334156,1.2388332553257215,0.6336081466137966,0.2401557668352759,1.2609265229559892,1.1905618345500615,0.026356151685217412,0.16424687453453118,1.0444600211074018,-0.13602402046421502,0.5047415498866151,1.1833819332501743,0.13524733197610114,0.15207020533795393,0.6951811408365007,0.050896432226067365,1.1893300125930484,0.9198106097069795,-0.09798766810767696,0.453059945872288,0.6870054306573424,-0.5824047698090409,0.8021536844455643,0.4622528762217388,-0.2098673952138977,1.1997302944297032,0.9892604390516974,-0.22591148455016657,0.5714708357457294,1.1479940809161455,-0.06043815523978095,0.39555735442022616,1.2824321882614234,0.2610534469023446,0.17385085134316755,0.5495823262543077,-0.10026200939685305,1.2372801256495596,0.6535747899914417,0.33106338247558137,1.19117942709007,0.6934348218488374,0.3355664733229884,1.2719730280882475,0.460744438779275,-0.24998476706593245,0.8717462345464341,0.5784664982991502,-0.5359709760211162,0.9207834068513076,1.1550861597061157,-19.40389633178711,4.260494232177734,-0.5623720288276672,-0.4010618329048157,-2.454712390899658,883.7368774414062,-16.335657119750977,-1381.7598876953125,-75.76797485351562,130.41610717773438,-16.860559463500977,-1.6358472108840942,24.902223587036133,-2.5919346809387207,-3.771507978439331,0.3263038396835327,2.839888572692871
0.37940877478643753,-0.33699034494872127,1.163070419371523,0.36120452968687405,-0.2097324887105566,1.048963758921781,0.05771755443158133,-0.5068350101740945,0.09168309671495924,0.4920349331288937,-0.42534736657379485,0.6948157355485374,0.23867770540990568,-0.24086135319921356,1.2891196766436495,0.06255095793760762,-0.614005392553001,0.975957375587217,0.2998254732383007,-0.1408488859502685,1.3193475013931857,-0.120869538136172,-0.6364868803332183,0.7133883811188059,-0.03643570662112233,-0.6178642739325959,0.8524219168732496,0.13325308850466808,-0.5544560726312612,0.09740451517336021,0.2941463442136909,-0.24823577388726326,0.40485717968040746,0.150932625034787,-0.4747420672746684,0.027559603293062444,0.1370466435883218,-0.6463438725432024,0.9299237093586006,0.3839525212811318,-0.2271437304994918,0.31342586213784507,0.590858559241358,-0.5967596635123752,0.7698515777951045,0.2533831032400099,-0.3644087744864407,1.0949001130678795,0.3314804028694992,-0.2955662637258208,0.45068892900714813,0.21293454804759937,-0.2851461260425334,0.3347351360597358,0.0747577870967767,-0.33469227928396883,0.0635387029696182,0.1401031003241112,-0.48168139070864546,1.0286813901354934,-0.048423852481638774,-0.6683325370810679,0.7305898625921728,-0.11026105108294665,-0.7057489982701295,0.7807978860392475,1.2925869475137317,0.0840311774502922,0.17869139790831023,0.782619681776754,-0.40888782205763247,0.8121634730637468,0.5666333950118513,-0.36196876045883886,1.1105521601556942,0.3865744780921777,-0.3322239462903004,1.301594299393774,0.635458582975217,0.05922433556927159,1.2568673706607314,0.4406391876620172,-0.22856187884578644,1.3282387110571199,0.6286193677131702,0.4157990834472195,1.240167277143491,0.6366776945377816,0.23984704087704223,1.261609627513696,1.1945372740953961,0.02559529766378718,0.1638524454605106,1.0473163956837936,-0.1365861441224616,0.5039922981862202,1.1876562944311178,0.13453828434873105,0.15166390035918217,0.6975439063563251,0.050588074319113975,1.1893847754459508,0.9228346669516025,-0.09811944673639654,0.4520574130660651,0.6885608661648452,-0.5818956186439818,0.8013437637035421,0.4639305922369293,-0.2093373938704169,1.1990864405174129,0.9916795842497553,-0.2262466334497297,0.5707190693016874,1.1512410861766889,-0.061195889154806796,0.39498875378970283,1.2869904443917684,0.2600991147638157,0.1736922770097161,0.5513633788618819,-0.10008971398042528,1.2368287961214584,0.6572416504684662,0.3309670856950299,1.192199461310115,0.6969145156492459,0.3349226975184403,1.2731190412644517,0.4622128402555225,-0.24959576016427668,0.8711127333885786,0.5801167300600089,-0.5355163980398747,0.9200905859470367,1.0470210313796997,-19.347740173339844,4.147747993469238,-0.5485580563545227,-0.45288053154945374,-2.450787305831909,883.2169799804688,-15.921443939208984,-1379.3697509765625,-75.24402618408203,130.2032470703125,-16.69380760192871,-1.6181267499923706,24.85429573059082,-2.3034932613372803,-3.749401330947876,0.34518036246299744,2.8375675678253174
0.381141032998925,-0.33638392961183133,1.1625174899764408,0.36274963173250485,-0.20931559490249646,1.0483364470747134,0.05798444610755175,-0.5067515233099855,0.09179769032048864,0.4937160757203765,-0.42460260979387143,0.6940918256904905,0.240277810799365,-0.24049551054736637,1.288428217369989,0.06430271674959073,-0.614255674627443,0.9775902390085308,0.3012734714722791,-0.14039175123568404,1.3185570638700825,-0.1204714606090492,-0.6380248119104777,0.7162107290416364,-0.03537409423252211,-0.6187495441231506,0.8546157826651011,0.13353339133673156,-0.5542605955474424,0.09746594764045532,0.29558108253589527,-0.2478369500562055,0.4041182544847198,0.15094964373980138,-0.47462006021809106,0.027454209557136164,0.1386380214367481,-0.646652648977886,0.9312757046412158,0.3851353311972902,-0.2269041495804755,0.3124024191044814,0.5923789563952692,-0.5962182386032003,0.76905471362815,0.2551657134136617,-0.3640176219655978,1.094715882610801,0.3329189892438863,-0.2950784239350565,0.44990849840325237,0.21407407729436229,-0.284768887999042,0.3341731022525307,0.0747973932730441,-0.33461497112220484,0.06350998390490646,0.14172879823588375,-0.48162406663231505,1.0294287453424062,-0.04793900410515189,-0.6697036734479942,0.7330639419571453,-0.1094255799439964,-0.7070456926791083,0.783834971142131,1.2966480310389537,0.08300086643719516,0.1784927620496971,0.7842016279302685,-0.4084232689331699,0.8113731743878876,0.5683427235938066,-0.36149775093754394,1.10989838799104,0.3884279995367227,-0.33164828561789156,1.3010389500895874,0.637792148929558,0.059009852529262864,1.2568095705367082,0.44217192238529784,-0.22786531197708965,1.3276008864901714,0.6326464138283634,0.4157321888287336,1.2415010834371807,0.639762384409936,0.23952968566622956,1.2622989049020983,1.1984951346125823,0.024817261554991574,0.16346542364516795,1.050182678841597,-0.13715501119758908,0.5032476802535405,1.1919345350454975,0.13382842781527943,0.1512609954109255,0.6999100815776168,0.0502669925474568,1.189436664644456,0.9258488819299154,-0.0982489837765299,0.45107119101167514,0.6901209934657773,-0.5813899766530423,0.8005486450447942,0.46561100092155255,-0.20879713924515328,1.1984534954393147,0.994100108249298,-0.22657797752034584,0.5699751059345852,1.154478210487113,-0.06197034932722318,0.39441560228534095,1.291561930384857,0.2591295246256898,0.1735313084247886,0.5531505214062747,-0.0999230080290346,1.2363778202738982,0.6609114426256015,0.33084927380874457,1.1932103882562246,0.7003990062419941,0.33427006588471647,1.2742613573737491,0.4636848987333032,-0.24920685895231387,0.8704874249088843,0.5817772240828204,-0.5350610187511571,0.9194017052650452,0.9968231916427612,-19.352140426635742,4.099442005157471,-0.5734763741493225,-0.5625206232070923,-2.4869728088378906,882.459228515625,-15.156384468078613,-1375.931640625,-74.72240447998047,129.90003967285156,-16.611967086791992,-1.660918116569519,24.871824264526367,-2.1423325538635254,-3.7259228229522705,0.366434782743454,2.795680284500122
0.38287329121141234,-0.3357775142749414,1.1619645605813589,0.3642947337781356,-0.20889870109443637,1.0477091352276455,0.05825133778352215,-0.5066680364458767,0.09191228392601802,0.4953972183118592,-0.4238578530139481,0.6933679158324438,0.24187791618882415,-0.2401296678955192,1.2877367580963286,0.0660544755615737,-0.614505956701885,0.9792231024298446,0.30272146970625735,-0.13993461652109956,1.3177666263469798,-0.12007338308192644,-0.6395627434877369,0.7190330769644666,-0.03431248184392198,-0.6196348143137054,0.8568096484569523,0.13381369416879502,-0.5540651184636236,0.09752738010755042,0.2970158208580995,-0.24743812622514785,0.4033793292890322,0.15096666244481574,-0.4744980531615137,0.02734881582120989,0.14022939928517428,-0.6469614254125696,0.932627699923831,0.38631814111344853,-0.22666456866145926,0.3113789760711178,0.5938993535491803,-0.5956768136940256,0.7682578494611956,0.2569483235873133,-0.3636264694447549,1.0945316521537225,0.3343575756182733,-0.29459058414429234,0.44912806779935666,0.21521360654112512,-0.2843916499555506,0.33361106844532573,0.0748369994493115,-0.3345376629604409,0.06348126484019473,0.1433544961476562,-0.4815667425559846,1.0301761005493189,-0.04745415572866504,-0.6710748098149204,0.7355380213221175,-0.10859010880504623,-0.7083423870880872,0.7868720562450142,1.3007091145641754,0.08197055542409822,0.17829412619108398,0.7857835740837829,-0.4079587158087074,0.8105828757120285,0.5700520521757617,-0.3610267414162491,1.1092446158263858,0.39028152098126745,-0.33107262494548273,1.3004836007854008,0.6401257148838989,0.05879536948925416,1.2567517704126852,0.44370465710857837,-0.22716874510839288,1.3269630619232229,0.6366734599435564,0.41566529421024767,1.2428348897308703,0.6428470742820902,0.2392123304554169,1.2629881822905002,1.2024529951297682,0.024039225446196036,0.16307840182982536,1.0530489619994003,-0.13772387827271654,0.5025030623208608,1.1962127756598766,0.13311857128182789,0.15085809046266888,0.7022762567989083,0.04994591077579964,1.1894885538429614,0.9288630969082281,-0.09837852081666323,0.4500849689572853,0.6916811207667091,-0.5808843346621028,0.7997535263860464,0.4672914096061756,-0.2082568846198897,1.1978205503612165,0.9965206322488405,-0.22690932159096197,0.5692311425674831,1.1577153347975369,-0.06274480949963951,0.39384245078097907,1.2961334163779452,0.25815993448756397,0.1733703398398611,0.5549376639506673,-0.09975630207764392,1.2359268444263383,0.6645812347827366,0.3307314619224593,1.194221315202334,0.703883496834742,0.3336174342509927,1.2754036734830465,0.46515695721108385,-0.2488179577403511,0.86986211642919,0.5834377181056318,-0.5346056394624394,0.9187128245830536,0.9946849346160889,-19.414478302001953,4.24632453918457,-0.6138063669204712,-0.6090239882469177,-2.502108573913574,882.4375,-14.998665809631348,-1372.1065673828125,-74.2396240234375,129.5790557861328,-16.665630340576172,-1.6460462808609009,24.912763595581055,-2.304083824157715,-3.735914468765259,0.36195990443229675,2.7214410305023193
0.38467110111223934,-0.33517675960300775,1.161385322248699,0.3659167852228051,-0.2085416940663824,1.0471080644241233,0.05852432825312708,-0.5065680343583719,0.09208429678781142,0.4971279490072995,-0.4231131726148113,0.6925903357417379,0.24355930770864545,-0.239779491791662,1.287026967433904,0.0678766129032665,-0.6147326625735554,0.9808986542240673,0.3041677621026702,-0.13949168014605315,1.317012749760356,-0.11958240317982555,-0.6410000561088915,0.7218958897306429,-0.03312769482862084,-0.6204555172793912,0.8590532636010884,0.13413116474025297,-0.5538677403468959,0.09754686042765118,0.2984959633145111,-0.24703303916959574,0.4025635819956167,0.1510734370607414,-0.4744388141379451,0.02724079119152581,0.14187699339247692,-0.6471591441836578,0.9340062926936623,0.38758700671574925,-0.2265276095725053,0.3103480137736592,0.595447298706762,-0.5951237449582839,0.7674453696667753,0.2587027407639863,-0.363270044721515,1.0943746472036602,0.33581698000036325,-0.29413192181397746,0.44831855308930607,0.21640218922633994,-0.28398228106119777,0.33304086189396337,0.07489472060211447,-0.33445267428625497,0.0634403545532795,0.14514926717376073,-0.4814912737994794,1.0309745799626735,-0.04686653806476405,-0.672365729382496,0.7381075257497117,-0.10769921704041249,-0.7095559792013357,0.7898805919072485,1.3047733212148906,0.08084268280804555,0.178090788670723,0.7874034730014422,-0.40749658989590526,0.8097920848044339,0.5717945639660816,-0.3605455902238555,1.1085845295167127,0.39212076770548787,-0.33047216597771806,1.2999272670177435,0.6424927865432587,0.058552164090982343,1.2567223160472136,0.445300202298638,-0.22641950095726165,1.3263972729247138,0.6407603376748545,0.41554162320711757,1.2441505683178933,0.6459936835118476,0.23887253626687638,1.263601112839402,1.206392761887304,0.023207306935889852,0.16268885944852768,1.0558572976004998,-0.13821718353309378,0.5017910165502536,1.200359878950561,0.13225240571214666,0.15043987116671556,0.7046724072355308,0.049584392803591615,1.1895716064023656,0.9319520801897869,-0.09846040685445268,0.4491033297500863,0.6932621933766547,-0.58036611530165,0.7989576439194332,0.4689755270023219,-0.2077624457364051,1.1971023303783492,0.9989636631201434,-0.22715187724062938,0.5684609381568353,1.1609912266004954,-0.06350562933659709,0.39334202227213527,1.3005578438967267,0.25709635354825205,0.1731684608569998,0.5567518622669952,-0.09965682394851912,1.235568204462923,0.6683269494416697,0.33057324460010656,1.195283128725772,0.7073728927713355,0.33291051285156353,1.276551760585103,0.4666652286684276,-0.2484431912172709,0.8692289322417304,0.5851140653850226,-0.5341501922796894,0.9180076493332717,0.9975243806838989,-19.46566390991211,4.195519924163818,-0.6312188506126404,-0.5513558983802795,-2.467376470565796,883.351318359375,-16.29717254638672,-1367.582763671875,-73.73018646240234,129.20166015625,-16.838918685913086,-1.607054352760315,24.818925857543945,-2.625239610671997,-3.752373695373535,0.33931899070739746,2.6974165439605713
0.38647996333261186,-0.33457695934551446,1.1608016481067962,0.3675518106940565,-0.2081947842279807,1.046511417982594,0.05879834700770526,-0.5064652477273878,0.09226599080327724,0.4988670404877093,-0.4223685050938304,0.6918037066001766,0.24525440444812066,-0.23943195714066362,1.2863140860140718,0.06971061639241022,-0.6149553933877818,0.9825814034765129,0.3056137668869352,-0.13905113767709168,1.3162650375176739,-0.11907575950519932,-0.6424204039060516,0.7247655250576156,-0.03192213999835278,-0.6212653339106515,0.8613052667174117,0.13445490196544602,-0.5536700417071778,0.09755926742064243,0.2999837611191319,-0.24662689610526264,0.4017348821392123,0.15119534494071607,-0.4743901580966861,0.027132322980917455,0.14353406582249698,-0.6473381381161165,0.9353893699235473,0.38887038170699245,-0.22640795300141076,0.30931578369330104,0.5969998885858926,-0.5945687130192258,0.7666302570049337,0.2604524044702383,-0.36291947526647556,1.094222232600711,0.3372798943953797,-0.29367817893920356,0.44750413466368294,0.2175990425494332,-0.2835674947559439,0.3324692773799234,0.07495549602421703,-0.3343663906419514,0.06339738876959741,0.14697254471332807,-0.48141274576550286,1.0317816791550212,-0.0462615930210084,-0.6736431240245995,0.7406931192867012,-0.10679898110051825,-0.7107555598810018,0.792884314001001,1.3088380544390896,0.07969836085195976,0.1778866584283232,0.7890297709316606,-0.4070348732222785,0.8090012109042793,0.573542670599672,-0.36006272909854425,1.1079233786128215,0.3939576076454673,-0.3298675259020155,1.2993707672649661,0.6448655074203249,0.05830411596951502,1.256697640908475,0.44690633762553816,-0.22566137517130144,1.3258436294580926,0.6448573032949142,0.41540837944146025,1.2454631904892572,0.6491507326332936,0.23852895876232363,1.264201170956062,1.2103294779528053,0.022366303602073232,0.16229889208808643,1.058655862974015,-0.13869774872005378,0.5010844625976701,1.2044848718785288,0.1313598857119384,0.15001906980051113,0.7070736116328774,0.04921605709989539,1.1896599132493633,0.9350536697550322,-0.09853425871161435,0.4481224632322394,0.6948467974631201,-0.5798457753381983,0.7981616326712615,0.4706602697044807,-0.20727573160008092,1.1963697326499105,1.0014104887547082,-0.2273794627495554,0.5676863093841945,1.1642736547830086,-0.06426414934955285,0.3928538551985823,1.304957476672747,0.25601692532269377,0.17295968419076593,0.5585706223123119,-0.0995686807429159,1.2352251327590438,0.6720854649875335,0.3304082147333006,1.196353521962829,0.7108631157717166,0.332194437945126,1.27770082070338,0.468179605802558,-0.24807080786847913,0.8685944201733103,0.5867930855972087,-0.5336947336496897,0.9172997267435719,0.9982149004936218,-19.430042266845703,4.088676929473877,-0.6529479026794434,-0.5123671889305115,-2.4244563579559326,884.6080322265625,-18.10979461669922,-1363.8555908203125,-73.31819915771484,128.86871337890625,-17.018657684326172,-1.681595802307129,24.646602630615234,-2.66593861579895,-3.7465174198150635,0.32113930583000183,2.742802381515503
0.3882888255529845,-0.3339771590880211,1.1602179739648932,0.3691868361653081,-0.20784787438957897,1.045914771541065,0.05907236576228346,-0.5063624610964036,0.09244768481874308,0.5006061319681192,-0.4216238375728494,0.6910170774586154,0.24694950118759604,-0.23908442248966522,1.2856012045942395,0.07154461988155408,-0.6151781242020082,0.9842641527289586,0.30705977167120035,-0.13861059520813016,1.3155173252749917,-0.11856911583057304,-0.6438407517032118,0.7276351603845885,-0.030716585168084606,-0.6220751505419119,0.8635572698337352,0.13477863919063907,-0.5534723430674597,0.09757167441363367,0.3014715589237528,-0.24622075304092952,0.40090618228280783,0.15131725282069072,-0.4743415020554271,0.02702385477030909,0.14519113825251717,-0.6475171320485753,0.9367724471534324,0.3901537566982357,-0.2262882964303162,0.30828355361294274,0.5985524784650234,-0.5940136810801677,0.765815144343092,0.2622020681764905,-0.36256890581143614,1.094069817997762,0.3387428087903963,-0.29322443606442966,0.44668971623805975,0.21879589587252657,-0.28315270845069,0.3318976928658833,0.0750162714463196,-0.3342801069976478,0.06335442298591532,0.1487958222528956,-0.48133421773152635,1.032588778347369,-0.04565664797725269,-0.6749205186667031,0.7432787128236908,-0.10589874516062392,-0.711955140560668,0.7958880360947538,1.312902787663289,0.07855403889587388,0.17768252818592337,0.7906560688618792,-0.40657315654865167,0.8082103370041247,0.5752907772332626,-0.35957986797323294,1.1072622277089303,0.39579444758544685,-0.32926288582631297,1.2988142675121888,0.6472382282973914,0.058056067848047684,1.2566729657697362,0.44851247295243846,-0.22490324938534115,1.3252899859914717,0.6489542689149741,0.41527513567580293,1.2467758126606214,0.6523077817547399,0.2381853812577709,1.2648012290727224,1.214266194018307,0.02152530026825654,0.16190892472764515,1.0614544283475307,-0.1391783139070138,0.5003779086450868,1.2086098648064971,0.1304673657117301,0.14959826843430665,0.7094748160302243,0.04884772139619914,1.1897482200963607,0.9381552593202779,-0.09860811056877604,0.44714159671439246,0.6964314015495855,-0.5793254353747462,0.7973656214230898,0.4723450124066396,-0.20678901746375672,1.1956371349214718,1.0038573143892728,-0.22760704825848144,0.5669116806115536,1.1675560829655223,-0.06502266936250867,0.3923656881250293,1.3093571094487675,0.2549374970971354,0.17275090752453204,0.5603893823576288,-0.09948053753731267,1.2348820610551645,0.6758439805333976,0.3302431848664947,1.197423915199886,0.7143533387720978,0.33147836303868833,1.2788498808216575,0.46969398293668857,-0.24769842451968732,0.8679599081048902,0.5884721058093948,-0.5332392750196899,0.9165918041538719,0.9993033409118652,-19.31570053100586,4.213374137878418,-0.7084082365036011,-0.5484380125999451,-2.4119553565979004,885.314208984375,-19.019906997680664,-1360.610107421875,-72.91446685791016,128.572509765625,-17.105743408203125,-1.7531108856201172,24.6414852142334,-2.4397354125976562,-3.7446658611297607,0.31663182377815247,2.7851884365081787
0.3895827778029126,-0.33367756196599924,1.1598575875064394,0.3703195234106866,-0.20757253068369746,1.0454868058495175,0.05927686023815776,-0.5062284560393024,0.09259182391133135,0.5017430875080311,-0.42113447771561857,0.6906401353166592,0.2481228494338247,-0.23885042166078327,1.2851346956183578,0.07286796163742905,-0.6153485599337825,0.9855079202857239,0.30810653497249085,-0.13826097851458766,1.3150090667980396,-0.11815351605514028,-0.6448167009858896,0.7297061439973629,-0.029866376709785092,-0.6226631644743168,0.8651850394263173,0.13500136793251857,-0.5533336894401651,0.09758411726562788,0.30249540872921216,-0.24595138887005136,0.40029451798721655,0.15160655896395248,-0.4745254317261525,0.026981774230321116,0.14637805274780222,-0.647677816795987,0.9378327764817421,0.39103713927679506,-0.22622546583216713,0.30747082281783716,0.5997134880316968,-0.5936222336939628,0.7652545884152911,0.2634841895458714,-0.362321703096494,1.093967150378701,0.33983085738704694,-0.2928864544886627,0.44609454397531534,0.21965748439265403,-0.282888352772258,0.33146501347323915,0.07507250332181027,-0.3342226033672592,0.06331878298560516,0.150161142356151,-0.4812700839232135,1.0331625324606106,-0.04520551274401068,-0.675814652285039,0.7451650979897834,-0.1051754712910447,-0.7127568972426535,0.7980339602129349,1.315808659160374,0.0777838592300352,0.17752932616515665,0.7918248227889965,-0.4061908190514868,0.8076326427672873,0.5765722443331156,-0.35925093056350355,1.106782346174417,0.3971061682859004,-0.3288311030197617,1.2984197323290718,0.6489718658047796,0.05787091430844061,1.2566613854951416,0.44969781764493083,-0.22435738358473936,1.3248920634092873,0.6519062776636604,0.4151410566063117,1.2477282923183695,0.6546024935727088,0.23795891081951312,1.2652540037174098,1.217144791061515,0.02091904947941272,0.16162010084911688,1.0634271397890633,-0.13949262410007565,0.4999187818130121,1.2116382978609856,0.1298307566502631,0.14930519261798322,0.7112089079736874,0.0485791370013593,1.1898128684388092,0.9403014806722173,-0.09866515088160306,0.4464547908957431,0.6975918737863073,-0.5789215992025981,0.7967395059122945,0.4735717639228366,-0.20641046673651564,1.1951855705273862,1.0056188027590316,-0.2277826044634478,0.5664809945205979,1.1698827548137565,-0.06559428381456049,0.39207397776328967,1.312571015776388,0.25415126895470336,0.17256718997331644,0.5617247630428794,-0.09937113627100623,1.2346338258673812,0.6784758315181101,0.33010537409229784,1.1981704467969225,0.716878541159314,0.3309611410692038,1.2796687006160914,0.4707853588343456,-0.24741866708492602,0.8674922880550094,0.5896601361154721,-0.5329127400521411,0.9161064942546239,0.9974028468132019,-19.272602081298828,4.2913336753845215,-0.7319944500923157,-0.5708518624305725,-2.43296217918396,884.8358154296875,-18.148279190063477,-1357.5775146484375,-72.39983367919922,128.3203125,-17.026939392089844,-1.7192058563232422,24.77069664001465,-2.321744918823242,-3.759465217590332,0.32096219062805176,2.8071274757385254
0.3907863949703064,-0.33343063206072676,1.1595363743257838,0.3713640811427539,-0.2073097424396616,1.0450884332720018,0.05946915747215415,-0.5060889740653386,0.09272937442095863,0.5027744051636449,-0.42068990867658956,0.6903350680869147,0.24920466285667667,-0.23863633904630777,1.284711409878257,0.07410171361553741,-0.6155098210896878,0.9866746735099136,0.30908325590834707,-0.13792731371146955,1.3145428177536718,-0.11775388889360114,-0.6457146856169037,0.7316370132743127,-0.02907850972025209,-0.6232122656525365,0.8667032943656112,0.13520637588785184,-0.5532053945869799,0.09759656640867524,0.3034378641488536,-0.2457060209962706,0.39972093010580306,0.15192523322358034,-0.47475016590775243,0.02695134065009111,0.147482483394888,-0.6478352894056711,0.9388364833711788,0.39185034774786587,-0.22617260470295583,0.3066966006692672,0.600805799297939,-0.5932594853521183,0.7647386915636378,0.2646842859438712,-0.3620926348973584,1.093873210300673,0.34085314005415956,-0.29256878191272156,0.4455378359516725,0.22046025452629617,-0.28265038843186485,0.3310567034001382,0.07512793808386026,-0.33417014886211877,0.06328442821044795,0.15144611904952693,-0.4812084754176487,1.0336953488406755,-0.044781361688051816,-0.6766415471272752,0.7469288150206306,-0.10448324339871379,-0.7134888602408352,0.8000293934582084,1.3185112215825263,0.07707931856248557,0.17738505892011505,0.7929133058383764,-0.40582240772563105,0.8070923484713827,0.5777718448481022,-0.3589489973144026,1.1063342662836542,0.3983257628039808,-0.3284296460499037,1.2980536119827373,0.6505933834227504,0.05769679490600202,1.2566521025651338,0.45080933941910595,-0.22384875637806018,1.324521460280513,0.6546574167857895,0.41500683099228813,1.2486175890789917,0.6567459181444534,0.2377529854806054,1.265680939156488,1.219837753188531,0.02035398334758174,0.16134902144109967,1.0652549645758622,-0.1397777667503483,0.49950306324769334,1.2144743519903016,0.12923904424471575,0.149034524792867,0.712825962644539,0.04832805283614343,1.1898733661664243,0.9422800935656818,-0.09871924180068717,0.44581957467344424,0.6986779369265828,-0.5785382022920823,0.7961431966712144,0.4747181661081629,-0.2060508920459558,1.1947833102270469,1.0072600565209293,-0.22794903272035105,0.5661106492509905,1.1720417501121165,-0.06613310781733087,0.39181673349134183,1.315576899920078,0.25341647942334616,0.17238786875806897,0.562975340331627,-0.09925800552036589,1.2344022286648781,0.6809100220534974,0.3299723385975061,1.1988601605623763,0.7192344416845712,0.33047880557988657,1.280429583511605,0.4718025239887616,-0.24715515981052097,0.8670539473066267,0.5907620278415301,-0.5326088232709872,0.9156602392133498,1.030280590057373,-19.365863800048828,4.196413516998291,-0.6743239164352417,-0.5157800316810608,-2.4560933113098145,883.7308349609375,-16.64728546142578,-1355.0733642578125,-71.94288635253906,128.11642456054688,-16.90517807006836,-1.691640019416809,24.838546752929688,-2.3560049533843994,-3.7613956928253174,0.320235013961792,2.809861660003662
0.39199001213770035,-0.3331837021554543,1.1592151611451282,0.3724086388748213,-0.20704695419562574,1.044690060694486,0.059661454706150564,-0.5059494920913746,0.09286692493058593,0.5038057228192588,-0.42024533963756056,0.69003000085717,0.2502864762795287,-0.23842225643183224,1.2842881241381563,0.07533546559364589,-0.6156710822455931,0.9878414267341032,0.3100599768442034,-0.13759364890835143,1.3140765687093041,-0.11735426173206197,-0.6466126702479179,0.7335678825512627,-0.02829064273071902,-0.6237613668307563,0.8682215493049052,0.1354113838431851,-0.5530770997337948,0.0976090155517226,0.3043803195684951,-0.24546065312248982,0.3991473422243895,0.15224390748320826,-0.47497490008935234,0.0269209070698611,0.14858691404197388,-0.6479927620153554,0.9398401902606156,0.3926635562189367,-0.22611974357374456,0.30592237852069715,0.6018981105641813,-0.5928967370102737,0.7642227947119845,0.2658843823418712,-0.3618635666982228,1.093779270222645,0.34187542272127225,-0.2922511093367804,0.44498112792802963,0.22126302465993836,-0.28241242409147177,0.3306483933270372,0.07518337284591024,-0.33411769435697836,0.06325007343529077,0.152731095742903,-0.4811468669120839,1.0342281652207406,-0.044357210632092914,-0.6774684419695115,0.748692532051478,-0.10379101550638282,-0.714220823239017,0.8020248267034821,1.3212137840046787,0.07637477789493587,0.17724079167507342,0.7940017888877565,-0.40545399639977525,0.8065520541754779,0.578971445363089,-0.35864706406530167,1.1058861863928915,0.39954535732206126,-0.3280281890800457,1.2976874916364025,0.6522149010407214,0.05752267550356341,1.256642819635126,0.4519208611932811,-0.22334012917138094,1.3241508571517389,0.6574085559079189,0.41487260537826465,1.249506885839614,0.658889342716198,0.23754706014169763,1.2661078745955663,1.2225307153155471,0.019788917215750716,0.16107794203308246,1.067082789362661,-0.140062909400621,0.49908734468237453,1.217310406119618,0.12864733183916832,0.14876385696775077,0.7144430173153908,0.04807696867092753,1.1899338638940393,0.9442587064591464,-0.09877333271977128,0.4451843584511454,0.6997640000668582,-0.5781548053815665,0.7955468874301342,0.47586456829348933,-0.20569131735539595,1.1943810499267073,1.0089013102828273,-0.22811546097725433,0.5657403039813831,1.174200745410477,-0.06667193182010128,0.39155948921939393,1.3185827840637687,0.25268168989198886,0.1722085475428215,0.5642259176203747,-0.09914487476972556,1.234170631462375,0.6833442125888849,0.32983930310271437,1.1995498743278301,0.7215903422098285,0.32999647009056926,1.281190466407119,0.4728196891431777,-0.2468916525361159,0.866615606558244,0.5918639195675881,-0.5323049064898333,0.9152139841720758,1.0921711921691895,-19.392637252807617,4.193253517150879,-0.5982483625411987,-0.4566599130630493,-2.459638833999634,883.5347900390625,-15.567651748657227,-1352.197998046875,-71.49082946777344,127.8794937133789,-16.8240966796875,-1.743874430656433,24.784954071044922,-2.468332052230835,-3.7283973693847656,0.28579410910606384,2.781348705291748
0.39372866240558235,-0.33283194652851056,1.158759101337155,0.37393879041766476,-0.20663943398275125,1.0441373476129494,0.05989254676792399,-0.5057501025152522,0.09303457393551504,0.5054617336648978,-0.41959481829444306,0.6893010340779033,0.25190691709123686,-0.23810515991899353,1.2836701009447211,0.07714227799153472,-0.6158677746128562,0.9895186611753425,0.3115243718324117,-0.13713679270239068,1.3134108177873474,-0.11671611977531425,-0.6477602335396191,0.7363607603193116,-0.027052002909611874,-0.6244635670785083,0.8704441673313543,0.1356889066711956,-0.5528986442168028,0.09763233773163613,0.3056843763353018,-0.24506996192087405,0.39831738973295455,0.15239011881169892,-0.47499037706694064,0.02682919705915728,0.15023096606431408,-0.6482448185121776,0.94125523136941,0.3938907411516896,-0.22596367981457555,0.30486066363110453,0.603451732176029,-0.5923622513054223,0.7634629392071276,0.2676361705491084,-0.3615074947180338,1.0936740230250832,0.3433381881540184,-0.2918292233683416,0.44418320415035784,0.22241918421936344,-0.2820735344823623,0.3300822365362913,0.07525487076367764,-0.3340585126189996,0.06320795130650729,0.1544909756507304,-0.4811157742083467,1.034997357437942,-0.0436579235120128,-0.6785656172313437,0.751166534147515,-0.1027494580145704,-0.71519546990363,0.8049401125765792,1.3250276651603494,0.07527887710178932,0.17702993153538926,0.795613150722933,-0.4049609131765682,0.8057988203124495,0.5807063390087607,-0.3582414207079553,1.1052952744313425,0.40131018483480857,-0.32740545480061845,1.297137437672015,0.6545440866457704,0.05723217895735575,1.256666250181514,0.4535077265556284,-0.22267827707410653,1.3235637075853663,0.6613067469454756,0.414634971626547,1.2507742832828042,0.6619492143589927,0.23713746405397823,1.266735318480738,1.226294934749603,0.018895901104324368,0.160710601123753,1.069755359990707,-0.140477945522362,0.4985038479234999,1.2214399678817645,0.12780885916474646,0.14835810345529724,0.7168583479148661,0.047643391538830814,1.1900710621416963,0.9471723711648522,-0.09885908860639231,0.4443659132087468,0.7013007374788751,-0.5776164808020687,0.7947760224342346,0.47753616437217244,-0.2052553189511331,1.1937214436120545,1.0111941493899614,-0.22833457890133194,0.5651990433797142,1.1772856495238295,-0.06740543036567449,0.39116055365429814,1.322774607219443,0.25155636436299783,0.1719703965925223,0.5660358450270645,-0.09899944155816212,1.2338086165339741,0.6868226005146832,0.3296214977637032,1.2005437395430558,0.7249336864379855,0.32929620413196015,1.282259124399021,0.4743010501395787,-0.2465233153460042,0.8660379735049822,0.5934948133711783,-0.5318472699219028,0.914505803229793,1.094218134880066,-19.29879379272461,4.370182514190674,-0.5670304298400879,-0.4999276101589203,-2.458101272583008,884.624755859375,-15.297008514404297,-1349.4375,-71.12226104736328,127.67121887207031,-16.76344108581543,-1.7243549823760986,24.729318618774414,-2.64517879486084,-3.678790330886841,0.24751847982406616,2.7394373416900635
0.39556487753296526,-0.3324610756229091,1.1582784518500828,0.3755574914201205,-0.20620552146967674,1.0435564900865617,0.06013071318064501,-0.5055397886116774,0.09320771148958742,0.5072316591510709,-0.41890674094293295,0.6884947679690178,0.2536255781915014,-0.23776927851880625,1.2830165668039133,0.07905358964244255,-0.6160709279657199,0.9912889833679261,0.31307769561840204,-0.1366574721817939,1.312708687111242,-0.11603448394414607,-0.6489533082341515,0.739310827871032,-0.025731163336864607,-0.6251936853918808,0.8727952280384025,0.1359796527995179,-0.5527110417552342,0.09765764264180171,0.3070543721712977,-0.24465277058300594,0.3974406884008686,0.15250488101745283,-0.4749676953779151,0.026726313111131755,0.15197341963155375,-0.6485141226590074,0.9427452804829111,0.39519341590980817,-0.22578879675229654,0.30374652359461946,0.6050894750861932,-0.5917964487873166,0.7626585971243335,0.26948856138038313,-0.3611282632248291,1.0935667139410183,0.34488127691461545,-0.2913883337812708,0.44334129397048067,0.2236397853799608,-0.2817162408536633,0.3294872959323277,0.07532929784513467,-0.3339981041503268,0.0631644127779449,0.15633745555648734,-0.4810902461508252,1.0358096534842687,-0.042908464521416396,-0.6797120789226316,0.7537700588142634,-0.10164419924285241,-0.7162143706485925,0.8080231362818092,1.329044198555662,0.07411161063868088,0.17680692798550557,0.7973198610425785,-0.40444509566619696,0.8050067562930632,0.5825388449312046,-0.3578168655073406,1.104678316621591,0.40317443718776,-0.32674236995297556,1.2965538428713943,0.6570023175896398,0.05692046069669606,1.2566956461265386,0.4551812722193484,-0.22198848396737056,1.3229370701391965,0.6654141062734931,0.41437848109677927,1.2521106284975216,0.6651762028206262,0.23669072800618135,1.2673993256707854,1.2302545011043546,0.01794308234955995,0.16032570664653717,1.0725819725074515,-0.14091666810066494,0.497889756317565,1.225805404565192,0.12692538902952974,0.14792771667044685,0.7194192464777964,0.0471765362774793,1.1902222469547727,0.9502565453186729,-0.09895061869297596,0.44351405561562407,0.7029196566698567,-0.5770499047064623,0.7939733266830444,0.47930353110199725,-0.20480538445790084,1.1930149094947917,1.0136058070012275,-0.2285633049411884,0.5646266158645517,1.1805393958328574,-0.06817442838670006,0.3907357802651576,1.3271826898420092,0.2503598234462028,0.1717215178670078,0.5679477715729088,-0.0988481178978421,1.2334228195496741,0.6904914009057922,0.3293882343942756,1.2015930676697106,0.7284570939296128,0.3285561979113036,1.28338390608497,0.4758670586130476,-0.24613586211244004,0.8654349400902426,0.5952221722594949,-0.5313616020987365,0.913749859329091,1.0272060632705688,-19.338979721069336,4.501956939697266,-0.5908207893371582,-0.5899032950401306,-2.4578750133514404,886.0563354492188,-14.71150016784668,-1346.12451171875,-70.6690902709961,127.42113494873047,-16.623065948486328,-1.630458950996399,24.73245620727539,-2.6256766319274902,-3.683738946914673,0.25755175948143005,2.714695453643799
0.397401092660348,-0.3320902047173077,1.1577978023630104,0.37717619242257616,-0.20577160895660226,1.0429756325601742,0.06036887959336601,-0.5053294747081024,0.0933808490436598,0.5090015846372439,-0.41821866359142285,0.6876885018601323,0.2553442392917657,-0.23743339711861897,1.2823630326631055,0.08096490129335021,-0.6162740813185837,0.9930593055605097,0.31463101940439225,-0.13617815166119712,1.3120065564351366,-0.11535284811297795,-0.650146382928684,0.7422608954227521,-0.024410323764117454,-0.6259238037052532,0.8751462887454504,0.13627039892784015,-0.5525234392936657,0.09768294755196728,0.3084243680072935,-0.2442355792451379,0.39656398706878265,0.15261964322320673,-0.4749450136888896,0.026623429163106237,0.1537158731987933,-0.6487834268058372,0.944235329596412,0.3964960906679266,-0.22561391369001757,0.30263238355813443,0.6067272179963572,-0.591230646269211,0.7618542550415394,0.27134095221165777,-0.3607490317316245,1.0934594048569535,0.3464243656752124,-0.29094744419420004,0.4424993837906036,0.22486038654055807,-0.2813589472249644,0.32889235532836414,0.0754037249265917,-0.33393769568165405,0.06312087424938252,0.15818393546224416,-0.48106471809330364,1.036621949530595,-0.04215900553082005,-0.6808585406139196,0.7563735834810116,-0.10053894047113453,-0.7172332713935549,0.8111061599870388,1.3330607319509742,0.07294434417557252,0.17658392443562188,0.7990265713622237,-0.4039292781558258,0.8042146922736768,0.5843713508536482,-0.35739231030672597,1.1040613588118395,0.4050386895407113,-0.3260792851053327,1.2959702480707738,0.6594605485335089,0.05660874243603639,1.2567250420715634,0.45685481788306825,-0.22129869086063467,1.3223104326930268,0.6695214656015103,0.41412199056701154,1.253446973712239,0.6684031912822594,0.23624399195838452,1.2680633328608328,1.2342140674591062,0.016990263594795614,0.15994081216932135,1.0754085850241957,-0.14135539067896782,0.49727566471163015,1.2301708412486192,0.1260419188943131,0.1474973298855965,0.7219801450407266,0.04670968101612783,1.190373431767849,0.9533407194724933,-0.09904214877955961,0.44266219802250145,0.7045385758608381,-0.576483328610856,0.7931706309318544,0.48107089783182194,-0.20435544996466862,1.1923083753775288,1.0160174646124933,-0.22879203098104486,0.5640541883493891,1.183793142141885,-0.06894342640772555,0.3903110068760171,1.331590772464575,0.24916328252940786,0.1714726391414933,0.5698596981187528,-0.09869679423752212,1.2330370225653744,0.6941602012969008,0.329154971024848,1.2026423957963652,0.7319805014212397,0.32781619169064713,1.2845086877709193,0.4774330670865165,-0.24574840887887592,0.864831906675503,0.5969495311478115,-0.5308759342755703,0.912993915428389,1.0033388137817383,-19.498538970947266,4.390993595123291,-0.6149897575378418,-0.5956249237060547,-2.4620871543884277,886.5919189453125,-13.256128311157227,-1343.431640625,-70.24758911132812,127.19970703125,-16.401548385620117,-1.5683579444885254,24.77972984313965,-2.37886381149292,-3.7490575313568115,0.2846260964870453,2.71419095993042
0.39925657859109087,-0.3316527490584266,1.1573360984688563,0.3788271893235231,-0.20535492008885012,1.04240858396947,0.060609416289884116,-0.5051658743659392,0.0935596902885579,0.51075278133746,-0.41742368373057703,0.6870903204016339,0.25712421506840655,-0.23712242767214775,1.281710866073899,0.0829048085316324,-0.6164442633358848,0.9948761078300854,0.31619544203905076,-0.13574395200472006,1.3113203360544925,-0.11458794798529309,-0.6512575212693372,0.7452738703481407,-0.023014569568713044,-0.6266311572876987,0.8775761504441696,0.13657529171038146,-0.5523507131251278,0.0977008476705346,0.3098826960025243,-0.2438697878345354,0.3956547313375979,0.15266780816758704,-0.4747799315199947,0.026464145698442767,0.15550258040230788,-0.6490404063107952,0.9457627862494512,0.3976724670324104,-0.22551760647371905,0.3016899046025529,0.608339277620347,-0.5906824051149634,0.7610706430397287,0.2731516744127336,-0.3603371791294869,1.0933545973916716,0.3479574646381352,-0.290532221215845,0.4416801382769023,0.22613168717516174,-0.2809969588916823,0.3282665697648036,0.07546686553797184,-0.3338644122149771,0.06308151759355274,0.16010031059680388,-0.4809382663953383,1.037465465779336,-0.04132746634326435,-0.6819224488853618,0.7590011070106202,-0.09934787409047029,-0.7182259718511278,0.814180411349069,1.3370759645045196,0.07170103475550159,0.1763861288643436,0.8006943898485196,-0.4034750004675215,0.8034602692782484,0.5861934000095783,-0.3569627018361692,1.1034274233492796,0.40692353021624855,-0.3254130232018351,1.2953943916109225,0.6619556366607842,0.056269929559272264,1.256768347017023,0.4585789963109603,-0.22052442642631914,1.321721586367942,0.6736730535496148,0.4137980313786608,1.2548019976805378,0.6716588482951484,0.23581784840253806,1.268734511358059,1.2381022542912437,0.015939573956258793,0.15959067351573353,1.0782527755822566,-0.1418163026158778,0.4966830536723137,1.2342958556895223,0.125056176329192,0.14705539813006163,0.7245798520497138,0.04624544411576941,1.190480654800175,0.956325379231118,-0.09908979838800351,0.4418142346159512,0.7062163664805178,-0.5759866810989696,0.7923701032502762,0.4828791743674814,-0.2038753042552645,1.1916851618432052,1.0184572404188825,-0.2290431631864696,0.5634697697415257,1.1870597968038343,-0.06974216242203646,0.3898699145936808,1.33603567891563,0.2479008156189461,0.17123495516003365,0.5718096325926433,-0.09855420539612013,1.2326080643183348,0.6979318182199994,0.3288446661356269,1.203688688625563,0.7355991538786728,0.3270085667142805,1.2855972793718047,0.47896830564895204,-0.24537618633433686,0.8642681319982011,0.5987090775311387,-0.5304676331826393,0.9123692398039711,1.073842167854309,-19.583763122558594,4.131254196166992,-0.6314594149589539,-0.51600581407547,-2.4804794788360596,887.0840454101562,-10.870184898376465,-1340.970703125,-69.82877349853516,126.98714447021484,-16.01239013671875,-1.5639657974243164,24.839454650878906,-2.1533429622650146,-3.8088538646698,0.28899067640304565,2.7525548934936523
0.40111571343134567,-0.33120268563561095,1.1568779819059056,0.3804843014241844,-0.20494149250305252,1.0418441500884807,0.060850401797535404,-0.5050111191951676,0.09373961152225141,0.5125004317586785,-0.41660846197447243,0.6865315395869956,0.25891580072459797,-0.2368161752820015,1.2810589584293743,0.08485013031900322,-0.6166082022600616,0.996701711060985,0.3177619662308535,-0.13531829594381597,1.3106371282741724,-0.11380728183696602,-0.6523531450341079,0.7482987567288986,-0.021604630356000763,-0.6273342003885484,0.8800209330407199,0.13688286314934295,-0.5521808037694717,0.09771734569838506,0.31135774961370505,-0.2435137289545394,0.39473931145983815,0.1527033629796363,-0.4745878859466275,0.026294183035362635,0.15729766699257275,-0.6492950521557537,0.9472973259869001,0.3988249289081586,-0.22543617752411507,0.3007799295202786,0.6099464741368956,-0.5901374891893754,0.7602909562603527,0.27495450669566524,-0.3599191497493264,1.0932502636056862,0.3494886720417351,-0.29012185818706915,0.44086518429762483,0.22741258771016898,-0.28063408162025427,0.3276349437355206,0.07552786906626051,-0.3337886908788555,0.06304295277161313,0.16202992033090022,-0.48079270489563214,1.0383148935456938,-0.040480385343266645,-0.6829707257400285,0.7616331747036106,-0.09814056011521265,-0.7192137113075383,0.8172530016757005,1.341090950744831,0.07044332666902353,0.1761931064014403,0.80235484420069,-0.4030323752899044,0.8027129735772973,0.5880134691860502,-0.356532136533434,1.1027902731832289,0.4088122692723937,-0.3247461597256313,1.2948200003990273,0.6644577036630238,0.05592598634099724,1.2568142856193694,0.460312762007808,-0.21973416742110094,1.321139895758092,0.6778330161476767,0.4134612970596907,1.2561605584542483,0.6749199336727723,0.23539560401676507,1.2694070477359343,1.2419769254741289,0.014870352552747303,0.15924711584650128,1.081100294526839,-0.1422814160881453,0.4960945099592209,1.2383753463921956,0.12405106857024283,0.14661128034457466,0.7271869074035164,0.04578170299974104,1.1905795537083355,0.9592911960273389,-0.09912913926685883,0.4409670085701721,0.7079053043529687,-0.5755032745023437,0.7915699860907548,0.48469519713856524,-0.20338943807889295,1.191077724987308,1.0209023403805613,-0.22929853797945754,0.5628830806309024,1.1903288956509521,-0.07054652929898128,0.3894257323434021,1.3404875579259252,0.24662586568009776,0.17099939089342459,0.5737667638339744,-0.09841327048492747,1.2321709335245044,0.7017229033621731,0.32851977350301304,1.2047344067238814,0.7392358408858444,0.32618813818653686,1.2866790184122048,0.480497717956044,-0.24500684770724632,0.863711790927988,0.6004747185880774,-0.5300739814114097,0.9117694197111572,1.0991920232772827,-19.5827579498291,4.085027694702148,-0.647861123085022,-0.5109155774116516,-2.485339403152466,888.6271362304688,-8.169760704040527,-1337.828857421875,-69.38565826416016,126.6906967163086,-15.431920051574707,-1.6069837808609009,24.80733299255371,-2.2655465602874756,-3.77750563621521,0.28155550360679626,2.7834513187408447
0.40297484827160035,-0.3307526222127953,1.156419865342955,0.3821414135248455,-0.20452806491725495,1.0412797162074916,0.061091387305186665,-0.5048563640243959,0.09391953275594489,0.5142480821798968,-0.41579324021836783,0.6859727587723574,0.26070738638078916,-0.23650992289185527,1.28040705078485,0.08679545210637388,-0.6167721411842384,0.9985273142918845,0.3193284904226561,-0.13489263988291195,1.3099539204938522,-0.11302661568863902,-0.6534487687988786,0.7513236431096562,-0.0201946911432886,-0.628037243489398,0.88246571563727,0.1371904345883044,-0.5520108944138155,0.0977338437262355,0.3128328032248856,-0.24315767007454345,0.39382389158207853,0.15273891779168552,-0.4743958403732603,0.02612422037228252,0.15909275358283745,-0.649549698000712,0.9488318657243487,0.3999773907839067,-0.2253547485745111,0.29986995443800435,0.6115536706534441,-0.5895925732637873,0.7595112694809769,0.2767573389785968,-0.359501120369166,1.0931459298197008,0.35101987944533486,-0.2897114951582934,0.4400502303183474,0.22869348824517607,-0.2802712043488263,0.3270033177062376,0.07558887259454916,-0.3337129695427339,0.06300438794967354,0.1639595300649964,-0.480647143395926,1.0391643213120516,-0.03963330434326902,-0.6840190025946952,0.7642652423966009,-0.09693324613995512,-0.7202014507639487,0.8203255920023317,1.345105936985142,0.0691856185825456,0.17600008393853706,0.8040152985528604,-0.40258975011228726,0.8019656778763462,0.5898335383625218,-0.3561015712306989,1.1021531230171786,0.41070100832853873,-0.3240792962494276,1.2942456091871326,0.6669597706652634,0.05558204312272224,1.256860224221716,0.46204652770465565,-0.21894390841588285,1.3205582051482423,0.6819929787457382,0.4131245627407207,1.2575191192279587,0.6781810190503959,0.2349733596309921,1.2700795841138095,1.2458515966570138,0.013801131149235904,0.1589035581772691,1.0839478134714213,-0.14274652956041275,0.49550596624612814,1.2424548370948687,0.12304596081129374,0.14616716255908774,0.7297939627573189,0.04531796188371271,1.1906784526164957,0.9622570128235595,-0.09916848014571414,0.44011978252439315,0.7095942422254196,-0.5750198679057178,0.7907698689312336,0.4865112199096489,-0.20290357190252142,1.1904702881314106,1.0233474403422398,-0.22955391277244547,0.5622963915202792,1.1935979944980695,-0.07135089617592605,0.38898155009312346,1.3449394369362204,0.2453509157412495,0.17076382662681555,0.5757238950753053,-0.09827233557373484,1.2317338027306741,0.7055139885043464,0.3281948808703991,1.2057801248221998,0.7428725278930156,0.3253677096587933,1.2877607574526047,0.4820271302631358,-0.24463750908015583,0.863155449857775,0.602240359645016,-0.5296803296401801,0.9111695996183433,0.9670724272727966,-19.576683044433594,4.191465377807617,-0.608223021030426,-0.5965908765792847,-2.4553096294403076,891.0048217773438,-7.215763092041016,-1334.906982421875,-69.04908752441406,126.43087005615234,-15.16635799407959,-1.6698379516601562,24.740903854370117,-2.5762388706207275,-3.731330394744873,0.29115208983421326,2.7688794136047363
0.40484029962527035,-0.3302569008426161,1.1559472257727819,0.3838291134660607,-0.2041400070024642,1.0407321263622764,0.06135169952022318,-0.5047462223381396,0.09406484579605771,0.5159877582101632,-0.4150613599660381,0.6853600306226718,0.2625124340025794,-0.23619132760344752,1.2797781544805362,0.08880418770952725,-0.6169458615858823,1.0003963704930237,0.3209802958349518,-0.1344768399039641,1.3092906735590752,-0.11222534005018261,-0.654428954550762,0.7544150435371904,-0.018794129300393838,-0.6286544085338416,0.8849065359065075,0.1375245362125485,-0.5518197476469129,0.09777311477440083,0.314444374761834,-0.24284833018353444,0.39291526071283206,0.1527769345518769,-0.47418932152899684,0.025952172928199867,0.16092304105790242,-0.6498009949330462,0.9503918207244367,0.40122879479105106,-0.22529396848962796,0.29899905552927236,0.6132287738339001,-0.5890182631694718,0.7587320634860867,0.2786753771715606,-0.35907763657190944,1.0930494875307903,0.3526165730116383,-0.289297658876078,0.4391964405577704,0.2300244525371008,-0.2799446014379034,0.32631715579538156,0.07555914048524882,-0.3336138721333434,0.06302538237824346,0.16590479430773394,-0.480514090582235,1.0400206458489627,-0.03872575018776965,-0.6850451965205716,0.7669291579170732,-0.09568646224524015,-0.7210317747482401,0.8234452992085589,1.349081399424976,0.06783671272511517,0.17576406027702307,0.8057298162915059,-0.4020437148233123,0.8011796541561355,0.5916494131088257,-0.35565868789786537,1.101560801859723,0.4126797286879937,-0.3234597071511856,1.2936955556174778,0.669455753256943,0.05521671328422251,1.2569327551797527,0.463793523264247,-0.21823202971591066,1.3199786697791902,0.68616060073802,0.41274477334211995,1.2588349399187706,0.6814598271388881,0.23448388002171422,1.2707332870028667,1.2496884350745092,0.012751854012492106,0.15851869863390133,1.0867718237125321,-0.1431559259133623,0.4949572861984076,1.2466742858191988,0.12198805379749136,0.14565374134786874,0.7324885706238399,0.044888619654226,1.190820721601019,0.9653185720475304,-0.09921806256305303,0.4393594955766438,0.7113171831661502,-0.5744396412609429,0.7899545656134751,0.4883501545482913,-0.20237218455368322,1.1898729974860387,1.0258089532915329,-0.22979151097354508,0.5617148086724691,1.196834963678524,-0.07214424023959809,0.3885690830401238,1.3495218572237633,0.24406709615757927,0.17040826103939916,0.5777067068396814,-0.09807061043796161,1.2313612296881264,0.7092975800400537,0.32780785927709366,1.2068205377124004,0.7465258599906567,0.32450483946610764,1.2888629878593596,0.4836089978154921,-0.24423117906052547,0.8625295110885671,0.6039998499762933,-0.529198578256645,0.9104702571369955,0.8878235816955566,-19.580156326293945,4.284605979919434,-0.5038976073265076,-0.6161299347877502,-2.432682514190674,893.1883544921875,-7.803526401519775,-1330.864501953125,-68.63648223876953,126.15167236328125,-15.331287384033203,-1.6822707653045654,24.723295211791992,-2.676004409790039,-3.7576324939727783,0.3284614086151123,2.737318754196167
0.4067069917226468,-0.32975221094706203,1.1554717334690474,0.3855228217330988,-0.20375693241590698,1.0401878451669453,0.06161580805278178,-0.504644844014913,0.09420336079814576,0.5177258678422068,-0.4143458503662356,0.6847367056750304,0.26432012593904064,-0.23587030781716703,1.2791537782609068,0.09082537959792346,-0.6171215033491716,1.002273962099031,0.32264885291555845,-0.1340629759411149,1.3086313475046727,-0.1114200161190223,-0.6553864649786854,0.7575195092239125,-0.01739540944085621,-0.6292547046743481,0.887346577861451,0.1378638491231874,-0.5516244292456582,0.09781685909441369,0.3160827623199152,-0.24254816723679076,0.39200796339882926,0.15281543490902477,-0.47397995972080736,0.02577971597356316,0.1627602429924815,-0.6500516340432577,0.9519567680082572,0.40249963385971954,-0.22523724443174356,0.29813583229748625,0.6149172158233376,-0.5884381792205848,0.7579529519310061,0.280616045096852,-0.35865308137129476,1.092954595357377,0.3542261299313298,-0.28888314034765133,0.4383350223401525,0.23136525078127707,-0.2796251238477941,0.3256202814792166,0.0755115853042792,-0.3335101829952752,0.0630580759453063,0.16785313354324016,-0.4803834948318684,1.0408783251086606,-0.03780631737672539,-0.6860670527282929,0.7695993292608007,-0.09443192533063187,-0.7218311778362223,0.826574261516135,1.3530490982611445,0.0664698930198192,0.17551958995149627,0.8074549536239232,-0.4014773668338921,0.8003860231464273,0.5934644639492034,-0.3552133849519768,1.1009772864003846,0.41467612394631287,-0.3228494040914719,1.29315028265612,0.6719505406965481,0.05484718250246438,1.2570105096362285,0.4655431175468772,-0.21753554714732617,1.3193995577610091,0.6903297272541662,0.41235652669573464,1.2601423652361559,0.6847421164741577,0.23398119349353363,1.2713832904566202,1.2535178420559456,0.011706494499577768,0.15812572622239987,1.0895912161726033,-0.14355437783216007,0.4944164365135282,1.2509212262977825,0.12091977550148578,0.1451267069637381,0.7352003763053588,0.04446603434888143,1.1909715097076845,0.9683989378198091,-0.09926965671116547,0.4386162859517218,0.7130468032810071,-0.5738403963924245,0.7891362793003487,0.49019358973234683,-0.20183185554596766,1.1892776998463057,1.0282736902205358,-0.2300256173440952,0.5611342288405691,1.2000656216744554,-0.07293541910780575,0.3881628457580181,1.354129919547908,0.2427815343222477,0.17002912376396706,0.5796945629925127,-0.09785694436521722,1.2310013376324382,0.7130796996173477,0.32740863378079527,1.2078599085081492,0.7501824616596396,0.3236336325178084,1.2899692433559342,0.48520116907673944,-0.2438175828745034,0.861889901342771,0.6057581321293154,-0.5286995215921213,0.9097513656150427,1.0201325416564941,-19.57992172241211,4.368448734283447,-0.47628891468048096,-0.5467169880867004,-2.441685676574707,893.3317260742188,-8.713614463806152,-1327.259521484375,-68.22569274902344,125.91920471191406,-15.544822692871094,-1.7152485847473145,24.728012084960938,-2.4629263877868652,-3.7692275047302246,0.36124998331069946,2.7363412380218506
0.40857368382002335,-0.32924752105150795,1.1549962411653127,0.3872165300001371,-0.20337385782934975,1.0396435639716142,0.061879916585340394,-0.5045434656916865,0.0943418758002338,0.5194639774742504,-0.41363034076643307,0.684113380727389,0.26612781787550205,-0.2355492880308865,1.2785294020412774,0.09284657148631985,-0.6172971451124608,1.0041515537050385,0.32431740999616526,-0.13364911197826565,1.3079720214502701,-0.11061469218786192,-0.6563439754066088,0.7606239749106349,-0.01599668958131846,-0.6298550008148547,0.8897866198163947,0.1382031620338263,-0.5514291108444037,0.09786060341442658,0.31772114987799654,-0.2422480042900471,0.3911006660848264,0.15285393526617264,-0.4737705979126179,0.025607259018926437,0.16459744492706077,-0.6503022731534692,0.953521715292078,0.4037704729283882,-0.22518052037385916,0.2972726090657001,0.6166056578127753,-0.587858095271698,0.7571738403759256,0.2825567130221436,-0.3582285261706801,1.0928597031839635,0.3558356868510214,-0.2884686218192246,0.4374736041225345,0.23270604902545342,-0.2793056462576847,0.3249234071630516,0.07546403012330959,-0.3334064938572069,0.06309076951236914,0.16980147277874655,-0.48025289908150176,1.0417360043683588,-0.03688688456568106,-0.6870889089360142,0.7722695006045284,-0.0931773884160235,-0.7226305809242046,0.8297032238237114,1.3570167970973133,0.06510307331452311,0.17527511962596945,0.8091800909563405,-0.4009110188444719,0.7995923921367191,0.5952795147895812,-0.35476808200608817,1.1003937709410458,0.4166725192046323,-0.3222391010317582,1.2926050096947626,0.6744453281361534,0.05447765172070621,1.2570882640927044,0.46729271182950755,-0.2168390645787416,1.318820445742828,0.6944988537703127,0.4119682800493493,1.2614497905535413,0.6880244058094276,0.23347850696535302,1.2720332939103738,1.2573472490373825,0.010661134986663339,0.15773275381089838,1.092410608632675,-0.14395282975095786,0.4938755868286487,1.2551681667763663,0.11985149720548008,0.14459967257960746,0.7379121819868781,0.04404344904353683,1.1911222978143503,0.9714793035920881,-0.09932125085927793,0.4378730763267997,0.7147764233958641,-0.5732411515239059,0.7883179929872223,0.4920370249164025,-0.20129152653825205,1.1886824022065725,1.0307384271495388,-0.23025972371464531,0.5605536490086689,1.2032962796703868,-0.0737265979760135,0.3877566084759125,1.358737981872053,0.241495972486916,0.16964998648853494,0.581682419145344,-0.0976432782924728,1.2306414455767498,0.716861819194642,0.3270094082844968,1.208899279303898,0.7538390633286228,0.32276242556950907,1.2910754988525086,0.48679334033798694,-0.2434039866884813,0.8612502915969747,0.6075164142823376,-0.5282004649275975,0.9090324740930898,1.209443211555481,-19.532859802246094,4.215858459472656,-0.6079995632171631,-0.5126533508300781,-2.4706478118896484,891.1668701171875,-9.247013092041016,-1324.11181640625,-67.8104248046875,125.6854248046875,-15.552288055419922,-1.7498897314071655,24.7247257232666,-2.2108631134033203,-3.7240889072418213,0.36657559871673584,2.7466092109680176
0.4104733773019928,-0.3286337164656217,1.1545095753590793,0.38895494875726305,-0.20298376684354633,1.0391046552863343,0.062209112211963166,-0.5043980196019672,0.09448442842490624,0.5213012972612253,-0.41280974585883673,0.6834677087747498,0.2679849006482306,-0.23523894734433948,1.2779343274255464,0.09494466566486845,-0.6174687162929813,1.0060511791942923,0.32594275627507263,-0.13319621079706204,1.307380098972889,-0.10966714506117722,-0.6571553074168842,0.7637624719877114,-0.01447435486784206,-0.6303789282081932,0.8923171209973213,0.13852399664110693,-0.5512264752822207,0.09788381353958159,0.31933499857881986,-0.2419448131263651,0.39019424221570925,0.1529381802391927,-0.47366571164881155,0.025485410367366897,0.1664718218295778,-0.650481026101586,0.955139349430602,0.40507494786519865,-0.225110546321861,0.29639789920966364,0.6182970002984367,-0.5872657336541359,0.7564070559297966,0.2844757261063088,-0.35784592104471286,1.0928029459438577,0.3574148050404541,-0.2880952128807441,0.4366091041276787,0.23404746115306344,-0.2789771210969679,0.3242583476648426,0.07535325524872108,-0.3332981326130052,0.06315029060949158,0.17180391203686085,-0.4801574553677578,1.0426181071246696,-0.03592188841977862,-0.6879531330620215,0.7749549325136157,-0.09186624650479559,-0.7233439579310006,0.8328336198993074,1.360978958622509,0.06373695607315638,0.17502647983712077,0.8109440059456603,-0.40039239720200864,0.7988200204459248,0.5971357329002278,-0.35433532041034954,1.099802312077276,0.41867191383972846,-0.32163892498868984,1.2920785899588605,0.6770750380904467,0.05405111836010458,1.2571822679200708,0.46908276473844274,-0.21611798547257657,1.318207681376413,0.6986541205289345,0.41152052379009746,1.2627508875155289,0.6913464286469463,0.23292066156864172,1.2727041282006446,1.2612047051357114,0.009544879662193802,0.1573057994493191,1.0952114774691346,-0.14436446986352366,0.49332678549929176,1.2593013286985306,0.11873314620939321,0.14418233380905843,0.7405784037334238,0.04359237171882237,1.1912900604159626,0.9745168211246955,-0.09939380150461039,0.43717085269113254,0.716497309061865,-0.5726982850507396,0.7875290247580864,0.49383967187230937,-0.20080391322540136,1.1880744808162285,1.0332203033744103,-0.23037826755879728,0.5600027663028794,1.2065201478683394,-0.07446981565595061,0.3874243915278391,1.363123595911935,0.24018020264261616,0.16934596547326508,0.583699791143272,-0.09754630363244095,1.2303378824761373,0.7206640774445815,0.3265575536138175,1.209927015154567,0.7575620468089119,0.3218034291701602,1.2921222282561244,0.48838321262637496,-0.2430279939527938,0.8606944171995518,0.6092889846752809,-0.5277134387303662,0.9083871002623578,1.1584408283233643,-19.473339080810547,3.950350522994995,-0.7032601833343506,-0.5738535523414612,-2.486013650894165,887.873291015625,-9.2951021194458,-1320.6953125,-67.33409881591797,125.4175796508789,-15.502097129821777,-1.6928448677062988,24.7442626953125,-2.1561262607574463,-3.708348512649536,0.3609779477119446,2.737546920776367
0.41237978962872984,-0.3279976969128413,1.1540206347080255,0.39070247024889804,-0.20259224736927364,1.0385668404054957,0.06255155910324575,-0.5042436016316445,0.09462780308052403,0.5231588155228569,-0.41196775633767746,0.6828174871324704,0.26985203904031907,-0.2349307808457621,1.2773452184058183,0.09705841659710096,-0.6176394587320997,1.0079552906238478,0.32755930514525095,-0.13273536191870838,1.3068018993794523,-0.10869064231384674,-0.6579368785517105,0.7669078976113274,-0.012926853058354035,-0.6308873074733659,0.8948660390266518,0.13884106919860206,-0.551022349998651,0.09790284305021463,0.3209438513446327,-0.24164100543947412,0.3892879961736945,0.15303173848730048,-0.47358209585511923,0.025373865202661387,0.1683537672884416,-0.6506451435436476,0.9567677102341556,0.4063862708230681,-0.22503787466627084,0.2955208507594684,0.6199889333042876,-0.5866708723914544,0.7556427811944721,0.2863903304204245,-0.35747185665250614,1.0927539527021497,0.3589877261231276,-0.28773017355937835,0.4357439767051217,0.23538899826292953,-0.27864675391588783,0.3235997654349599,0.07522960929878501,-0.3331888201615668,0.06321527359896148,0.17381736567083564,-0.4800691683560807,1.0435051823293926,-0.03494761590630018,-0.6887852644288777,0.7776434713641538,-0.0905435802229983,-0.7240398206458186,0.8359643078797698,1.3649399927909798,0.062370981848397865,0.1747769911755,0.8127158157872837,-0.399883492300842,0.7980519769996998,0.5990003323712885,-0.35390511214338394,1.0992092359934422,0.4206719191263842,-0.32104081073344154,1.2915560086041886,0.6797322172992275,0.053612979684049746,1.2572795800025889,0.4708810547329731,-0.21539189868810166,1.3175880656337107,0.7028065655405156,0.4110606518012799,1.264050696069831,0.694676540940013,0.23235158622264865,1.2733792034995477,1.2650678718326895,0.008414190459922508,0.15687192660688568,1.098008575028931,-0.14477879499757523,0.49277636527225677,1.2634113261241784,0.11760460077137352,0.14378732827720264,0.7432353449183583,0.04313549362369723,1.1914612789027739,0.9775456150635977,-0.09947061874219124,0.4364769735083675,0.7182164164568414,-0.5721668968137527,0.786746025480182,0.49563401463805434,-0.2003270324492297,1.1874639893209697,1.035705669036764,-0.23047328370296402,0.5594579297185734,1.2097426337122126,-0.07520326878258721,0.387107244587892,1.3674639210795723,0.2388582826647538,0.16905723758880667,0.5857231723551718,-0.09747308650553621,1.230045787546019,0.7244704357835628,0.3260949840214079,1.210952382214022,0.7612985451489882,0.3208265594693999,1.2931568385749463,0.48997261686040855,-0.24265965700939005,0.8601555907173662,0.6110644640512023,-0.5272288618498291,0.9077566941052873,1.0153144598007202,-19.500959396362305,3.78910231590271,-0.6216063499450684,-0.6303550601005554,-2.4775443077087402,886.1325073242188,-9.11679458618164,-1317.3193359375,-66.9444808959961,125.1325912475586,-15.5802640914917,-1.6031854152679443,24.812559127807617,-2.3082687854766846,-3.753005027770996,0.3527066111564636,2.7324705123901367
0.41428620195546684,-0.327361677360061,1.153531694056972,0.392449991740533,-0.20220072789500093,1.0380290255246574,0.06289400599452832,-0.5040891836613219,0.09477117773614183,0.5250163337844886,-0.4111257668165182,0.6821672654901909,0.2717191774324076,-0.23462261434718473,1.2767561093860904,0.09917216752933347,-0.6178102011712182,1.0098594020534035,0.32917585401542926,-0.13227451304035473,1.3062236997860157,-0.10771413956651626,-0.6587184496865367,0.7700533232349434,-0.01137935124886601,-0.6313956867385384,0.8974149570559823,0.1391581417560972,-0.5508182247150812,0.09792187256084767,0.32255270411044557,-0.2413371977525831,0.3883817501316797,0.15312529673540828,-0.47349848006142686,0.025262320037955876,0.1702357127473054,-0.6508092609857091,0.9583960710377093,0.40769759378093756,-0.22496520301068065,0.2946438023092731,0.6216808663101385,-0.586076011128773,0.7548785064591478,0.2883049347345402,-0.3570977922602995,1.0927049594604417,0.36056064720580117,-0.2873651342380126,0.4348788492825647,0.23673053537279562,-0.27831638673480774,0.3229411832050772,0.07510596334884893,-0.33307950771012845,0.06328025658843138,0.17583081930481043,-0.47998088134440364,1.0443922575341156,-0.03397334339282175,-0.6896173957957337,0.7803320102146919,-0.08922091394120102,-0.7247356833606367,0.8390949958602324,1.3689010269594508,0.06100500762363935,0.1745275025138792,0.8144876256289071,-0.39937458739967535,0.7972839335534746,0.6008649318423492,-0.35347490387641833,1.0986161599096083,0.42267192441303997,-0.3204426964781932,1.291033427249517,0.6823893965080085,0.053174841007994904,1.257376892085107,0.4726793447275035,-0.2146658119036267,1.3169684498910084,0.7069590105520968,0.4106007798124623,1.2653505046241331,0.6980066532330796,0.23178251087665558,1.2740542787984508,1.2689310385296675,0.007283501257651214,0.15643805376445222,1.1008056725887272,-0.14519312013162683,0.4922259450452217,1.2675213235498264,0.11647605533335384,0.14339232274534688,0.7458922861032927,0.042678615528572085,1.1916324973895849,0.9805744090024998,-0.09954743597977209,0.43578309432560247,0.7199355238518178,-0.5716355085767658,0.7859630262022776,0.49742835740379937,-0.19985015167305803,1.186853497825711,1.0381910346991179,-0.23056829984713073,0.5589130931342674,1.212965119556086,-0.07593672190922379,0.3867900976479448,1.3718042462472093,0.23753636268689146,0.16876850970434829,0.5877465535670716,-0.09739986937863147,1.2297536926159005,0.7282767941225443,0.3256324144289983,1.211977749273477,0.7650350434890646,0.31984968976863964,1.294191448893768,0.4915620210944422,-0.24229132006598625,0.8596167642351807,0.6128399434271238,-0.5267442849692919,0.9071262879482168,0.9846360683441162,-19.528118133544922,3.836261749267578,-0.5190870761871338,-0.6528987884521484,-2.4695920944213867,886.3967895507812,-8.97738265991211,-1313.300537109375,-66.51553344726562,124.7517318725586,-15.680322647094727,-1.6471877098083496,24.834280014038086,-2.49228835105896,-3.800694704055786,0.35624685883522034,2.7480709552764893
0.4157087320326179,-0.3269593795601106,1.1532092540469392,0.39375374086250525,-0.20192322302733037,1.037668490251958,0.06317037437727907,-0.5039856135845184,0.09485018574046772,0.5263392283821736,-0.41067750446054324,0.6816262914644962,0.27307466708666434,-0.2344120237112835,1.2763327474625694,0.10069603211437621,-0.6179091602761224,1.0112803274432554,0.3303882080000757,-0.1319779164546373,1.3057856922907545,-0.10697287590002387,-0.6592292033678648,0.7723562038497418,-0.01021536100433764,-0.6317548968934065,0.8992698766932581,0.13937688900145473,-0.5506680597927397,0.09794716591274501,0.32368429271590626,-0.2411096209524483,0.38771647461597497,0.1531612579494912,-0.47341201390256943,0.02516344333351251,0.17161453189636688,-0.6509284769857167,0.9596302459966267,0.4086935172807301,-0.224951999965093,0.2938231714316552,0.6229455557880021,-0.5856726649186469,0.7543344961491641,0.2897248286877246,-0.3567990823494678,1.0926803745181355,0.3617315111768166,-0.2871175414284334,0.43424097295628483,0.23769326468571916,-0.27811372901824927,0.32244163169371376,0.07502998934676317,-0.33301777506111474,0.06330530375044867,0.1772970028270948,-0.47986324703851285,1.0450503861667304,-0.03322524080262678,-0.6901459960353296,0.7823003240373749,-0.08821486138942232,-0.7252052860544217,0.8413302432622339,1.3717465527010277,0.05996899490571581,0.17434651271396917,0.8157753320719232,-0.399021436935229,0.7967083716629357,0.6022330927138296,-0.35319137474559004,1.0981771673587775,0.4241116281771501,-0.31999209681094093,1.2906484169675814,0.6843150966609549,0.052872633216100834,1.257455824226733,0.4739973236196088,-0.21415872408064787,1.3165612027345115,0.709999338088446,0.4102256652337826,1.2663084659355366,0.700421601731256,0.2313570185804999,1.2745545972261998,1.2716753877551348,0.0064607110037931455,0.15616251133530346,1.102869276179383,-0.14544773471868588,0.49193331086082964,1.2704632937513438,0.11561092295196677,0.1430617862485892,0.7478192225592025,0.04229281329556019,1.1917681354560599,0.982780332004787,-0.09959332102181895,0.4352656183455954,0.721202766461088,-0.5712080276170314,0.7854081708074406,0.49875291412239825,-0.1994876786573044,1.1864317201620695,1.0400084975539452,-0.23073313355643227,0.558535674549886,1.215284006879819,-0.07652501937075952,0.3865510163125613,1.3749688776913067,0.23652312169406595,0.1685429976771999,0.589261750709142,-0.0974121427299171,1.2296052626426646,0.7310135447426346,0.32531357531910704,1.2127233873929408,0.7677403648957509,0.319161730787612,1.2949309317481439,0.49272506639657426,-0.24201405966123998,0.8592313332668203,0.614172764369194,-0.5264104334329138,0.906656517887747,0.9964863061904907,-19.453815460205078,3.9370110034942627,-0.5415192246437073,-0.6554907560348511,-2.48540997505188,887.2349853515625,-9.104424476623535,-1309.4102783203125,-66.12075805664062,124.3659439086914,-15.659642219543457,-1.756352424621582,24.771894454956055,-2.644167900085449,-3.8333818912506104,0.32002878189086914,2.7590410709381104
0.4170292387438925,-0.3266063604429858,1.152921919593748,0.39496392352099446,-0.2016697573839434,1.0373453332098903,0.06343281054437555,-0.5038927644491196,0.09491562246289474,0.5275494011230026,-0.4103122568683119,0.6811083515748283,0.27432227899499284,-0.23422200629944043,1.2759443322159596,0.10209552307199954,-0.6179929843406804,1.012599376258471,0.33151534017150763,-0.1317159513764034,1.3053772433704098,-0.10628121083491293,-0.6596828569836963,0.774481439432561,-0.009132231631939216,-0.632082655729837,0.9009784713683539,0.13957490500630132,-0.5505292720549944,0.09797377995406555,0.32471525333575063,-0.24089811692964164,0.38710200613895,0.15318507521061708,-0.47332494676310494,0.025067237689967783,0.17288727019697622,-0.6510382258142067,0.9607813094822776,0.4096229408947837,-0.22495133548185525,0.29301443582536374,0.6241201637991216,-0.5853096983882765,0.7538369271336802,0.2910404162395079,-0.35651626043169704,1.0926609359040165,0.3628176040700729,-0.2868947114376043,0.43365101101777415,0.2385761248848296,-0.27793799799601765,0.321975610755532,0.07496406665898317,-0.33296607429815445,0.06332193070788257,0.17864779807281805,-0.4797394250501071,1.0456602429317323,-0.03252482464203971,-0.6906105987480934,0.7841167831855104,-0.08727556474457517,-0.7256271833220854,0.8433766929519096,1.3743568808827178,0.059002552385016414,0.17417996544514272,0.8169609685212571,-0.39870112626165743,0.796173393232933,0.6034965827962421,-0.3529387719386461,1.0977706622998447,0.42543319607807306,-0.31957259961706125,1.2902924126347168,0.6860865693021294,0.052599085550385206,1.2575308810796169,0.47521403209855223,-0.21369781073750252,1.3161987320871542,0.7128051830245958,0.40986842119338496,1.2671943510210277,0.7026435940076183,0.2309617998189484,1.2750180693256934,1.274183841730585,0.005702839202913695,0.15592035182461833,1.1047782274271478,-0.14566867539523454,0.49169502915530805,1.273158993152593,0.1148013294680624,0.14274484262067752,0.7495922423553782,0.04192199693709021,1.191896271626681,0.9848127581228483,-0.09963268421540987,0.4347853358119529,0.7223747363745772,-0.5708024548181635,0.7849014180385514,0.49997841956599653,-0.19914932775971117,1.1860497315593113,1.041685137527668,-0.23091268783669597,0.5581935549413921,1.2174123764432818,-0.07708271172218369,0.38632839459259777,1.3778856219045372,0.2355749636197722,0.16833081429466507,0.5906698006075739,-0.09744244118202601,1.2294871234735907,0.7335247756629589,0.3250250408290238,1.2134100465190332,0.7702282694791326,0.3185346867173713,1.2956081889323052,0.493798216743185,-0.24175600214115042,0.8588782447260737,0.6154122537137656,-0.5261083613365691,0.9062206168837895,0.9965356588363647,-19.402347564697266,3.9641664028167725,-0.6227869391441345,-0.5883685946464539,-2.510374069213867,887.5923461914062,-9.285801887512207,-1305.2890625,-65.67814636230469,123.99694061279297,-15.55488395690918,-1.7965649366378784,24.73587989807129,-2.601370096206665,-3.817458152770996,0.22745361924171448,2.7591936588287354
0.41834974545516707,-0.326253341325861,1.1526345851405566,0.39617410617948356,-0.20141629174055645,1.0370221761678229,0.06369524671147199,-0.5037999153137207,0.09498105918532175,0.5287595738638314,-0.40994700927608063,0.6805904116851605,0.27556989090332124,-0.2340319888875974,1.2755559169693498,0.10349501402962276,-0.6180768084052383,1.0139184250736868,0.3326424723429395,-0.13145398629816954,1.3049687944500652,-0.10558954576980205,-0.6601365105995279,0.7766066750153798,-0.00804910225954088,-0.6324104145662673,0.9026870660434494,0.13977292101114788,-0.550390484317249,0.09800039399538608,0.32574621395559494,-0.24068661290683496,0.3864875376619251,0.15320889247174294,-0.47323787962364045,0.02497103204642306,0.17416000849758542,-0.6511479746426968,0.9619323729679283,0.4105523645088372,-0.2249506709986175,0.29220570021907233,0.625294771810241,-0.5849467318579061,0.7533393581181962,0.29235600379129106,-0.35623343851392636,1.0926414972898977,0.3639036969633291,-0.28667188144677525,0.4330610490792635,0.23945898508393995,-0.27776226697378603,0.32150958981735034,0.07489814397120319,-0.33291437353519415,0.06333855766531647,0.1799985933185412,-0.4796156030617013,1.046270099696734,-0.031824408481452696,-0.6910752014608572,0.7859332423336457,-0.08633626809972808,-0.7260490805897492,0.8454231426415852,1.3769672090644076,0.058036109864317106,0.17401341817631627,0.8181466049705909,-0.39838081558808586,0.7956384148029303,0.6047600728786543,-0.35268616913170214,1.0973641572409119,0.4267547639789959,-0.3191531024231816,1.2899364083018525,0.6878580419433037,0.05232553788466961,1.2576059379325009,0.47643074057749557,-0.21323689739435717,1.3158362614397972,0.7156110279607455,0.40951117715298735,1.2680802361065189,0.7048655862839804,0.23056658105739697,1.275481541425187,1.2766922957060352,0.004944967402034308,0.15567819231393323,1.1066871786749124,-0.14588961607178313,0.49145674744978646,1.275854692553842,0.11399173598415811,0.14242789899276584,0.7513652621515537,0.041551180578620256,1.192024407797302,0.9868451842409094,-0.09967204740900078,0.4343050532783104,0.723546706288066,-0.5703968820192956,0.7843946652696623,0.5012039250095948,-0.19881097686211796,1.1856677429565532,1.0433617775013904,-0.23109224211695967,0.5578514353328983,1.2195407460067444,-0.0776404040736078,0.3861057728726343,1.3808023661177677,0.23462680554547855,0.16811863091213025,0.5920778505060056,-0.09747273963413491,1.2293689843045166,0.736036006583283,0.3247365063389406,1.2140967056451253,0.7727161740625139,0.3179076426471307,1.2962854461164663,0.4948713670897957,-0.2414979446210609,0.858525156185327,0.6166517430583371,-0.5258062892402245,0.9057847158798319,0.992376983165741,-19.55034637451172,4.003586769104004,-0.6321516633033752,-0.5134846568107605,-2.5169830322265625,887.3599243164062,-8.822403907775879,-1300.4039306640625,-65.09558868408203,123.63809204101562,-15.318744659423828,-1.7969611883163452,24.736045837402344,-2.435007095336914,-3.7792389392852783,0.19914668798446655,2.759024143218994
0.42025037312152363,-0.3257584915255869,1.1522013574641272,0.397839570134286,-0.20102493583366574,1.0365587922910982,0.06403173264486109,-0.5036969383228693,0.09509384607439798,0.5303954747536324,-0.409276053506807,0.6801316595038042,0.27732418867333825,-0.23375224958587168,1.2749989429451771,0.10553992374349894,-0.6181861475011371,1.0158001397619183,0.33422889136123335,-0.13107260777954235,1.3043898653905124,-0.10450575603110511,-0.6606928919324812,0.7796010173709186,-0.006553848701165381,-0.6327740605303783,0.9050547854592468,0.14004784847134785,-0.5502114293985809,0.09804067331434085,0.32718841109844227,-0.24037665131174968,0.38553048063390305,0.15327644513438868,-0.4731447308860867,0.02485411324914521,0.17600344005503393,-0.651321942541773,0.963560357492491,0.41190617294698356,-0.2249321850719831,0.2910439876827184,0.6269902316545019,-0.5844060882235205,0.7526296577508876,0.2942750128787873,-0.3558869511382469,1.0925775742688717,0.3654754302951673,-0.2863440441572114,0.43217842142708257,0.2407612190982758,-0.27746562042970535,0.3208727712268072,0.07479388767619007,-0.33282382218845635,0.06333872889298083,0.18197239007776136,-0.47948726261688385,1.0471774092967936,-0.030735767360110605,-0.6916264608403705,0.7885642448403186,-0.08497307918324382,-0.7265524729000812,0.8483387642348837,1.3806418739012534,0.056607896363399746,0.17376780199096695,0.8198167664917888,-0.39778580718877304,0.7949491901113498,0.6065472968366761,-0.35230868595917497,1.096815959901999,0.42870681530592447,-0.3185618224720292,1.2893974186963593,0.6903516371913302,0.05190832060545882,1.2577535180461328,0.4781836880654688,-0.21260367210535028,1.3152829246805204,0.7195899618777216,0.40893938377598266,1.2692912872263926,0.7080238678597455,0.22996943614242096,1.2761192712562763,1.2802068918746037,0.0038019763477322955,0.1553439580594862,1.10928006953751,-0.14616056099928768,0.4910672399283245,1.2796640327039932,0.11280185536833004,0.1419506275051872,0.7538741960233409,0.040916660387340396,1.192209142722831,0.9896838495273462,-0.09973862107275731,0.43369688621617314,0.7252112937881456,-0.5698295729049784,0.783603876631781,0.5029744946996106,-0.1983860954889004,1.1851219175667163,1.0456461864986166,-0.23120371017925787,0.5573698216124087,1.2225783104138657,-0.07847552761336822,0.3857937101398083,1.3850072042042054,0.23320784059581384,0.16777886423152805,0.5940863584840533,-0.0974778426033969,1.2291622996724993,0.7396461261029273,0.3242147950739261,1.2150436929914334,0.7762270571774993,0.31698687448604224,1.2972340060780378,0.4964234493919555,-0.24110401182478627,0.8580012781335818,0.6184265270138417,-0.5253402663777207,0.9051507680818734,0.9852538704872131,-19.731441497802734,4.337670803070068,-0.6025616526603699,-0.49683165550231934,-2.5184831619262695,887.0287475585938,-7.583341121673584,-1296.524169921875,-64.61276245117188,123.3797378540039,-15.019806861877441,-1.7317811250686646,24.73777961730957,-2.442631721496582,-3.777442455291748,0.2904829978942871,2.7438712120056152
0.4222775726326254,-0.3252326968489893,1.1517362985389912,0.3996043681901022,-0.20060349477837416,1.0360648134686299,0.06438437489089587,-0.5035917516181011,0.09521696390892496,0.5321242617850271,-0.40853839777163325,0.6796858210042612,0.2791890360859056,-0.23345293459908062,1.2744051924604454,0.10772565209510308,-0.6183010535129648,1.0178046179133535,0.3359155184188426,-0.1306651754193748,1.3037737406642231,-0.10333641181817119,-0.6612716865855337,0.7827849830223235,-0.0049686771385766566,-0.6331455364132559,0.907566313909379,0.14033955661271583,-0.5500235889131659,0.09808393414841582,0.3287203325735812,-0.24004520806453086,0.38449867701293616,0.15335354006645696,-0.4730502552544044,0.02473267521832558,0.17797138650488378,-0.6515099218744316,0.9652923975164527,0.41335257443765927,-0.22490981083042574,0.2898052619979871,0.6287993318987208,-0.5838266786755315,0.7518736741795445,0.2963256775740756,-0.35552657311720565,1.092503945559066,0.367153121540878,-0.28599329618428715,0.4312319394373736,0.24215495285411542,-0.27714259231722116,0.3201986876939306,0.07468126768505337,-0.3327247943507125,0.06333530977960454,0.1840821144399264,-0.4793579363270311,1.0481496176972294,-0.029562422610967375,-0.6921966271289927,0.7913729658979454,-0.08351740468022051,-0.7270736459469953,0.8514440233344274,1.3845487576446784,0.055078932830434774,0.17350493440564896,0.8215926425741208,-0.3971308647402075,0.7942263116899705,0.6084487900039218,-0.35190395616142955,1.0962368478838183,0.4307964266530725,-0.3179330626465627,1.2888185050313836,0.6930027864626701,0.05145975722875817,1.2579169214166552,0.4800536331554122,-0.21193285148270083,1.3146879444059156,0.7238248424814236,0.4083207796346273,1.2705732836628592,0.7113864307371985,0.2293282346121523,1.2767950209560772,1.2839410099762165,0.0025749592745016804,0.15498963477003655,1.1120221835887985,-0.14644241594518256,0.4906447376833846,1.2837163490175412,0.11152900301462769,0.14143837539368118,0.7565436929661706,0.04022460481435653,1.1924062264676125,0.9926984215414287,-0.09981113156636819,0.4330608170750915,0.7269833614889359,-0.5692269758672904,0.7827511165315741,0.504863987497936,-0.19794233473918296,1.1845403459687895,1.0480631996464256,-0.2313003230667272,0.556857772812938,1.225814244605058,-0.07937118159422021,0.3854621330041759,1.3894930809538886,0.23168615414606816,0.16741126119498387,0.5962258754976537,-0.09747744837640138,1.2289362960303856,0.7434960031351506,0.32364220887619927,1.2160474792221525,0.7799611356084709,0.3160020210687688,1.2982417593728628,0.49808002593896245,-0.2406804335137077,0.8574401369158006,0.6203181025208226,-0.5248384724389639,0.9044736100743148,0.9986671209335327,-19.62687873840332,4.76295280456543,-0.5885804295539856,-0.5275163054466248,-2.513017416000366,886.1311645507812,-6.245526313781738,-1292.1025390625,-64.07388305664062,123.03832244873047,-14.758164405822754,-1.6401150226593018,24.7333927154541,-2.6931262016296387,-3.7965173721313477,0.3290659487247467,2.7196717262268066
0.42430477214372697,-0.3247069021723918,1.1512712396138551,0.4013691662459183,-0.20018205372308268,1.0355708346461618,0.06473701713693061,-0.5034865649133329,0.09534008174345193,0.5338530488164218,-0.4078007420364595,0.6792399825047184,0.28105388349847277,-0.2331536196122896,1.2738114419757136,0.10991138044670705,-0.6184159595247926,1.0198090960647885,0.3376021454764517,-0.1302577430592073,1.303157615937934,-0.10216706760523736,-0.6618504812385861,0.7859689486737281,-0.0033835055759880665,-0.6335170122961334,0.9100778423595112,0.14063126475408375,-0.5498357484277511,0.09812719498249078,0.33025225404872,-0.23971376481731207,0.3834668733919694,0.15343063499852522,-0.47295577962272217,0.02461123718750596,0.17993933295473347,-0.6516979012070903,0.9670244375404142,0.4147989759283349,-0.2248874365888684,0.28856653631325596,0.6306084321429397,-0.5832472691275427,0.7511176906082014,0.29837634226936366,-0.35516619509616437,1.0924303168492602,0.3688308127865885,-0.285642548211363,0.43028545744766467,0.24354868660995493,-0.2768195642047371,0.31952460416105416,0.07456864769391666,-0.3326257665129687,0.06333189066622825,0.1861918388020912,-0.4792286100371784,1.0491218260976651,-0.028389077861824246,-0.6927667934176148,0.7941816869555718,-0.08206173017719733,-0.7275948189939094,0.8545492824339707,1.3884556413881035,0.05354996929746993,0.17324206682033097,0.8233685186564527,-0.396475922291642,0.7935034332685913,0.6103502831711674,-0.3514992263636842,1.0956577358656372,0.43288603800022035,-0.31730430282109623,1.288239591366408,0.6956539357340098,0.051011193852057546,1.2580803247871777,0.4819235782453555,-0.21126203086005146,1.314092964131311,0.7280597230851253,0.407702175493272,1.2718552800993255,0.7147489936146513,0.22868703308188365,1.2774707706558783,1.287675128077829,0.0013479422012711703,0.1546353114805869,1.1147642976400867,-0.14672427089107745,0.4902222354384448,1.2877686653310887,0.11025615066092542,0.14092612328217521,0.7592131899090001,0.03953254924137273,1.1926033102123943,0.9957129935555109,-0.09988364205997906,0.43242474793400987,0.7287554291897261,-0.5686243788296024,0.7818983564313674,0.5067534802962611,-0.19749857398946558,1.183958774370863,1.0504802127942343,-0.23139693595419655,0.5563457240134675,1.22905017879625,-0.08026683557507212,0.38513055586854356,1.3939789577035713,0.2301644676963226,0.1670436581584397,0.598365392511254,-0.09747705414940584,1.2287102923882718,0.7473458801673736,0.32306962267847256,1.2170512654528711,0.7836952140394423,0.31501716765149546,1.2992495126676875,0.4997366024859693,-0.2402568552026291,0.8568789956980194,0.6222096780278035,-0.524336678500207,0.9037964520667563,1.073210597038269,-19.37826156616211,4.942874908447266,-0.5954704284667969,-0.5295385718345642,-2.4793620109558105,884.96240234375,-6.413371562957764,-1288.0484619140625,-63.60637283325195,122.66902923583984,-14.785144805908203,-1.618814468383789,24.733034133911133,-2.8294267654418945,-3.7814910411834717,0.27057161927223206,2.7148032188415527
0.4263312352808895,-0.32411401654710836,1.1507718705183623,0.40318955648813815,-0.19976638227898555,1.0351073141919067,0.06498365592680229,-0.5033366293307172,0.09552794586349007,0.5358041722253458,-0.40693705306937367,0.6785297938530019,0.28300479764969927,-0.23284625306429454,1.2732525519187876,0.11218003785570721,-0.6185336653759937,1.021847981490836,0.33934340176992855,-0.12982942114602652,1.3025664146372815,-0.10097112289525029,-0.6623112294847602,0.7892280082828951,-0.0015951474675205992,-0.6339020504067275,0.912665549098261,0.14095413526951872,-0.5496304453603479,0.09816978215579165,0.33190071681477373,-0.23944329899667904,0.3824182464586978,0.15343607103587775,-0.4727846239971009,0.0244428345822538,0.18198776669454886,-0.6519298040314226,0.9687767885378654,0.41627798826489226,-0.22481818526785896,0.2873381603237809,0.6323679930326954,-0.5826418680071042,0.7503585025964193,0.3004958700660048,-0.3548016254080842,1.0924039779119934,0.370522907830232,-0.28531173088692674,0.42936175449794495,0.24495860440841571,-0.2765266141354643,0.31881125004875743,0.07462627776213829,-0.3325131359874018,0.06326525870537916,0.18832320932126198,-0.47903952416994716,1.050081475681027,-0.027113026649450655,-0.6932360522004942,0.7970768793529232,-0.08054799744427603,-0.7280214772319162,0.8576916353592019,1.3923643377443022,0.05195356685890271,0.17296771261076266,0.8251532797781836,-0.3958464454341409,0.7927552591885952,0.6122975771790308,-0.3510656404179453,1.0950805011964002,0.43499749780490693,-0.3166908288238854,1.2876893234568716,0.6983661635822017,0.05049611810619469,1.2582633108492718,0.4838329638471666,-0.21053853522468088,1.3135689670676427,0.7323048643718492,0.40699663876697717,1.273119085671886,0.7181503820103524,0.2280481377776885,1.2781396906896931,1.2914422292583034,8.136077031545481e-05,0.15426502667910216,1.1174539106571122,-0.1470819723527163,0.48975750093428505,1.2919455340366488,0.10906714176302716,0.14039997312406832,0.761925056675412,0.03888768835967741,1.1928402714381945,0.9987628791505927,-0.09993955581788196,0.43183180117449227,0.7305949519801613,-0.5680596686356905,0.7811722850167988,0.5087526361673873,-0.19703158104656548,1.1834331995604055,1.0529958514977764,-0.23156093514912965,0.555867677887544,1.2322414773978934,-0.08112745919567069,0.38484658409428124,1.3983629720889967,0.22853284709106222,0.16664795962390522,0.6004913796652231,-0.0973571508826799,1.2283834621606284,0.7511971975793901,0.32244322453903046,1.2180553429963572,0.7874517559215721,0.31396499670893946,1.300231306758148,0.5014166216187129,-0.2398412192104668,0.8563740292921761,0.6241221309497655,-0.5238220667996943,0.9031364815124613,1.178924560546875,-19.312406539916992,4.706298828125,-0.6007431149482727,-0.46685367822647095,-2.4267210960388184,884.6617431640625,-7.899852275848389,-1283.800048828125,-63.21052551269531,122.26029205322266,-15.020576477050781,-1.6255563497543335,24.729721069335938,-2.485536575317383,-3.7576029300689697,0.2664811611175537,2.736520528793335
0.428357532284907,-0.32350599454925555,1.1502647607137035,0.4050224888699732,-0.1993520125154628,1.0346506654426753,0.0652063793027835,-0.5031765979646847,0.0957304173772106,0.5378054568901756,-0.406044929775576,0.6777599652279293,0.28497512929684266,-0.23253707000554005,1.2727015267144766,0.11446740486911969,-0.618652002898273,1.023894629533717,0.34109698295198515,-0.1293963863458855,1.3019808363046077,-0.09976917685361107,-0.6627453453098701,0.7925040098215568,0.0002390515080047356,-0.6342901482882088,0.9152704424021257,0.14128403632056633,-0.5494212025640817,0.09821221734464958,0.33357547243304586,-0.2391865902783855,0.38136582402204056,0.15342534012747128,-0.4725961686167496,0.024263836310818705,0.18405435915222215,-0.6521716164239985,0.9705337218890915,0.4177643579264349,-0.22473835802038775,0.2861121193265284,0.6341163773607733,-0.5820306029343447,0.7495985916316115,0.3026309340501462,-0.35443611003902575,1.092388308008775,0.3722182525112138,-0.2849854101112347,0.42844319072188136,0.24637217348478477,-0.27624044996618435,0.31808903611061595,0.07472231790472735,-0.3323974365627529,0.06318436530942949,0.1904594634246351,-0.478836955959039,1.051038291872732,-0.02581380385695812,-0.6936825452656146,0.799991580528139,-0.07902116620826811,-0.7284268120069377,0.8608423570133991,1.3962734430436263,0.050341949545291205,0.17269076690669882,0.8269400454514862,-0.39522271386242863,0.7920013781612283,0.614255204303375,-0.35062554424369574,1.0945036900754006,0.4371138868347697,-0.31608080345865913,1.2871455183092333,0.70109217135322,0.04996603652094772,1.2584507149576352,0.4857512476132404,-0.20980315559253793,1.3130609845088808,0.7365523205687665,0.40627148920139733,1.274378787208077,0.7215605298217557,0.22740976278059535,1.2788070698842307,1.2952167717431553,-0.0011941467657366712,0.15389114080478028,1.1201316789286024,-0.14745678552827296,0.4892832384204233,1.296150502976992,0.10789704876674336,0.1398706874310576,0.7646464824873878,0.03825347506077286,1.1930862294127609,1.0018207318340704,-0.09999172519028976,0.4312485832449617,0.7324496932969187,-0.5675035060833622,0.7804747958056975,0.5107765330976207,-0.19655934669422792,1.182920258171511,1.0555337410888923,-0.23174013735245394,0.555397303096506,1.2354227057750649,-0.08198017962523638,0.38457335255398656,1.4027240053312664,0.2268764242677895,0.16624592247092174,0.6026143143508607,-0.09721028521064892,1.2280338844716154,0.7550488399551402,0.32180468590054295,1.2190594862628457,0.7912133657774386,0.3128976382759234,1.3012072441988434,0.5031019296275068,-0.23942737508293813,0.855881736471953,0.6260392940202295,-0.5233045632870782,0.9024803886153051,1.1669518947601318,-19.458770751953125,4.3626556396484375,-0.5884758830070496,-0.43150705099105835,-2.416785478591919,885.96826171875,-9.461606979370117,-1278.6787109375,-62.8253173828125,121.78512573242188,-15.267992973327637,-1.5813614130020142,24.72739601135254,-2.0406649112701416,-3.7524502277374268,0.3156335651874542,2.755812406539917
0.4303838292889247,-0.3228979725514027,1.1497576509090448,0.4068554212518085,-0.19893764275194006,1.0341940166934436,0.06542910267876473,-0.5030165665986522,0.09593288889093114,0.5398067415550054,-0.40515280648177826,0.6769901366028565,0.28694546094398615,-0.23222788694678553,1.2721505015101655,0.11675477188253236,-0.6187703404205525,1.0259412775765981,0.3428505641340419,-0.1289633515457444,1.3013952579719341,-0.09856723081197175,-0.66317946113498,0.7957800113602188,0.0020732504835302276,-0.6346782461696903,0.9178753357059908,0.14161393737161396,-0.5492119597678153,0.0982546525335075,0.33525022805131816,-0.23892988156009196,0.3803134015853832,0.15341460921906477,-0.47240771323639824,0.024084838039383594,0.18612095160989564,-0.6524134288165743,0.9722906552403178,0.4192507275879777,-0.22465853077291653,0.2848860783292758,0.6358647616888513,-0.5814193378615853,0.7488386806668036,0.30476599803428767,-0.3540705946699673,1.0923726381055567,0.3739135971921958,-0.2846590893355426,0.4275246269458177,0.24778574256115396,-0.2759542857969044,0.3173668221724744,0.0748183580473164,-0.332281737138104,0.06310347191347981,0.1925957175280084,-0.4786343877481309,1.0519951080644367,-0.024514581064465475,-0.6941290383307349,0.8029062817033552,-0.07749433497226008,-0.7288321467819593,0.8639930786675963,1.4001825483429509,0.04873033223167956,0.172413821202635,0.828726811124789,-0.3945989822907164,0.7912474971338613,0.6162128314277193,-0.3501854480694461,1.093926878954401,0.43923027586463265,-0.31547077809343277,1.2866017131615948,0.7038181791242384,0.04943595493570071,1.2586381190659983,0.4876695313793144,-0.2090677759603949,1.3125530019501188,0.7407997767656842,0.40554633963581743,1.2756384887442682,0.724970677633159,0.22677138778350214,1.2794744490787682,1.2989913142280072,-0.0024696543017889063,0.15351725493045834,1.122809447200093,-0.14783159870382964,0.4888089759065616,1.3003554719173354,0.10672695577045944,0.13934140173804682,0.7673679082993639,0.037619261761868264,1.1933321873873275,1.0048785845175483,-0.10004389456269756,0.43066536531543104,0.7343044346136762,-0.5669473435310338,0.779777306594596,0.5128004300278542,-0.1960871123418903,1.1824073167826166,1.0580716306800084,-0.23191933955577823,0.5549269283054681,1.2386039341522368,-0.08283290005480214,0.3843001210136919,1.4070850385735365,0.22522000144451665,0.16584388531793823,0.6047372490364984,-0.09706341953861793,1.2276843067826024,0.7589004823308906,0.3211661472620554,1.2200636295293341,0.7949749756333053,0.3118302798429073,1.3021831816395386,0.5047872376363008,-0.2390135309554094,0.8553894436517299,0.6279564570906935,-0.5227870597744619,0.9018242957181488,1.0549182891845703,-19.58551597595215,4.0648040771484375,-0.6006659269332886,-0.45929017663002014,-2.4454479217529297,887.091552734375,-9.353812217712402,-1274.138671875,-62.414451599121094,121.4080810546875,-15.279595375061035,-1.6265350580215454,24.728410720825195,-2.087648868560791,-3.7398171424865723,0.34544676542282104,2.7597970962524414
0.4324018021194349,-0.32241136284656086,1.1493385280204924,0.40866419342377314,-0.19852074356564625,1.0337408102111312,0.06569352131706988,-0.502821292210099,0.09613706746342164,0.541654169756845,-0.4044028938507403,0.6764959788677709,0.28896351785257146,-0.23192027623191577,1.2715960340389354,0.1190784214348191,-0.6188690377189624,1.0280288789445988,0.34461955509043674,-0.12859195584295605,1.3008363813359216,-0.09726937983604468,-0.6634836233412192,0.7990895669586608,0.003940174997158013,-0.6350025816863736,0.9205559588820726,0.1419689557114184,-0.5490139284670748,0.09827752591462324,0.3370029413640892,-0.2387179866531827,0.37923730954231816,0.15348069796597721,-0.4722813393007841,0.023954641743137554,0.18823516477417454,-0.652518644336833,0.9741231736955263,0.42072089929256995,-0.22478003994814605,0.28361096894306864,0.63769104741267,-0.5808297558533435,0.7481154925775845,0.3068395435612721,-0.3536803158900596,1.09236147210298,0.37569692074660416,-0.2843280153361378,0.4265663484173106,0.24921938214475733,-0.275660513252612,0.3166283057225462,0.07493875343475909,-0.3321755361182011,0.06302335262545293,0.19476119470813397,-0.4784400552412532,1.0529887597292464,-0.023177900496525006,-0.6944819950307441,0.8057516871501276,-0.07586983946577618,-0.7291597088441154,0.8671264442189637,1.4040277947653206,0.04707331399106441,0.17212933950767614,0.8306198045117964,-0.39400738122447443,0.7904975731049153,0.6181770052933533,-0.349762120882407,1.0933891552568271,0.4413485066681506,-0.314913922883817,1.2860985396318878,0.7065413076159178,0.04888388768011179,1.2588231103704466,0.48959570501419075,-0.20841305234179597,1.3120852649606616,0.7450639134803352,0.4048200158389989,1.2768845177249402,0.7284688927874656,0.22609764108101268,1.2801376460798528,1.3027347797984317,-0.003784300250599403,0.1530986075221703,1.125641023678495,-0.1481408479543316,0.4883928458816958,1.3043865259514735,0.10539736236069389,0.1389001592599004,0.7701788330512328,0.037014128782151205,1.193637725533239,1.0078507987473972,-0.1000620655172708,0.43012623735611016,0.7361491708368654,-0.5663507745558063,0.7789764689491285,0.5148357153925673,-0.19563327561940583,1.1818418084390907,1.0605920837414973,-0.2320850220144979,0.554439551289508,1.2417713612910135,-0.08361145089201573,0.384018790494922,1.4114739959997842,0.2234905792387907,0.1654789128544315,0.6068919201363,-0.09703858343526622,1.227372143639634,0.7628305408338834,0.32049699014188443,1.2210380470515876,0.7987747882178284,0.31073979066302454,1.3031763947562665,0.5064994886221473,-0.23860949487579583,0.854882014508279,0.6298631003360873,-0.5223047671136477,0.9012024485512286,0.9924864172935486,-19.590646743774414,3.9675869941711426,-0.6201131343841553,-0.4895628094673157,-2.4620308876037598,885.3709106445312,-7.570555210113525,-1269.6810302734375,-61.92557907104492,121.05972290039062,-15.050339698791504,-1.753674030303955,24.73065948486328,-2.4300220012664795,-3.713862180709839,0.35440152883529663,2.7589778900146484
0.4344178343450785,-0.3219530578480651,1.1489399174191304,0.410467333154173,-0.19810325469797022,1.033288406220493,0.06596766032327878,-0.5026178016567862,0.0963416440005334,0.5434657295808096,-0.4036861346257444,0.6760660879659337,0.2909927008957262,-0.23161303207574302,1.2710407640760308,0.12141052949310127,-0.6189631563148751,1.0301260277135482,0.3463921385095608,-0.12823492999108424,1.3002837296353271,-0.09594917065457799,-0.663757489611771,0.8024069449759476,0.005814728777337451,-0.6353120523572757,0.9232542368749908,0.14232982961547294,-0.5488185108892175,0.09829583887430217,0.33877382886330804,-0.23851653913788448,0.3781556994315015,0.15356469558958974,-0.47216943834001657,0.023835822594481595,0.19036047969827577,-0.6525920151874719,0.9759733132179209,0.4221872947863395,-0.22494848644891322,0.2823244203005406,0.6395354941980728,-0.5802452287926579,0.7474008656495454,0.3088987473620483,-0.35328426404504587,1.09235135608951,0.3775007547132226,-0.28399583322322924,0.4255988112348595,0.2506577007423173,-0.2753649669767216,0.3158859886870479,0.07506482673204497,-0.33207154945032485,0.06294341380430374,0.19693348463007934,-0.47824764271445624,1.0539909988049638,-0.021832487441056682,-0.6948131457069852,0.8085809377645023,-0.07422257560175784,-0.7294691398443766,0.8702557635623097,1.4078581538421426,0.045405711485258085,0.1718431009559442,0.8325375626418763,-0.39342327070551997,0.7897485715663987,0.6201427053931532,-0.3493427030298094,1.0928605439647143,0.4434671668422142,-0.31436946317060105,1.2856048385039072,0.7092637648645614,0.04832669493082346,1.2590075391807303,0.49152371800498446,-0.20777713196561828,1.3116269103738647,0.749331938904642,0.4040934182950203,1.2781273592386813,0.7319876389787685,0.22541564821407498,1.2807998680910526,1.3064710004440205,-0.005108070491954912,0.15266952490964475,1.1285084572848894,-0.14843481236340983,0.4879902682162279,1.3083770354062514,0.10403058480545392,0.13847944219380817,0.7730106225866354,0.036415775263348986,1.193957153535047,1.0108030481843757,-0.10007231046032432,0.4295973880401511,0.7379915745842535,-0.5657447856783078,0.7781515378036247,0.5168736557297359,-0.1951837279149239,1.1812640452227057,1.0631084718451593,-0.23224755263091712,0.5539482105646703,1.244935570963171,-0.08437271065861969,0.3837355718707407,1.4158694633584936,0.22174413877212457,0.16512258123877824,0.6090539899093425,-0.09704219594301768,1.2270687029061729,0.7667788803972154,0.31982069497076887,1.2220055346457372,0.8025835069599528,0.3096439090390869,1.3041736353312106,0.5082180207928284,-0.23820774533496,0.8543710566514375,0.631767291106925,-0.5218306831176708,0.9005885850514798,0.9873051643371582,-19.538057327270508,4.032886028289795,-0.611394464969635,-0.5110803842544556,-2.452834129333496,881.9050903320312,-6.0692973136901855,-1265.37939453125,-61.480308532714844,120.6581039428711,-14.856362342834473,-1.7890918254852295,24.731224060058594,-2.530355215072632,-3.7122154235839844,0.3525376617908478,2.7519662380218506
0.43643386657072214,-0.3214947528495694,1.1485413068177683,0.41227047288457286,-0.19768576583029418,1.0328360022298548,0.06624179932948769,-0.5024143111034735,0.09654622053764514,0.5452772894047743,-0.4029693754007485,0.6756361970640966,0.2930218839388809,-0.2313057879195703,1.2704854941131263,0.12374263755138343,-0.6190572749107879,1.0322231764824974,0.34816472192868486,-0.12787790413921243,1.2997310779347324,-0.09462896147311131,-0.6640313558823225,0.8057243229932343,0.007689282557516891,-0.6356215230281779,0.9259525148679089,0.14269070351952748,-0.5486230933113604,0.09831415183398108,0.34054471636252687,-0.2383150916225863,0.3770740893206849,0.1536486932132023,-0.47205753737924905,0.023717003445825634,0.19248579462237703,-0.6526653860381108,0.9778234527403156,0.423653690280109,-0.22511693294968035,0.2810378716580126,0.6413799409834754,-0.5796607017319724,0.7466862387215065,0.31095795116282454,-0.3528882122000322,1.0923412400760397,0.379304588679841,-0.2836636511103207,0.42463127405240836,0.25209601933987724,-0.2750694207008311,0.3151436716515497,0.07519090002933085,-0.33196756278244866,0.06286347498315455,0.19910577455202472,-0.4780552301876592,1.0549932378806814,-0.020487074385588357,-0.6951442963832262,0.8114101883788771,-0.07257531173773951,-0.7297785708446376,0.8733850829056556,1.411688512918965,0.04373810897945176,0.17155686240421225,0.8344553207719563,-0.3928391601865655,0.7889995700278819,0.6221084054929531,-0.3489232851772119,1.0923319326726018,0.4455858270162778,-0.3138250034573852,1.2851111373759263,0.7119862221132051,0.04776950218153514,1.2591919679910142,0.49345173099577816,-0.20714121158944063,1.3111685557870676,0.7535999643289489,0.4033668207510418,1.2793702007524226,0.7355063851700713,0.22473365534713727,1.2814620901022526,1.3102072210896094,-0.0064318407333104205,0.1522404422971192,1.1313758908912834,-0.14872877677248802,0.48758769055075996,1.3123675448610292,0.10266380725021396,0.13805872512771594,0.775842412122038,0.03581742174454676,1.1942765815368552,1.0137552976213544,-0.10008255540337783,0.42906853872419193,0.7398339783316417,-0.5651387968008093,0.7773266066581208,0.5189115960669044,-0.19473418021044195,1.1806862820063206,1.0656248599488214,-0.23241008324733634,0.5534568698398324,1.2480997806353284,-0.08513397042522367,0.38345235324655935,1.4202649307172028,0.21999769830545846,0.16476624962312497,0.611216059682385,-0.09704580845076911,1.2267652621727116,0.7707272199605474,0.31914439979965326,1.2229730222398871,0.8063922257020772,0.30854802741514925,1.3051708759061549,0.5099365529635095,-0.23780599579412418,0.8538600987945961,0.6336714818777627,-0.5213565991216937,0.899974721551731,1.0382570028305054,-19.429443359375,4.299842834472656,-0.5922478437423706,-0.5320361852645874,-2.4125776290893555,879.936767578125,-6.028810501098633,-1260.3895263671875,-61.052284240722656,120.14639282226562,-14.883132934570312,-1.6815247535705566,24.729127883911133,-2.3745272159576416,-3.748076915740967,0.32603779435157776,2.7368083000183105
0.4379283574637987,-0.32116777040311045,1.1482524287621707,0.41363702447998596,-0.19735840984330275,1.0325088698342937,0.0664402933803615,-0.5022792595111771,0.09666118376105036,0.5466472492707485,-0.40250104912464196,0.6751376593744518,0.2944698633737121,-0.23111434724946686,1.2700973488637153,0.12551538979276905,-0.6191298114937662,1.0337903349604827,0.34945398815815015,-0.1275654651273955,1.2993338806739707,-0.09361643585937708,-0.6641582406514528,0.8081415232443651,0.00907082366602894,-0.6357809427558192,0.9279669627843312,0.14295429450194566,-0.5484796644046607,0.0983242816137557,0.3418720934959436,-0.2381717556754485,0.3762969374656678,0.1536983594495729,-0.4719703598132986,0.023621064228381942,0.19406264665111,-0.6527663339052768,0.9791983403512183,0.42475908264419093,-0.2252031999411962,0.28007725137748474,0.6427374016370204,-0.579233083898658,0.7461513340078443,0.3125186584248447,-0.35257275718332126,1.0923389255605787,0.3806418994601988,-0.2834348947993967,0.4238922744002564,0.25315963422620524,-0.27489196000904437,0.3145783111354373,0.07527929472903541,-0.33189394280610496,0.06279727671024025,0.2007501284709039,-0.47795789042450737,1.0557359172808414,-0.019461225995806335,-0.6953357394957385,0.8134481944390479,-0.0713042543325204,-0.7299601244215934,0.8756667567009956,1.4144998812517582,0.0425095875309596,0.17135419819923428,0.8358018749597056,-0.39242431659572174,0.7884411456569141,0.6235706371976839,-0.348602329263624,1.0919250759067916,0.4471733538520256,-0.3133888374890713,1.2847377839467384,0.7139811896725204,0.04738154138950325,1.2593369416843188,0.49489514786281324,-0.20665565789337983,1.310787992366892,0.7567485067623339,0.40279477439968797,1.2802682736062057,0.7380550278733107,0.22420374772801308,1.2819412326970636,1.3129219570696746,-0.007382049811202112,0.1519117919814508,1.1334455573795645,-0.14893074185642974,0.48735167806511687,1.3153289599923896,0.10166390992651718,0.13772352079287273,0.7779076245446868,0.03531008037362276,1.1945098093803355,1.015973438885038,-0.10008735688316901,0.4286874622501285,0.7411708354160484,-0.5646775512900574,0.7767662709911928,0.5204062931584995,-0.19438795839121803,1.1802743325959768,1.067454076760652,-0.23247146216646725,0.5531468499969963,1.2504059214465664,-0.08575530480963502,0.3833003452676811,1.4234753697123748,0.21874100167230273,0.16449125821622004,0.6128355416635802,-0.09706736999927768,1.2265394207657567,0.7735896325664013,0.31860869145946,1.2237034274252834,0.8092001785110952,0.3077389307764193,1.3058819869496174,0.5111813039969134,-0.23750806372884095,0.8535078406728657,0.6350600224062306,-0.5210138936311204,0.8995001020020997,1.101631999015808,-19.389379501342773,4.47013521194458,-0.604722261428833,-0.5186002254486084,-2.385812997817993,881.524169921875,-7.661663055419922,-1254.6468505859375,-60.59288024902344,119.60310363769531,-15.10651683807373,-1.5123240947723389,24.72743797302246,-2.1890223026275635,-3.7821996212005615,0.30970752239227295,2.7324862480163574
0.43929729211014623,-0.3208724026451048,1.1479899678009235,0.4148984715243838,-0.19705275251277235,1.032211895415325,0.06662057660865467,-0.5021606839650514,0.09675457340893366,0.5479108980357252,-0.4020925307806754,0.6746225956062608,0.29577792342135445,-0.23095078519638013,1.269749437341627,0.12715348230045753,-0.619197152406964,1.035229903183236,0.3506269002493643,-0.12726375998448064,1.2989741076302055,-0.09267798221565243,-0.6642497409850556,0.8103420140332733,0.01033367653876934,-0.6359042391082309,0.9298167849415975,0.1431944655217477,-0.5483487512891656,0.09833244136873855,0.3430926996153711,-0.23804240955027522,0.37559308111667633,0.15373976072234824,-0.4718891341757301,0.023530633142526382,0.19550746131614338,-0.6528739206838292,0.9804588154649102,0.42577756684742224,-0.22526968297678113,0.27919509533225306,0.6439776248884517,-0.5788432405089701,0.7456596957531986,0.3139593572608682,-0.35227670510675735,1.092338489183527,0.3818668991031236,-0.28323103729265414,0.42320829304243557,0.25413304266353315,-0.2747429273282455,0.3140555512628808,0.07535861865524819,-0.33182763332957466,0.06273438634708622,0.20226738668534136,-0.47788343854889964,1.056416110092441,-0.01851230984035611,-0.6954935493058716,0.8152957156991326,-0.07012376514886393,-0.7301108926929385,0.8777443676792233,1.417065936998026,0.04138677078145035,0.17117165374440074,0.8370109170872644,-0.3920502224505342,0.7879286009744303,0.6249116635480464,-0.348305077150168,1.0915475304158317,0.44863301525447535,-0.31297874223712263,1.2843934031117041,0.715801020825146,0.047034321624218244,1.2594724169235356,0.4962219027000547,-0.20620630358327305,1.3104261564497917,0.7596275440312379,0.4022599348169289,1.2810833465974063,0.7403701271442388,0.22371045322410318,1.282376300617559,1.315390780074707,-0.008242327497889638,0.15160731981132206,1.1353231688208927,-0.14911055895469047,0.48715576460424637,1.3180426301940387,0.10075233562152515,0.13740890285629312,0.7797882906253764,0.034824649334595316,1.1947222853338482,1.0180148504032993,-0.10009084789958221,0.4283419607194844,0.7423859868223304,-0.5642511514046334,0.7762696342357737,0.5217702094687531,-0.19406661132214875,1.1799023013241243,1.0691178634466714,-0.2325084897510658,0.5528804814776048,1.2525054901246202,-0.08634295345388894,0.38317992503674614,1.4264005241015099,0.21760220633239938,0.16423584871142116,0.6143244006578495,-0.09709325261315367,1.2263322606781462,0.7761906183121219,0.31810682809708135,1.2243767572159798,0.8117672061880692,0.3069988749674614,1.3065242149577236,0.5123119966083804,-0.23723512475952407,0.8531937880429211,0.6363244249133874,-0.5207028162992553,0.8990590041441633,1.0861179828643799,-19.44248390197754,4.288951396942139,-0.6309365630149841,-0.49131813645362854,-2.420275926589966,883.320556640625,-8.63290023803711,-1250.1348876953125,-60.145286560058594,119.20649719238281,-15.163365364074707,-1.3840358257293701,24.72754669189453,-2.0342977046966553,-3.761819839477539,0.33917373418807983,2.7498459815979004
0.4406662267564937,-0.32057703488709915,1.1477275068396764,0.4161599185687816,-0.196747095182242,1.0319149209963565,0.06680085983694782,-0.5020421084189257,0.09684796305681695,0.5491745468007018,-0.4016840124367089,0.6741075318380697,0.2970859834689967,-0.2307872231432934,1.2694015258195386,0.12879157480814585,-0.619264493320162,1.0366694714059892,0.3517998123405784,-0.1269620548415658,1.2986143345864403,-0.09173952857192785,-0.6643412413186585,0.8125425048221814,0.011596529411509631,-0.6360275354606426,0.9316666070988635,0.14343463654154973,-0.5482178381736705,0.0983406011237214,0.3443133057347985,-0.237913063425102,0.374889224767685,0.15378116199512354,-0.4718079085381615,0.023440202056670828,0.19695227598117665,-0.6529815074623815,0.9817192905786021,0.42679605105065344,-0.22533616601236608,0.27831293928702155,0.6452178481398828,-0.5784533971192821,0.745168057498553,0.3154000560968916,-0.35198065303019344,1.0923380528064752,0.38309189874604826,-0.28302717978591163,0.42252431168461485,0.25510645110086094,-0.2745938946474467,0.3135327913903243,0.07543794258146096,-0.3317613238530443,0.0626714959839322,0.20378464489977868,-0.47780898667329197,1.0570963029040406,-0.017563393684905962,-0.6956513591160047,0.8171432369592172,-0.06894327596520755,-0.7302616609642837,0.8798219786574507,1.419631992744294,0.040263954031941204,0.1709891092895672,0.8382199592148231,-0.3916761283053468,0.7874160562919466,0.6262526898984087,-0.34800782503671207,1.0911699849248722,0.450092676656925,-0.31256864698517406,1.28404902227667,0.7176208519777714,0.046687101858933266,1.2596078921627525,0.497548657537296,-0.20575694927316632,1.3100643205326914,0.7625065813001416,0.4017250952341699,1.2818984195886067,0.7426852264151667,0.22321715872019335,1.2828113685380544,1.3178596030797387,-0.00910260518457709,0.15130284764119334,1.1372007802622206,-0.14929037605295117,0.4869598511433759,1.3207563003956875,0.09984076131653319,0.13709428491971354,0.7816689567060658,0.03433921829556791,1.1949347612873609,1.0200562619215603,-0.10009433891599541,0.4279964591888403,0.7436011382286122,-0.5638247515192095,0.7757729974803546,0.5231341257790065,-0.19374526425307953,1.179530270052272,1.0707816501326908,-0.23254551733566436,0.5526141129582134,1.254605058802674,-0.08693060209814282,0.3830595048058112,1.4293256784906447,0.21646341099249616,0.1639804392066223,0.6158132596521186,-0.09711913522702968,1.2261251005905354,0.7787916040578423,0.31760496473470273,1.2250500870066763,0.814334233865043,0.3062588191585036,1.3071664429658296,0.5134426892198474,-0.23696218579020722,0.8528797354129766,0.637588827420544,-0.5203917389673903,0.8986179062862271,1.0237165689468384,-19.468576431274414,4.062118053436279,-0.6269662976264954,-0.4753865897655487,-2.4752533435821533,881.959228515625,-7.499629974365234,-1245.31396484375,-59.57719421386719,118.76335906982422,-14.989630699157715,-1.4913965463638306,24.728782653808594,-2.0931174755096436,-3.728909492492676,0.36982300877571106,2.7576982975006104
0.4426753998592199,-0.32004850288692693,1.1473268203387987,0.4179407838263258,-0.1963592532356054,1.031532246742817,0.06709322491228974,-0.5018688464006841,0.0969912985968866,0.5509074315527416,-0.40094944864314125,0.6736827595344442,0.29900531021767096,-0.23049186621576748,1.2688850109150869,0.13109897881351548,-0.6193534260159297,1.0387067459276969,0.35354306366269944,-0.1265705309018789,1.298156310193586,-0.0903489046316866,-0.6643669494729958,0.8156418747065082,0.013479104128339244,-0.6361930620986105,0.9342212524043012,0.14376181021135373,-0.5480105355875382,0.09835816458459722,0.3459921692380841,-0.23775614368797138,0.3738957144171987,0.15371670554213177,-0.47156033561324445,0.0233078842631091,0.1990618442758818,-0.6531132598783796,0.9834857982712865,0.4283205996088634,-0.2253788567783422,0.2770700860793228,0.6469553814621161,-0.5778863072790058,0.7445202720481039,0.3173833457839409,-0.35157923972764554,1.0923540128382625,0.38475643177300883,-0.2827837770644403,0.42159530569780745,0.2564957118685671,-0.274339262420768,0.3127996744896403,0.07548399903620316,-0.3316633654943365,0.06259438884598728,0.2059435397139842,-0.4776519331217602,1.0580727432342554,-0.01620389802677452,-0.6957737069256258,0.8197779447235017,-0.06724527314157289,-0.7304002272569581,0.882719298861674,1.4231540290330418,0.038629302606973503,0.1707308784077894,0.839887020406344,-0.3911145240660535,0.7867585654487673,0.6281323351015318,-0.3476018196107536,1.090628189361648,0.4521463503999425,-0.3120112382615639,1.2835833525026081,0.72021288725714,0.0461644180772814,1.2597806406336904,0.49942524020640255,-0.2051403539761013,1.3096081417127952,0.7665894359152836,0.40093426036321567,1.2830248972438028,0.7459542725654625,0.2225275521740219,1.2834165015362746,1.3212945431668235,-0.010420252265260548,0.15092695099825892,1.139753917392516,-0.14951560500737845,0.4866454132542705,1.324586388093746,0.09851483411050796,0.13661151640857294,0.7843139305809474,0.033606109332712714,1.1952344940987645,1.0228737383488786,-0.10011137047449485,0.42755422361244433,0.7453761666223702,-0.5632549624964102,0.7750740589092899,0.5250445254985859,-0.19333441217510117,1.1790422564310743,1.0730823546845392,-0.2325931064636502,0.5522052291410648,1.257550536007281,-0.08771565508418126,0.38283184062171455,1.4335311509126067,0.2148226980638031,0.16355493682011077,0.6178847631279205,-0.09719592098467397,1.225870626059589,0.7825014922792547,0.3168868896187536,1.2259385084474324,0.8179599420716429,0.30518851552578,1.3080410169844596,0.5150372000127438,-0.23656506626712567,0.8524065486445332,0.6394221312952356,-0.5199201929056092,0.8980473689488228,0.9625423550605774,-19.470542907714844,4.231342315673828,-0.5816984176635742,-0.4624837338924408,-2.4748337268829346,878.5652465820312,-5.7039947509765625,-1240.8482666015625,-59.13286209106445,118.34494018554688,-14.878190994262695,-1.7673007249832153,24.740158081054688,-2.3944942951202393,-3.7617292404174805,0.36368367075920105,2.7410449981689453
0.4448436384169471,-0.3194620418824897,1.1468917920889443,0.4198506970871363,-0.19595099275080574,1.031128280604912,0.06741343640925868,-0.5016819976812956,0.09714704305426963,0.5527568966742383,-0.4001338797689274,0.6732804198928227,0.3010765044697073,-0.23016376522005788,1.2683266069715387,0.13357267138973763,-0.6194477231297272,1.0408925189087723,0.3554280141726235,-0.1261566917331803,1.297673875527666,-0.08884594024510574,-0.6643763117442857,0.8189645685896968,0.015515647005191093,-0.6363690807329898,0.9369510090508998,0.14411059944637564,-0.5477842542509369,0.0983780643699185,0.3477848855075457,-0.2375923733640191,0.37283024033963286,0.15362594903304877,-0.4712714341697314,0.02316515983409242,0.20133656875187195,-0.6532510161794574,0.9853780283438449,0.4299708784416022,-0.22541563642143414,0.27573761866976887,0.648816470081443,-0.5772751810534901,0.7438336922632938,0.3195014406513694,-0.35115164972298984,1.0923740465119975,0.3865301656407236,-0.28253054944489964,0.4206054240267798,0.25798828998543566,-0.2740583942820694,0.3120142949732724,0.0755217902806421,-0.3315575440593113,0.06251374959008188,0.20826184734800793,-0.4774743574147193,1.0591227854324492,-0.014742395038784353,-0.695887244300337,0.822608226774544,-0.06541869550055228,-0.7305357620021365,0.8858202735319832,1.4269135760155733,0.036867487287481904,0.17045384344478318,0.8416678751541289,-0.39050633346797614,0.7860650631370923,0.6301457986531668,-0.3471687947282728,1.090045586327054,0.45434760484869113,-0.3114172299176652,1.2830875488306512,0.7229967744934638,0.045598140751190536,1.2599626495348697,0.5014384260635502,-0.20448220812327025,1.3091285236623904,0.7709713755853917,0.40007982417842414,1.2842287425173828,0.7494603241516264,0.22178917244964877,1.2840638867277183,1.3249695123426173,-0.011851531493520685,0.15053330914468954,1.1424748869921197,-0.14975211641054278,0.48630152830224954,1.3286938465983662,0.09708596208435022,0.13608697135716874,0.787148794591032,0.032811465481949964,1.1955559056326253,1.0258840259337267,-0.10013176614282937,0.42708795473275596,0.7472902948887932,-0.562649548843207,0.774324859017568,0.5270906974937742,-0.19290132282782865,1.1785254273193562,1.0755412996999476,-0.23264331957757078,0.5517609377965232,1.2607061768209697,-0.08854975262718484,0.38257753197720507,1.4380547147712959,0.21305728511305047,0.16308717533255254,0.6201010229966498,-0.09728535348611163,1.2256043963874412,0.7864868842213358,0.3161150972969485,1.2268803688074579,0.8218486764967836,0.30403616274429474,1.30897331671999,0.5167469451364303,-0.23613709443254977,0.8518938254441647,0.6413967771245943,-0.5194087788363956,0.8974446727345321,0.9263160228729248,-19.427549362182617,4.622385501861572,-0.5650979280471802,-0.49886032938957214,-2.4184658527374268,876.356201171875,-5.306558132171631,-1235.9427490234375,-58.71328353881836,117.87383270263672,-14.968010902404785,-1.9101243019104004,24.736234664916992,-2.5347883701324463,-3.796459436416626,0.3486393392086029,2.7305197715759277
0.44701187697467415,-0.3188755808780525,1.1464567638390901,0.42176061034794665,-0.1955427322660061,1.030724314467007,0.0677336479062276,-0.5014951489619072,0.09730278751165267,0.5546063617957347,-0.39931831089471354,0.6728780802512011,0.30314769872174346,-0.22983566422434834,1.2677682030279904,0.1360463639659596,-0.6195420202435247,1.0430782918898474,0.35731296468254736,-0.12574285256448173,1.2971914408617462,-0.08734297585852502,-0.6643856740155757,0.8222872624728852,0.017552189882042768,-0.636545099367369,0.939680765697498,0.14445938868139752,-0.5475579729143357,0.09839796415523977,0.34957760177700714,-0.2374286030400668,0.3717647662620671,0.15353519252396577,-0.4709825327262184,0.023022435405075755,0.20361129322786192,-0.6533887724805352,0.9872702584164031,0.43162115727434086,-0.22545241606452607,0.27440515126021503,0.6506775587007698,-0.5766640548279743,0.7431471124784836,0.3216195355187977,-0.35072405971833415,1.0923940801857324,0.38830389950843824,-0.28227732182535903,0.4196155423557522,0.2594808681023041,-0.27377752614337086,0.3112289154569045,0.07555958152508103,-0.3314517226242861,0.0624331103341765,0.21058015498203145,-0.4772967817076784,1.060172827630643,-0.013280892050794305,-0.6960007816750482,0.8254385088255861,-0.06359211785953182,-0.730671296747315,0.8889212482022921,1.4306731229981047,0.03510567196799046,0.17017680848177696,0.8434487299019137,-0.3898981428698989,0.7853715608254174,0.6321592622048017,-0.346735769845792,1.0894629832924596,0.4565488592974396,-0.3108232215737665,1.2825917451586946,0.7257806617297872,0.045031863425099725,1.260144658436049,0.5034516119206977,-0.20382406227043925,1.3086489056119857,0.7753533152554996,0.3992253879936326,1.2854325877909627,0.75296637573779,0.22105079272527572,1.284711271919162,1.3286444815184104,-0.0132828107217807,0.15013966729112022,1.1451958565917235,-0.14998862781370711,0.48595764335022856,1.332801305102986,0.09565709005819259,0.1355624263057646,0.7899836586011165,0.032016821631187284,1.1958773171664863,1.0288943135185744,-0.10015216181116388,0.42662168585306764,0.7492044231552161,-0.5620441351900037,0.773575659125846,0.5291368694889623,-0.19246823348055614,1.178008598207638,1.0780002447153558,-0.23269353269149134,0.5513166464519816,1.263861817634658,-0.08938385017018835,0.38232322333269564,1.4425782786299848,0.21129187216229797,0.1626194138449944,0.6223172828653789,-0.09737478598754927,1.2253381667152936,0.7904722761634168,0.3153433049751434,1.2278222291674834,0.825737410921924,0.30288380996280956,1.30990561645552,0.5184566902601165,-0.23570912259797389,0.8513811022437962,0.6433714229539529,-0.518897364767182,0.8968419765202416,0.9709506034851074,-19.306791305541992,4.712308406829834,-0.6224524974822998,-0.5532218813896179,-2.3873484134674072,876.8140869140625,-6.592451095581055,-1232.0841064453125,-58.37563705444336,117.45681762695312,-15.105245590209961,-1.8738553524017334,24.68756866455078,-2.302576780319214,-3.7786026000976562,0.3309863209724426,2.7534406185150146
0.44917912870053417,-0.3183823715377328,1.1460775034317117,0.42364242653183587,-0.19512131139142624,1.0303266640530517,0.06807242763160869,-0.5013136528185661,0.09748614944566954,0.5564488006743373,-0.3986220539405646,0.6723697153937738,0.305211835152266,-0.2294910160318905,1.267277408909324,0.13861669501326726,-0.6196100755243112,1.0453190116692852,0.35924609627155274,-0.12534265338585077,1.296666975052941,-0.08576559842817044,-0.6642760006797235,0.8256277824869218,0.01964469278687668,-0.6366063139296525,0.9424753058825107,0.14479998721192214,-0.5473292284453941,0.0984259145149332,0.3514148517949691,-0.23728525618843685,0.3706393480695636,0.15355595196319732,-0.4708287561966094,0.02290840212576437,0.2059360224482239,-0.6535201656897336,0.989168330533615,0.433205586790249,-0.2256388309972965,0.2730118318504056,0.6525699417322677,-0.5760383708587545,0.7424272488284585,0.32380179814155524,-0.3502967144479815,1.0924315136789486,0.39006694401336817,-0.2820175416422206,0.41862356070651124,0.2610286377518382,-0.2735182340966155,0.31042407561611657,0.07554280294093076,-0.33133021450990086,0.06236944458638596,0.21286895239590015,-0.477175408049135,1.061313121524078,-0.011772230834953077,-0.6960085622522215,0.8282964379582184,-0.061742325985668554,-0.7306678539869801,0.8920062756696283,1.4344292910683234,0.03329585122548985,0.1699051024108533,0.8453138837751173,-0.38925154477555235,0.7846065171507021,0.6341940097461473,-0.3463624996065304,1.088930432370167,0.4587607557410435,-0.31026385497573195,1.2821128044696832,0.7286393113483656,0.0443863178424488,1.2603261305006923,0.505498239536159,-0.2031502060542833,1.3081477825215322,0.7797196392981421,0.39832712068463005,1.2866387067251648,0.7564605379736186,0.22023819534983857,1.2853222469620358,1.3322487777432068,-0.014702639739886388,0.1497697922962391,1.1479165419837496,-0.15022034321399713,0.4856704341260013,1.33690825834969,0.09422634305148728,0.13501629726776226,0.7928639484557094,0.0311969163648735,1.1962213074134675,1.0319325481819002,-0.10016459769365803,0.42619979282878095,0.7511392354175744,-0.5613527803231549,0.7727859122863668,0.5312180148055221,-0.19207972130238615,1.1774916743600605,1.0805146733656623,-0.23283577379801415,0.5509009811262421,1.2670050480507857,-0.090293509429259,0.38208247770536813,1.4470055592770608,0.20944486795277,0.1621701021660243,0.6245564846013555,-0.09737707926145453,1.2251247364953655,0.7944632417318835,0.3144909398050498,1.2287723631258831,0.8296521819190473,0.30171412841373724,1.3108437266570843,0.5201630248928701,-0.23527368636715493,0.8509073154815775,0.6454343468148187,-0.5183604035945918,0.8962411750231358,1.0785454511642456,-19.24837875366211,4.376328945159912,-0.6800622940063477,-0.5507979989051819,-2.4352481365203857,877.190673828125,-7.974662780761719,-1227.6519775390625,-58.0230827331543,116.98908996582031,-15.200915336608887,-1.7059495449066162,24.67564582824707,-1.8963199853897095,-3.769002914428711,0.3013717532157898,2.7968192100524902
0.4513461275507281,-0.31791305793634317,1.145712533533968,0.4255170428397638,-0.19469651816696523,1.0299306320433586,0.06841596546552037,-0.5011335282728372,0.09767658835807382,0.5582894390781983,-0.39795637066593237,0.6718341815747962,0.30727416301602545,-0.229142127620266,1.2668039398082835,0.14121178966879036,-0.6196714063353885,1.0475738115658033,0.36119157426207255,-0.12494594945467469,1.2961317387637714,-0.084169152655349,-0.6641358244695411,0.8289728704469881,0.021751535448880824,-0.6366381099484614,0.9452864468492418,0.1451384868744193,-0.5470998527987904,0.09845592783430948,0.3532635135859842,-0.23714714285158955,0.36949856919760743,0.15360528736418447,-0.47070960542618834,0.022801720953564975,0.20827356538433095,-0.653649928356638,0.9910678996747692,0.43477314241871917,-0.22586358997304706,0.27160291911553086,0.6544703439568841,-0.5754089564677106,0.741698856187972,0.32600050375161566,-0.349869431890794,1.0924734058759071,0.3918272493690843,-0.28175608236466027,0.41763104093785325,0.2625905502316177,-0.27326447092342065,0.30961424906719603,0.07551204083820448,-0.33120468668392955,0.062310128300049845,0.21515018781585393,-0.47706843616551914,1.062476542414419,-0.01025148532322514,-0.6959892426500257,0.8311614516555077,-0.059886585464639513,-0.7306287982408574,0.8950872166662025,1.4381845932922612,0.031473729093343346,0.16963476186852583,0.8472006392992094,-0.38859510476028686,0.7838231410017077,0.636234211309856,-0.34600454149459375,1.0884107073016513,0.4609753791958289,-0.30971336532507515,1.281638184920052,0.7315171188273965,0.04372045976905441,1.2605074650009735,0.5075534366021881,-0.2024723240575254,1.307641148764566,0.7840819618362461,0.3974176216500485,1.287845408284901,0.7599516535634234,0.21940657970131633,1.2859238919043383,1.33583496402431,-0.016119534641639875,0.14940600755889688,1.1506371545475838,-0.1504508296385506,0.48539774805702124,1.341015082124053,0.09279511558101677,0.1344646373331942,0.7957558786829574,0.03037053786082483,1.1965710834556857,1.0349779442840852,-0.10017499388103059,0.4257892711174409,0.753079347953891,-0.5606394030203093,0.771985775291525,0.5333081220356832,-0.19170263202379872,1.1769747262364192,1.0830433196974114,-0.23300159707764126,0.5504926512178206,1.2701450983025377,-0.09122253137807176,0.38184520760119356,1.4514081673511603,0.20757695598318102,0.1617255182505049,0.626801565190814,-0.0973570431083046,1.2249248361350684,0.7984556355421114,0.31361792784258236,1.2297246171938663,0.8335736247877409,0.30054000636797085,1.3117833257905693,0.521868485587322,-0.2348363373847987,0.8504435061816349,0.647519891921258,-0.5178168959767614,0.8956408590473087,1.1204040050506592,-19.373628616333008,4.171416282653809,-0.6336693167686462,-0.5280987620353699,-2.4918339252471924,875.2528076171875,-8.684623718261719,-1221.3685302734375,-57.62887954711914,116.44966888427734,-15.360623359680176,-1.5429919958114624,24.755573272705078,-1.8865435123443604,-3.796005964279175,0.2897830307483673,2.795091152191162
0.45351312640092223,-0.31744374433495354,1.145347563636224,0.42739165914769195,-0.1942717249425042,1.0295346000336654,0.06875950329943208,-0.5009534037271083,0.09786702727047812,0.5601300774820592,-0.3972906873913001,0.6712986477558187,0.3093364908797851,-0.22879323920864145,1.266330470707243,0.14380688432431368,-0.6197327371464659,1.0498286114623214,0.3631370522525926,-0.12454924552349857,1.2955965024746017,-0.0825727068825274,-0.6639956482593588,0.8323179584070546,0.023858378110885148,-0.6366699059672704,0.9480975878159731,0.1454769865369165,-0.5468704771521865,0.09848594115368578,0.3551121753769994,-0.23700902951474223,0.36835779032565114,0.1536546227651716,-0.47059045465576727,0.022695039781365573,0.21061110832043822,-0.6537796910235424,0.9929674688159235,0.43634069804718945,-0.22608834894879765,0.27019400638065594,0.6563707461815006,-0.5747795420766666,0.7409704635474856,0.3281992093616763,-0.3494421493336065,1.0925152980728654,0.3935875547248006,-0.2814946230870999,0.41663852116919514,0.2641524627113973,-0.27301070775022573,0.30880442251827545,0.07548127873547819,-0.3310791588579582,0.062250812013713734,0.2174314232358079,-0.4769614642819032,1.0636399633047595,-0.008730739811497076,-0.6959699230478299,0.8340264653527972,-0.05803084494361031,-0.7305897424947347,0.8981681576627768,1.4419398955161997,0.02965160696119669,0.16936442132619833,0.8490873948233016,-0.38793866474502137,0.7830397648527133,0.6382744128735649,-0.345646583382657,1.087890982233136,0.4631900026506145,-0.3091628756744183,1.2811635653704208,0.7343949263064276,0.04305460169565996,1.2606887995012548,0.5096086336682174,-0.20179444206076744,1.3071345150076001,0.7884442843743505,0.39650812261546686,1.2890521098446373,0.7634427691532285,0.21857496405279403,1.2865255368466408,1.3394211503054132,-0.017536429543393482,0.1490422228215546,1.1533577671114181,-0.1506813160631041,0.4851250619880411,1.345121905898416,0.09136388811054615,0.1339129773986261,0.7986478089102056,0.029544159356776088,1.196920859497904,1.0380233403862706,-0.10018539006840314,0.42537874940610093,0.7550194604902077,-0.5599260257174637,0.7711856382966832,0.5353982292658445,-0.19132554274521127,1.1764577781127779,1.0855719660291607,-0.23316742035726837,0.5500843213093991,1.2732851485542902,-0.09215155332688461,0.381607937497019,1.4558107754252603,0.20570904401359186,0.16128093433498547,0.6290466457802727,-0.09733700695515468,1.2247249357747716,0.8024480293523395,0.3127449158801149,1.2306768712618492,0.8374950676564348,0.2993658843222044,1.3127229249240546,0.5235739462817741,-0.23439898840244244,0.8499796968816922,0.6496054370276975,-0.5172733883589309,0.8950405430714816,1.0973109006881714,-19.45425796508789,4.172505855560303,-0.5884618759155273,-0.5237656235694885,-2.4804399013519287,872.752685546875,-9.138435363769531,-1216.3194580078125,-57.358055114746094,116.08049774169922,-15.610563278198242,-1.4921354055404663,24.79642677307129,-2.2457480430603027,-3.808509349822998,0.32584676146507263,2.7430036067962646
0.455668482806114,-0.3170430379987553,1.144979392850636,0.42938562620751886,-0.19382911108878279,1.0291287456916658,0.06913844703246423,-0.5007525832447784,0.09803362623695899,0.5621575598685156,-0.39652979339392774,0.6706543935845231,0.3114120537871555,-0.22848729211960409,1.2658452336361867,0.1464580219757081,-0.6197993713893638,1.0520941123662404,0.3650423073215988,-0.1241340129235328,1.2950781179184945,-0.08087515071133129,-0.6637405068274366,0.8356979737021273,0.025996039615364078,-0.6366854464968309,0.950946496121141,0.14583063549948053,-0.5466524144474244,0.09849095145943544,0.3569537606953784,-0.23688398646992564,0.3671999165159189,0.15373711246034957,-0.47051784228410154,0.022577173153666284,0.21299688032032618,-0.6539236066357189,0.9948818655992974,0.4379462406828702,-0.22635867742710553,0.2687320671728906,0.6583318868220246,-0.5741555723330833,0.7402674112690996,0.33042828417969045,-0.34901747926576254,1.092565223870688,0.39545563899523356,-0.2812760070657099,0.41557722938376557,0.26573005797255106,-0.27275406534703367,0.3079700401385889,0.07549473870274247,-0.3309581656230996,0.06217634936930329,0.2197933555488158,-0.47676912754379364,1.064809974258309,-0.007085767930793099,-0.6956818387011029,0.8370045770872505,-0.05609741228453782,-0.7304600263076113,0.9012715990180209,1.4456348829711507,0.02777938760002931,0.16908468994379836,0.8510436598236196,-0.38730284221322336,0.7823263061362388,0.6403419004370833,-0.3453008874954767,1.0873762781651604,0.46542980171592013,-0.3086154535412789,1.2806914877023128,0.737267681403665,0.042389038802180125,1.2608617552068848,0.5116796625765742,-0.20116993173068728,1.306656218522432,0.7928567227740947,0.3955506808710415,1.2902333925891396,0.767008274004159,0.21769872818462904,1.28712463990742,1.3429082659696108,-0.01900261189073114,0.1486548119230776,1.1561293114494802,-0.15090968033039806,0.4849059044920056,1.3490869805512835,0.08985714753781342,0.1334326156717263,0.8016110844170018,0.0287392853469348,1.1972796419598408,1.0410164553203327,-0.10009873580705647,0.42499444673195585,0.7569611891610731,-0.5592934551420591,0.7704619931069432,0.5375328664945449,-0.19084107074023088,1.1759879960129593,1.0880986667232007,-0.23324397966166996,0.5496689306189683,1.2763950728028024,-0.09300440316711428,0.3813789598890488,1.4602226409691055,0.20377218743033773,0.16084699258701696,0.6313780875790196,-0.09741446058827125,1.224520704801509,0.8064585615270181,0.31186103031335294,1.2316235394667314,0.841432499273723,0.2981114968756178,1.3136091445455487,0.5253594134817059,-0.23397146175239264,0.8495426244096251,0.6516465933512376,-0.5167297081442069,0.8944281923849852,0.9930896759033203,-19.351512908935547,4.073764324188232,-0.6157816052436829,-0.5137432813644409,-2.4335439205169678,871.0875854492188,-10.156267166137695,-1211.310791015625,-57.04863357543945,115.63591766357422,-15.853941917419434,-1.5735881328582764,24.751623153686523,-2.5061514377593994,-3.803852081298828,0.3683636784553528,2.712555170059204
0.45782076384847514,-0.3166604543363811,1.144610376547504,0.4314111198810551,-0.1933817898990303,1.0287202967713212,0.06952674326715089,-0.5005462959112711,0.0981939278592337,0.5642343972692425,-0.3957437493943221,0.6699814208295961,0.3134911127437818,-0.22819268802143883,1.265356888044749,0.14912396343733286,-0.6198674065387801,1.0543624399513598,0.3669369374679413,-0.12371388595822633,1.2945641847635736,-0.07915088613301721,-0.6634549972237341,0.8390872150856926,0.02814184194615729,-0.6366966931235711,0.953805380704387,0.146188286163949,-0.5464373400669225,0.09848935719554787,0.3587934767568347,-0.23676239595507945,0.3660375270622456,0.15382835989361568,-0.47045752307437116,0.02245635187734437,0.21539539207291117,-0.6540712607617409,0.9968001791183522,0.4395618176223426,-0.22664104313250408,0.26725612097228607,0.660309071572411,-0.5735330407982631,0.7395710526712683,0.33266538105263604,-0.34859349928944316,1.0926172717517575,0.3973521931676674,-0.28106870813085544,0.4144977714052264,0.2673117958552,-0.27249666239252157,0.3071291713130396,0.07551987997151369,-0.3308383702047613,0.062097885800118484,0.2221766040222533,-0.47655424159883664,1.0659817259832722,-0.00540798153752926,-0.6953227598935563,0.8400125637749172,-0.05414345717390651,-0.7303063620794688,0.9043809838642346,1.4493139382229734,0.025893935008554365,0.1688024779621339,0.8530182858176578,-0.3866724658091337,0.7816313161755241,0.6424165956231931,-0.34495843068653387,1.0868629003992145,0.4676762509424954,-0.3080688416957855,1.2802200814746074,0.7401391019094857,0.04172355388075314,1.2610324976460034,0.5137548734810178,-0.20055951957671062,1.3061854073543422,0.7972823993259706,0.39458057501458177,1.2914079609296178,0.7705934288485948,0.2168107058433508,1.2877230715277967,1.3463692120368904,-0.020481813563317578,0.14826116015184795,1.1589143094637535,-0.1511374840278499,0.4847008866190121,1.3530146120399826,0.0883304601078792,0.1329710874336445,0.8045932058466979,0.02794009176952559,1.197640803476043,1.0439957601345136,-0.09998644557812357,0.4246170698412207,0.7589033447354044,-0.5586822297399407,0.7697585532996829,0.539679266364369,-0.19032823348676925,1.1755306728628299,1.0906248534752043,-0.2332969598028044,0.5492516748163084,1.279497039239138,-0.09383713207300132,0.3811521727517741,1.464636951882318,0.2018171190623417,0.1604158619776467,0.633732341772673,-0.0975176662404016,1.2243153298927458,0.8104738849677785,0.3109742724737585,1.232568732160606,0.8453741543340365,0.29683590724768233,1.3144812639185923,0.5271660144755381,-0.23354652968068787,0.8491126144958648,0.653676024335899,-0.5161859823378506,0.8938126627183118,0.8922028541564941,-19.28816795349121,3.9005584716796875,-0.6252802014350891,-0.5222731828689575,-2.4146604537963867,871.1695556640625,-10.586012840270996,-1207.3629150390625,-56.69503402709961,115.1769790649414,-15.898015022277832,-1.7009868621826172,24.693756103515625,-2.503648281097412,-3.7846484184265137,0.35670581459999084,2.736959218978882
0.45997304489083635,-0.316277870674007,1.144241360244372,0.43343661355459134,-0.1929344687092778,1.0283118478509765,0.06991503950183754,-0.5003400085777636,0.0983542294815084,0.5663112346699696,-0.3949577053947165,0.6693084480746693,0.3155701717004081,-0.22789808392327354,1.264868542453311,0.15178990489895766,-0.6199354416881966,1.056630767536479,0.36883156761428376,-0.12329375899291986,1.2940502516086527,-0.07742662155470315,-0.6631694876200316,0.8424764564692578,0.0302876442769505,-0.6367079397503114,0.9566642652876329,0.1465459368284175,-0.5462222656864204,0.09848776293166031,0.3606331928182911,-0.23664080544023325,0.3648751376085724,0.15391960732688179,-0.47039720386464073,0.02233553060102246,0.21779390382549618,-0.6542189148877631,0.9987184926374069,0.44117739456181493,-0.22692340883790263,0.26578017477168153,0.6622862563227976,-0.5729105092634429,0.7388746940734371,0.3349024779255816,-0.34816951931312384,1.092669319632827,0.39924874734010124,-0.280861409196001,0.4134183134266872,0.2688935337378489,-0.2722392594380095,0.3062883024874902,0.07554502124028491,-0.3307185747864231,0.06201942223093368,0.2245598524956908,-0.47633935565387964,1.0671534777082354,-0.003730195144265422,-0.6949636810860097,0.8430205504625838,-0.0521895020632752,-0.7301526978513263,0.9074903687104484,1.452992993474796,0.02400848241707942,0.16852026598046949,0.8549929118116959,-0.38604208940504403,0.7809363262148094,0.6444912908093029,-0.344615973877591,1.0863495226332684,0.4699227001690706,-0.3075222298502922,1.2797486752469018,0.7430105224153063,0.041058068959326156,1.2612032400851219,0.5158300843854613,-0.19994910742273395,1.3057145961862526,0.8017080758778464,0.3936104691581221,1.2925825292700963,0.7741785836930306,0.21592268350207255,1.2883215031481736,1.3498301581041703,-0.021961015235904015,0.14786750838061832,1.1616993074780269,-0.15136528772530178,0.4844958687460186,1.3569422435286818,0.08680377267794501,0.1325095591955627,0.807575327276394,0.027140898192116375,1.1980019649922453,1.0469750649486946,-0.09987415534919067,0.4242396929504856,0.7608455003097357,-0.5580710043378224,0.7690551134924225,0.5418256662341933,-0.18981539623330762,1.1750733497127002,1.0931510402272078,-0.23334993994393885,0.5488344190136486,1.2825990056754737,-0.09466986097888835,0.38092538561449935,1.4690512627955303,0.19986205069434568,0.15998473136827646,0.6360865959663264,-0.09762087189253198,1.224109954983983,0.8144892084085388,0.31008751463416395,1.2335139248544806,0.84931580939435,0.2955603176197469,1.315353383291636,0.5289726154693705,-0.23312159760898313,0.8486826045821044,0.6557054553205603,-0.5156422565314943,0.8931971330516386,0.9708432555198669,-19.485132217407227,3.861548900604248,-0.6079071164131165,-0.5588011741638184,-2.4393911361694336,871.6473388671875,-9.663987159729004,-1203.634765625,-56.32984161376953,114.72338104248047,-15.914376258850098,-1.7805774211883545,24.63692283630371,-2.3396153450012207,-3.7425453662872314,0.3310425281524658,2.7887279987335205
0.4621498442643524,-0.3157868138606975,1.143887000368131,0.43543929621478566,-0.19251578212376463,1.0279462144074851,0.07018670215215903,-0.5001804425029566,0.09854005121730809,0.568354658535774,-0.39418782244454953,0.6686853071711711,0.31770504981476727,-0.22755427165141962,1.2643708105118858,0.1545623237427495,-0.6199570284379239,1.0588966627784122,0.3708284809099916,-0.12289826729834477,1.2935820652159635,-0.07560383733238618,-0.6627297892870493,0.845886934079871,0.03261422496042291,-0.6365992999234736,0.959558216151812,0.14690684231109175,-0.5460182771777475,0.098488690664634,0.3625372178507166,-0.2365513187370553,0.3636493045367943,0.15400600176773324,-0.47033827233788195,0.022204750458037624,0.22025520043657298,-0.6543277762583549,1.000675302664965,0.4429076268578206,-0.2271423465171397,0.26430541355878323,0.6642614141205287,-0.5722895992907467,0.7381854921776728,0.3371815327184878,-0.3477564770851704,1.0927409821788208,0.40115123424703697,-0.280656222969491,0.4123303422469967,0.2704807054128077,-0.2720253346179495,0.30540267698812174,0.07561868463723075,-0.33060419756845133,0.061932464950526796,0.22706815225399077,-0.47613888446068925,1.068312163384545,-0.0019673060961932316,-0.6945961670370292,0.845979282200731,-0.05015873811546948,-0.7299073997712293,0.9105824932752065,1.4566708013711385,0.022094468308600495,0.16817386586539795,0.8569604434714411,-0.38543506973231867,0.7802057086631953,0.6465865985447207,-0.34425979615836744,1.0858581295076586,0.4721821920563842,-0.30693570262943676,1.2792748678598973,0.7459287655274598,0.04036695575526618,1.261389106709436,0.5179077120411474,-0.1993866326990507,1.3052942717312188,0.8061608200436393,0.39257696645938805,1.2937416304026217,0.7778658813593401,0.21500296663764304,1.2889565134680034,1.3533125586857067,-0.023472611607354504,0.1474528035876767,1.1644436105197626,-0.15163867057159244,0.4842422819690199,1.3608488882614285,0.08524865918601596,0.1320009744719954,0.8105726352590596,0.0262354927828277,1.1983431376368794,1.0500271217712502,-0.09982800614458835,0.4238868265949338,0.7628032322356242,-0.5574542126118742,0.7683337117662493,0.5440024236180133,-0.18940777341458973,1.1745993743669119,1.0956798464257194,-0.2333659515870328,0.5484605867736387,1.2856600588520628,-0.09552235072416969,0.3807289248073338,1.473474398748764,0.19784578784609486,0.1595544622137847,0.6384209236561856,-0.0976905957949872,1.2239138105057723,0.818499121444904,0.30911285721308357,1.234419202172993,0.8533088087246116,0.29421975636324355,1.316177198823714,0.5307723560080622,-0.23269192948444004,0.8482678591810315,0.6577469076936607,-0.515123275139474,0.8925831002115414,1.1287122964859009,-19.675233840942383,4.080207347869873,-0.6430487036705017,-0.575283944606781,-2.4679203033447266,871.6810302734375,-7.706265449523926,-1199.302001953125,-55.978057861328125,114.26197814941406,-16.098567962646484,-1.7849231958389282,24.630615234375,-2.1759095191955566,-3.702507495880127,0.3447902202606201,2.822153329849243
0.4643333163482463,-0.3152662358733992,1.1435366292662967,0.43743577081438717,-0.1921048885001647,1.0275922332773146,0.07042662275103938,-0.5000335917074159,0.09873281830045955,0.5703889888446062,-0.3934223377546727,0.6680757281006567,0.31985511921888937,-0.22719706728166303,1.2638705240574895,0.15736372060827064,-0.6199659741674828,1.061161896053529,0.372853230759008,-0.122509480139475,1.2931263288914763,-0.07375424080189101,-0.66224812819863,0.8493031911699976,0.03499000481582727,-0.6364580327706622,0.962461710370929,0.14726863359872078,-0.545817305710142,0.0984903047638421,0.36445874469169715,-0.23647056914717945,0.3624062051638863,0.15409107545748452,-0.47027971847167865,0.022071259990581224,0.2227335840661004,-0.6544260801068994,1.0026425895904074,0.44466906282680707,-0.227344022138624,0.2628309748425389,0.6662360202792464,-0.5716691306292616,0.7374982379919646,0.3394720064389784,-0.34734641158620255,1.0928179828931164,0.4030553357589323,-0.2804516117205683,0.41124005418344844,0.27206935590466125,-0.27182324245473405,0.3045048708749923,0.07570555342348996,-0.3304912949239971,0.06184319609048351,0.22961048495690548,-0.47594233626956184,1.0694672931109044,-0.0001812561990274333,-0.6942263573210761,0.8489246091108448,-0.04810707049678696,-0.7296371633643346,0.9136699204215939,1.4603482697973187,0.020172681129037997,0.16780999682794345,0.8589260443946383,-0.3848344066383823,0.7794653949950705,0.6486875160245705,-0.3438998842673586,1.085372719543659,0.4744452335285824,-0.30633831236338777,1.2788004069928303,0.7488597515008306,0.03966886776542626,1.2615790894094683,0.5199859974202731,-0.19883720423804216,1.3048876873310038,0.8106209307119545,0.39152621018965517,1.294896522105135,0.781580977388565,0.21407462404855832,1.2896014787503425,1.356800798154035,-0.024993024257609932,0.14703236917490203,1.167176838347454,-0.15192445786978234,0.4839754770725768,1.3647498214086948,0.0836858094873413,0.1314795832365554,0.8135740762909516,0.025301181621824893,1.1986788702721627,1.053098978191022,-0.09979985734534184,0.42354063082807114,0.7647652032951645,-0.5568359060003268,0.7676074216697389,0.5461874428569086,-0.18902878490406158,1.1741208670944567,1.098209365511572,-0.23337190218319168,0.5480985723386538,1.288709977407329,-0.09638021841941288,0.3805407173684891,1.477899936453396,0.19581287080385043,0.1591244275058737,0.6407498283102022,-0.0977512075756954,1.2237201781067628,0.8225075620294405,0.3081142777540037,1.2353136164463119,0.8573157814954289,0.29286151295466145,1.3169878683737573,0.5325702294608614,-0.2322609724341244,0.8478572680460696,0.6597916317104503,-0.514611027986798,0.8919694747356389,1.183298110961914,-19.635095596313477,4.400741100311279,-0.692050039768219,-0.5577487349510193,-2.497549057006836,870.800048828125,-6.580442905426025,-1195.8021240234375,-55.71247482299805,113.9120864868164,-16.19403648376465,-1.7088696956634521,24.69826889038086,-2.2066774368286133,-3.712871789932251,0.3662986755371094,2.7934136390686035
0.46651678843214006,-0.314745657886101,1.1431862581644627,0.43943224541398845,-0.19169399487656477,1.0272382521471441,0.07066654334991972,-0.49988674091187535,0.098925585383611,0.5724233191534381,-0.39265685306479603,0.6674661490301423,0.32200518862301136,-0.2268398629119065,1.2633702376030929,0.16016511747379156,-0.6199749198970416,1.0634271293286455,0.3748779806080242,-0.12212069298060528,1.2926705925669892,-0.071904644271396,-0.6617664671102107,0.8527194482601239,0.037365784671231424,-0.6363167656178507,0.9653652045900456,0.14763042488634978,-0.5456163342425365,0.0984919188630502,0.3663802715326775,-0.23638981955730362,0.3611631057909783,0.1541761491472358,-0.4702211646054754,0.02193776952312483,0.2252119676956276,-0.6545243839554439,1.0046098765158493,0.4464304987957934,-0.22754569776010827,0.2613565361262948,0.6682106264379639,-0.5710486619677765,0.7368109838062565,0.3417624801594688,-0.3469363460872347,1.0928949836074122,0.4049594372708275,-0.28024700047164564,0.4101497661199002,0.27365800639651455,-0.2716211502915187,0.30360706476186294,0.07579242220974915,-0.33037839227954285,0.061753927230440236,0.23215281765981996,-0.47574578807843443,1.0706224228372636,0.0016047936981382124,-0.6938565476051229,0.8518699360209583,-0.04605540287810462,-0.7293669269574399,0.9167573475679812,1.4640257382234987,0.018250893949475662,0.16744612779048898,0.8608916453178354,-0.38423374354444595,0.7787250813269457,0.6507884335044203,-0.34353997237634976,1.0848873095796598,0.47670827500078045,-0.3057409220973388,1.2783259461257632,0.7517907374742013,0.038970779775586405,1.2617690721095003,0.5220642827993985,-0.19828777577703366,1.304481102930789,0.8150810413802693,0.3904754539199224,1.2960514138076478,0.7852960734177896,0.2131462814594737,1.2902464440326817,1.360289037622363,-0.026513436907865232,0.1466119347621274,1.1699100661751447,-0.1522102451679722,0.4837086721761337,1.3686507545559607,0.08212295978866678,0.13095819200111544,0.8165755173228432,0.024366870460822167,1.199014602907446,1.0561708346107934,-0.09977170854609534,0.42319443506120846,0.7667271743547046,-0.5562175993887795,0.7668811315732287,0.5483724620958036,-0.18864979639353344,1.1736423598220018,1.1007388845974244,-0.23337785277935053,0.5477365579036688,1.2917598959625949,-0.097238086114656,0.38035250992964437,1.4823254741580278,0.1937799537616062,0.15869439279796274,0.6430787329642187,-0.0978118193564036,1.223526545707753,0.8265160026139767,0.30711569829492386,1.2362080307196306,0.8613227542662459,0.2915032695460794,1.3177985379238002,0.5343681029136605,-0.23183001538380885,0.8474466769111078,0.6618363557272398,-0.5140987808341223,0.8913558492597365,1.0997285842895508,-19.469112396240234,4.543929576873779,-0.664561927318573,-0.5096887350082397,-2.4970703125,869.1813354492188,-5.774909496307373,-1191.75732421875,-55.328182220458984,113.56232452392578,-15.910783767700195,-1.6952908039093018,24.732067108154297,-2.3946456909179688,-3.772463321685791,0.37332290410995483,2.751025915145874
0.4681640697630825,-0.3142965967884127,1.1429284437997451,0.44092467002916014,-0.191373860771885,1.0269717459647072,0.07089797170549038,-0.4997358231355023,0.09908152886031084,0.5738809593268577,-0.39201961383716954,0.6671680619582435,0.32363254641065525,-0.22654735452390665,1.2629930296086318,0.1622855816751915,-0.619996864472004,1.0651340164885614,0.3763782526088866,-0.12179369488052581,1.2923163990706008,-0.07049620670840051,-0.6613369098562278,0.8552580741264961,0.03913695117865762,-0.6362120160795995,0.9675053303802249,0.1479099043552449,-0.5454645383831681,0.09849937585805425,0.36777631346358364,-0.23634045156619407,0.36025642707253136,0.15433961098754642,-0.47024968286223756,0.021842361005356182,0.22711705421375117,-0.654629721744171,1.0060859806095528,0.4476903637020003,-0.22780551958755152,0.26025185181407745,0.6696825227792689,-0.5705541999924262,0.7363120347064063,0.3435072812516957,-0.3466230127590382,1.0929475049704116,0.40640547279490535,-0.28009656140741135,0.40930947730478073,0.2748394475275317,-0.27147336200570427,0.30294525973646846,0.07585971913491653,-0.3303047650499849,0.06168946695347496,0.2340035467155721,-0.47565237077458805,1.0715311787381077,0.0029859320786380155,-0.6936196080896239,0.8540080640687058,-0.044512848634988327,-0.729124005168479,0.919016938829264,1.4666904122229443,0.016769534407109574,0.16717702327974585,0.8623103186586835,-0.38374016986580084,0.778215834143146,0.6523718296099972,-0.34328376462325355,1.0845623478194735,0.4783923643215602,-0.3053813378838514,1.2780082460665545,0.7539887682886313,0.038432314973447915,1.2619273555989297,0.5236470472338972,-0.19779870131157884,1.3041160714547366,0.8184010495018484,0.3896817695719517,1.2968887556467625,0.7880641748968338,0.21243732730975218,1.2907168312578012,1.362850315326097,-0.027652141619597004,0.1462951580074844,1.1719463451808652,-0.1523302003543898,0.4835364536339084,1.371593925337128,0.08097622032887893,0.13052525953543898,0.8187804653352458,0.023636988996349254,1.1992532237870803,1.0584147931724195,-0.09973225354013458,0.4229819616241171,0.7682152685542769,-0.5557274530265505,0.7663285828978811,0.5500273639397905,-0.18841436455976096,1.173298272076032,1.1026185233861405,-0.2334049284359477,0.5474864822744534,1.2940315570657615,-0.09784923332268432,0.380237709558168,1.4855807129515717,0.19226658771073588,0.15837565779883342,0.6448429237730455,-0.09785448025838034,1.2233635279911244,0.8295475156694058,0.30637252523212244,1.23687608845976,0.8643153677910368,0.29050507401393744,1.3184021245564845,0.5357193211648638,-0.23151570321708326,0.8471519133902543,0.6633879602547512,-0.5136729705807389,0.8909249667892393,1.014765739440918,-19.337013244628906,4.564394474029541,-0.6106635928153992,-0.45537376403808594,-2.4618687629699707,867.5879516601562,-4.4806108474731445,-1187.06787109375,-54.97142791748047,113.24471282958984,-15.51762866973877,-1.746107816696167,24.73417854309082,-2.4009530544281006,-3.832280158996582,0.38783353567123413,2.744598388671875
0.4696610810740894,-0.3138675786406789,1.1426965689027546,0.4422758322283132,-0.1910791624559472,1.0267297550542465,0.07112702006930546,-0.4995837655683227,0.09922715234539367,0.5751769793349386,-0.39141831601297616,0.6669572720069759,0.32511341177075115,-0.2262729774938514,1.2626503149405222,0.1642152112446084,-0.6200224520354871,1.066684424482434,0.37773153718733626,-0.121484013459343,1.2919906634368643,-0.06921140605349416,-0.6609219549507495,0.8575507396499052,0.04073867190703255,-0.6361175007772761,0.96943151852153,0.14816631554373053,-0.5453265242229234,0.09850847035251706,0.3690250857381631,-0.23629987841805086,0.3594440318496022,0.154525041481517,-0.47030260349741043,0.02175762513590767,0.22886147147772326,-0.654737030828236,1.0074244283682463,0.4488096609218231,-0.22808163716698324,0.25925079293993136,0.671013532292764,-0.570095051992808,0.7358658590064143,0.34509915498313526,-0.3463367890837966,1.0929931658782706,0.407723133137684,-0.2799613043567203,0.40853925197329743,0.2759067662899068,-0.27134079264094496,0.30234959514330556,0.07592153095251677,-0.3302421449430731,0.061631959400429634,0.2356604505453678,-0.47558785639456563,1.072370887197406,0.004253592072301441,-0.6934199060825322,0.8559199707792294,-0.0431129758474448,-0.7288887384316779,0.9210445251291162,1.4690712457461073,0.015411606814021515,0.16693447698031041,0.8635757129318666,-0.3832766085073648,0.7777713444453991,0.6538101878781982,-0.3430566204502093,1.0842823524348784,0.47991419953620984,-0.3050883999526106,1.2777344789726055,0.7559813849183897,0.037938585332193915,1.2620767552331584,0.525090939556526,-0.1973265413416932,1.303762685384182,0.8214015384383548,0.38896013085810555,1.2976371026197016,0.7905668766293305,0.21178985781819615,1.2911382921484131,1.3651518075671416,-0.02868387085811191,0.14600743180671275,1.1737873009498545,-0.15240368029929155,0.48339074336929827,1.3742686786398983,0.07994609775132691,0.13011711806256251,0.8207621923740336,0.022964399930903854,1.1994646286332844,1.0604267294043737,-0.09968962991573163,0.42280696450874505,0.7695705565001001,-0.5552732241864236,0.7658247260857891,0.5515336978514462,-0.18821916517042955,1.1729918560444914,1.1043160301170603,-0.23343792449164863,0.5472677780302945,1.296085107800187,-0.0983912359355696,0.38014348186799235,1.488507969884683,0.1908988283071297,0.15808811507477666,0.6464488508290802,-0.09789211034083999,1.2232090901854813,0.8323052401179509,0.3057009310319724,1.2374807087001423,0.8670237022914634,0.28960778361914175,1.3189476752123295,0.5369453621621163,-0.23123408133620457,0.8468896111115715,0.664801365689726,-0.5132713846812974,0.890545298918983,0.9899620413780212,-19.24274253845215,4.572741508483887,-0.6216137409210205,-0.45977330207824707,-2.441089391708374,866.8810424804688,-2.785665512084961,-1182.179443359375,-54.66339874267578,112.90647888183594,-15.439666748046875,-1.7297723293304443,24.73733139038086,-2.2416648864746094,-3.815803050994873,0.3835248053073883,2.740316390991211
0.4711580923850962,-0.31343856049294505,1.1424646940057641,0.44362699442746617,-0.19078446414000944,1.026487764143786,0.07135606843312053,-0.4994317080011431,0.09937277583047648,0.5764729993430193,-0.3908170181887829,0.6667464820557083,0.3265942771308469,-0.22599860046379616,1.2623076002724123,0.16614484081402509,-0.6200480395989703,1.0682348324763062,0.3790848217657859,-0.1211743320381602,1.291664927803128,-0.06792660539858791,-0.6605070000452712,0.8598434051733141,0.04234039263540734,-0.6360229854749528,0.9713577066628347,0.14842272673221613,-0.5451885100626788,0.09851756484697986,0.3702738580127425,-0.23625930526990765,0.35863163662667313,0.15471047197548757,-0.4703555241325833,0.021672889266459164,0.23060588874169524,-0.6548443399123008,1.0087628761269398,0.4499289581416458,-0.22835775474641495,0.2582497340657854,0.6723445418062588,-0.5696359039931898,0.7354196833064225,0.34669102871457463,-0.3460505654085551,1.0930388267861297,0.4090407934804625,-0.2798260473060292,0.4077690266418142,0.27697408505228177,-0.27120822327618566,0.30175393055014266,0.07598334277011701,-0.3301795248361613,0.06157445184738431,0.23731735437516335,-0.47552334201454327,1.0732105956567044,0.00552125206596476,-0.6932202040754407,0.857831877489753,-0.04171310305990139,-0.7286534716948768,0.9230721114289681,1.47145207926927,0.01405367922093357,0.16669193068087498,0.8648411072050498,-0.3828130471489288,0.7773268547476523,0.655248546146399,-0.3428294762771651,1.084002357050283,0.4814360347508594,-0.3047954620213698,1.2774607118786565,0.757974001548148,0.03744485569093996,1.262226154867387,0.5265348318791546,-0.1968543813718076,1.3034092993136273,0.8244020273748611,0.38823849214425943,1.2983854495926408,0.7930695783618269,0.2111423883266402,1.2915597530390253,1.3674532998081863,-0.02971560009662673,0.1457197056059411,1.1756282567188439,-0.1524771602441933,0.48324503310468814,1.376943431942668,0.078915975173775,0.12970897658968605,0.8227439194128212,0.02229181086545851,1.1996760334794885,1.0624386656363278,-0.09964700629132868,0.42263196739337305,0.7709258444459233,-0.5548189953462968,0.7653208692736974,0.5530400317631019,-0.18802396578109817,1.1726854400129507,1.1060135368479798,-0.23347092054734955,0.5470490737861355,1.298138658534612,-0.09893323854845483,0.38004925417781665,1.491435226817794,0.18953106890352364,0.15780057235071993,0.6480547778851148,-0.09792974042329962,1.223054652379838,0.8350629645664959,0.3050293368318223,1.238085328940524,0.8697320367918897,0.2887104932243461,1.3194932258681746,0.5381714031593688,-0.23095245945532591,0.8466273088328886,0.6662147711247007,-0.512869798781856,0.8901656310487267,1.0070520639419556,-19.26466178894043,4.506471633911133,-0.6750434637069702,-0.5139766931533813,-2.481759548187256,867.6715698242188,-1.6856021881103516,-1177.8525390625,-54.2154426574707,112.53604888916016,-15.741610527038574,-1.6249138116836548,24.739765167236328,-2.1398515701293945,-3.753774404525757,0.37687069177627563,2.717590808868408
0.47326101885726113,-0.3130320492169715,1.1421373419414294,0.44550008667225865,-0.19035593306781443,1.0261695700765445,0.07172489185996402,-0.49925113967712353,0.09953903959484289,0.5784829736545385,-0.389935108012711,0.6661028273847719,0.32860661717440115,-0.22565798441700588,1.2618700550091977,0.16885462521717243,-0.6200440695743688,1.0703938496823342,0.3809983534923452,-0.12079457257757124,1.2912579703804674,-0.06611186470713051,-0.6598299216750442,0.8630460595453021,0.04462093916653792,-0.6358251571655273,0.9740324253278062,0.14878123860485507,-0.544992858605669,0.09853958693758541,0.3720628567878773,-0.2362067974758464,0.3574785132281828,0.15489009486523686,-0.4703256989156963,0.021562845674374248,0.23306455280607105,-0.6548921181666141,1.0105701503374718,0.45152486377204487,-0.22871687603707344,0.25683470731539443,0.6742412712400322,-0.5689824764302235,0.73479028134946,0.34884757553504786,-0.3456674867513164,1.0931496375443919,0.4108576614730405,-0.2796631262002402,0.4067103762105601,0.2785178274903076,-0.27102659909140986,0.30091430039595296,0.07609125172460315,-0.33007501608488576,0.06149939351425266,0.2397025564056358,-0.4753589091316754,1.0743938802883324,0.007304935759266438,-0.6927392431442312,0.8604947316725522,-0.039740613581526404,-0.7282450775437008,0.9258931188393902,1.474713174712579,0.012200570381585774,0.1664283438431506,0.8666305328836503,-0.3821635346933706,0.7766176552961994,0.6572115669976796,-0.3425032449084402,1.0836116746561417,0.4835602443739278,-0.30425941292813286,1.2770244704177047,0.7607764960914257,0.03672033536019706,1.2624422130205772,0.528557406356003,-0.19627848119530458,1.3029417162699415,0.828537912558246,0.38719015741190377,1.2994063113698895,0.796539736899319,0.21019068350460357,1.2921050479080503,1.3705541092828408,-0.031169074359319034,0.1452876360013785,1.1782198828577206,-0.15276341633686166,0.4829868808487393,1.3805879204478484,0.07743199352199671,0.12915228514481855,0.82554516137041,0.021367701350261066,1.2000032979131534,1.0652630044924503,-0.09951323137575428,0.42238709429241966,0.772803624339451,-0.554223197974906,0.7646876672245809,0.5551022022765203,-0.1876976892648154,1.1722768039892841,1.1084164231028777,-0.23350625657877386,0.5467124470811806,1.3009615994447115,-0.09980675760681264,0.379881086333698,1.4954843481644888,0.18757074528577317,0.157373612487553,0.6503388052744581,-0.09805726136592839,1.2228314008144354,0.8388397638371448,0.30405931875405723,1.238879025377185,0.8735313080004508,0.28742967003228653,1.320221263841288,0.5398546630973058,-0.23056927570049338,0.8462492701233617,0.668188231275571,-0.512312650680542,0.8896146215350422,1.1163030862808228,-19.41294288635254,4.243887424468994,-0.6823645234107971,-0.5256360173225403,-2.5563042163848877,868.3532104492188,-1.7873023748397827,-1175.11572265625,-53.78114318847656,112.28913879394531,-15.845540046691895,-1.510459542274475,24.79694175720215,-2.0543205738067627,-3.7384347915649414,0.4096728265285492,2.7328591346740723
0.4755387285489908,-0.3126320303078519,1.1417824483865144,0.44752373566098547,-0.18988879639285294,1.0258293943294627,0.07213403501652721,-0.4990623470963232,0.09971125728592571,0.5806988963228186,-0.38897225196590496,0.6653343078908542,0.33077226722279907,-0.2252982609615421,1.2614051547666258,0.17178945428389567,-0.6200315733224351,1.0727284272380222,0.38307349497316673,-0.12039459829792284,1.290827583595617,-0.06414425669743737,-0.659077230766909,0.8665112107005338,0.04709730083307863,-0.6355975270271301,0.9769230662592198,0.1491692025979228,-0.5447805810053618,0.0985653381424629,0.37400769013047996,-0.23615084699546265,0.356227102855973,0.15506804248453765,-0.4702720047030228,0.021445501777682684,0.23572924960133237,-0.6549227240661911,1.0125126629475725,0.4532582525978024,-0.2290999407059704,0.25530026675454837,0.6763011891123474,-0.5682730066855223,0.7341080256645254,0.35116700882351143,-0.3452564691569632,1.093279241528732,0.41281853167229127,-0.27949222507855753,0.4055685262312953,0.2801989998347711,-0.2708308244777831,0.3000042955606979,0.07621245793011408,-0.329958424070813,0.06141927245609611,0.24229784445553407,-0.4751656536037559,1.0756762734312095,0.00923747244284826,-0.6921771498310645,0.8633742053185076,-0.03760294621156556,-0.7277867427922243,0.928942997724015,1.4782281918636218,0.010204620798124724,0.1661586876193814,0.8685711214676597,-0.38146038249825803,0.7758320972619468,0.6593259328248483,-0.3421484306948075,1.083189063316939,0.48585821584557837,-0.3036532356150893,1.276541361350887,0.7638126092636031,0.035929240792101635,1.262677499592699,0.5307469083773377,-0.19567265595920044,1.3024411917916987,0.8330013158897687,0.38604758344343965,1.300505783186843,0.8002889695151749,0.20915121849108223,1.2926860641170022,1.373885491036421,-0.032744205840523954,0.1448139288764916,1.1810280485263722,-0.1531110501644627,0.4826962934029813,1.3845121402614162,0.0758170909834225,0.12855274274649214,0.8285828018622681,0.020371037859173675,1.2003639833816628,1.0683216902593902,-0.09935316281849581,0.42212206465716395,0.7748321230640474,-0.5535865635271894,0.7640171540493997,0.5573247102712162,-0.1873336020388351,1.1718386814294273,1.1110227842204616,-0.23354226760319527,0.5463418042817653,1.3040064798285627,-0.1007759064090567,0.3796915895990189,1.499857084245871,0.1854394896831735,0.15690643614195043,0.6528184385291786,-0.09821071236437519,1.222588299126025,0.8429105269987849,0.30300321686544174,1.239727263024311,0.8776452724902043,0.2860382123794778,1.3210019423866903,0.5416698131142861,-0.23015679525125107,0.8458378459049377,0.6703232456714111,-0.5117106288671494,0.889014186547292,1.2592569589614868,-19.45966339111328,4.021993160247803,-0.6484691500663757,-0.48315081000328064,-2.5623435974121094,866.2463989257812,-2.2900402545928955,-1171.135009765625,-53.438228607177734,112.04499816894531,-15.590110778808594,-1.507616400718689,24.793651580810547,-2.133246898651123,-3.7947983741760254,0.43282878398895264,2.780075788497925
0.4778164382407207,-0.3122320113987323,1.1414275548315995,0.44954738464971244,-0.1894216597178914,1.0254892185823807,0.07254317817309043,-0.49887355451552284,0.09988347497700854,0.5829148189910989,-0.3880093959190988,0.6645657883969364,0.33293791727119715,-0.22493853750607826,1.2609402545240542,0.17472428335061915,-0.6200190770705014,1.0750630047937102,0.38514863645398845,-0.1199946240182744,1.2903971968107666,-0.06217664868774406,-0.6583245398587738,0.8699763618557658,0.049573662499619545,-0.6353698968887329,0.9798137071906335,0.1495571665909906,-0.5445683034050544,0.09859108934734041,0.3759525234730827,-0.2360948965150789,0.3549756924837631,0.15524599010383847,-0.4702183104903493,0.02132815788099111,0.23839394639659392,-0.6549533299657683,1.0144551755576734,0.4549916414235601,-0.22948300537486738,0.2537658261937022,0.6783611069846626,-0.567563536940821,0.7334257699795906,0.3534864421119752,-0.34484545156260993,1.0934088455130722,0.4147794018715422,-0.2793213239568748,0.40442667625203044,0.28188017217923467,-0.2706350498641564,0.2990942907254428,0.07633366413562502,-0.3298418320567403,0.06133915139793955,0.24489313250543257,-0.4749723980758364,1.0769586665740865,0.011170009126430246,-0.6916150565178979,0.8662536789644631,-0.03546527884160454,-0.7273284080407477,0.93199287660864,1.4817432090146652,0.008208671214663503,0.16588903139561217,0.8705117100516692,-0.38075723030314546,0.7750465392276941,0.6614402986520173,-0.34179361648117473,1.082766451977736,0.4881561873172292,-0.3030470583020457,1.2760582522840689,0.7668487224357806,0.03513814622400615,1.2629127861648206,0.5329364103986727,-0.19506683072309622,1.3019406673134557,0.8374647192212918,0.3849050094749754,1.3016052550037964,0.8040382021310313,0.2081117534775608,1.293267080325954,1.3772168727900018,-0.034319337321729,0.14434022175160466,1.183836214195024,-0.15345868399206375,0.48240570595722326,1.3884363600749843,0.07420218844484815,0.12795320034816568,0.8316204423541264,0.019374374368086197,1.2007246688501725,1.0713803760263303,-0.09919309426123733,0.42185703502190824,0.7768606217886438,-0.5529499290794726,0.7633466408742184,0.5595472182659124,-0.18696951481285476,1.1714005588695704,1.1136291453380458,-0.23357827862761668,0.5459711614823499,1.3070513602124143,-0.10174505521130085,0.3795020928643397,1.5042298203272533,0.18330823408057365,0.15643925979634785,0.6552980717838994,-0.09836416336282199,1.2223451974376147,0.8469812901604253,0.30194711497682614,1.2405755006714372,0.8817592369799581,0.2846467547266689,1.3217826209320926,0.5434849631312666,-0.22974431480200877,0.8454264216865135,0.6724582600672513,-0.5111086070537567,0.8884137515595417,1.2669037580490112,-19.33262062072754,3.968135356903076,-0.6462762951850891,-0.46835505962371826,-2.487773895263672,862.3945922851562,-2.6569433212280273,-1167.0557861328125,-53.200435638427734,111.85745239257812,-15.48963451385498,-1.6120829582214355,24.593759536743164,-2.4021613597869873,-3.8090591430664062,0.40472763776779175,2.7910122871398926
0.48007310843033485,-0.31176080539921264,1.1410985419292323,0.4516086768334273,-0.18898001747415558,1.025168070927361,0.07302944322690265,-0.4987248448247941,0.10001642810834559,0.5850071355404441,-0.38713048373823933,0.6639901501256109,0.3351772552886544,-0.22457293660336775,1.2605513748743677,0.17776460819785142,-0.6199804095440353,1.0773952267817313,0.3872647709305711,-0.11953268416028548,1.2899654333954615,-0.060114882022932054,-0.6574918055376471,0.8733691328408699,0.05214672767563349,-0.6350621315619803,0.9827306723555189,0.1499430771102968,-0.5443703733532634,0.09860296144045347,0.3779124768068457,-0.23608159098700182,0.35366820736436666,0.15512645170586,-0.4698485113334972,0.021125030787106598,0.2410829789591149,-0.655018351626712,1.016393007624228,0.45676404242681334,-0.2299205348981137,0.25219284380409906,0.680387939838384,-0.5668879170094105,0.7327342602788218,0.355863097339671,-0.34442173837628587,1.093551695741565,0.41673543092036075,-0.2791747815462927,0.40325969511902104,0.2835394790433099,-0.2704920384366781,0.2981750624661415,0.07640742439011863,-0.3297325667758651,0.06125221888701254,0.24754530598489632,-0.47480818180256334,1.0782593230143287,0.013165998436041645,-0.6909784569053461,0.869155239881269,-0.03322297751915889,-0.726743744501215,0.9350613247085089,1.4852302652715845,0.006162292652243975,0.16554668525986327,0.8724980333585611,-0.38008263554202015,0.7743124824683398,0.6636087507601603,-0.3414433222042015,1.0823332864717143,0.49047760739429086,-0.3025246030644866,1.2755969551620105,0.7699331859287044,0.034298218558511666,1.2631362948986078,0.5351059665743088,-0.19450781474642412,1.3015535160011014,0.8419884036708348,0.3836995464385741,1.3026848727504148,0.8078122293909651,0.2070526255923787,1.2938765774894234,1.3805346106061869,-0.03586392768270119,0.1438813860596016,1.1866380167717963,-0.15361007532437904,0.4821782217219176,1.3923052087524865,0.07260492589596106,0.12743505504944472,0.8347227538855657,0.018344816101085952,1.201047879378527,1.0744340753318455,-0.09906480483562742,0.42162696415225404,0.7788836598791032,-0.5523008590699822,0.7626167031510777,0.5617836608199882,-0.186534741437001,1.1709693806455626,1.116205710054233,-0.2336243964139594,0.5456334354466951,1.3100648534218995,-0.10270000942396794,0.3793358917761323,1.5085904114688464,0.18110545870188074,0.1559875896632277,0.657775640092938,-0.09848276266692489,1.222174475919332,0.8510430593364282,0.30082644147193993,1.2414348737293521,0.8858909447066827,0.2831788787877324,1.3225357668684017,0.5453646465247829,-0.2292957398670399,0.8450216358860597,0.6746050523014256,-0.5105144320339557,0.887827618232626,1.100057601928711,-19.176836013793945,4.098546981811523,-0.6895670890808105,-0.5123671293258667,-2.415006637573242,859.537109375,-2.997814178466797,-1163.9989013671875,-52.89512634277344,111.70611572265625,-15.747696876525879,-1.6409724950790405,24.449342727661133,-2.4649693965911865,-3.7586941719055176,0.3586744964122772,2.7471203804016113
0.48232353463867633,-0.31126847290834847,1.1407772097366535,0.4536811405459776,-0.18854594131968672,1.0248525703190179,0.07353859606957591,-0.4985880307014415,0.10013772853162904,0.587062768983525,-0.3862764839304994,0.663471754023571,0.33743846199370364,-0.22420559142599045,1.2601850561748278,0.18083624147026728,-0.6199339750586756,1.0797267496980578,0.38939307107041204,-0.11905235451775674,1.2895332614317636,-0.05802517149918137,-0.6566353163971806,0.876740423259356,0.054748491957684886,-0.6347305841793288,0.9856554498735641,0.1503283782115835,-0.5441767012836128,0.09861071457136546,0.379876917363792,-0.23608094138025448,0.3523440807070954,0.15491862713501153,-0.4693849003867598,0.020896445454055123,0.243779233749339,-0.6550935869974805,1.0183294506262468,0.4585480212375817,-0.2303742281845863,0.2506084231943485,0.6824049539123939,-0.5662223428290412,0.7320400042249667,0.35825673456223583,-0.34399425746589307,1.0936984771134837,0.41869002324066407,-0.27903546817255337,0.4020852557081261,0.2851922967970765,-0.270364685761218,0.29725309693260704,0.07646710391076195,-0.32962547588032604,0.06116326491268266,0.25021436159184424,-0.4746525836306692,1.0795653995299181,0.015180818847571675,-0.69031974574588,0.8720633557300692,-0.03094962353984658,-0.7261215898374849,0.9381352836722568,1.4887090234566995,0.004100948070262397,0.16518276663410744,0.874497929550954,-0.3794165158903362,0.7735937099583102,0.6657932542807218,-0.3410943693277852,1.081896988761346,0.4928059864123135,-0.3020269943783615,1.2751421312622677,0.7730319985490759,0.03344379848991803,1.2633563082739216,0.537269603337673,-0.19396269054997048,1.3012000109186235,0.8465299780005648,0.3824754195497526,1.303758598321321,0.8115936150613997,0.2059876622743165,1.2944945270652013,1.3838482992538552,-0.03739945422734638,0.14342696382509953,1.189437930947108,-0.15370322694841598,0.4819694648910043,1.3961576247057377,0.07101289844078741,0.12694106630931629,0.8378442581126231,0.017305495513492124,1.2013599683117393,1.0774862947842931,-0.09894594663618417,0.42140726814206864,0.7809050773942706,-0.5516480985066748,0.7618691297556391,0.5640242387916867,-0.18607899023602342,1.170540263321226,1.1187734319674256,-0.23367351362642072,0.5453054782570593,1.3130690317280245,-0.10365075104876065,0.37917660423461963,1.5129473983057284,0.17888145809931483,0.15554052137381197,0.6602525955793872,-0.0985910188875451,1.2220252349676675,0.8551021593295973,0.2996866047777088,1.2422975514898236,0.8900279181682509,0.28168832387355786,1.323280741836851,0.5472634817590776,-0.22883645302017797,0.8446188201967454,0.6767553398940735,-0.5099225857399947,0.8872457292695709,1.0011861324310303,-19.244138717651367,4.365776538848877,-0.6993180513381958,-0.5367252230644226,-2.427189826965332,858.6471557617188,-3.304370880126953,-1161.38330078125,-52.574981689453125,111.51539611816406,-16.02275276184082,-1.623373031616211,24.5688419342041,-2.318596839904785,-3.7492382526397705,0.3420144319534302,2.7089438438415527
0.48457396084701776,-0.31077614041748425,1.1404558775440747,0.4557536042585278,-0.18811186516521783,1.0245370697106746,0.07404774891224918,-0.49845121657808883,0.1002590289549125,0.589118402426606,-0.3854224841227595,0.6629533579215309,0.3396996686987529,-0.22383824624861315,1.2598187374752878,0.18390787474268316,-0.6198875405733159,1.0820582726143844,0.391521371210253,-0.11857202487522799,1.2891010894680655,-0.05593546097543069,-0.6557788272567143,0.880111713677842,0.05735025623973628,-0.6343990367966772,0.9885802273916092,0.1507136793128702,-0.5439830292139621,0.09861846770227745,0.3818413579207382,-0.23608029177350714,0.3510199540498241,0.15471080256416309,-0.4689212894400224,0.020667860121003644,0.24647548853956308,-0.6551688223682492,1.0202658936282656,0.46033200004835,-0.23082792147105893,0.24902400258459795,0.6844219679864036,-0.5655567686486718,0.7313457481711116,0.3606503717848007,-0.3435667765555003,1.0938452584854026,0.4206446155609674,-0.278896154798814,0.40091081629723113,0.2868451145508431,-0.27023733308575804,0.2963311313990726,0.07652678343140526,-0.3295183849847869,0.061074310938352784,0.25288341719879215,-0.47449698545877506,1.0808714760455074,0.017195639259101708,-0.6896610345864138,0.8749714715788696,-0.02867626956053427,-0.7254994351737547,0.9412092426360048,1.4921877816418148,0.0020396034882808195,0.16481884800835161,0.8764978257433468,-0.3787503962386523,0.7728749374482805,0.6679777578012832,-0.3407454164513689,1.0814606910509779,0.49513436543033607,-0.3015293856922365,1.274687307362525,0.7761308111694475,0.03258937842132439,1.2635763216492355,0.5394332401010374,-0.19341756635351687,1.3008465058361458,0.851071552330295,0.3812512926609311,1.304832323892227,0.8153750007318344,0.2049226989562543,1.2951124766409792,1.3871619879015233,-0.03893498077199157,0.14297254159059747,1.1922378451224194,-0.15379637857245293,0.4817607080600909,1.4000100406589886,0.06942087098561378,0.12644707756918788,0.8409657623396803,0.016266174925898297,1.2016720572449513,1.0805385142367407,-0.09882708843674091,0.42118757213188324,0.782926494909438,-0.5509953379433676,0.7611215563602005,0.5662648167633852,-0.18562323903504588,1.1701111459968896,1.1213411538806182,-0.23372263083888206,0.5449775210674236,1.3160732100341492,-0.10460149267355337,0.379017316693107,1.5173043851426105,0.17665745749674888,0.1550934530843962,0.6627295510658365,-0.0986992751081653,1.221875994016003,0.8591612593227663,0.2985467680834777,1.2431602292502952,0.8941648916298189,0.2801977689593833,1.3240257168053002,0.5491623169933723,-0.228377166173316,0.8442160045074312,0.6789056274867216,-0.5093307394460337,0.8866638403065157,0.9912476539611816,-19.466333389282227,4.658447742462158,-0.6592752933502197,-0.5177350044250488,-2.458256959915161,857.7789916992188,-3.630577325820923,-1157.6490478515625,-52.34892654418945,111.3272705078125,-15.882622718811035,-1.6599504947662354,24.813812255859375,-2.154280424118042,-3.8262619972229004,0.3894924223423004,2.700758934020996
0.48689237937627233,-0.310162830530413,1.1401360954669928,0.45790985779257,-0.1877151741492038,1.0242178001940645,0.07445012995146755,-0.4982650647100234,0.10039619336657175,0.5912724074148973,-0.3846099347073511,0.6622660144275387,0.34192696282800444,-0.22348381110177137,1.2594203830554787,0.1870325310834194,-0.6198406957632658,1.08436277488999,0.3936521256996305,-0.1181678218606687,1.288714600319894,-0.053690465352195925,-0.654758390606634,0.8835189303025502,0.060005135723198315,-0.6339714582392711,0.9914966920353717,0.15109808757802506,-0.5438160434463956,0.0985994338495842,0.38385579730106495,-0.2361041210739818,0.3497190715264012,0.154877680421665,-0.4689213757878108,0.020572540553792425,0.24927164979328365,-0.655192463208508,1.022203400435037,0.46191799719602056,-0.23157730688717187,0.2473362675368392,0.6864778261311005,-0.5648438095651716,0.7306748502301854,0.3631059984300309,-0.3431575398966177,1.0940108236098132,0.4226442296181292,-0.2787844395598039,0.39974254695390243,0.2885457579268524,-0.2700677625588234,0.2953632854862719,0.07659656909719997,-0.32941338370572654,0.060980224106090754,0.2556192683463063,-0.4743353919872385,1.0822568820012326,0.01929397499250444,-0.6888740133765519,0.8779101338212851,-0.02633216591638263,-0.7247675110567485,0.9442323669297804,1.495600796693208,-8.89149617050802e-05,0.16442523403278253,0.8785539060238969,-0.378077012320228,0.7721014853739581,0.6702043272012116,-0.34045879493486014,1.0810296515755307,0.49750055510871444,-0.3009947869951362,1.274303028915102,0.7792536049883885,0.03167125734420413,1.2638265166851068,0.5416555229007012,-0.1927722355486542,1.3004883504071774,0.8556372294362804,0.37995720541240374,1.305878937639148,0.8191491981215822,0.2037791014704484,1.2957011259944233,1.3904121826026612,-0.040536994163859655,0.14251421747223433,1.1949977906334477,-0.15405472007808305,0.4815287526869616,1.4038389009355707,0.06774444392086665,0.12588000544254357,0.8440958681880242,0.015147403320482703,1.2019229014188249,1.0836218575768122,-0.09865140596663716,0.42101556496904385,0.7850206614724846,-0.5502617282188492,0.7604395589291655,0.568526306097081,-0.1852126539444292,1.1697192618389003,1.1239475982868117,-0.23376314263075393,0.5446688947298669,1.3190407934567785,-0.10555151812978922,0.37883393397394394,1.5215913128379162,0.17438956355022295,0.1546510541379847,0.6653060026910919,-0.09890118034075426,1.221657423388879,0.8632412554807218,0.2973438249715907,1.2439768898566037,0.8983453899029862,0.27862970827036354,1.3247136110501574,0.5510284326329136,-0.22792054263763872,0.8438758621152663,0.6811401076269464,-0.5087209908378045,0.8861046103846948,0.9979219436645508,-19.48029899597168,4.673386096954346,-0.6563771367073059,-0.5156601071357727,-2.46156644821167,853.797607421875,-4.465543270111084,-1151.974609375,-52.049381256103516,111.09650421142578,-15.677002906799316,-1.6556832790374756,24.7923641204834,-2.2687366008758545,-3.8763349056243896,0.4419420063495636,2.703317880630493
0.48923154880866304,-0.30951259897047323,1.1398167864771078,0.4600916835448599,-0.18732989288323765,1.0238973804262301,0.07481992479093026,-0.49806385521857155,0.10053819938507301,0.593456434887766,-0.3838100357363556,0.6615271090671716,0.344143907015292,-0.22313331602918393,1.2590122515002624,0.1901733697891629,-0.6197937257242518,1.086659030606415,0.39578362924373695,-0.11778685229750264,1.2883420533297079,-0.0513980775232742,-0.6536879180282946,0.8869371114187682,0.06267622569020805,-0.6335145714661933,0.9944106196330872,0.15148222335423064,-0.5436572021995949,0.09857222474864777,0.3858854960625534,-0.23613542120977743,0.34842528299187986,0.15515891551379335,-0.4690629801410713,0.020517893006025956,0.25209830198066907,-0.6552003576660788,1.024141231909493,0.46344357136859005,-0.23241693600518812,0.2456170014592986,0.688545539284384,-0.5641163888553911,0.7300110810639843,0.3655805439250358,-0.34275387128852064,1.0941821214379064,0.42465758407550136,-0.27868114712814623,0.39857616068314244,0.29026099743432554,-0.26988530736293226,0.2943814371200587,0.07666943910599544,-0.3293090201667602,0.06088457075225202,0.2583755051458118,-0.47417196878139545,1.0836664988899862,0.021417799168297134,-0.6880478326058546,0.8808581186643498,-0.023966469842052487,-0.7240020858728333,0.947239976746357,1.4989937472817123,-0.002237934527250981,0.16402255719071193,0.8806271333962876,-0.37740141138533095,0.7713113453806631,0.6724437348889988,-0.3401911966255959,1.0806002168860656,0.49987828440421456,-0.3004488991388422,1.2739402805732576,0.7823837177445556,0.030733695050195776,1.2640859230069925,0.5438957041659891,-0.1920963222074588,1.3001287757166173,0.8602102625843704,0.3786417666255244,1.3069172769982293,0.8229212016854064,0.20261150524513613,1.2962808330722202,1.3936429992811568,-0.04215929899611413,0.1420547025191863,1.1977455379157667,-0.15436347667744615,0.4812897172392599,1.4076605721420008,0.06604225853371704,0.1252906286459885,0.8472285992065012,0.014004383677160339,1.2021550540103028,1.0867146997657042,-0.09845838102431882,0.4208581121946802,0.787137030667027,-0.5495034437503247,0.759777574941812,0.5707941774698282,-0.1848158533160655,1.1693387410498612,1.1265658605967135,-0.23380102809296538,0.5443661680679448,1.3219972083110683,-0.10650132501510197,0.3786431975317317,1.5258568588471568,0.1721082735831375,0.15421008025080163,0.6679128200210482,-0.09913166676530774,1.2214176937049588,0.867327629039619,0.29612162210886056,1.244779506266512,0.9025391717225509,0.27703799322148825,1.3253840845546976,0.5528845624221082,-0.22746473193069958,0.8435548472878159,0.6834002828953282,-0.5081057785362597,0.8855522958845492,1.001518726348877,-19.29078483581543,4.446926593780518,-0.6931769251823425,-0.5349869728088379,-2.4585514068603516,847.9744873046875,-5.953763961791992,-1147.1568603515625,-51.68752670288086,110.82595825195312,-15.996417045593262,-1.6185855865478516,24.539512634277344,-2.6465327739715576,-3.815020799636841,0.4141978919506073,2.7040820121765137
0.49157071824105353,-0.3088623674105335,1.139497477487223,0.46227350929714967,-0.1869446116172715,1.0235769606583955,0.07518971963039295,-0.4978626457271197,0.10068020540357424,0.5956404623606345,-0.3830101367653601,0.6607882037068046,0.34636085120257937,-0.22278282095659652,1.2586041199450462,0.19331420849490616,-0.6197467556852378,1.0889552863228398,0.39791513278784324,-0.11740588273433664,1.2879695063395216,-0.04910568969435268,-0.6526174454499555,0.8903552925349858,0.06534731565721756,-0.6330576846931155,0.9973245472308024,0.1518663591304362,-0.5434983609527941,0.09854501564771134,0.38791519482404174,-0.23616672134557307,0.34713149445735864,0.1554401506059217,-0.4692045844943318,0.02046324545825949,0.2549249541680542,-0.6552082521236495,1.0260790633839485,0.4649691455411594,-0.2332565651232043,0.2438977353817581,0.6906132524376671,-0.5633889681456106,0.7293473118977831,0.3680550894200405,-0.3423502026804236,1.0943534192659996,0.42667093853287336,-0.27857785469648855,0.3974097744123826,0.2919762369417985,-0.2697028521670411,0.2933995887538456,0.07674230911479091,-0.32920465662779397,0.06078891739841329,0.261131741945317,-0.47400854557555244,1.0850761157787399,0.023541623344089643,-0.6872216518351575,0.8838061035074143,-0.02160077376772255,-0.7232366606889182,0.9502475865629333,1.5023866978702163,-0.0043869540927966985,0.1636198803486414,0.882700360768678,-0.37672581045043396,0.7705212053873681,0.6746831425767859,-0.3399235983163316,1.0801707821966007,0.5022560136997145,-0.29990301128254826,1.273577532231413,0.7855138305007224,0.0297961327561875,1.264345329328878,0.5461358854312769,-0.19142040886626344,1.2997692010260575,0.8647832957324599,0.37732632783864517,1.3079556163573107,0.8266932052492303,0.20144390901982398,1.296860540150017,1.3968738159596523,-0.04378160382836847,0.1415951875661383,1.2004932851980852,-0.15467223327680926,0.4810506817915582,1.4114822433484309,0.06434007314656758,0.1247012518494335,0.850361330224978,0.012861364033838071,1.2023872066017807,1.089807541954596,-0.0982653560820005,0.4207006594203166,0.7892533998615693,-0.5487451592818002,0.7591155909544586,0.5730620488425752,-0.18441905268770184,1.1689582202608222,1.1291841229066153,-0.23383891355517683,0.5440634414060227,1.3249536231653578,-0.10745113190041465,0.37845246108951947,1.5301224048563973,0.16982698361605225,0.15376910636361865,0.6705196373510043,-0.0993621531898612,1.2211779640210385,0.8714140025985159,0.2948994192461305,1.2455821226764199,0.9067329535421154,0.2754462781726131,1.3260545580592376,0.5547406922113025,-0.22700892122376048,0.8432338324603655,0.6856604581637097,-0.507490566234715,0.8849999813844037,1.0025238990783691,-19.20794105529785,4.199224472045898,-0.6713603138923645,-0.5055469870567322,-2.458373785018921,843.2612915039062,-7.9952826499938965,-1142.875732421875,-51.285213470458984,110.50054931640625,-16.629261016845703,-1.656890630722046,24.437570571899414,-2.6138381958007812,-3.766972064971924,0.35238388180732727,2.704511880874634
0.49329414707145935,-0.30849629768867365,1.139287663019256,0.4638690516747386,-0.18664541460623016,1.0233780236433674,0.0754566519761717,-0.49770674691689726,0.1008135618530954,0.5973332290420469,-0.38226213143361326,0.6602771653244827,0.34803048131481695,-0.22248133570449244,1.2583310598174469,0.19571463050727803,-0.6196740124596666,1.0906880045963439,0.3995050747959029,-0.11707887530869603,1.2876684357788388,-0.04737577391850047,-0.6517678492313979,0.8929069389570626,0.06737915944579413,-0.6326839002157679,0.9995055017092369,0.15215152028380638,-0.543344351234815,0.09851106505421614,0.38945000914745764,-0.23620307948810376,0.34614419093392546,0.15556418737828337,-0.4691937767610645,0.020364472935506646,0.25707176495466794,-0.6551698544956991,1.027518130098747,0.46627949775252114,-0.23364765850814762,0.242708771113331,0.6921921960565427,-0.5628288391212755,0.7288336975882385,0.3699015814638295,-0.3420519746395926,1.0944792403290604,0.4281900124932756,-0.2785118631771858,0.39653974204071313,0.29326435420292096,-0.2696153289632292,0.29266675285353566,0.0768403559183048,-0.3291239600307894,0.06070753120946766,0.26322252624082243,-0.47390966102579574,1.0861268104701642,0.02515566791253565,-0.686499877382588,0.8859752308059211,-0.019827981300602752,-0.7226085415146999,0.9524884176570058,1.5048799573980418,-0.00601799351576438,0.16332787193900702,0.8842567202468581,-0.3762054148296647,0.7699695013414156,0.67636076425085,-0.3397426957523586,1.0798712854353798,0.5040240267057292,-0.29944202244676504,1.2733027781082304,0.7878767870711963,0.02906791673701827,1.2645558768155558,0.5478147638357238,-0.19094753297452896,1.2994739762599894,0.8682465569073,0.3763004637119786,1.3087480308993762,0.8295427038772215,0.20053316139622243,1.2972829809646733,1.3992330550357994,-0.04499021183625353,0.14125706100009927,1.2025428765656931,-0.15472286167425037,0.4809424977330183,1.4142857302498342,0.06307794378194592,0.12428807675690447,0.8527135579593923,0.011974744282860269,1.2025719196196423,1.0921383614571678,-0.09815529754866432,0.4205815569059738,0.7908010981138178,-0.548242689165848,0.7585935703176536,0.5747653711710544,-0.1841504310091205,1.1686754775363088,1.1311076113719813,-0.23379188112371804,0.5438921776236287,1.3271528468621487,-0.10811783573189317,0.3783518024627736,1.5332840975151945,0.16811663691965956,0.15342540096565588,0.6724665886321604,-0.09954986926044848,1.2210217291945653,0.8744593628787046,0.29396407330865104,1.2461851667489436,0.9098729185315946,0.274273569911521,1.3265132898131744,0.5561462064452518,-0.2266631674588911,0.8429709318655216,0.687336139232907,-0.5070365307149508,0.8845748568804849,0.9967420697212219,-19.37938117980957,4.158872127532959,-0.60188889503479,-0.4516538977622986,-2.4589245319366455,842.9789428710938,-9.541021347045898,-1139.0379638671875,-51.02788543701172,110.25184631347656,-16.826082229614258,-1.6773295402526855,24.547544479370117,-2.05981707572937,-3.8235483169555664,0.3518626093864441,2.7043099403381348
0.49482440237967384,-0.3082193767787605,1.1391121997738516,0.46528066201320545,-0.18637322442026327,1.0232171988645136,0.07569131373569665,-0.4975650632223546,0.10094420471234827,0.5988718746908454,-0.3815304064592778,0.6598376146215477,0.3495284050505682,-0.22219522608234393,1.258100375039688,0.19788276492957246,-0.6195931835285086,1.0922439268093236,0.40092511514559487,-0.11676879718110261,1.2873897891960397,-0.045822319963219164,-0.6509875475570855,0.8951867313574481,0.06921045541368571,-0.6323361870468847,1.0014565038365244,0.15240563057511058,-0.5431918572905837,0.09847499948266326,0.3908295656079488,-0.2362410244562768,0.3452530395708337,0.15563890703071823,-0.46913515347123935,0.020251857283346306,0.25900529216456886,-0.6551169338605262,1.0288007215948294,0.46752232934860205,-0.23389803480036211,0.24168617603991996,0.6936178002136433,-0.5623211937629624,0.7283671906847038,0.37155103713076637,-0.3417868259924137,1.0945907941717186,0.42955401806247157,-0.2784575739048964,0.3957626834413074,0.2944184723279334,-0.26955758834516763,0.29201203851115626,0.07694630132408331,-0.3290506883567532,0.06063062099382183,0.26510454112330806,-0.47383102389755627,1.087064902119289,0.026609781623774795,-0.6858108578533526,0.8879000106394686,-0.01824119780829412,-0.7220234987356805,0.9544886907204887,1.5070909609068308,-0.007486529364589813,0.16307058303758798,0.8856509250915603,-0.37573371107215126,0.7694926007299234,0.6778621393323734,-0.33958899185357505,1.0796125535143921,0.5056007561699444,-0.29900766859780875,1.2730556300144322,0.7899990671912566,0.028405377980543687,1.2647510960402077,0.5493175472250048,-0.19053835510615483,1.2991989397055266,0.8713616543258262,0.37536544653753573,1.3094632925576721,0.8321027891920102,0.1997029937260988,1.2976560833438342,1.4013188580014058,-0.04606903260512067,0.14095701706527874,1.204373438626725,-0.15469250867501,0.48087536509068596,1.4167697867810332,0.06195387120870566,0.12393018063034443,0.8548209219184143,0.011168563713794518,1.2027417496340165,1.094230115018933,-0.09807126769265592,0.42047448584575525,0.7921703897959349,-0.5478204745330558,0.7581154597516091,0.5762915800738808,-0.1839220223343925,1.168423410283019,1.132813131572395,-0.23371820778444113,0.5437621570975575,1.329114520391881,-0.10869572291903148,0.37827940354284073,1.536099483240519,0.16658540968073915,0.1531122111721544,0.6742065231136928,-0.09972416718077186,1.2208916888331736,0.8771781307577298,0.293118721700662,1.246725599892092,0.9126822743194782,0.27323231476032184,1.326905592782608,0.5574103510932417,-0.22635194136212203,0.8427262631867896,0.6888284495729484,-0.5066330604600591,0.8841896351204803,0.9901138544082642,-19.50210952758789,4.103825569152832,-0.6181460022926331,-0.4786559045314789,-2.4590039253234863,844.3314208984375,-10.849894523620605,-1135.00341796875,-50.85128402709961,110.06375122070312,-16.759593963623047,-1.606905221939087,24.69873809814453,-1.6742298603057861,-3.842956781387329,0.40843942761421204,2.702639102935791
0.49635465768788817,-0.30794245586884733,1.138936736528447,0.4666922723516722,-0.18610103423429641,1.02305637408566,0.07592597549522159,-0.49742337952781196,0.10107484757160114,0.6004105203396436,-0.38079868148494245,0.6593980639186127,0.35102632878631934,-0.22190911646019545,1.2578696902619293,0.2000508993518667,-0.6195123545973507,1.093799849022303,0.4023451554952867,-0.11645871905350924,1.2871111426132404,-0.04426886600793799,-0.6502072458827732,0.8974665237578334,0.07104175138157715,-0.6319884738780015,1.0034075059638117,0.15265974086641473,-0.5430393633463525,0.09843893391111039,0.39220912206843983,-0.23627896942444984,0.344361888207742,0.15571362668315306,-0.46907653018141426,0.020139241631185974,0.2609388193744696,-0.6550640132253533,1.0300833130909117,0.4687651609446828,-0.23414841109257659,0.240663580966509,0.6950434043707436,-0.5618135484046495,0.7279006837811691,0.37320049279770307,-0.34152167734523486,1.0947023480143767,0.43091802363166737,-0.278403284632607,0.3949856248419017,0.2955725904529457,-0.2694998477271061,0.29135732416877685,0.07705224672986181,-0.328977416682717,0.060553710778176,0.2669865560057936,-0.47375238676931686,1.0880029937684141,0.028063895335013814,-0.6851218383241174,0.8898247904730158,-0.01665441431598562,-0.7214384559566612,0.9564889637839714,1.5093019644156196,-0.00895506521341512,0.16281329413616896,0.8870451299362624,-0.3752620073146378,0.7690157001184312,0.6793635144138966,-0.3394352879547915,1.0793538215934046,0.5071774856341594,-0.29857331474885246,1.272808481920634,0.7921213473113167,0.027742839224069164,1.2649463152648597,0.5508203306142857,-0.1901291772377807,1.2989239031510638,0.8744767517443522,0.3744304293630929,1.310178554215968,0.8346628745067987,0.1988728260559752,1.2980291857229953,1.4034046609670119,-0.047147853373987726,0.14065697313045825,1.206204000687757,-0.15466215567576963,0.4808082324483537,1.4192538433122317,0.06082979863546548,0.12357228450378442,0.8569282858774361,0.010362383144728836,1.2029115796483905,1.0963218685806981,-0.0979872378366475,0.42036741478553674,0.7935396814780519,-0.5473982599002636,0.7576373491855647,0.5778177889767071,-0.1836936136596645,1.1681713430297296,1.1345186517728085,-0.23364453444516423,0.5436321365714862,1.3310761939216134,-0.10927361010616975,0.37820700462290785,1.5389148689658434,0.16505418244181888,0.15279902137865295,0.6759464575952251,-0.09989846510109522,1.2207616484717818,0.8798968986367546,0.29227337009267307,1.2472660330352403,0.9154916301073616,0.2721910596091227,1.3272978957520416,0.5586744957412315,-0.22604071526535302,0.8424815945080574,0.6903207599129897,-0.5062295902051673,0.8838044133604758,1.0173699855804443,-19.354816436767578,4.089742183685303,-0.7178781628608704,-0.5561169981956482,-2.4667398929595947,843.0402221679688,-12.2738618850708,-1130.8414306640625,-50.67464828491211,109.91060638427734,-16.965770721435547,-1.56534743309021,24.735870361328125,-2.0482566356658936,-3.7392263412475586,0.42432984709739685,2.7025437355041504
0.49854301616845537,-0.307599745641481,1.1387254536546618,0.46866879932927763,-0.18571137651702427,1.0228044702517276,0.07629710208895979,-0.4972507511543122,0.10122159651375764,0.6024312159873002,-0.3798785959647981,0.6588911189148757,0.3532096704110404,-0.22159077592243423,1.2575071268523765,0.20309847465019346,-0.6194176808098294,1.09591472543628,0.40433243745999614,-0.11603881206536136,1.286756266821299,-0.04207954802457865,-0.6490334082912925,0.9006107271901819,0.07363181072749833,-0.6314556326297734,1.0060855205485362,0.15304670102943646,-0.5428266600267777,0.09840044211472897,0.39410141820939165,-0.23636525889106144,0.34311981548536696,0.15592367493158935,-0.469093183610613,0.019992344772184135,0.2636128664016723,-0.6549571081502548,1.0318595494655582,0.47055728684197984,-0.23461047643857286,0.23919559926386705,0.6969368086745407,-0.5611208199665246,0.7273022532463074,0.3755036791823557,-0.3411682996134095,1.0948918710481252,0.432862718176368,-0.2783291880658131,0.39385344492678614,0.29718281634596005,-0.2694304747297274,0.2904160752991178,0.07720311854454065,-0.3288743028182857,0.06046808096549369,0.2696137106576502,-0.47361399026106527,1.0893333613477796,0.03013505389457502,-0.6841366318677435,0.8925242072699086,-0.014450084418058447,-0.7205806860071144,0.9592250692133871,1.5122799099675865,-0.010993901942393984,0.1624840134816454,0.8889856141134602,-0.3746454575598635,0.7683087768933631,0.6814379135504464,-0.33919552244887446,1.0789676809942486,0.5093310041143404,-0.29803675196028706,1.272497464489463,0.7950896786538181,0.026799015885848106,1.2651937639476447,0.5528958830612384,-0.1896055280570163,1.2986173369237128,0.8787846667877095,0.3731137261485422,1.3111259834655862,0.8382926587237427,0.19767680468148746,1.2985412766601865,1.4062677858681079,-0.048630083707586785,0.14026063019471455,1.2087380854499261,-0.15484751543856615,0.480697255260897,1.4226466804150713,0.0592453480260262,0.12304894009370679,0.8598638062445533,0.009210465537593882,1.203136759088529,1.0991344246643269,-0.09782592503242935,0.42023047153523424,0.795448292564872,-0.5467706223986797,0.7569875954002734,0.5799635064522951,-0.18335335864531285,1.1678330566709405,1.1369222347310046,-0.23365787145317785,0.5434046470566302,1.3337876196728635,-0.1100901016928502,0.3781073884853464,1.5428190033956868,0.16289216674716273,0.15235828790838357,0.6783443602505108,-0.10009957524324883,1.2206078183572024,0.8836033162691734,0.29108394455436054,1.2479554746324653,0.9194279842029344,0.2706761993714516,1.327828737284174,0.5604821147508179,-0.2256074504347037,0.8421865263522066,0.6924050991108875,-0.5056305819789305,0.8832666731828096,1.1214499473571777,-19.1814022064209,4.328305244445801,-0.7090631723403931,-0.5677322149276733,-2.4699716567993164,838.77490234375,-13.4587984085083,-1128.107421875,-50.5128173828125,109.85592651367188,-17.462329864501953,-1.5657868385314941,24.735740661621094,-2.5647506713867188,-3.7191617488861084,0.43250900506973267,2.701902151107788
0.5009435263295835,-0.3072358270157252,1.138502623663833,0.47082743759186835,-0.18528385097716032,1.0225232054066185,0.07671222063583251,-0.4970681471935171,0.10137353754842912,0.6046073093319569,-0.37889778895291276,0.6583624481168014,0.3556139691183897,-0.22126204515529788,1.257102049936522,0.20642955391513568,-0.6193185438778227,1.0982097910334732,0.406502580208494,-0.11558349972085057,1.2863768171395686,-0.039685247558483794,-0.6477327071475668,0.9040335894420445,0.0764664714255473,-0.6308631119349145,1.0089979009912502,0.1534764877958408,-0.5425945471059408,0.09836116818008044,0.39615900543154453,-0.23646713309730125,0.34176461679848624,0.15617734884584186,-0.46913410387686544,0.019834396734661034,0.2665256336331365,-0.654832800196496,1.0337949213602684,0.472526487875853,-0.23514078365059085,0.23758403897680205,0.6989810169729964,-0.5603684265881975,0.7266612946987152,0.37801760770627185,-0.34078647961087577,1.0951065288868962,0.4349946085092246,-0.2782487062527644,0.39260678511384317,0.29894007697997493,-0.2693573518205952,0.2893824567463225,0.07736847321472025,-0.328761568774056,0.06037964023008253,0.2724810748404223,-0.4734563292158361,1.0907901862993934,0.032405128227608326,-0.6830559440993316,0.8954733425615637,-0.012046677060425452,-0.7196349974302267,0.9621983837607678,1.5155050934150516,-0.013216585665632694,0.16213152495934477,0.8911022014965283,-0.37398221402965637,0.7675277016415502,0.6836970375468397,-0.3389280133985526,1.078540467860683,0.5116704611588786,-0.29746724023724236,1.27216585760085,0.7983307501930272,0.025764515281143048,1.2654580497583805,0.5551560781649405,-0.18904497694002087,1.298300606525497,0.883477108565387,0.37167397940790425,1.3121482562150386,0.842267280086776,0.1963628436259877,1.2990981731193745,1.4093814948141967,-0.0502423605456059,0.13983324350209428,1.211498963714435,-0.15510241418386136,0.4805721439766568,1.4263324796758738,0.05751248607597024,0.12247226038170575,0.8630662980853325,0.007947093227397221,1.203379781435657,1.1021793447188193,-0.09763969864622253,0.4200838984341811,0.7975307631966293,-0.5460767630512352,0.7562825092614093,0.5823089339283127,-0.18297704790305622,1.167466975995247,1.1395508510782226,-0.23369925784946277,0.5431457366177578,1.3367407418639452,-0.11098351180306722,0.3779989983763126,1.5470741160263286,0.16052680477401296,0.15187643838441928,0.6809543710670722,-0.10030932879901878,1.2204463191774508,0.8876281209931466,0.2897836004464043,1.2486929518497543,0.9237276469634855,0.2690086638098522,1.3284042392740185,0.5624649327322346,-0.2251348441701062,0.8418752109964952,0.6946802897169099,-0.5049685384856155,0.8826797658836605,1.1902765035629272,-19.19798469543457,4.504453182220459,-0.5779822468757629,-0.5376721620559692,-2.4386332035064697,834.280029296875,-14.621106147766113,-1125.804931640625,-50.30229187011719,109.8331527709961,-17.83763313293457,-1.567629337310791,24.736459732055664,-2.5490689277648926,-3.844564914703369,0.4750978350639343,2.7030246257781982
0.5033440364907119,-0.3068719083899694,1.1382797936730038,0.4729860758544593,-0.18485632543729633,1.0222419405615093,0.07712733918270527,-0.496885543232722,0.10152547858310061,0.6067834026766138,-0.3779169819410274,0.6578337773187272,0.3580182678257392,-0.22093331438816147,1.2566969730206672,0.20976063318007818,-0.6192194069458159,1.1005048566306663,0.4086727229569921,-0.11512818737633972,1.2859973674578382,-0.037290947092388727,-0.6464320060038409,0.9074564516939073,0.07930113212359652,-0.6302705912400556,1.0119102814339642,0.15390627456224515,-0.5423624341851039,0.09832189424543192,0.39821659265369763,-0.23656900730354108,0.3404094181116054,0.15643102276009438,-0.46917502414311796,0.019676448697137916,0.269438400864601,-0.6547084922427373,1.0357302932549786,0.4744956889097264,-0.23567109086260887,0.23597247868973695,0.7010252252714523,-0.5596160332098702,0.726020336151123,0.38053153623018826,-0.340404659608342,1.095321186725667,0.43712649884208143,-0.27816822443971573,0.3913601253009001,0.3006973376139899,-0.269284228911463,0.28834883819352713,0.07753382788489985,-0.3286488347298262,0.06029119949467135,0.2753484390231946,-0.47329866817060684,1.0922470112510074,0.03467520256064183,-0.6819752563309196,0.8984224778532192,-0.009643269702792254,-0.7186893088533389,0.9651716983081489,1.518730276862517,-0.015439269388871595,0.16177903643704408,0.8932187888795966,-0.37331897049944923,0.7667466263897372,0.6859561615432335,-0.3386605043482307,1.0781132547271173,0.5140099182034169,-0.29689772851419766,1.2718342507122369,0.8015718217322367,0.024730014676437904,1.2657223355691165,0.5574162732686427,-0.18848442582302538,1.297983876127281,0.8881695503430649,0.3702342326672662,1.313170528964491,0.8462419014498097,0.19504888257048783,1.2996550695785622,1.412495203760286,-0.05185463738362515,0.139405856809474,1.2142598419789445,-0.15535731292915658,0.4804470326924166,1.4300182789366764,0.05577962412591413,0.12189558066970467,0.866268789926112,0.006683720917200455,1.2036228037827852,1.105224264773312,-0.0974534722600157,0.41993732533312794,0.7996132338283867,-0.5453829037037906,0.7555774231225449,0.5846543614043305,-0.18260073716079953,1.1671008953195534,1.142179467425441,-0.2337406442457477,0.5428868261788855,1.339693864055027,-0.11187692191328431,0.3778906082672789,1.5513292286569706,0.15816144280086297,0.15139458886045495,0.6835643818836338,-0.10051908235478874,1.220284819997699,0.89165292571712,0.28848325633844796,1.2494304290670433,0.928027309724037,0.2673411282482527,1.3289797412638633,0.5644477507136515,-0.22466223790550865,0.8415638956407837,0.6969554803229325,-0.5043064949923004,0.8820928585845114,1.1479475498199463,-19.234529495239258,4.436424732208252,-0.5608359575271606,-0.5588744878768921,-2.417931079864502,833.0591430664062,-15.32703685760498,-1124.068603515625,-50.111873626708984,109.76193237304688,-17.765628814697266,-1.61769700050354,24.68621063232422,-2.295353651046753,-3.9116122722625732,0.49177002906799316,2.7270619869232178
0.5057416707277296,-0.3063995465636254,1.1380726993083954,0.47520127147436125,-0.18445422127842906,1.0219862163066864,0.0776082873344421,-0.49672725051641464,0.1016410607844591,0.6090839356184004,-0.3769230693578721,0.6570808887481691,0.3604236692190168,-0.22056382894515994,1.2563164830207825,0.21313533931970569,-0.6191007196903229,1.1027794182300565,0.4109085723757742,-0.11469681933522229,1.2856067419052124,-0.03479457460343859,-0.644982010126114,0.910891383886337,0.08220972865819906,-0.6296175122261048,1.0148170888423917,0.15433783456683156,-0.542151927947998,0.09830227307975292,0.4003572463989256,-0.23675444722175595,0.33901703357696544,0.1566570624709129,-0.4691724330186844,0.019572588615119464,0.2723407819867132,-0.6546225249767303,1.0376378893852232,0.47650093585252745,-0.2362715415656566,0.23427994549274458,0.7031708508729932,-0.5588140040636064,0.7253294289112092,0.3830926567316053,-0.34002853184938436,1.0955435931682587,0.4392172694206236,-0.2781160846352577,0.3901096805930139,0.3024839535355566,-0.2692495286464691,0.28731714189052593,0.07768803648650645,-0.32852742820978165,0.06019665859639645,0.2782414853572843,-0.47320083528757095,1.0937028527259824,0.03700762707740048,-0.6809033155441285,0.9013263732194898,-0.007148595730541489,-0.7176011800765992,0.9681631177663801,1.521922171115875,-0.017679564654826927,0.16138361394405368,0.8953644931316374,-0.3725952580571175,0.7659631371498109,0.6882302016019819,-0.33838699012994766,1.077751487493515,0.5164415985345838,-0.2963214367628098,1.2715477049350739,0.8048416823148724,0.023651396390050743,1.265992432832718,0.5597335696220396,-0.18783815205097204,1.2977066338062286,0.8928956687450404,0.368759222328663,1.314145177602768,0.8502766042947766,0.1937060207128526,1.300253540277481,1.4155187606811521,-0.05346447974443422,0.13899610564112666,1.217026740312576,-0.1554972529411316,0.48042552173137665,1.4336145520210264,0.054014838300645504,0.1213612370193005,0.8695003837347028,0.005404433351941516,1.203889936208725,1.1083445250988004,-0.09723722003400327,0.4198799431324005,0.8017073720693586,-0.5446370095014573,0.7548730671405793,0.587031841278076,-0.1821970641613007,1.1667569875717163,1.1448198556900022,-0.23371963948011398,0.5426641255617142,1.342569679021835,-0.11281385459005824,0.3777385726571083,1.5555691719055171,0.15574729442596455,0.1509013250470162,0.6862608194351194,-0.10079993493854997,1.2200961709022522,0.8957885801792141,0.28709039092063915,1.2501627206802368,0.9323751926422116,0.26564927399158494,1.3295485079288483,0.5664352029561994,-0.22418988123536113,0.8412584960460663,0.6992617845535276,-0.5036846250295639,0.8815175145864487,1.0331224203109741,-19.259233474731445,4.207354545593262,-0.7175853252410889,-0.6142217516899109,-2.4572954177856445,833.0348510742188,-16.06715202331543,-1122.07275390625,-49.964908599853516,109.65057373046875,-17.700275421142578,-1.7273744344711304,24.579050064086914,-2.138869047164917,-3.804776191711426,0.4230627119541168,2.780493974685669
0.5081383526719957,-0.3058912763927157,1.1378708154160455,0.4774351946960221,-0.1840605347953885,1.021738949200965,0.07811103336858431,-0.4965770078810635,0.10174460363703847,0.6114256737247996,-0.37592481718158094,0.6562537558820863,0.3628294357400855,-0.2201808485763752,1.2559441343838016,0.2165244914443286,-0.6189755588177813,1.1050471904262011,0.41316617897014735,-0.11427337987138737,1.2852124157330849,-0.03226440343142358,-0.6434825789060025,0.9143303127478288,0.08514280725788582,-0.6289443807886137,1.0177220508752278,0.15476998173637893,-0.541948576241929,0.09828915945346782,0.4025254056153707,-0.23696755790552554,0.3376123358477031,0.15687395178324337,-0.4691554341489906,0.019486638452142283,0.27523972399976854,-0.6545492533026942,1.0395362882424664,0.4785181185267618,-0.2368952185902374,0.23256060007392185,0.7053500583629734,-0.5579955392325952,0.724621982369202,0.3856694037156388,-0.3396542889392929,1.0957685653737048,0.4412944241864791,-0.27807332960185627,0.3888579826086563,0.3042802897510149,-0.26922755111132235,0.28628608209407885,0.07783855433692995,-0.3284031500090037,0.06010009777664349,0.28114303571498933,-0.47312281305426795,1.0951583685464417,0.0393606973503598,-0.6798342711088674,0.9042152884780175,-0.00462370102497336,-0.7164658856707693,0.9711605322282044,1.5251030424572773,-0.019925691557443583,0.16097397490447724,0.8975198387310204,-0.37185152279620143,0.7651788485760721,0.6905091807542256,-0.3381114874454524,1.0774113910877152,0.5189038163778796,-0.29574289996892417,1.271276080055742,0.808121075693345,0.022558169599795237,1.2662644544184603,0.5620697736740111,-0.18716349329380014,1.297442467007416,0.8976329383471152,0.3672725353019917,1.3151040566678078,0.8543312016701854,0.19235358905318564,1.3008657772809464,1.4185124659380375,-0.05507351598696195,0.1385921940503531,1.2197956320465795,-0.1555991271473714,0.4804383155131182,1.4371811806760875,0.05223948165576988,0.12084091193233897,0.8727416139564765,0.004119875834675088,1.20416505210447,1.1114897325338906,-0.09701102547692939,0.419852094342377,0.8038053737570907,-0.5438738852147236,0.754168952932421,0.5894199345285528,-0.18178433081172163,1.1664204218529708,1.1474641419404388,-0.23367797538934165,0.5424534149517287,1.3454198955700096,-0.11376519871271204,0.3775720848942435,1.5598040921798604,0.15331699161340082,0.15040428166752623,0.6889858751107524,-0.10110433024681166,1.2198985317684956,0.899960939852607,0.28566688930751477,1.2508932952059815,0.9367390424999967,0.26394936718688117,1.3301150443538134,0.568424189722301,-0.22371760721238246,0.8409550553126051,0.7015783913088159,-0.5030760575603965,0.8809459994960305,1.002495288848877,-19.374223709106445,4.064886093139648,-0.7549632787704468,-0.6023640036582947,-2.4872236251831055,831.1320190429688,-17.577552795410156,-1118.6544189453125,-49.806785583496094,109.48750305175781,-18.149795532226562,-1.7488948106765747,24.549560546875,-2.0563697814941406,-3.717294931411743,0.3855096995830536,2.7926037311553955
0.5105350346162619,-0.305383006221806,1.1376689315236956,0.4796691179176829,-0.18366684831234795,1.0214916820952435,0.07861377940272653,-0.49642676524571233,0.10184814648961783,0.6137674118311989,-0.3749265650052898,0.6554266230160037,0.3652352022611542,-0.21979786820759048,1.2555717857468207,0.21991364356895152,-0.6188503979452399,1.1073149626223457,0.4154237855645205,-0.11384994040755247,1.284818089560957,-0.029734232259408563,-0.6419831476858909,0.9177692416093207,0.08807588585757258,-0.6282712493511226,1.020627012908064,0.1552021289059263,-0.5417452245358599,0.09827604582718272,0.4046935648318158,-0.23718066858929515,0.3362076381184408,0.15709084109557386,-0.4691384352792967,0.019400688289165104,0.27813866601282394,-0.6544759816286579,1.0414346870997093,0.48053530120099613,-0.23751889561481823,0.2308412546550991,0.7075292658529534,-0.5571770744015839,0.7239145358271947,0.3882461506996723,-0.3392800460292014,1.0959935375791512,0.44337157895233453,-0.2780305745684548,0.3876062846242987,0.3060766259664731,-0.26920557357617564,0.28525502229763183,0.07798907218735344,-0.32827887180822574,0.06000353695689053,0.28404458607269434,-0.4730447908209649,1.0966138843669007,0.041713767623319103,-0.6787652266736063,0.9071042037365452,-0.0020988063194052314,-0.7153305912649395,0.9741579466900289,1.5282839137986794,-0.02217181846006024,0.16056433586490076,0.8996751843304034,-0.37110778753528534,0.7643945600023333,0.6927881599064694,-0.33783598476095705,1.0770712946819154,0.5213660342211754,-0.29516436317503847,1.2710044551764104,0.8114004690718176,0.021464942809539735,1.2665364760042026,0.5644059777259827,-0.18648883453662823,1.2971783002086033,0.9023702079491899,0.36578584827532046,1.3160629357328477,0.8583857990455943,0.1910011573935187,1.3014780142844118,1.4215061711949228,-0.05668255222948969,0.13818828245957956,1.2225645237805827,-0.15570100135361123,0.4804511092948598,1.4407478093311485,0.050464125010894256,0.12032058684537743,0.8759828441782502,0.002835318317408661,1.204440168000215,1.1146349399689806,-0.09678483091985549,0.41982424555235354,0.8059033754448227,-0.5431107609279898,0.7534648387242627,0.5918080277790296,-0.18137159746214254,1.1660838561342253,1.1501084281908756,-0.2336363112985693,0.5422427043417432,1.3482701121181841,-0.11471654283536585,0.3774055971313786,1.5640390124542034,0.15088668880083705,0.14990723828803626,0.6917109307863853,-0.10140872555507334,1.2197008926347392,0.9041332995259999,0.28424338769439045,1.2516238697317261,0.941102892357782,0.2622494603821774,1.3306815807787788,0.5704131764884026,-0.2232453331894038,0.840651614579144,0.7038949980641043,-0.5024674900912292,0.8803744844056123,1.06576406955719,-19.462099075317383,3.9455742835998535,-0.617898166179657,-0.5282472372055054,-2.471754312515259,827.4307861328125,-19.541643142700195,-1114.7379150390625,-49.61000442504883,109.31200408935547,-18.805456161499023,-1.689003825187683,24.643583297729492,-2.098362922668457,-3.7683067321777344,0.40803173184394836,2.755686044692993
0.5129246261735624,-0.3049141476485903,1.1374805770962444,0.48190091698374954,-0.1832623375172647,1.0212493590171763,0.07907805749714766,-0.4962528386455498,0.10204711351667017,0.6160244057510071,-0.3738516285916828,0.6548493115712476,0.3676132955495883,-0.21942664840758244,1.2552489662012518,0.22338171140444968,-0.6187073704817437,1.1095845999307188,0.41766961678763875,-0.11340923755374178,1.2844780292732036,-0.027100900305274872,-0.6404663827640332,0.9211483388547074,0.09112456440925579,-0.6275633172878367,1.0234818537503676,0.15560360534104287,-0.5415670666473591,0.09828680859792312,0.4068578309965448,-0.2374012397219803,0.33476560113840553,0.15713893775118898,-0.4689650630319355,0.01927443097857451,0.28117943796890443,-0.6542897522449493,1.0432654090275038,0.48258452383887673,-0.23816053544646063,0.22894108216494136,0.7096483604797463,-0.5563903312809421,0.7232530509793995,0.39089346849760453,-0.33888330335253913,1.0962206413414304,0.4454309855470593,-0.27801274690801736,0.3863647411398541,0.30790963532119386,-0.26917486998024365,0.2841857943116435,0.07813316021139258,-0.32816816747978034,0.05989801878763351,0.28709210366602744,-0.47296462222835084,1.0981151694493576,0.044119540268912856,-0.6774440220254937,0.910026942657319,0.00046162491483868777,-0.7141131135012141,0.9771187990311754,1.5313643059193691,-0.024453415338023858,0.16012715311437256,0.9017946043156628,-0.370375827645624,0.76361327633163,0.6951102882821037,-0.3375771792716538,1.076761217701514,0.5238540379811595,-0.29460634261567076,1.2707539386307167,0.814760980029769,0.02029523161542147,1.2668226487589198,0.5667499382764297,-0.18591021425676665,1.2968179469077004,0.9071554819874413,0.36421981256529207,1.3169883315926356,0.8623945975540487,0.18957377338646272,1.3020365182927112,1.4243935058448487,-0.05833415022206217,0.13776188590471322,1.2252783206914433,-0.15581143509275866,0.4804412256802944,1.4443014414105193,0.048707281640231324,0.11979199457444896,0.8792634193865667,0.0014587808038041105,1.2047161720446404,1.117748055631751,-0.09652931450415922,0.4197992906467804,0.808006513592423,-0.5424173119052357,0.7527488677312207,0.5941799567235225,-0.18107476011412035,1.1657715368744554,1.152727668648524,-0.23352234450397114,0.5420467369998527,1.3511033946315183,-0.11567234805482896,0.3772866845328287,1.5682057229098891,0.14835261691682403,0.14941415827203275,0.6944587526731931,-0.101718810565819,1.2195526345676144,0.9082748996500934,0.28279908119842717,1.2523627336451548,0.9454930610214635,0.2604681621521515,1.3311805586941194,0.5724334408905332,-0.22275333856510013,0.8403438515221047,0.706208599916357,-0.5018273785414286,0.8798004232889769,1.1089125871658325,-19.355297088623047,3.8766727447509766,-0.5282637476921082,-0.5084130764007568,-2.459628105163574,823.013671875,-22.18634796142578,-1109.1546630859375,-49.32125473022461,109.05278015136719,-19.190656661987305,-1.7362353801727295,24.719482421875,-2.456221103668213,-3.79642391204834,0.39788827300071716,2.731876850128174
0.5153118069992949,-0.3044586890185906,1.1372968226868585,0.4841319938369144,-0.18285414645608689,1.0210087169085118,0.07952925649206369,-0.49607085949735136,0.10227852476304335,0.6182525866473747,-0.3727506195373883,0.6543569394097423,0.369981979938927,-0.21905942720095845,1.2549429865467627,0.2268766105816458,-0.6185582683773231,1.1118548713772503,0.4199114443845306,-0.11296266514733928,1.2841564193861374,-0.024432493685220526,-0.6389437243835816,0.9245070933506188,0.09421254694461814,-0.6268435530117805,1.0263196533878907,0.15599465372645302,-0.5413974746568313,0.09830568934365219,0.40902077352369065,-0.2376243474072968,0.3333108688131074,0.15712964490352088,-0.46873852383616743,0.019134469237795337,0.28426843210561376,-0.6540651172399521,1.0450731207992856,0.48464464006439734,-0.23880828263250406,0.22697942847052952,0.7117470167330558,-0.5556143735418256,0.7226071931076365,0.3935647803722627,-0.3384789107552427,1.096448469833033,0.4474843577635998,-0.27800339455438766,0.3851266501853798,0.30975511354326407,-0.26914119952364474,0.283103589141211,0.07827506209446104,-0.328062078267928,0.0597894551195451,0.29018925011947444,-0.4728837238735711,1.0996320160808941,0.046543231721202595,-0.6760370829050115,0.9129611816232567,0.00303413856883267,-0.7128676933958041,0.9800672202512917,1.5344105351050168,-0.026747072007605704,0.1596806055021207,0.9039018095921206,-0.36964787138218913,0.7628330143279587,0.6974470873936911,-0.3373240508287158,1.0764613473257483,0.5263508089528178,-0.29405529757603904,1.27051059891846,0.8181490709647437,0.01909951572398973,1.2671136329110884,0.5690965360363587,-0.18536424705919052,1.2964248901960866,0.9119570775339934,0.36262679830292205,1.3179023431626375,0.8663878244477391,0.18812090558129435,1.3025767530826544,1.4272446744884086,-0.060000219209650055,0.13732784446205526,1.2279733853624355,-0.15592477907309468,0.4804236317509847,1.4478506546541554,0.04695673278280051,0.11926059146097166,0.8825573718903079,5.097009144443667e-05,1.204992478059617,1.120850260091933,-0.09626382865653134,0.41977531966192044,0.8101113981363789,-0.5417475524722346,0.7520288654313182,0.5965463898039811,-0.18081732740662745,1.1654674614107372,1.1553383935366244,-0.23338379479007215,0.5418557823691147,1.353930919573007,-0.11662967004720735,0.37718394749014583,1.572349242027232,0.14578326354851792,0.14892242579961457,0.6972143150718006,-0.10203083007540922,1.2194211660631444,0.9124060415274259,0.2813477010422985,1.2531044159503961,0.9498921780791503,0.25865919083751593,1.331656566716188,0.5744643396889136,-0.22225463893634595,0.8400346188750488,0.7085211801015777,-0.5011765420042127,0.8792254965234276,1.071223497390747,-19.1949462890625,4.041155815124512,-0.5337991118431091,-0.5498362183570862,-2.457688331604004,821.3011474609375,-24.42799949645996,-1104.56689453125,-49.0771369934082,108.89237976074219,-19.210620880126953,-1.8799777030944824,24.738279342651367,-2.7754828929901123,-3.728811264038086,0.3504313826560974,2.729207754135132
0.5176989878250272,-0.3040032303885909,1.1371130682774726,0.48636307069007906,-0.18244595539490913,1.020768074799847,0.07998045548697967,-0.49588888034915296,0.1025099360094165,0.620480767543742,-0.37164961048309386,0.653864567248237,0.37235066432826547,-0.21869220599433448,1.2546370068922739,0.23037150975884163,-0.6184091662729023,1.1141251428237813,0.4221532719814223,-0.11251609274093682,1.2838348094990713,-0.021764087065166405,-0.6374210660031301,0.9278658478465299,0.09730052947998023,-0.6261237887357245,1.0291574530254135,0.15638570211186312,-0.5412278826663036,0.09832457008938127,0.41118371605083626,-0.23784745509261326,0.33185613648780937,0.15712035205585279,-0.4685119846403994,0.01899450749701618,0.28735742624232286,-0.6538404822349548,1.0468808325710675,0.4867047562899177,-0.23945602981854744,0.22501777477611784,0.7138456729863651,-0.5548384158027094,0.7219613352358737,0.39623609224692063,-0.33807451815794637,1.0966762983246354,0.4495377299801402,-0.27799404220075796,0.3838885592309056,0.3116005917653341,-0.2691075290670458,0.2820213839707786,0.07841696397752951,-0.32795598905607565,0.0596808914514567,0.2932863965729212,-0.47280282551879127,1.1011488627124306,0.048966923173492126,-0.6746301437845295,0.9158954205891942,0.005606652222826432,-0.7116222732903943,0.9830156414714079,1.537456764290664,-0.029040728677187357,0.1592340578898689,0.9060090148685782,-0.3689199151187544,0.7620527523242875,0.6997838865052783,-0.3370709223857779,1.0761614769499823,0.5288475799244758,-0.29350425253640744,1.2702672592062034,0.8215371618997179,0.017903799832558093,1.2674046170632571,0.5714431337962875,-0.18481827986161445,1.296031833484473,0.916758673080545,0.36103378404055225,1.3188163547326397,0.8703810513414292,0.1866680377761261,1.3031169878725974,1.4300958431319684,-0.061666288197237795,0.13689380301939735,1.2306684500334277,-0.1560381230534307,0.48040603782167496,1.4513998678977913,0.045206183925369854,0.11872918834749441,0.885851324394049,-0.0013568406209151168,1.205268784074594,1.1239524645521148,-0.09599834280890347,0.4197513486770605,0.8122162826803345,-0.5410777930392335,0.7513088631314159,0.5989128228844395,-0.18055989469913458,1.1651633859470192,1.1579491184247248,-0.2332452450761732,0.5416648277383767,1.3567584445144953,-0.11758699203958567,0.377081210447463,1.5764927611445745,0.14321391018021207,0.1484306933271964,0.6999698774704078,-0.10234284958499944,1.2192896975586747,0.916537183404758,0.27989632088616995,1.2538460982556374,0.9542912951368366,0.25685021952288056,1.3321325747382562,0.576495238487294,-0.2217559393075918,0.839725386227993,0.7108337602867983,-0.5005257054669968,0.8786505697578785,1.0075252056121826,-19.220298767089844,4.497927188873291,-0.5574653744697571,-0.5441786646842957,-2.458860158920288,821.7439575195312,-25.93242073059082,-1101.389404296875,-48.80404281616211,108.84028625488281,-19.308731079101562,-1.8698712587356567,24.732942581176758,-2.474259376525879,-3.725470542907715,0.36424335837364197,2.7317166328430176
0.5202220023073106,-0.3035226356213456,1.1369036998575097,0.488645478490962,-0.18202165632650555,1.020539430987756,0.08038558565474897,-0.4956740161638386,0.10273086896400577,0.6228052729999781,-0.37048286076215725,0.6532780760960863,0.37476729779251355,-0.21831252699754888,1.2543212051028447,0.23397028389454663,-0.6182435371031035,1.1163274827382421,0.42442295591760143,-0.11210440508774576,1.283500819016766,-0.019016784247294777,-0.6357159188251622,0.9312754774725199,0.10043549063979382,-0.6252918933203678,1.0319678741969809,0.15679502363828632,-0.5410532913855369,0.09835852406277562,0.41327041940183823,-0.23806360053108228,0.3304233569281781,0.1571953340081979,-0.4683817700044998,0.018896492466404544,0.2904776512392308,-0.6537427703868475,1.0486884561200804,0.48868214896577866,-0.24018439055969382,0.2232041000727787,0.7159693109870745,-0.5539969232500784,0.7212808646311034,0.398912013761255,-0.3376780803136478,1.0969558547664162,0.4516453886071577,-0.27801156103216257,0.3826444470724523,0.31346148691627357,-0.26909989903107384,0.2808956849752673,0.07856663497818621,-0.327848532391305,0.05957092448995011,0.29639069642254834,-0.4726454747828427,1.102644506471836,0.05145296974366656,-0.6731544791270566,0.9187577727022549,0.008255289978538805,-0.7102679715843391,0.9859254946377103,1.5404502362604962,-0.03136174175703259,0.1588009274903907,0.9081660218980927,-0.3681864081727748,0.7612406271972404,0.7021120397855114,-0.33686244936770954,1.0758457558834,0.5314377494008334,-0.2929724474122982,1.2700309773154606,0.8249623799166141,0.016650292743305848,1.2677281260095685,0.5738424593644426,-0.18414475356802248,1.2957191183077579,0.9215736490803836,0.35939180614143024,1.3197393062098925,0.8744727936604163,0.1851844794752188,1.303645871332939,1.4328859616194338,-0.06328048679163513,0.1364308833237121,1.2333806593291805,-0.15606275536366646,0.48041438873832587,1.4549056755391176,0.04346258812491475,0.11819895969962839,0.889177478208447,-0.002824412839601234,1.2055467957297699,1.127102309307515,-0.09573019741238743,0.4197698422516419,0.8143964506537708,-0.5403501300622296,0.7505909634741726,0.6013256317337616,-0.18018035800350424,1.1648700442535198,1.1606294216699158,-0.23316589284022124,0.5414864742597997,1.3595667957075384,-0.11854704526185196,0.37694046409516935,1.580609225279448,0.14064918115537697,0.147911777214104,0.7027132504231092,-0.10266118805041374,1.2191685511181687,0.9207077020446195,0.27838372883220386,1.2545341117097841,0.958768151157739,0.25500451812878355,1.332576851971102,0.5785840849410618,-0.221256861056121,0.8394472079955979,0.7131316807885832,-0.4998532764070871,0.8780148575045416,0.9938439130783081,-19.411609649658203,4.6016387939453125,-0.5443172454833984,-0.4669871926307678,-2.458625555038452,820.8779296875,-27.132266998291016,-1099.5628662109375,-48.480106353759766,108.93866729736328,-19.75218391418457,-1.7220567464828491,24.734495162963867,-1.9850528240203857,-3.754424571990967,0.44293299317359924,2.727616548538208
0.5227924218240952,-0.30303326851090057,1.1366853923197613,0.49094580044809555,-0.1815917356716876,1.0203149745006435,0.08077463811103082,-0.4954476753212758,0.10294814506508657,0.6251633950811348,-0.3692931679897751,0.6526587380478713,0.3772006651620991,-0.2179285003156062,1.254001975454242,0.23760530969362384,-0.6180721400984076,1.1185061150039268,0.4267023615292366,-0.11170489197929964,1.2831625077898139,-0.016241947185889595,-0.6339470842816183,0.9347028621774636,0.10358684702424811,-0.6244208648899533,1.0347687404676778,0.15721072236828457,-0.5408769553860292,0.09839773849146255,0.4153305157920383,-0.238277316192128,0.3289982387364305,0.15729972730014496,-0.4682851719935209,0.01881311655611984,0.2936087755967449,-0.6536893538686613,1.050496048879939,0.49063067167799995,-0.24094088489054055,0.22144206904417632,0.7181016674499638,-0.5531325594873618,0.7205883144148139,0.4015895440088992,-0.33728441862475794,1.0972534639156417,0.45377199282709335,-0.2780384577268007,0.38139823355422114,0.315327762471919,-0.2691013569271328,0.27975480692670834,0.07871901734873948,-0.32774059849464343,0.05946046778845866,0.299497492759433,-0.47246144267896945,1.1041327505711689,0.05396077783149203,-0.6716548297184193,0.9215950367861236,0.010930494534850892,-0.7088756709304077,0.9888218878120776,1.5434252963160837,-0.033692302040459685,0.1583724796081221,0.9103404094051841,-0.3674509640758401,0.7604173820539816,0.7044371757286274,-0.3366695607932198,1.0755245030321032,0.5340605143284956,-0.29244735688957946,1.2697971585570582,0.8284005550359258,0.015376616913874624,1.2680629858907484,0.5762601865837905,-0.1834267100060223,1.2954344417875177,0.9263932947686176,0.3577327402616968,1.3206653776547768,0.8785989172016547,0.1836902103972751,1.3041707932554334,1.435654774012155,-0.06487658296693238,0.13595788531153408,1.2360988519839105,-0.15605642789641752,0.4804317942320906,1.4583963349165505,0.041721418894679355,0.11766914093237839,0.892514870064148,-0.004312841422911353,1.205825402641928,1.130268780206213,-0.09546112385115876,0.41980315567247123,0.816602892038838,-0.5396022591369831,0.7498737976251059,0.6037546254151704,-0.17975820783550375,1.1645804485737883,1.1633340072947622,-0.23310720012677427,0.5413125184987555,1.3623684553910564,-0.11950805166501872,0.3767864527489176,1.5847162474070164,0.13808606599537743,0.1473833741928568,0.7054523693409976,-0.10298173178900157,1.2190510070087104,0.92489196291033,0.27684977423671064,1.2552033950950925,0.9632721375550655,0.25314599818346517,1.3330100553714677,0.5806931547376494,-0.22075765066786318,0.8391798675455004,0.7154244851592361,-0.49917331170167356,0.877357931523923,0.9965685606002808,-19.48870086669922,4.403463840484619,-0.5706793069839478,-0.43393948674201965,-2.458320140838623,816.4389038085938,-27.9891300201416,-1098.6905517578125,-48.29074478149414,109.05122375488281,-20.125144958496094,-1.5782479047775269,24.71051788330078,-1.9530894756317139,-3.693317413330078,0.4997137784957886,2.706808567047119
0.5253628413408796,-0.3025439014004556,1.136467084782013,0.4932461224052289,-0.1811618150168697,1.0200905180135311,0.08116369056731262,-0.495221334478713,0.10316542116616734,0.6275215171622913,-0.36810347521739295,0.6520393999996564,0.3796340325316845,-0.21754447363366355,1.2536827458056394,0.2412403354927007,-0.6179007430937117,1.1206847472696113,0.4289817671408715,-0.11130537887085355,1.2828241965628617,-0.013467110124484651,-0.6321782497380743,0.9381302468824069,0.10673820340870215,-0.6235498364595389,1.0375696067383746,0.15762642109828276,-0.5407006193865214,0.09843695292014949,0.4173906121822381,-0.23849103185317372,0.3275731205446831,0.15740412059209205,-0.46818857398254193,0.018729740645835144,0.2967398999542588,-0.6536359373504752,1.0523036416397977,0.492579194390221,-0.2416973792213872,0.21968003801557412,0.7202340239128528,-0.5522681957246452,0.7198957641985243,0.4042670742565431,-0.33689075693586806,1.0975510730648672,0.45589859704702884,-0.27806535442143876,0.3801520200359901,0.3171940380275643,-0.2691028148231917,0.2786139288781495,0.07887139971929275,-0.3276326645979818,0.05935001108696722,0.30260428909631737,-0.4722774105750962,1.1056209946705016,0.056468585919317284,-0.670155180309782,0.9244323008699921,0.013605699091162752,-0.7074833702764765,0.9917182809864447,1.546400356371671,-0.03602286232388657,0.1579440317258535,0.9125147969122753,-0.3667155199789054,0.7595941369107228,0.7067623116717432,-0.3364766722187301,1.0752032501808066,0.5366832792561573,-0.29192226636686075,1.2695633397986557,0.8318387301552372,0.014102941084443509,1.2683978457719285,0.5786779138031384,-0.18270866644402217,1.2951497652672774,0.9312129404568511,0.3560736743819636,1.3215914490996608,0.8827250407428928,0.1821959413193315,1.3046957151779275,1.438423586404876,-0.06647267914222951,0.13548488729935612,1.23881704463864,-0.1560501004291686,0.48044919972585526,1.4618869942939832,0.039980249664444106,0.11713932216512844,0.8958522619198488,-0.005801270006221345,1.206104009554086,1.1334352511049104,-0.09519205028993011,0.41983646909330063,0.8188093334239049,-0.5388543882117367,0.7491566317760392,0.606183619096579,-0.17933605766750332,1.1642908528940568,1.1660385929196084,-0.2330485074133273,0.5411385627377112,1.3651701150745743,-0.12046905806818539,0.37663244140266583,1.5888232695345845,0.1355229508353781,0.14685497117160964,0.7081914882588859,-0.10330227552758935,1.2189334628992523,0.9290762237760403,0.2753158196412176,1.2558726784804009,0.9677761239523917,0.25128747823814696,1.3334432587718332,0.5828022245342367,-0.2202584402796054,0.8389125270954031,0.7177172895298887,-0.49849334699626,0.8767010055433047,0.9981715679168701,-19.351177215576172,4.324576377868652,-0.6328391432762146,-0.47381603717803955,-2.4655873775482178,809.6843872070312,-29.49034881591797,-1097.6351318359375,-48.289703369140625,109.15203094482422,-20.40743064880371,-1.5788687467575073,24.650270462036133,-2.225656747817993,-3.657470226287842,0.4544225037097931,2.6823110580444336
0.5272431401227483,-0.3022115392400729,1.136347770690918,0.4949471309090292,-0.18083062856797352,1.019941482322895,0.081483224517857,-0.49506920951091693,0.10332261366362604,0.629324455134916,-0.36716194519933487,0.6515434751447463,0.3815031971363042,-0.21727134721563351,1.2534591504280141,0.24399410711218975,-0.6177271261120474,1.1223152789059063,0.43069027354385675,-0.11097562890376476,1.282594518156241,-0.01135903349244934,-0.6307967865703912,0.9407136898167086,0.10912075401931405,-0.6228585093226654,1.0396823969897844,0.1579626351594925,-0.5405731666956516,0.0984737447259442,0.41896711872113457,-0.23866345156107516,0.3264931941663982,0.15750694018326059,-0.4681350683534382,0.01866474800699989,0.2991624646234196,-0.6535419332270591,1.0536767907490003,0.4940713292715565,-0.2423617189491032,0.21837666591271662,0.7218305188299015,-0.5516208201054705,0.7193676821443419,0.4063001247431268,-0.33659905353129305,1.0977771171670876,0.45751635187509043,-0.27808642367653497,0.37922070732969326,0.3185981056153379,-0.2691119404028583,0.2777481819225463,0.07902940870910291,-0.3275403800784357,0.05925045983976876,0.30506624054435066,-0.4721577139879694,1.1067355815937976,0.05838635388687743,-0.6690291442618465,0.9265416169798137,0.015632554901060643,-0.7064089498772527,0.9939107808056257,1.5486019297151377,-0.03778178447129708,0.1575720472051608,0.9141511905272275,-0.3661772814018048,0.7590093640302191,0.7085403693432839,-0.33631879939938225,1.0749647498920263,0.5386466964191159,-0.29153742873116045,1.2693506400316756,0.8344457283714749,0.013134300770447761,1.268653137004928,0.5804665842593111,-0.18221665889222102,1.2949614240633731,0.9349277094499954,0.3547995116142248,1.322256819301883,0.8858879425667768,0.18102770945094282,1.305134583782676,1.440459076142469,-0.06767576636857542,0.13510598637015614,1.2408790004174441,-0.15617258639525103,0.48045065643771595,1.4644912402361434,0.038669969565821034,0.11672777376624922,0.8983760176115477,-0.006883531062561531,1.2063275551953851,1.1358211664174567,-0.09497460032140972,0.41988010832805506,0.8204058361369253,-0.5383330133577057,0.7486183201240388,0.6080398295099372,-0.1790390806087595,1.1640766488005783,1.168077944919763,-0.23302967935208455,0.540994474429958,1.3672657928719425,-0.1212320319370718,0.3765171116945759,1.5919378743266428,0.1335461469280799,0.14644059755944258,0.7103251814842224,-0.10359262137223553,1.2188415069453764,0.9322020375965446,0.274138857789387,1.2563774790984905,0.971209424220963,0.24984648922421288,1.3337580439270726,0.5843728330751128,-0.21987905022719048,0.8387355630760951,0.7194643592992366,-0.4979760978395576,0.8762401677914803,0.9955742359161377,-19.293344497680664,4.426078796386719,-0.6277827620506287,-0.4939715564250946,-2.4793732166290283,805.9970092773438,-31.83445167541504,-1095.743896484375,-48.37760543823242,109.17288208007812,-20.613662719726562,-1.7292089462280273,24.626052856445312,-2.1946351528167725,-3.745162010192871,0.38337212800979614,2.6789419651031494
0.52887630107387,-0.30193540182532064,1.136263906955719,0.4964335204058924,-0.18053479963876556,1.0198194554309972,0.08177786332783318,-0.49494366184962507,0.10345828973546327,0.6309285771767823,-0.3663092842757308,0.6510917455550062,0.3831703161561725,-0.21703793508130195,1.253269802458239,0.24643229446466378,-0.617552714138631,1.1237495312627577,0.4321943363113118,-0.11067086168324318,1.2824037420433878,-0.009489729176337242,-0.6295540442332528,0.9429949103601719,0.11122798904875242,-0.6222315346760466,1.0415487816396927,0.1582703851163387,-0.5404632195139563,0.09850966897083828,0.42037044781328026,-0.23882108285332357,0.32553688377536694,0.15760919621942057,-0.46809699445568176,0.01860633856672424,0.30133128832310224,-0.6534333943531213,1.0548943620643867,0.4954000279702097,-0.24299305736623847,0.21723754329002465,0.7232351173825611,-0.5510511496998617,0.7188984974725358,0.408102381801763,-0.33634386221502005,1.0979775332457182,0.45895188361011585,-0.27810540607828177,0.3784021631574,0.3198366527821843,-0.26912381184219525,0.27698096164212327,0.07918943263689018,-0.3274536997277216,0.05915481392417523,0.307297267809214,-0.47206105647102886,1.1077163588527021,0.06009282370326128,-0.6680369021876759,0.928390249017848,0.01742723176798567,-0.7054483649746472,0.9958512107070707,1.5505265111954796,-0.03933599836729604,0.15722028267205948,0.9155949241672919,-0.36570966372032043,0.758509990000567,0.7101225138500036,-0.3361734660058622,1.07475588396685,0.5403739958014708,-0.2912028167914871,1.269145503146759,0.8367550753994492,0.012274896147790494,1.268879934059863,0.5820299843881303,-0.1818055966683966,1.2948075813173459,0.9382468131401679,0.3536631857717275,1.3228288302753144,0.88870590688377,0.17997623415084082,1.30554263599661,1.4422319570914008,-0.06873811390374268,0.13476078236932,1.2427059524501396,-0.15634120149624267,0.48044640176146236,1.466778054339996,0.037513994358924135,0.11635857894523256,0.9006084035958674,-0.007820340234243448,1.206531382949147,1.1379275584457724,-0.09477563718000787,0.41992744532049886,0.8217839148660369,-0.5378927485832316,0.7481440576101771,0.6096909215908176,-0.17878692905535762,1.1638894430454203,1.169879071365129,-0.233025127146023,0.5408610818993966,1.3691086528317027,-0.12192408874976314,0.3764156341947467,1.5946970864242274,0.1317793058342493,0.14606705880322995,0.7122420668601989,-0.10387215310621338,1.218758714317486,0.9349488129481572,0.27308973793359786,1.256823377103995,0.9742593031055877,0.24855502142219363,1.3340304225485846,0.5857506142744164,-0.21954256880855721,0.8385909635894346,0.7210159970829817,-0.4975171184401639,0.8758495508242917,1.0210285186767578,-19.420900344848633,4.716643333435059,-0.5878697633743286,-0.4994175434112549,-2.4933693408966064,805.626220703125,-34.69612121582031,-1093.3863525390625,-48.313499450683594,109.15345764160156,-20.81403923034668,-1.8530908823013306,24.688583374023438,-1.7981882095336914,-3.8246688842773438,0.37782177329063416,2.7085282802581787
0.5305094620249918,-0.3016592644105684,1.13618004322052,0.49791990990275575,-0.18023897070955758,1.0196974285390994,0.0820725021378094,-0.4948181141883332,0.10359396580730053,0.6325326992186489,-0.3654566233521266,0.650640015965266,0.3848374351760409,-0.21680452294697036,1.2530804544884637,0.24887048181713803,-0.6173783021652146,1.125183783619609,0.433698399078767,-0.11036609446272157,1.2822129659305346,-0.007620424860224983,-0.6283113018961143,0.9452761309036355,0.11333522407819097,-0.6216045600294278,1.043415166289601,0.15857813507318497,-0.5403532723322609,0.09854559321573238,0.42177377690542606,-0.23897871414557198,0.32458057338433555,0.1577114522555806,-0.46805892055792525,0.018547929126448585,0.3035001120227851,-0.6533248554791836,1.0561119333797733,0.4967287266688631,-0.24362439578337383,0.21609842066733256,0.7246397159352207,-0.5504814792942527,0.7184293128007295,0.4099046388603993,-0.336088670898747,1.0981779493243489,0.4603874153451414,-0.2781243884800286,0.3775836189851066,0.3210751999490308,-0.2691356832815322,0.2762137413617002,0.07934945656467747,-0.3273670193770074,0.05905916800858169,0.30952829507407753,-0.4719643989540883,1.1086971361116067,0.061799293519645276,-0.6670446601135052,0.9302388810558824,0.019221908634910852,-0.7044877800720417,0.9977916406085159,1.5524510926758217,-0.04089021226329514,0.15686851813895814,0.9170386578073564,-0.36524204603883603,0.7580106159709148,0.7117046583567234,-0.3360281326123421,1.0745470180416739,0.5421012951838259,-0.2908682048518137,1.2689403662618421,0.8390644224274236,0.011415491525133152,1.269106731114798,0.5835933845169496,-0.18139453444457213,1.2946537385713186,0.9415659168303406,0.35252685992923005,1.323400841248746,0.8915238712007635,0.17892475885073875,1.3059506882105443,1.4440048380403327,-0.06980046143891003,0.1344155783684838,1.244532904482835,-0.15650981659723434,0.48044214708520877,1.469064868443849,0.03635801915202713,0.11598938412421587,0.9028407895801872,-0.008757149405925447,1.2067352107029088,1.1400339504740884,-0.09457667403860598,0.41997478231294266,0.8231619935951485,-0.5374524838087574,0.7476697950963153,0.611342013671698,-0.17853477750195573,1.1637022372902623,1.1716801978104951,-0.23302057493996148,0.5407276893688353,1.370951512791463,-0.12261614556245454,0.37631415669491747,1.5974562985218124,0.1300124647404185,0.1456935200470173,0.7141589522361754,-0.10415168484019127,1.2186759216895957,0.9376955882997702,0.2720406180778087,1.2572692751094994,0.9773091819902129,0.24726355362017427,1.3343028011700966,0.5871283954737202,-0.2192060873899239,0.8384463641027741,0.722567634866727,-0.4970581390407701,0.875458933857103,1.0855928659439087,-19.437110900878906,4.844968795776367,-0.6588200330734253,-0.5177834033966064,-2.5090959072113037,806.7562866210938,-36.96887969970703,-1090.777099609375,-47.96404266357422,109.06832122802734,-21.289466857910156,-1.8539624214172363,24.73856544494629,-1.5000755786895752,-3.8265841007232666,0.3713381588459015,2.745121955871582
0.5328270797895278,-0.3012285972667846,1.136095106009616,0.5000498045655274,-0.17985093166792634,1.0195162444319947,0.08246750004638896,-0.4946307401290003,0.10381823626427064,0.6346137055892817,-0.3644375446813786,0.6501333215181402,0.3871028065582772,-0.21651468080598,1.2528744821516884,0.2522488743165468,-0.6171795484048641,1.1271376272305746,0.4358869114064221,-0.10996999658200128,1.2819321339098824,-0.004985210361631699,-0.6265064789759404,0.9483653304987393,0.11640194329797009,-0.6207243611678384,1.0459763218235494,0.1590128416651921,-0.5401788875954041,0.09861037074680754,0.42376471789467396,-0.23925539244287058,0.32322669981528607,0.15785872899242584,-0.46799981233892063,0.018503155728913107,0.30644228067619095,-0.6531839382569522,1.0576879005163708,0.498485967023483,-0.24446527955942587,0.21453636674987575,0.7265800368904276,-0.5496971862797706,0.7177899096975264,0.4124071429798143,-0.3357290695637267,1.0984744849978694,0.4623444749424787,-0.2781884568613886,0.37643686686920025,0.3227303644876605,-0.2691561352732955,0.27517092070042704,0.07959176276791961,-0.3272553952225786,0.05891961929394513,0.3125102548607135,-0.4718406434288088,1.1100878070127094,0.06417280790204814,-0.6655555583585968,0.9328196380312077,0.021746314158477886,-0.7030828487596765,1.000425376244728,1.5550286085005625,-0.04307213835788266,0.15637796697829737,0.9190310245712859,-0.3646104621966154,0.7572636462205294,0.7139268264865242,-0.33586849588037326,1.0743018280196663,0.5444871719112457,-0.2903189630500529,1.268623994083594,0.8422494064893151,0.010192290156623401,1.2694113406519227,0.5858079637123257,-0.1807540929475368,1.2944289013644719,0.9461097547550071,0.3509311300042451,1.3241722575876096,0.8952866682153661,0.1774052155037591,1.3064932150161819,1.4463712059898879,-0.07122800468362311,0.13394445856872778,1.2469887682144214,-0.1566403414437313,0.48042168872837987,1.4721400489080818,0.034769778670311516,0.11551415819107307,0.9059071646423527,-0.010160450637032028,1.2069688926864144,1.142872714048979,-0.09428403744881124,0.4200917284022893,0.8251487330490388,-0.5367462726815647,0.746975513582198,0.6136303731542547,-0.178264391367996,1.16343362145866,1.1740731575236414,-0.23291632730439799,0.5406000268775106,1.37338194112904,-0.12347216490927508,0.37618766285923144,1.6011508561128018,0.1275358893816047,0.14520330608680554,0.7168082961972974,-0.10451390502962052,1.2185749380004327,0.9415599388989389,0.2705521927961452,1.257857771306638,0.9814901416072779,0.24547335480814755,1.3346397914239112,0.5890858100344801,-0.21871528658547154,0.8382333232867007,0.7246879536584511,-0.49644913415837766,0.8748796752943898,1.1026486158370972,-19.311969757080078,4.656296730041504,-0.7612940073013306,-0.5326816439628601,-2.505915880203247,806.6087036132812,-37.900123596191406,-1087.843017578125,-47.594749450683594,108.9029769897461,-22.149396896362305,-1.7974802255630493,24.74233627319336,-1.6761608123779297,-3.780543804168701,0.33655622601509094,2.760707139968872
0.5353961306691958,-0.3007411641000912,1.1360097744606978,0.502416088881082,-0.17942901952377222,1.0193133291029772,0.08289936456261879,-0.4944206543316115,0.10407505159741205,0.6368698939582369,-0.36335733296065936,0.6496064358989134,0.3895879441144449,-0.21620410927478842,1.2526624029045863,0.25597264829850336,-0.6169718527635991,1.1292823410981536,0.4383268541847632,-0.10954034866284063,1.2816182201271815,-0.002068641102126641,-0.6244951774742431,0.9517513387250582,0.11982112609787476,-0.6197511411660555,1.0487926993149004,0.15949418538848292,-0.5399808319199164,0.09868574744423493,0.4259715163155106,-0.23957580229304482,0.3217267826298216,0.15802254394584933,-0.46793297722639626,0.018463391489935237,0.3096685352309649,-0.6530311269475925,1.0593955232607608,0.5004006308435603,-0.24538313918161073,0.2128189503159745,0.7287171538302439,-0.5488340523069268,0.7170879773746264,0.4151668807133932,-0.3353311135279422,1.0988063299103288,0.46449311620352274,-0.27826908743934126,0.3751695485699256,0.3245385721424557,-0.2691797393047257,0.27402685908292307,0.07986429511316563,-0.32713460803821387,0.05876394302047642,0.31576806741044994,-0.47170693353311904,1.1116290510884972,0.0667913590638052,-0.6638839367209681,0.9356693388610485,0.02453878327019943,-0.7015146881539301,1.0033137956202423,1.55784597775794,-0.04548465260705399,0.1558364329748596,0.9212249300337784,-0.3639186458871854,0.7564257229400787,0.7163841053350081,-0.3357036048608111,1.074043294451884,0.5471149750103222,-0.28969087762548434,1.2682667599608566,0.8457560531350948,0.008835449167188102,1.2697445343661782,0.5882617515443965,-0.18002938967666882,1.2941779845597727,0.951103495051529,0.34916663939589704,1.3250169248770405,0.8993965466290907,0.1757137287926201,1.307085140651425,1.4489555895723254,-0.07278970145429199,0.133427083985695,1.2496756607333555,-0.15675687395184246,0.48039527799909476,1.4755048333414342,0.033022746863152104,0.11499998205347568,0.9092799030392373,-0.011735116298131518,1.207213541529826,1.1459805120695503,-0.0939569902045048,0.42023424518029423,0.8273590621569298,-0.5359423669758222,0.7462004087618646,0.6161528308659988,-0.17798730681668845,1.16313509988469,1.1766835253759724,-0.23277545685799705,0.5404744692985586,1.3760282109115296,-0.12438841539108196,0.37605197934914897,1.6051890100074917,0.12479859531320497,0.1446702318475736,0.7197267065774524,-0.10490650057003197,1.2184672718805982,0.9458348273441489,0.26890239001109906,1.2584986505129478,0.9860866002689131,0.24349994868632194,1.3350005165630618,0.5912561511361835,-0.21816779702704475,0.8379951407577818,0.7270171756775963,-0.4957850178740672,0.8742311198190348,1.0386371612548828,-19.319427490234375,4.573126792907715,-0.7186963558197021,-0.5316143035888672,-2.4794511795043945,803.6751098632812,-40.44133758544922,-1082.38037109375,-47.405235290527344,108.67601013183594,-23.070518493652344,-1.739203691482544,24.735557556152344,-2.0139002799987793,-3.7747209072113037,0.33758118748664856,2.7491185665130615
0.5379651815488639,-0.3002537309333978,1.1359244429117796,0.5047823731966365,-0.17900710737961809,1.01911041377396,0.08333122907884863,-0.4942105685342227,0.10433186693055345,0.6391260823271921,-0.3622771212399401,0.6490795502796868,0.39207308167061267,-0.21589353774359685,1.2524503236574842,0.25969642228045997,-0.6167641571223341,1.1314270549657328,0.44076679696310433,-0.10911070074367997,1.2813043063444807,0.0008479281573784171,-0.6224838759725457,0.9551373469513773,0.12324030889777943,-0.6187779211642727,1.0516090768062516,0.15997552911177376,-0.5397827762444288,0.09876112414166233,0.4281783147363473,-0.23989621214321907,0.3202268654443571,0.15818635889927282,-0.4678661421138719,0.01842362725095737,0.31289478978573876,-0.6528783156382327,1.0611031460051505,0.5023152946636377,-0.24630099880379555,0.21110153388207326,0.7308542707700603,-0.5479709183340831,0.7163860450517263,0.41792661844697215,-0.33493315749215763,1.0991381748227884,0.46664175746456676,-0.2783497180172939,0.373902230270651,0.32634677979725085,-0.26920334333615586,0.27288279746541916,0.08013682745841165,-0.3270138208538491,0.058608266747007705,0.3190258799601864,-0.4715732236374293,1.113170295164285,0.06940991022556227,-0.6622123150833396,0.9385190396908892,0.027331252381920974,-0.6999465275481837,1.0062022149957568,1.5606633470153177,-0.047897166856225325,0.15529489897142185,0.9234188354962709,-0.3632268295777555,0.755587799659628,0.7188413841834921,-0.33553871384124884,1.0737847608841018,0.5497427781093989,-0.28906279220091585,1.2679095258381192,0.8492626997808747,0.0074786081777528015,1.2700777280804336,0.5907155393764673,-0.17930468640580083,1.2939270677550738,0.9560972353480509,0.34740214878754905,1.3258615921664711,0.9035064250428155,0.17402224208148112,1.3076770662866681,1.4515399731547627,-0.07435139822496087,0.13290970940266225,1.2523625532522895,-0.1568734064599536,0.48036886726980965,1.4788696177747864,0.03127571505599269,0.11448580591587831,0.912652641436122,-0.013309781959231009,1.2074581903732375,1.149088310090122,-0.09362994296019836,0.4203767619582991,0.8295693912648207,-0.5351384612700797,0.745425303941531,0.6186752885777429,-0.1777102222653809,1.1628365783107202,1.1792938932283035,-0.23263458641159612,0.5403489117196064,1.3786744806940192,-0.12530466587288883,0.37591629583906655,1.6092271639021816,0.12206130124480523,0.1441371576083417,0.7226451169576076,-0.1052990961104434,1.2183596057607637,0.9501097157893591,0.267252587226053,1.259139529719258,0.9906830589305485,0.24152654256449632,1.3353612417022125,0.5934264922378868,-0.217620307468618,0.8377569582288629,0.7293463976967414,-0.4951209015897568,0.8735825643436799,0.9940483570098877,-19.414735794067383,4.656064987182617,-0.5987361073493958,-0.5113179087638855,-2.4774627685546875,799.4578247070312,-44.9348258972168,-1077.89404296875,-47.459190368652344,108.59136199951172,-23.127582550048828,-1.6338924169540405,24.73043441772461,-2.165309429168701,-3.7966017723083496,0.370981901884079,2.719829559326172
0.5405061085097835,-0.2997621987631779,1.1358088839133054,0.5071509267320694,-0.17862711096836245,1.0189498284005172,0.0838386694228412,-0.49398148612470816,0.10459089565356045,0.6415981707588725,-0.360947619506855,0.6483677556577898,0.39459031247934745,-0.215555022390473,1.252221733134314,0.26349817097976486,-0.6165331209337475,1.1335239063035571,0.44310380360543317,-0.10867541579418627,1.2810379669366294,0.0038587081998535384,-0.6203746306185692,0.9585118145737425,0.12663172437063094,-0.6177683792366887,1.054354135958564,0.16045807588179375,-0.5395613800216195,0.09884361466331197,0.4304262112505387,-0.24023408778258504,0.3186850289240579,0.1584002227577942,-0.4678409814045129,0.018414681179091237,0.3161799720186269,-0.6526470397481855,1.0627280971072366,0.5042930500002095,-0.24733633557889628,0.20940866824609566,0.7329883044523907,-0.5470659010457677,0.7156664488331372,0.42071420635213896,-0.334559550545863,1.0994746013982406,0.4688832782554309,-0.2783938105532665,0.37257114329085456,0.32821739460064075,-0.2692614755291023,0.2717197392357896,0.0804447020027811,-0.32688932367507983,0.058524676025012476,0.32229696204330727,-0.47141118811455784,1.1146862968703768,0.07215526665480704,-0.6605242974316049,0.9413635249169455,0.03018519439000544,-0.6982653381808706,1.0090737773093166,1.5633623998686177,-0.050312872420971606,0.15474971260456064,0.925666986119668,-0.3624911056646449,0.7547759255826079,0.7212626868920609,-0.33535176456369314,1.0735060564729553,0.5523759985206931,-0.2884536961846005,1.2676246762275696,0.8528140104369609,0.006114949567077015,1.270448381932366,0.5932127665604975,-0.17872009485565277,1.2936410824984115,0.9611232634017006,0.34557775797828155,1.3266710181109953,0.9076987733904097,0.17236319080685947,1.3082825352024559,1.45398431345327,-0.07587302525509262,0.13240457780116444,1.2550316666135723,-0.15692005059774347,0.48042329119530736,1.4821495405885556,0.029546136431248093,0.11401401196193224,0.916057566735918,-0.01492317856616324,1.2077065852304167,1.1522251253096472,-0.09328215396562162,0.42049097472074015,0.8317049585825559,-0.5344252379130054,0.7446963903525018,0.6212408686710508,-0.1774125166286696,1.1626029780368932,1.1819533050455002,-0.2325447662085887,0.540245974300713,1.3813201165357172,-0.1262599559414465,0.37573272818761155,1.6131869108471646,0.11929006973244514,0.1436353625840699,0.7255658469847495,-0.10575721267339407,1.2182202714168473,0.9543863043485096,0.2655434317344073,1.2597708133672247,0.9953626214668447,0.2395101149153237,1.3357037266358633,0.5955477029282524,-0.21706865767374736,0.8375553569651597,0.7317114517783485,-0.49445961642739006,0.8729615997004984,0.994069516658783,-19.39997100830078,4.51713752746582,-0.5521814823150635,-0.4957842230796814,-2.502934217453003,795.200439453125,-49.52269744873047,-1075.7412109375,-47.31184768676758,108.59645080566406,-22.963768005371094,-1.6097639799118042,24.72289276123047,-2.2308435440063477,-3.783905506134033,0.3615291714668274,2.692317008972168
0.5430364408437777,-0.2992691224477939,1.1356819378619163,0.5095203351106072,-0.17826290473045897,1.0188051892432157,0.08437458011290878,-0.49374524745720116,0.10485075818781818,0.644151591405963,-0.35952420715267314,0.6475863035348868,0.3971196332119945,-0.21520598025511437,1.251986922609885,0.26732929371642705,-0.6162932920732246,1.135602727236337,0.4454020329362507,-0.10823800730586847,1.2807895493823171,0.006904978605776385,-0.6182284886079121,0.961881934708317,0.13001267954904475,-0.616745154391851,1.0570723286132935,0.16094107585434878,-0.539331191126874,0.09892878505025082,0.43268958992318574,-0.24057854300007123,0.3171274008735128,0.15863294065590725,-0.4678315199566203,0.018417344690726097,0.3194873530343665,-0.6523862052832219,1.0643219047824277,0.5062945726888857,-0.24841592744584892,0.20772505119837692,0.7351211766336135,-0.5461451057961446,0.714940198407268,0.4235122857603013,-0.33419511620177345,1.0998127539426286,0.4711597879102685,-0.2784241387583562,0.3712160338629162,0.3301115189463095,-0.26933261490618154,0.27054952474816757,0.0807658903892861,-0.3267634288956788,0.05846824081898328,0.3255730429232512,-0.471238481978707,1.1161927894645967,0.07494839219166712,-0.6588301031992138,0.9442060453607544,0.03306229399603494,-0.6965415694855698,1.0119389893598112,1.5660168814738062,-0.052729780193640025,0.15420315034736867,0.9279355715639541,-0.3617388412159011,0.7539738645616747,0.7236704369451823,-0.33515650566840016,1.0732197534564316,0.5550112597002885,-0.28785175371249,1.2673670947551727,0.856382146576382,0.00474872267442703,1.2708331474799983,0.5957263578839647,-0.17818828511810467,1.2933418865235435,0.9661614546515288,0.343730802024832,1.3274671682064105,0.9119221891788453,0.1707163583610628,1.3088931060389966,1.4563758977201597,-0.0773795575199536,0.13190405828175172,1.2576940823469727,-0.15694036692479588,0.4805081665318533,1.4853974949839885,0.02782313263549532,0.11355818389908767,0.9194746172388654,-0.01655116559789553,1.207956391257166,1.1553728716657647,-0.09292655129799783,0.4205945250115647,0.8338123622122188,-0.5337461757146761,0.743984877569786,0.6238226934971396,-0.17710704277485415,1.1623938344172295,1.184631192328914,-0.23247417726165412,0.5401515581749923,1.3839655135641031,-0.1272299527036432,0.37553112198974914,1.6171171209275323,0.11650605356653826,0.1431453508257077,0.7284874508515096,-0.1062400118133287,1.218069007262489,0.9586635333615419,0.26381191734643983,1.260398482250062,1.0000734902572943,0.237477480526397,1.3360393402592234,0.5976504055869498,-0.21651544066651773,0.8373675363150653,0.7340900042396504,-0.4937993977835637,0.8723510288639574,0.9982161521911621,-19.29686164855957,4.28202486038208,-0.6233007907867432,-0.5151904225349426,-2.5021252632141113,791.4296264648438,-52.17123031616211,-1074.37109375,-46.845821380615234,108.57852935791016,-23.72225570678711,-1.6915209293365479,24.756084442138672,-2.324730396270752,-3.761152744293213,0.3261043429374695,2.6897547245025635
0.5455667731777721,-0.2987760461324098,1.135554991810527,0.5118897434891455,-0.17789869849255543,1.018660550085914,0.08491049080297647,-0.49350900878969406,0.10511062072207597,0.646705012053054,-0.358100794798491,0.6468048514119836,0.39964895394464206,-0.21485693811975567,1.251752112085456,0.27116041645308997,-0.6160534632127016,1.1376815481691172,0.44770026226706855,-0.10780059881755058,1.2805411318280049,0.009951249011699751,-0.6160823465972547,0.9652520548428921,0.1333936347274591,-0.615721929547013,1.0597905212680236,0.16142407582690385,-0.5391010022321284,0.0990139554371897,0.4349529685958332,-0.24092299821755744,0.31556977282296744,0.15886565855402032,-0.4678220585087277,0.018420008202360956,0.32279473405010656,-0.6521253708182582,1.065915712457619,0.508296095377562,-0.24949551931280176,0.2060414341506579,0.7372540488148367,-0.5452243105465213,0.7142139479813986,0.4263103651684641,-0.3338306818576838,1.1001509064870165,0.4734362975651065,-0.2784544669634459,0.36986092443497764,0.3320056432919787,-0.2694037542832608,0.26937931026054535,0.08108707877579115,-0.3266375341162776,0.05841180561295408,0.3288491238031956,-0.4710657758428561,1.117699282058817,0.07774151772852768,-0.6571359089668223,0.9470485658045636,0.035939393602064926,-0.6948178007902689,1.0148042014103063,1.5686713630789952,-0.055146687966308866,0.1536565880901766,0.9302041570082406,-0.36098657676715723,0.7531718035407413,0.7260781869983042,-0.3349612467731072,1.072933450439908,0.5576465208798844,-0.2872498112403794,1.2671095132827759,0.8599502827158038,0.0033824957817768114,1.2712179130276307,0.5982399492074323,-0.17765647538055646,1.2930426905486758,0.9711996459013579,0.3418838460713822,1.3282633183018262,0.9161456049672816,0.16906952591526586,1.3095036768755377,1.45876748198705,-0.07888608978481483,0.1314035387623389,1.2603564980803736,-0.15696068325184828,0.4805930418683993,1.4886454493794221,0.026100128839742255,0.11310235583624302,0.9228916677418134,-0.0181791526296281,1.2082061972839153,1.158520618021883,-0.09257094863037399,0.4206980753023893,0.835919765841882,-0.5330671135163465,0.7432733647870702,0.6264045183232289,-0.17680156892103865,1.1621846907975657,1.1873090796123278,-0.23240358831471955,0.5400571420492716,1.3866109105924898,-0.12819994946584007,0.37532951579188667,1.6210473310079005,0.1137220374006309,0.14265533906734543,0.7314090547182702,-0.10672281095326341,1.2179177431081305,0.9629407623745748,0.262080402958472,1.2610261511328995,1.0047843590477445,0.23544484613746997,1.3363749538825838,0.5997531082456475,-0.21596222365928802,0.837179715664971,0.7364685567009528,-0.49313917913973726,0.8717404580274165,1.0622140169143677,-19.242570877075195,4.259949207305908,-0.6754040122032166,-0.5080062747001648,-2.472607135772705,789.3049926757812,-53.47272872924805,-1072.65087890625,-46.73820495605469,108.62310028076172,-24.975500106811523,-1.744570255279541,24.867145538330078,-2.304056406021118,-3.780592203140259,0.32585304975509644,2.735405206680298
0.5481878535834368,-0.29832187615680383,1.1354766107158156,0.5142971567365506,-0.17749517095207382,1.0185122478087216,0.0854445502581383,-0.493259734566638,0.10539575127132285,0.6492115132856052,-0.3566821402074486,0.6460426449775696,0.40221459107683183,-0.2145057102751653,1.2515152124379645,0.2750429731133756,-0.6157891658560329,1.1397038483067063,0.4501003792743808,-0.10740494596099619,1.2802961198304663,0.01308388690408676,-0.6138638293506294,0.9686120727796427,0.13681296681035418,-0.6145863356377116,1.0625071685440493,0.1619220466556533,-0.53883677207871,0.09913099031673361,0.437195684982846,-0.2412705620787791,0.3140248655286057,0.15912639001840787,-0.46777101492644935,0.018413590378319192,0.3260930932022087,-0.6518758262032704,1.067550358195968,0.5103268514800544,-0.25056617874775494,0.20435575302073505,0.7393600915046716,-0.5442961461299303,0.7134840058175144,0.4291761192857034,-0.3334708908042371,1.1004731759725028,0.47568451104969367,-0.27853629348293835,0.3685167471304635,0.33391772551054977,-0.2694780201904032,0.26818412645960493,0.0815185900308833,-0.3264178434349843,0.05832712252975892,0.33219660690288655,-0.47092064326962096,1.1191572669326075,0.08054622108523803,-0.6552647259456433,0.9498454975766061,0.0388359651586274,-0.6929917366102043,1.017657565557404,1.5712483754221176,-0.05758410867377612,0.15303645579033343,0.9324866651699242,-0.36029845984368924,0.7523695994291875,0.7285499414860807,-0.33474561892795246,1.0726375031155466,0.560277517958982,-0.2866378810429415,1.2669989144959988,0.8635638072001222,0.0018853160979794307,1.2716401396997716,0.6007584199210665,-0.17694471487837124,1.2927955223235073,0.976307651065043,0.33998051241336286,1.3290219786546087,0.9204689552452389,0.1673481003288797,1.310124836418013,1.4610873778529514,-0.08032247187286018,0.13088593780007585,1.2630677077154449,-0.15706704354641451,0.4806415650327474,1.4918256074387506,0.024383458145431604,0.112666474605929,0.926332285269996,-0.0198511704339935,1.208455917456292,1.1616913161135667,-0.09221106934182298,0.42085924103165306,0.8380700680396413,-0.5323044577773833,0.7425198692162306,0.628986801039304,-0.17650772118015795,1.1619484171962107,1.1900090887057069,-0.23240924162777843,0.5399577463699492,1.3892059969586252,-0.12916797873200167,0.3751253053447269,1.6249906768072517,0.11084386045174895,0.14217937523067395,0.7343605215975779,-0.10718501756424144,1.21783029737062,0.9672361925145646,0.26027576926330864,1.2616883620915824,1.009514330436062,0.23336356451475865,1.3366754530676153,0.6019240365123116,-0.21538309651790868,0.8369975900215818,0.7388683151922477,-0.49248048441102177,0.8710817944332464,1.1581798791885376,-19.33892822265625,4.263373374938965,-0.6315145492553711,-0.46027877926826477,-2.4461421966552734,787.7904663085938,-56.69225311279297,-1070.4010009765625,-46.82045364379883,108.7236328125,-25.560434341430664,-1.6940056085586548,24.903301239013672,-2.1419970989227295,-3.8031370639801025,0.37175020575523376,2.7769782543182373
0.5508439815202294,-0.29788273207793964,1.1354169857423038,0.516719247726415,-0.1770764572533551,1.0183625308093647,0.08597789475361238,-0.49300542592212854,0.10569064050222073,0.6516998939166793,-0.3552653230973428,0.6452878713607789,0.40479425385298295,-0.2141536382945958,1.2512775059567383,0.27894539390968137,-0.6155154185974046,1.1417043197233943,0.452539846005029,-0.1070254194173987,1.2800524230824402,0.01624988051538407,-0.6116173602887339,0.9719681891779234,0.14024712031842826,-0.6134073440207551,1.0652232189841615,0.16242579933231235,-0.5385593949564246,0.09926033148307672,0.4394304214526484,-0.24161932651965032,0.3124848710780114,0.15939794051528763,-0.4677039120370979,0.018403665279809214,0.32938796804835435,-0.6516306418062046,1.0692007758759503,0.5123688977285724,-0.251633388415867,0.20266927472802992,0.7414557724599016,-0.5433651356902345,0.7127526378789486,0.43206800984231025,-0.33311289302165936,1.100789311311103,0.4779217963581841,-0.2786380090066139,0.36717679188740976,0.33583674318348317,-0.2695534935850181,0.2669792993376588,0.08199270873867119,-0.326161928129512,0.058231529921589316,0.33557166603227295,-0.47078615979643057,1.1205965177902322,0.08335539587582158,-0.6533251886336221,0.9526248226892077,0.04174005691677503,-0.6911261652084377,1.0205063539625001,1.5737954686019593,-0.0600294516181312,0.15238791023263873,0.9347745503810855,-0.3596351171368795,0.7515673400550489,0.7310464149279308,-0.3345221244538857,1.072337831092986,0.5629068682130597,-0.2860220935171014,1.2669450814360814,0.8671948609762631,0.00033756154311822715,1.2720768341165505,0.6032787750888342,-0.17616345614984344,1.292568447574085,0.981442618843735,0.3380554052970269,1.3297661602102366,0.9248309009122528,0.16559786635716245,1.3107500853917455,1.463379587163988,-0.081731761478825,0.13036173986678096,1.265797761891851,-0.1572066346146413,0.48067604873748804,1.4949795820855145,0.022669233338574464,0.11223829697990263,0.9297820045458557,-0.021540193226410303,1.2087056044711182,1.1648708783238138,-0.09184953839277593,0.42104265824058984,0.8402369379602519,-0.5315095176365202,0.7417501596030811,0.6315692605956499,-0.17621836352427278,1.161701665808823,1.1927176413946592,-0.2324443402274555,0.5398564275526843,1.3917816530000293,-0.13013524813762556,0.3749200891185281,1.6289390957118657,0.10792931795909731,0.14170883679824164,0.7373235217782833,-0.10763927119851897,1.2177674987458236,0.9715386520553105,0.2584428963874351,1.2623639134381779,1.0142516793794185,0.2312634949948616,1.336962390814396,0.6041213139792939,-0.21479396270403014,0.8368176638290582,0.7412762635985745,-0.49182237822883185,0.8704045570844057,1.1814894676208496,-19.45418930053711,4.1239333152771,-0.6045212149620056,-0.4459851384162903,-2.4404423236846924,785.8841552734375,-61.90225601196289,-1068.28125,-46.58696365356445,108.79159545898438,-25.501983642578125,-1.7175692319869995,24.70599937438965,-2.067636251449585,-3.7417337894439697,0.38759392499923706,2.784526824951172
0.5535001094570224,-0.29744358799907544,1.135357360768792,0.5191413387162797,-0.17665774355463634,1.0182128138100075,0.08651123924908655,-0.49275111727761906,0.10598552973311864,0.6541882745477539,-0.35384850598723677,0.644533097743988,0.4073739166291345,-0.21380156631402622,1.251039799475512,0.28284781470598774,-0.615241671338776,1.1437047911400826,0.4549793127356776,-0.10664589287380113,1.279808726334414,0.019415874126681915,-0.6093708912268379,0.9753243055762045,0.14368127382650292,-0.6122283524037986,1.0679392694242744,0.1629295520089715,-0.5382820178341392,0.09938967264941986,0.44166515792245115,-0.24196809096052158,0.31094487662741677,0.15966949101216746,-0.46763680914774636,0.018393740181299235,0.33268284289450056,-0.6513854574091387,1.070851193555933,0.5144109439770908,-0.25270059808397927,0.20098279643532452,0.7435514534151317,-0.5424341252505385,0.7120212699403826,0.43495990039891763,-0.3327548952390816,1.101105446649703,0.4801590816666749,-0.2787397245302895,0.3658368366443558,0.3377557608564169,-0.2696289669796331,0.26577447221571243,0.08246682744645915,-0.3259060128240396,0.0581359373134197,0.3389467251616599,-0.4706516763232402,1.122035768647857,0.08616457066640562,-0.6513856513216005,0.9554041478018098,0.04464414867492315,-0.6892605938066709,1.0233551423675968,1.5763425617818012,-0.062474794562486696,0.15173936467494395,0.9370624355922472,-0.35897177443006967,0.7507650806809103,0.7335428883697813,-0.33429862997981885,1.0720381590704255,0.5655362184671378,-0.2854063059912612,1.2668912483761643,0.8708259147524046,-0.001210193011743241,1.2725135285333293,0.6057991302566024,-0.17538219742131547,1.2923413728246627,0.9865775866224278,0.3361302981806906,1.3305103417658648,0.9291928465792676,0.16384763238544492,1.3113753343654784,1.4656717964750252,-0.08314105108479004,0.12983754193348598,1.2685278160682578,-0.15734622568286807,0.48071053244222867,1.4981335567322789,0.02095500853171703,0.11181011935387619,0.9332317238217159,-0.0232292160188274,1.2089552914859443,1.1680504405340613,-0.09148800744372881,0.4212260754495267,0.8424038078808628,-0.530714577495657,0.7409804499899314,0.6341517201519961,-0.17592900586838753,1.1614549144214352,1.1954261940836117,-0.23247943882713254,0.5397551087354192,1.3943573090414338,-0.1311025175432496,0.37471487289232924,1.63288751461648,0.10501477546644518,0.14123829836580926,0.7402865219589891,-0.10809352483279659,1.217704700121027,0.9758411115960571,0.25661002351156126,1.2630394647847738,1.0189890283227758,0.22916342547496416,1.3372493285611766,0.6063185914462766,-0.21420482889015152,0.8366377376365346,0.7436842120049016,-0.49116427204664176,0.8697273197355649,1.0860458612442017,-19.39579963684082,4.05698823928833,-0.6505082249641418,-0.4951735734939575,-2.4643938541412354,783.0718994140625,-67.05619812011719,-1066.5728759765625,-46.329620361328125,108.86389923095703,-26.125240325927734,-1.8737279176712036,24.48520278930664,-2.298069953918457,-3.662959337234497,0.31821003556251526,2.757880449295044
0.5554668492828773,-0.29702921971580054,1.135286822224295,0.5209873409460711,-0.17632469712503698,1.01812769719307,0.086944462743816,-0.49251025165153656,0.10621835868682293,0.6557692230142504,-0.35289048516987176,0.6441243894842287,0.4093917933915624,-0.21355021394641194,1.2508914194359684,0.28585508821026373,-0.6150244671777384,1.1451926373488066,0.4568403246781684,-0.10635183643031594,1.2796499223898579,0.02185248451566455,-0.607598551456502,0.9778705582713448,0.14638886842506607,-0.6113281257894655,1.0699986866767832,0.16332595593092455,-0.538050966547025,0.09950736663396785,0.4433882425952431,-0.24226733223097213,0.3097574772029523,0.1598655843971581,-0.46756513762158275,0.018402674031869466,0.3352655432871635,-0.6512253363400895,1.0720503748647425,0.5159457507512427,-0.2535858367452558,0.19967787036832596,0.7451609404671271,-0.541710529501075,0.711472960102637,0.4371835763091283,-0.3324938193457016,1.1013518658694843,0.48186935375857826,-0.2788313293693871,0.36482063646348106,0.3392255102956532,-0.2696960349351365,0.26483225289559525,0.08285150247693851,-0.3257070385067668,0.058065423359539334,0.3416342506345534,-0.47056395920696636,1.1231335725215887,0.08830501035546622,-0.6498409920180871,0.9575147182736176,0.04687335134934112,-0.6878184632749748,1.0254867329502737,1.5782299807529576,-0.06433502870877054,0.15125129337342372,0.9387909292385278,-0.35839736027433383,0.7501647792115117,0.7354644383026274,-0.3341770949742652,1.071825511408168,0.5675488382775262,-0.28486437690968547,1.266841820533702,0.8736138951699465,-0.0024124463505129923,1.2728359430831,0.6077140096007593,-0.17487825068416976,1.2922110423347017,0.990536901335053,0.3346510843330662,1.33106472950108,0.9325170651176907,0.1624549244413313,1.3118379597632301,1.4673996832197076,-0.08419101172132995,0.1294162946426316,1.2705727878785291,-0.15740338589576697,0.4807111243933242,1.500549074829809,0.019675140386286972,0.11149051257514007,0.9359000569937245,-0.024513009873940433,1.2091661841664094,1.1704092965220774,-0.0911681821804173,0.42140288483228117,0.8440392380518629,-0.5301427403033174,0.7403928463822169,0.6361725713243547,-0.17570409583334892,1.1612899011334046,1.1974806998739178,-0.23244022780301554,0.5396945452848018,1.39627690031039,-0.13184938397233847,0.374544997878422,1.635888357036161,0.10276900893015581,0.14087943930104868,0.7425678360541135,-0.1084526524145082,1.2176557708260238,0.9791453772822752,0.2551991704678694,1.2635188844819731,1.022645621110272,0.227530767290008,1.3374475935437031,0.6079950585270559,-0.21375992331678506,0.8365237333916671,0.7455054849188848,-0.4906732870253506,0.8692593728469697,1.0096362829208374,-19.263532638549805,4.141211032867432,-0.6973358392715454,-0.5365127921104431,-2.483128309249878,780.8834228515625,-68.76747131347656,-1065.5103759765625,-46.39768600463867,108.93411254882812,-27.25152015686035,-1.9754945039749146,24.48251724243164,-2.395918846130371,-3.6671066284179688,0.26986008882522583,2.7222514152526855
0.5571607063148194,-0.2966246585182796,1.1352119637246163,0.5226053080416672,-0.17602556065613073,1.0180681515608403,0.08733805500908401,-0.4922747072202481,0.10642662211413809,0.6569909795822686,-0.3521140712183833,0.6438526654282942,0.41118729652355823,-0.2133387297589258,1.250778397779591,0.2885080325781113,-0.6148296446594971,1.1464775694127114,0.4584723649336801,-0.10609161190145855,1.2795247218466752,0.02400038071248098,-0.6060138878640751,0.9800962399173255,0.1488088667886145,-0.6105382436553375,1.0717981866258657,0.1636798676374732,-0.537838252569666,0.09962045027572192,0.4449087984317185,-0.24254697057979785,0.30870964664299766,0.1600318093420259,-0.467491657676681,0.018419072883117275,0.33756634129198954,-0.6510988861717136,1.0730709417766293,0.5172797752334581,-0.2543990452163266,0.1985239753906696,0.7465779757657587,-0.5410690353998285,0.710997110763133,0.43914275058847374,-0.33227110836679574,1.1015706891255663,0.4833710164522492,-0.2789189320625059,0.3639325893280523,0.3405174243923843,-0.26975977573765825,0.2639939824970353,0.08320077271848322,-0.3255306033306564,0.0580048363729818,0.34404962736841843,-0.47049475377363875,1.124096220297529,0.09018074240017397,-0.6484526385929412,0.9593605733667776,0.04883541042811612,-0.686543944754348,1.027334432728243,1.579856278683176,-0.06596365728915121,0.15082674313163918,0.9402979970570431,-0.3578581470033981,0.7496444194127393,0.7371584143464928,-0.33409591892499796,1.0716473108885305,0.569317335620621,-0.2843516834622977,1.2667941364231488,0.8760681590497097,-0.0034779387912465534,1.27311312185218,0.6093892214314036,-0.17448407327694612,1.2921190064474446,0.9940308533756935,0.33334836990430666,1.3315439905157151,0.9354305166677132,0.16120373721647746,1.3122362133288226,1.4689041922818744,-0.08509873797413918,0.12903579864774323,1.2723465812522052,-0.15742791722843189,0.4806983008586018,1.5026722872099338,0.018567205086005126,0.11121388175678966,0.9382590914996253,-0.025636400608037402,1.2093617207561898,1.1724432896304602,-0.09086486541770944,0.4215770786171717,0.8454643066553089,-0.5296592146947684,0.7398773264016537,0.6379711191780518,-0.1755046963148954,1.161157242509703,1.1992763121001766,-0.23237160255281342,0.5396501141668155,1.3979367992735856,-0.13250900755654893,0.3743891120943802,1.6385141170972228,0.10078796620992649,0.14056478665265817,0.7445793160736954,-0.10877412593374582,1.2176123314740641,0.9820545245677428,0.2539553669410826,1.2639206687346198,1.0258744145860732,0.2260831260917993,1.3376107588903794,0.6094653714966299,-0.21337210808862125,0.83643582325108,0.7470945321171488,-0.49024845413024853,0.8688742700988884,0.9897948503494263,-19.258256912231445,4.119864463806152,-0.6917498111724854,-0.5317294001579285,-2.49794864654541,779.380859375,-69.513916015625,-1063.978515625,-46.41428756713867,108.98345184326172,-27.847930908203125,-1.8544591665267944,24.657276153564453,-1.8800690174102783,-3.7253363132476807,0.35657843947410583,2.701402425765991
0.5588545633467615,-0.29622009732075877,1.1351371052249377,0.5242232751372632,-0.17572642418722448,1.0180086059286104,0.08773164727435202,-0.49203916278895954,0.10663488554145324,0.6582127361502867,-0.3513376572668948,0.6435809413723599,0.41298279965555407,-0.21312724557143967,1.2506653761232136,0.2911609769459589,-0.6146348221412558,1.1477625014766162,0.4601044051891919,-0.10583138737260114,1.2793995213034928,0.026148276909297406,-0.6044292242716481,0.9823219215633061,0.15122886515216294,-0.6097483615212094,1.0735976865749484,0.16403377934402183,-0.537625538592307,0.099733533917476,0.44642935426819386,-0.24282660892862354,0.30766181608304294,0.16019803428689375,-0.46741817773177924,0.018435471734365088,0.3398671392968156,-0.6509724360033377,1.074091508688516,0.5186137997156736,-0.2552122536873974,0.19737008041301324,0.7479950110643903,-0.5404275412985822,0.7105212614236289,0.44110192486781924,-0.3320483973878899,1.1017895123816484,0.4848726791459202,-0.27900653475562465,0.36304454219262344,0.3418093384891155,-0.26982351654018,0.26315571209847544,0.08355004296002794,-0.325354168154546,0.05794424938642427,0.3464650041022835,-0.47042554834031114,1.1250588680734697,0.09205647444488174,-0.6470642851677953,0.9612064284599378,0.050797469506891124,-0.6852694262337212,1.0291821325062125,1.5814825766133944,-0.06759228586953188,0.15040219288985465,0.9418050648755584,-0.3573189337324623,0.7491240596139669,0.738852390390358,-0.33401474287573074,1.071469110368893,0.571085832963716,-0.28383899001491,1.2667464523125957,0.878522422929473,-0.0045434312319801145,1.2733903006212601,0.611064433262048,-0.17408989586972248,1.2920269705601874,0.9975248054163341,0.33204565547554715,1.3320232515303503,0.9383439682177357,0.15995254999162362,1.312634466894415,1.4704087013440414,-0.0860064642269484,0.12865530265285485,1.2741203746258816,-0.15745244856109683,0.48068547732387945,1.5047954995900588,0.01745926978572328,0.11093725093843924,0.9406181260055261,-0.026759791342134374,1.20955725734597,1.1744772827388432,-0.09056154865500157,0.4217512724020623,0.8468893752587551,-0.5291756890862194,0.7393618064210905,0.639769667031749,-0.17530529679644188,1.1610245838860014,1.2010719243264354,-0.2323029773026113,0.5396056830488294,1.3995966982367811,-0.13316863114075936,0.37423322631033845,1.6411398771582846,0.09880692348969716,0.14025013400426767,0.7465907960932774,-0.10909559945298343,1.2175688921221044,0.9849636718532104,0.2527115634142959,1.2643224529872668,1.0291032080618747,0.2246354848935906,1.3377739242370554,0.6109356844662039,-0.21298429286045747,0.8363479131104931,0.7486835793154127,-0.4898236212351465,0.868489167350807,1.017648458480835,-19.296916961669922,4.051410675048828,-0.6514811515808105,-0.4923670291900635,-2.4996676445007324,776.9887084960938,-72.44412231445312,-1061.297607421875,-46.14423751831055,108.93253326416016,-27.59392547607422,-1.65670645236969,24.73830223083496,-1.4929255247116089,-3.7262625694274902,0.44247472286224365,2.7035775184631348
0.5612543579561031,-0.29571409419869743,1.13504028892675,0.5264942045046004,-0.17531176584939293,1.017962127726599,0.08824050210613683,-0.49176354114188264,0.1069597415626049,0.6601081286242466,-0.3501802134198069,0.6432083751389522,0.41539915389572546,-0.21284589437854212,1.2505221272146465,0.29477714332721094,-0.6143584763569547,1.149460482873664,0.46234146323030356,-0.10545018151254448,1.2792508671220564,0.02910600407419122,-0.602222051446801,0.9853480750361815,0.15453307767281468,-0.6086476692892858,1.075974524218515,0.16454022084146935,-0.5373163711748375,0.09990814631644464,0.44844954880262844,-0.24319372920701834,0.3062435041200246,0.16043798578594695,-0.46733318969903404,0.01846608370912588,0.34295424098605354,-0.6507419403025646,1.0754219119911952,0.5204752064895946,-0.25628664142248647,0.19577614748418726,0.7499158903462997,-0.5395388244003649,0.7098445038724419,0.4437772465364033,-0.33174338699966077,1.1020869377827802,0.48696933326539615,-0.2791055820339563,0.36183510824347176,0.34359781493414315,-0.2698989559384371,0.262010723993873,0.08397439095062136,-0.32507924039829644,0.05785900838549761,0.3497521731731118,-0.47028600315976615,1.126370949658337,0.09466560189889757,-0.645139080503129,0.9636934766706252,0.05353069659445855,-0.6834613727220636,1.0316713217473188,1.5835702423228333,-0.06980907405103674,0.14984283009112276,0.9438868032780704,-0.35668811438888903,0.7483910365609934,0.7411187509235168,-0.33390046784419886,1.0712394021599498,0.5735393120160955,-0.2832124927975484,1.2666192346850769,0.8818803433550905,-0.005993394782482987,1.2737646807503227,0.6134241470043232,-0.17349237245538376,1.2919158274369524,1.0023172310251274,0.33027392472849776,1.3326314652202935,0.9423741770303802,0.1582416319442506,1.313165116389066,1.4723940241021036,-0.08720824117494735,0.12815314620141163,1.2765794883895394,-0.1574356079298929,0.480762968641638,1.5076534232951158,0.015950512054641514,0.11054701391385485,0.9437979108450428,-0.028372193344356804,1.2098221670318123,1.1773051151771419,-0.09014931076903217,0.42202174323086705,0.8488048817345638,-0.5284846792157912,0.7386961521099735,0.6422070513497915,-0.1750587218792628,1.1608536825669522,1.2035083204310462,-0.23223829274343338,0.5395176891262168,1.4018207827940683,-0.13406855220727573,0.37402656664516754,1.6446568190262019,0.09608178340293319,0.1398413528176333,0.7493740024156128,-0.1095295837580763,1.217536601009748,0.9889049062270991,0.25099310594678714,1.264848871736337,1.0335080420339344,0.2226350356559485,1.337957071744843,0.6129916892541165,-0.2124225121756263,0.8362246955072643,0.7508747161224189,-0.48920341896892383,0.8678862646912897,1.1182715892791748,-19.279186248779297,4.180246353149414,-0.6015745401382446,-0.4280032813549042,-2.4578676223754883,773.314453125,-76.6040267944336,-1058.7156982421875,-45.87494659423828,108.8498764038086,-27.636884689331055,-1.5689078569412231,24.73361587524414,-1.8492650985717773,-3.708387851715088,0.42118039727211,2.7014737129211426
0.5639404768975363,-0.29516694679954986,1.1349345666683273,0.5290299717164196,-0.1748502524878016,1.0179209496011796,0.08879610679007521,-0.4914716644002902,0.10733188688755034,0.6622767440530637,-0.3488682259786998,0.6427949078825136,0.41806732187207946,-0.21253620551911412,1.2503666183016948,0.2987839871684445,-0.6140490651920142,1.151325994769469,0.46482391310053933,-0.10501990630137212,1.2790927002761538,0.03239219414921375,-0.5997623923598537,0.9886988954038808,0.1581959225089343,-0.6074209142204942,1.0785855268011029,0.16510852756879185,-0.5369680827816591,0.10010771443512265,0.4506723939977733,-0.2435963316666369,0.30467492697254717,0.16070784036292143,-0.46724353405024044,0.018502460447269557,0.34636026305078654,-0.6504692443159242,1.076877983200629,0.5225505165706407,-0.25746696200591834,0.19400373762411796,0.7520411259291186,-0.5385498353187612,0.7090862590745585,0.44674303357964307,-0.3314049964314265,1.102416243774212,0.48930731257855486,-0.27920927117202454,0.3604953216006425,0.3455876942896684,-0.26997914022167785,0.26074133290360313,0.08442919005621345,-0.32476436460255,0.0577637678542674,0.3533929363386519,-0.47011792857125895,1.1278247596412305,0.09757219042801685,-0.6429961319790771,0.9664405892226868,0.056576705112165025,-0.6814369204028554,1.0344206955259208,1.5858450362224452,-0.07226441647635379,0.14922878807348924,0.9462016248545109,-0.35602014013473565,0.7475717584818404,0.7436172674033814,-0.33377276805062955,1.0709888027203793,0.5762706158176951,-0.28253983740775,1.266459758708019,0.8856047818202845,-0.007599297664220682,1.2741784852072102,0.6160614908925743,-0.17281237303815933,1.2917969345256983,1.0076363102489747,0.32831196358661785,1.3332919813939277,0.9468573363411503,0.1563442496471848,1.313749464931867,1.4745743622053538,-0.08852928343987616,0.1276016449494078,1.279316564269413,-0.15740198706159528,0.4808770911583048,1.5108093418032915,0.01427918298799084,0.11011069884758123,0.9473105874282634,-0.03018293558120324,1.2101152140573161,1.1804549244065947,-0.08969289508481691,0.42233126349007055,0.8509193070676941,-0.5277095148894961,0.7379696041542964,0.6449035441638616,-0.17479301288427898,1.1606672702246155,1.206204614891911,-0.23217520650648912,0.5394120263737558,1.4042736978720354,-0.13506593658829363,0.3737993133778604,1.6485352192493463,0.09305484158708574,0.1393943936224805,0.7524702166089947,-0.110009201808481,1.2175088315610065,0.9932647493501371,0.2490821314963285,1.265425841539901,1.038389871452028,0.220410370570145,1.338148323905389,0.6152852473669493,-0.21179017207480427,0.8360871573947123,0.7533100571063969,-0.4885039759787503,0.8671950236061551,1.18776273727417,-19.35422134399414,4.271686553955078,-0.5592037439346313,-0.403539776802063,-2.416287422180176,768.0821533203125,-80.41989135742188,-1055.451416015625,-45.70792007446289,108.78946685791016,-28.603227615356445,-1.6180044412612915,24.737491607666016,-2.3386077880859375,-3.7563271522521973,0.37767279148101807,2.6878015995025635
0.5666265958389697,-0.2946197994004023,1.1348288444099048,0.5315657389282388,-0.17438873912621022,1.0178797714757604,0.08935171147401359,-0.49117978765869774,0.10770403221249576,0.6644453594818808,-0.3475562385375927,0.6423814406260749,0.42073548984843345,-0.21222651665968614,1.2502111093887431,0.3027908310096781,-0.6137396540270736,1.1531915066652738,0.4673063629707751,-0.10458963109019975,1.278934533430251,0.035678384224236276,-0.5973027332729064,0.9920497157715801,0.1618587673450539,-0.6061941591517026,1.0811965293836907,0.16567683429611435,-0.5366197943884806,0.10030728255380067,0.45289523919291824,-0.24399893412625548,0.30310634982506973,0.16097769493989594,-0.46715387840144684,0.018538837185413232,0.34976628511551955,-0.6501965483292839,1.0783340544100628,0.5246258266516867,-0.2586472825893502,0.19223132776404867,0.7541663615119376,-0.5375608462371575,0.7083280142766751,0.4497088206228828,-0.33106660586319225,1.1027455497656438,0.4916452918917136,-0.27931296031009284,0.3591555349578132,0.34757757364519365,-0.2700593245049186,0.2594719418133333,0.08488398916180556,-0.3244494888068035,0.0576685273230372,0.35703369950419195,-0.46994985398275174,1.1292785696241239,0.10047877895713614,-0.6408531834550253,0.9691877017747484,0.0596227136298715,-0.6794124680836471,1.0371700693045227,1.588119830122057,-0.07471975890167083,0.14861474605585573,0.9485164464309513,-0.35535216588058227,0.7467524804026876,0.7461157838832461,-0.3336450682570603,1.070738203280809,0.5790019196192947,-0.2818671820179517,1.2663002827309615,0.8893292202854785,-0.009205200545958376,1.274592289664098,0.6186988347808254,-0.1721323736209349,1.291678041614444,1.012955389472822,0.326350002444738,1.333952497567562,0.9513404956519205,0.15444686735011903,1.3143338134746678,1.4767547003086037,-0.08985032570480497,0.12705014369740397,1.2820536401492868,-0.1573683661932977,0.4809912136749716,1.5139652603114675,0.012607853921340166,0.10967438378130763,0.9508232640114838,-0.031993677818049675,1.2104082610828197,1.1836047336360473,-0.08923647940060166,0.42264078374927405,0.8530337324008245,-0.5269343505632009,0.7372430561986192,0.6476000369779319,-0.17452730388929516,1.1604808578822787,1.208900909352776,-0.23211212026954486,0.5393063636212949,1.4067266129500027,-0.1360633209693115,0.3735720601105532,1.6524136194724905,0.0900278997712383,0.1389474344273277,0.7555664308023765,-0.11048881985888571,1.2174810621122651,0.9976245924731749,0.24717115704586984,1.2660028113434645,1.0432717008701218,0.21818570548434152,1.3383395760659351,0.6175788054797821,-0.21115783197398225,0.8359496192821604,0.7557453980903749,-0.4878045329885768,0.8665037825210206,1.1397699117660522,-19.50287628173828,4.093667507171631,-0.5391038656234741,-0.45034417510032654,-2.4243876934051514,764.2605590820312,-82.25599670410156,-1052.6898193359375,-45.63425064086914,108.74542999267578,-29.32428741455078,-1.6727648973464966,24.737009048461914,-2.3780202865600586,-3.839508295059204,0.36565878987312317,2.6744909286499023
0.5693461778542854,-0.29411886691652384,1.1347504194998583,0.5340951582453899,-0.17394602772415868,1.017854147794231,0.08991513016405486,-0.4908173624056064,0.10810758420173697,0.6668495056250238,-0.34628685065452625,0.6419972745788018,0.42342845385043043,-0.21192340340638002,1.250086625285496,0.3068621347084741,-0.6134506458083525,1.1549889713723138,0.46983626790788796,-0.10421505935539473,1.278772667149045,0.03905707901183351,-0.5947837851300144,0.9953465580150782,0.1655499149631981,-0.6048886089135479,1.0838039446350756,0.16630417434190284,-0.5362523642202087,0.10049401650464299,0.4550988935674264,-0.24440045057740434,0.3015530188352067,0.16119345578531558,-0.46701040577809544,0.018577582560578326,0.35325609798857716,-0.6499724074310025,1.0797135585191235,0.5267126274029941,-0.25995527572979205,0.19046674767472094,0.7562348864331151,-0.536522138987156,0.7075955954608538,0.45275165120892186,-0.3307287127569022,1.103049380100326,0.49390475629576,-0.2794375428498186,0.35783006260726624,0.3495921229092491,-0.27016095570381116,0.2581694519875065,0.08527730967824823,-0.3241801062561818,0.05754497262421033,0.36061703734445266,-0.4697707441468902,1.1306811200072433,0.10351354451171617,-0.6386594938126621,0.971915392291467,0.06274758825781732,-0.6773208373824492,1.0399173411312483,1.5903452982176218,-0.07714799315428107,0.1479418949279564,0.9508448326035052,-0.3546753634285453,0.745932529698934,0.7487271191268567,-0.3334974910052407,1.0704634173816403,0.5818500779322442,-0.28133069807725236,1.266174437983936,0.8930914518454218,-0.010868732160611103,1.2750161834899953,0.6213394577140051,-0.17144487023550942,1.2914919983472255,1.0183404980116333,0.3243150405141691,1.33458549218462,0.9558878065339778,0.15247671547907074,1.314917489392868,1.4788223737912463,-0.09111204037800533,0.1265215537208595,1.2847141489287877,-0.15745071351330803,0.4810879740691343,1.517052374928203,0.010919047343785165,0.10927344456512406,0.9543392056266204,-0.03388487182508246,1.2107111452431079,1.1867868008203064,-0.08877306596826243,0.42297949311354305,0.8551658421557471,-0.5261606856292447,0.7364341257423754,0.6503748204929151,-0.1742016016844882,1.1603455089575407,1.2115818735779516,-0.23199752920510752,0.5392370085842562,1.4091256339818437,-0.13703443445512004,0.3733205012730415,1.6562042141592266,0.08694327689263198,0.13847705598501178,0.7586744579653077,-0.11103547440952814,1.2174831684062024,1.0020930084171675,0.2451760274487615,1.266584405441158,1.0482024357018882,0.21591673125297023,1.3385305199402058,0.6198727139179281,-0.21052891805471963,0.8358422371725373,0.7581154104100158,-0.48712180752233164,0.8658335749676686,1.0316600799560547,-19.493331909179688,3.8532958030700684,-0.5762345194816589,-0.5192385315895081,-2.4688045978546143,761.6561889648438,-84.59370422363281,-1050.1727294921875,-45.51397705078125,108.6767578125,-29.363943099975586,-1.683189868927002,24.68628692626953,-2.0074055194854736,-3.8485374450683594,0.36839330196380615,2.7092766761779785
0.5720796635411433,-0.29363713640448275,1.1346833364458273,0.5366219400570091,-0.17351112840388785,1.0178349868745993,0.09048179551860352,-0.49042562474280793,0.10852418543881927,0.6693515131213017,-0.345035162587829,0.6416252829775905,0.42613172042646147,-0.21162302227111052,1.2499750317721967,0.31096022102414367,-0.613170114870103,1.1567581629516273,0.47238589009109705,-0.10386363202274242,1.2786092637785222,0.04247420885606308,-0.5922402028019066,0.9986209727280976,0.16925282218795729,-0.6035503198374187,1.0864098693756077,0.16695604231578623,-0.5358769807791868,0.10067541794913099,0.45729457429110604,-0.24480151579968187,0.3000060225164654,0.16138674106621584,-0.466844572580808,0.018617312087745263,0.35678072535241667,-0.6497684408299971,1.0810612495371836,0.5288042024468743,-0.2613163159185687,0.18870542079999753,0.758279848473751,-0.5354627741883133,0.7068739071587063,0.4558264928444331,-0.3303910263425467,1.103342625479035,0.4961315983079916,-0.27957080645079646,0.3565105377443579,0.3516169223465666,-0.27027149794512234,0.25685320987014587,0.08564508627384702,-0.3239296258285346,0.05740965358814262,0.36417651536646256,-0.46958704924346595,1.1320623723876397,0.10660156671771931,-0.6364447215929727,0.9746350130892747,0.06590523119917167,-0.6752012945366223,1.0426637396117708,1.5925502717889697,-0.0795649641520337,0.14724460902889044,0.9531788547702182,-0.3539948929224583,0.7451122995243957,0.751385329772305,-0.33334165480950023,1.0701785821788359,0.5847467884717398,-0.28085079241469996,1.2660625667761494,0.896869386170084,-0.012556208107953487,1.2754442693776642,0.6239814430672601,-0.1707542490041414,1.2912780545799938,1.023753041265816,0.3222497472699905,1.3352070517887342,0.9604617719421322,0.15047632836249497,1.3155008858402832,1.4808432359174386,-0.09234910485464212,0.12600248321792148,1.2873428446172879,-0.1575812447988829,0.481177520623665,1.5201109020125787,0.009222978983530881,0.10888720376552731,0.9578565038395243,-0.03580949297606545,1.2110181166636234,1.1899822709576182,-0.08830674502085772,0.42333033034540957,0.8573052996633858,-0.5253876436822462,0.735590965937305,0.6531821332427838,-0.1738509727234872,1.1602313765232137,1.2142564681981571,-0.23186153824755687,0.5391827391472873,1.4115022624170543,-0.13799463256897512,0.3730588436422759,1.6599583262639328,0.08383468793865474,0.13799694701042398,0.761787393333896,-0.11160998215393118,1.21749768786083,1.0066065356036684,0.24314593198086257,1.2671679209004965,1.0531534903886302,0.2136293468836523,1.3387213357237,0.6221667679137741,-0.20990142768976705,0.835747384669765,0.7604582791296851,-0.48644602806954984,0.8651721066986489,0.9936935305595398,-19.3316707611084,3.89870023727417,-0.6295449137687683,-0.5099298357963562,-2.487396240234375,758.7437744140625,-89.44801330566406,-1046.4296875,-45.312355041503906,108.55235290527344,-29.333913803100586,-1.7214361429214478,24.587242126464844,-1.974984049797058,-3.745506525039673,0.3823281228542328,2.772120952606201
0.5748131492280011,-0.29315540589244166,1.1346162533917965,0.5391487218686285,-0.17307622908361703,1.0178158259549677,0.0910484608731522,-0.49003388708000944,0.10894078667590157,0.6718535206175796,-0.3437834745211318,0.6412532913763792,0.4288349870024925,-0.21132264113584104,1.2498634382588973,0.3150583073398132,-0.6128895839318534,1.1585273545309407,0.47493551227430614,-0.1035122046900901,1.2784458604079998,0.045891338700292654,-0.5896966204737988,1.001895387441117,0.17295572941271647,-0.6022120307612894,1.08901579411614,0.16760791028966962,-0.5355015973381649,0.100856819393619,0.4594902550147857,-0.24520258102195938,0.29845902619772413,0.1615800263471161,-0.46667873938352067,0.0186570416149122,0.3603053527162562,-0.6495644742289916,1.082408940555244,0.5308957774907547,-0.2626773561073454,0.1869440939252741,0.7603248105143867,-0.5344034093894706,0.706152218856559,0.45890133447994436,-0.33005333992819125,1.103635870857744,0.4983584403202232,-0.2797040700517743,0.3551910128814496,0.35364172178388414,-0.2703820401864336,0.25553696775278517,0.08601286286944582,-0.3236791454008873,0.05727433455207491,0.3677359933884725,-0.4694033543400417,1.133443624768036,0.10968958892372246,-0.6342299493732833,0.9773546338870823,0.06906287414052605,-0.6730817516907952,1.0454101380922933,1.5947552453603175,-0.0819819351497863,0.14654732312982452,0.9555128769369313,-0.3533144224163713,0.7442920693498574,0.7540435404177531,-0.33318581861375973,1.0698937469760315,0.5876434990112352,-0.2803708867521476,1.2659506955683626,0.9006473204947463,-0.014243684055295872,1.275872355265333,0.626623428420515,-0.1700636277727734,1.2910641108127618,1.0291655845199985,0.32018445402581186,1.3358286113928486,0.9650357373502867,0.14847594124591917,1.3160842822876986,1.4828640980436312,-0.09358616933127893,0.1254834127149835,1.2899715403057879,-0.1577117760844578,0.4812670671781957,1.5231694290969544,0.007526910623276601,0.10850096296593056,0.9613738020524282,-0.03773411412704845,1.2113250880841389,1.19317774109493,-0.08784042407345302,0.42368116757727614,0.8594447571710244,-0.5246146017352478,0.7347478061322346,0.6559894459926527,-0.17350034376248621,1.1601172440888865,1.2169310628183627,-0.23172554729000622,0.5391284697103185,1.4138788908522648,-0.13895483068283024,0.3727971860115102,1.663712438368639,0.0807260989846775,0.13751683803583617,0.7649003287024843,-0.11218448989833422,1.2175122073154576,1.0111200627901693,0.24111583651296367,1.267751436359835,1.0581045450753719,0.21134196251433435,1.3389121515071944,0.62446082190962,-0.2092739373248145,0.8356525321669926,0.7628011478493544,-0.4857702486167681,0.8645106384296292,1.0064560174942017,-19.246166229248047,4.103888034820557,-0.6253027319908142,-0.4621298611164093,-2.4875195026397705,755.3140258789062,-94.11951446533203,-1042.952392578125,-45.214744567871094,108.48863220214844,-29.80341339111328,-1.7852178812026978,24.552919387817383,-2.4112911224365234,-3.6811046600341797,0.4034937918186188,2.8065197467803955
0.5775955576967716,-0.2927005996076477,1.1345985383782167,0.5416951507132571,-0.17261846852026244,1.017830309883648,0.09166592396549034,-0.48960551298809374,0.10940063712711359,0.6741248841909381,-0.34239690094594155,0.6408176417184982,0.4315482718956388,-0.21102744308824575,1.2497691819999392,0.3191633577773108,-0.6125783718974386,1.1602611480564469,0.4774667605856393,-0.10311646717569692,1.2783251740285102,0.049420011026278576,-0.5870865693944972,1.0051739486242757,0.17673669950358079,-0.6008267112520359,1.0915679260594953,0.16824860157852134,-0.5350880190631412,0.10110556271346591,0.4617577754207791,-0.24563389251761084,0.2968736819873585,0.16172227386804605,-0.46651275312861074,0.01869414394277314,0.36377587421050883,-0.649275574561776,1.0837322814969825,0.5329602613354358,-0.26404500560255223,0.18514951876062455,0.7624048088362673,-0.5333115824603089,0.7054233507604789,0.4619856309022331,-0.3297013774119466,1.1039500155591018,0.5006820425785927,-0.27979755954237173,0.3538229826665084,0.3556949273245221,-0.2705111858860546,0.2542216787669834,0.0862589029977653,-0.32351962990121336,0.05711548464582458,0.3713765989076218,-0.4692627312430483,1.1347423095182076,0.11275755188471001,-0.6318376581400439,0.9801359508211246,0.07224856402157512,-0.6708633057921141,1.0481124281488503,1.596811391265187,-0.08443431811567538,0.1458696668708562,0.9578492506253006,-0.35262955498221704,0.743459566736853,0.7566331951626086,-0.33308999492040536,1.0696129469287317,0.5906093915961432,-0.2798134156607635,1.2658310045074943,0.9044599293280906,-0.01597371828335235,1.27630316836155,0.6293099813706035,-0.16943755163656962,1.2908707880815924,1.034696650031386,0.3180718868477458,1.336398437520526,0.96963163174146,0.14636813202835894,1.316643022543547,1.4848293028525168,-0.09480193444829887,0.12494549003509899,1.292570292357577,-0.15769412324128562,0.4814149913014165,1.526036467181136,0.0058933692369057015,0.10811918170888303,0.965013379391455,-0.0396337851462575,1.2116320316759956,1.1962497354737966,-0.08732398892968703,0.42409449406214894,0.8615543684422572,-0.5238251687083024,0.7339372197721179,0.6587977049169158,-0.1732748950652729,1.1599597546043776,1.2196292004837892,-0.23173052936002908,0.5390485144214126,1.416237736774596,-0.1399393162585251,0.37254771037607004,1.6674223585634038,0.07754359015615217,0.13700011698220746,0.7680736105173624,-0.11278990484675422,1.2175647128891471,1.015598998953964,0.2390173173306007,1.268351203755827,1.0631277038166849,0.208974288986219,1.3390259375635363,0.6268034090861576,-0.20863980286760844,0.8355926463738182,0.7652240239626521,-0.4850585354085001,0.8638234286513551,1.0594617128372192,-19.29231834411621,4.27685546875,-0.5308089852333069,-0.46456900238990784,-2.4858450889587402,749.9224853515625,-97.66841125488281,-1039.6964111328125,-45.07366943359375,108.46826171875,-30.467700958251953,-1.796651005744934,24.634485244750977,-2.6527152061462402,-3.7384798526763916,0.3948950171470642,2.7732832431793213
0.5803987843706118,-0.29225725044083123,1.1346018310414245,0.5442499399974646,-0.17215097976836147,1.017859110769057,0.0923050031164624,-0.48916154892634084,0.10987889149923198,0.6762981014141184,-0.3409529292820305,0.6403549035258641,0.4342658199024516,-0.21073445060987347,1.2496823032960196,0.3232713716709061,-0.6122541040774213,1.1619798785803335,0.4799901902280896,-0.10270187426481815,1.2782226650920134,0.05299614823811889,-0.5844482337402193,1.0084542742628135,0.18055088783534154,-0.5994213787925164,1.0940971674508606,0.16888453683118945,-0.5346581876672656,0.1013829621504869,0.4640558659043533,-0.24607807476788957,0.29527201952523746,0.16184280319324393,-0.4663467017427975,0.018730128313482596,0.3672233719304697,-0.648950533164258,1.0850452607041163,0.5350132170102454,-0.26541546756858064,0.18334079538749545,0.7644997162139968,-0.5322059418586705,0.7046914274329381,0.46507395063804474,-0.3293433399587278,1.1042730535892462,0.5030468194097872,-0.27987412387961585,0.35243431187623386,0.3577602205687011,-0.2706482479509139,0.2529067953690788,0.08645314037405102,-0.3233988228815281,0.056946621603326295,0.37505172676598,-0.4691404365743233,1.1360058591065818,0.11581697899675525,-0.6293698269010379,0.9829435214301608,0.07544618877057996,-0.6686027734879626,1.0507959486632947,1.5988042062481507,-0.08690177000417613,0.14520036365022723,0.9601866249611836,-0.35194281651484255,0.7426218418096076,0.759193677183808,-0.3330197084621088,1.0693338639688807,0.5936047233493122,-0.279222938003919,1.26570798584957,0.9082872932715131,-0.017721862418095986,1.276735141972043,0.632015499255515,-0.168838941498308,1.2906862402593853,1.0402781505458403,0.31593920310206763,1.3369462494029114,0.9742368576147699,0.14421461127846447,1.3171912708029843,1.4867708236965913,-0.09600863600803526,0.1243995451522584,1.295156302436298,-0.15761341332205084,0.48158775694322903,1.5288220205843843,0.004286435073463638,0.10773929812951594,0.9687049904011732,-0.04152283908811625,1.21193896342587,1.1992691869767296,-0.08678622859597995,0.4245344117185138,0.8636512791873603,-0.5230287607537201,0.733140494452407,0.6616063664685812,-0.17310271456541604,1.1597838153112803,1.2223373564663311,-0.23179549995242366,0.538957628982746,1.4185890156701702,-0.1409341369243647,0.37230341856842797,1.6711134736901088,0.07432962606186111,0.13646781632047617,0.771272571671088,-0.11340847179688365,1.2176333827688204,1.020063215533629,0.2368896816739973,1.2689578868695441,1.0681815451344117,0.20657244985861495,1.339106945012579,0.6291666486800112,-0.2080028411371029,0.8355476400315367,0.7676809457753667,-0.48433153124045064,0.8631252650393556,1.1088746786117554,-19.30087661743164,4.366743564605713,-0.42279791831970215,-0.5198841094970703,-2.473857879638672,744.8995971679688,-99.80982971191406,-1037.5465087890625,-44.80255126953125,108.47386169433594,-30.782976150512695,-1.788156270980835,24.688936233520508,-2.538379669189453,-3.781757116317749,0.3498938977718353,2.6904850006103516
0.5832020110444516,-0.2918139012740148,1.1346051237046324,0.5468047292816717,-0.1716834910164606,1.0178879116544661,0.09294408226743435,-0.488717584864588,0.11035714587135029,0.6784713186372983,-0.3395089576181198,0.63989216533323,0.43698336790926395,-0.21044145813150122,1.2495954245921002,0.3273793855645007,-0.611929836257404,1.1636986091042196,0.48251361987053937,-0.10228728135393947,1.2781201561555169,0.0565722854499586,-0.5818098980859416,1.0117345999013507,0.18436507616710168,-0.5980160463329973,1.0966264088422255,0.16952047208385748,-0.5342283562713901,0.10166036158750782,0.4663539563879271,-0.2465222570181682,0.2936703570631167,0.16196333251844178,-0.4661806503569843,0.018766112684192048,0.37067086965043006,-0.6486254917667402,1.08635823991125,0.5370661726850546,-0.2667859295346089,0.18153207201436666,0.766594623591726,-0.5311003012570324,0.7039595041053974,0.4681622703738558,-0.32898530250550895,1.1045960916193904,0.5054115962409814,-0.2799506882168599,0.3510456410859595,0.35982551381287975,-0.2707853100157731,0.2515919119711744,0.08664737775033672,-0.3232780158618428,0.056777758560828034,0.37872685462433753,-0.4690181419055983,1.1372694086949555,0.11887640610879999,-0.6269019956620325,0.9857510920391965,0.07864381351958424,-0.6663422411838116,1.0534794691777385,1.6007970212311144,-0.08936922189267647,0.14453106042959835,0.9625239992970661,-0.3512560780474682,0.7417841168823621,0.7617541592050071,-0.33294942200381233,1.0690547810090298,0.5966000551024808,-0.27863246034707456,1.2655849671916457,0.912114657214935,-0.01947000655283932,1.2771671155825355,0.6347210171404263,-0.16824033136004646,1.2905016924371782,1.0458596510602935,0.3138065193563898,1.3374940612852968,0.9788420834880789,0.14206109052857038,1.317739519062421,1.4887123445406654,-0.09721533756777144,0.12385360026941791,1.2977423125150187,-0.15753270340281608,0.4817605225850415,1.5316075739876323,0.0026795009100218483,0.10735941455014891,0.9723966014108908,-0.04341189302997468,1.2122458951757444,1.202288638479662,-0.08624846826227299,0.4249743293748786,0.865748189932463,-0.5222323527991377,0.7323437691326963,0.664415028020246,-0.17293053406555922,1.1596078760181832,1.2250455124488728,-0.23186047054481823,0.5388667435440796,1.4209402945657439,-0.14192895759020416,0.37205912676078595,1.674804588816813,0.0711156619675706,0.13593551565874495,0.774471532824813,-0.11402703874701298,1.2177020526484938,1.0245274321132936,0.23476204601739428,1.2695645699832612,1.0732353864521378,0.20417061073101134,1.3391879524616217,0.6315298882738642,-0.20736587940659748,0.8355026336892551,0.770137867588081,-0.48360452707240126,0.8624271014273561,1.0698641538619995,-19.2462158203125,4.283783435821533,-0.42976653575897217,-0.5580484867095947,-2.4719324111938477,741.5087890625,-102.16199493408203,-1035.90185546875,-44.55667495727539,108.4654541015625,-31.079343795776367,-1.7833994626998901,24.639352798461914,-2.35555100440979,-3.7445921897888184,0.3272687494754791,2.630533456802368
0.5859649098472087,-0.2912776833338454,1.1345999888236948,0.5494864843539052,-0.17121983610636357,1.017924421670421,0.09362854236206464,-0.4882127974207039,0.11088128027734372,0.680664540916089,-0.3380688128881898,0.639462004434194,0.4397661326736801,-0.21012283072171625,1.2495350442974773,0.33152515071117283,-0.6115967540551496,1.1653522955660787,0.4851063280705582,-0.10190957103738725,1.2780450574609619,0.0602170302970516,-0.5790481058177572,1.0150375003056806,0.1882504599773327,-0.5965909989464363,1.0991011336939223,0.17018397991230938,-0.5337816697872239,0.10199691098652135,0.46868660671032003,-0.24699557992006765,0.2920511970851597,0.1621681096538013,-0.4660620488078389,0.01887834128855868,0.3741898633391648,-0.6482612553811231,1.087564507067598,0.5391747639668696,-0.2682147556977555,0.1797485380180626,0.7686297368529614,-0.5299600524618138,0.70318290097824,0.47127323395369036,-0.32863480839508263,1.1049117520944962,0.5077405007469731,-0.2800585657160803,0.34967061324624843,0.36187538188814306,-0.2709178198252293,0.25028506237150044,0.08672935609391193,-0.3231738705114024,0.05664217136553582,0.38248967729656863,-0.468869169224177,1.1385329859146218,0.12200401516150132,-0.6244090752096368,0.9884556946375509,0.08185266175412151,-0.663993330191303,1.0561608620826768,1.6027243776826667,-0.09178893726985161,0.14382997431502445,0.9648797069953764,-0.3505709491028692,0.7409312914538858,0.7644342156435477,-0.332905993161612,1.068833336924875,0.599536836147308,-0.278056572012554,1.2654969850123323,0.9160001850286063,-0.021299660625244413,1.2776186521479624,0.6374285382940277,-0.16751895193627347,1.2904129699365983,1.0515151481754725,0.3116385228191782,1.3379884618797049,0.983515917860119,0.1399048860894136,1.31831893541955,1.4905844003159476,-0.09835825228927929,0.12330180100652562,1.3004179585058955,-0.15767654954202914,0.4819367766775043,1.5343612961421735,0.0011386139540385737,0.10688644632795793,0.9760945399865405,-0.045401625902644634,1.2125342586972065,1.2053824457901199,-0.08570596225411692,0.42539913271436625,0.8678475736782248,-0.5214471493335749,0.731507323830333,0.6672694469919265,-0.17264692692567185,1.159450311534452,1.2277782879128358,-0.23185634563695517,0.5387989578657593,1.4232510936181275,-0.14294162807085645,0.37179908511654436,1.6783711420779193,0.06789319088916938,0.1354566642780178,0.7777059172952409,-0.11467461682708051,1.2178216746311314,1.0290300285579348,0.23263423075739145,1.2701418534019924,1.0783280497355172,0.2017150736407731,1.339256083728462,0.6339614876848181,-0.2066913909272643,0.8354658338407807,0.7725123099933394,-0.48288683464985027,0.8617267549432667,1.0102438926696777,-19.26845932006836,4.106973171234131,-0.5446924567222595,-0.5303909778594971,-2.4932515621185303,738.93359375,-106.54487609863281,-1033.906982421875,-44.45928955078125,108.46002197265625,-31.76679229736328,-1.8059861660003662,24.62816619873047,-2.1067135334014893,-3.711888551712036,0.35125967860221863,2.622169017791748
0.5887102372204231,-0.2907010011424292,1.1345911819413799,0.5522235602337794,-0.17075785165590954,1.0179642906646855,0.09433277558214619,-0.4876815083603196,0.11142540526952571,0.6828664796833961,-0.3366303356080655,0.6390460379273686,0.44257731331105266,-0.20979303380610137,1.2494862097383335,0.33568736461811516,-0.6112598313006344,1.1669776414009119,0.48772922192780394,-0.10154793099407723,1.2779819018003957,0.0638916684709342,-0.576232521739227,1.0183502368579638,0.19216686467461244,-0.5951573614845213,1.101552104910478,0.17085950150592438,-0.5333276393003021,0.10235923286897458,0.4710343152481989,-0.24748159982017334,0.290424413189588,0.16240959476358843,-0.46596412183038444,0.01902379059473312,0.3777400088428662,-0.6478799411792628,1.0887242782589617,0.5413075964774517,-0.26966901197536103,0.17797597939308904,0.7706387969634391,-0.5288047243822489,0.7023868302241066,0.47439406377984994,-0.32828760102687293,1.1052241980634778,0.5100537751684127,-0.28018008680730466,0.34830152983499674,0.36391852899695076,-0.27104834615197404,0.24898171321248375,0.08676242157323472,-0.32307698488827574,0.05652108293224052,0.38629070985198816,-0.4687085725515094,1.139796575173637,0.125161332059775,-0.6219052230285492,0.9911154326026803,0.08506640022164154,-0.661605911341724,1.0588413279577598,1.6046232129169615,-0.0941878531670926,0.1431150399395172,0.9672434028016021,-0.3498865214503364,0.7400718865213015,0.7671663723639306,-0.332874266566425,1.0686370069222735,0.6024481058120728,-0.2774870404541887,1.265424268727271,0.9199110556714583,-0.02316482974191674,1.2780787125723252,0.6401369323004161,-0.16674408018095602,1.2903659998975843,1.0572028866666832,0.3094551399942265,1.338459590412923,0.9882196459351786,0.13774751232850627,1.3189119321621017,1.4924261891683996,-0.09947337417413069,0.12274745090661064,1.3031326601442124,-0.1579182379638517,0.48211455073775045,1.537101148966922,-0.00037349529012373943,0.10637291979710786,0.9797952355730614,-0.047435226023739965,1.2128145317762893,1.208508650988143,-0.08516138848780795,0.42581735053007175,0.8699480349457027,-0.520666827823942,0.7306535719640997,0.6701438031251857,-0.17231476960691394,1.1593007532176594,1.2305217904365615,-0.23182211483255127,0.5387412370830182,1.42554425502455,-0.14396207597082025,0.37153218104349855,1.6818834219547298,0.06466701319626225,0.13500110151258524,0.7809557362108042,-0.11533483547090696,1.2179634971729179,1.033549347658031,0.23050633724162117,1.2707063269536227,1.0834376283039322,0.19923613958110079,1.339318604658771,0.6364228724446518,-0.20600055150737034,0.8354326096788937,0.7748508149424926,-0.4821731994878377,0.8610254573506235,0.9932817220687866,-19.383014678955078,4.111501693725586,-0.6382588148117065,-0.4945835769176483,-2.5039830207824707,735.5496826171875,-110.67059326171875,-1030.9586181640625,-44.389190673828125,108.39990997314453,-32.21426773071289,-1.8718230724334717,24.69941520690918,-1.724863886833191,-3.7484607696533203,0.38148781657218933,2.667764902114868
0.5914555645936371,-0.2901243189510131,1.1345823750590647,0.554960636113653,-0.17029586720545561,1.01800415965895,0.0950370088022276,-0.48715021929993535,0.1119695302617076,0.6850684184507028,-0.33519185832794146,0.6386300714205433,0.4453884939484248,-0.20946323689048654,1.2494373751791896,0.33984957852505676,-0.6109229085461193,1.168602987235745,0.4903521157850492,-0.10118629095076727,1.2779187461398296,0.06756630664481615,-0.5734169376606973,1.0216629734102463,0.19608326937189152,-0.5937237240226064,1.1040030761270332,0.17153502309953927,-0.5328736088133805,0.10272155475142775,0.47338202378607735,-0.24796761972027898,0.28879762929401653,0.16265107987337554,-0.46586619485293,0.019169239900907534,0.381290154346567,-0.6474986269774027,1.0898840494503248,0.5434404289880335,-0.2711232682529664,0.17620342076811576,0.7726478570739165,-0.5276493963026843,0.7015907594699734,0.47751489360600896,-0.3279403936586633,1.1055366440324594,0.5123670495898518,-0.280301607898529,0.3469324464237454,0.36596167610575814,-0.2711788724787188,0.2476783640534673,0.08679548705255748,-0.3229800992651491,0.056399994498945234,0.39009174240740707,-0.46854797587884184,1.141060164432652,0.12831864895804818,-0.6194013708474622,0.9937751705678093,0.08828013868916103,-0.6592184924921454,1.061521793832842,1.606522048151256,-0.09658676906433318,0.1424001055640101,0.9696070986078275,-0.34920209379780376,0.7392124815887173,0.7698985290843129,-0.3328425399712379,1.068440676919672,0.605359375476837,-0.2769175088958235,1.2653515524422096,0.9238219263143096,-0.025029998858588753,1.2785387729966877,0.642845326306804,-0.16596920842563873,1.2903190298585703,1.062890625157893,0.3072717571692752,1.338930718946141,0.9929233740102374,0.1355901385675993,1.3195049289046534,1.4942679780208512,-0.1005884960589819,0.12219310080669575,1.3058473617825286,-0.15815992638567425,0.4822923247979966,1.5398410017916697,-0.0018856045342857952,0.10585939326625787,0.9834959311595814,-0.04946882614483495,1.213094804855372,1.2116348561861656,-0.08461681472149908,0.42623556834577725,0.8720484962131803,-0.5198865063143092,0.7297998200978665,0.6730181592584444,-0.17198261228815612,1.1591511949008664,1.2332652929602868,-0.2317878840281474,0.5386835163002772,1.4278374164309722,-0.1449825238707839,0.3712652769704528,1.6853957018315395,0.06144083550335567,0.13454553874715275,0.7842055551263669,-0.11599505411473329,1.218105319714704,1.0380686667581267,0.22837844372585128,1.2712708005052529,1.0885472068723463,0.19675720552142892,1.3393811255890802,0.6388842572044852,-0.2053097120874765,0.8353993855170067,0.7771893198916453,-0.4814595643258253,0.8603241597579805,0.9942638278007507,-19.461658477783203,4.352530002593994,-0.6313414573669434,-0.4736033082008362,-2.492539405822754,728.694580078125,-114.54615020751953,-1026.31982421875,-44.170135498046875,108.2674560546875,-32.1513557434082,-1.910139560699463,24.737125396728516,-1.7773181200027466,-3.773989200592041,0.3602539300918579,2.7139296531677246
0.5936345460004363,-0.28971312505914676,1.1345920037749588,0.5570799411330001,-0.16995584027261926,1.0180427392586966,0.09558468518026218,-0.48675757444260137,0.11237727263510619,0.6867453678948988,-0.33405270575490226,0.6383288747427479,0.4475527071696242,-0.20921808392401564,1.24940560452196,0.34308378502035747,-0.6106766823506513,1.1697962761714757,0.49237912419615976,-0.10087644101570777,1.2778810217285788,0.07042942442838698,-0.5712070809492213,1.024191264285157,0.1990960622761421,-0.5925848092267056,1.1058775782585142,0.17203838994960907,-0.5325169824803903,0.10304029098409688,0.4751858684598214,-0.24834664045086757,0.28755636064224693,0.162880425470949,-0.4658250629605836,0.019301851844378052,0.3840411152962026,-0.6472296135512409,1.0907645707098852,0.5450529085089828,-0.2723023896876549,0.17487163960144228,0.7742029817293811,-0.5267521391641226,0.7009773986623777,0.47996263891853225,-0.32766387665903335,1.1057715068589773,0.5141761433209803,-0.28039065407996144,0.3458655065554658,0.3675111428593957,-0.27129206742277207,0.24669373881639242,0.0867517221077586,-0.3229085282971527,0.05636000332256027,0.3930507729089021,-0.46843086883721763,1.1420115556148502,0.13079160942837875,-0.6174398736645845,0.9957957940780563,0.09077390634905011,-0.6573361870863581,1.0635836246787316,1.6079182664290168,-0.09844929341300815,0.1418566503716226,0.971431992109248,-0.3486724963646062,0.7385668006559082,0.7719498717824353,-0.3328018013313906,1.0682730976714203,0.607637223226345,-0.27649795175190794,1.2653127170556429,0.9268464616789721,-0.02652680022111583,1.2789097828975575,0.6449097774873505,-0.1654409779519435,1.2902987804633892,1.0673135499291069,0.3055557044136604,1.3392666805264175,0.9965624600056778,0.1339079375495975,1.3199671206884827,1.4956507149911085,-0.10145765050801608,0.12176980428545683,1.3079103979448607,-0.15829722529018161,0.48237300333597805,1.5419525079774539,-0.003090813557080687,0.10544405275622744,0.9863428692549268,-0.05110452460458132,1.2133311562190783,1.2140483828569877,-0.08421142183441598,0.42657834972372116,0.8736466422973088,-0.519270404285153,0.729157789554817,0.6752709998002904,-0.17180377289356777,1.159146460278934,1.2353386669758928,-0.2317789438741886,0.5386419403829322,1.4296019535191011,-0.14575640250318092,0.37107540050287124,1.6880056524513571,0.05896580298832136,0.13420383706195468,0.786717250548451,-0.11650759593540466,1.2182047294070388,1.0415445639202925,0.22669152999358474,1.271702631025125,1.0925206642671923,0.19479025367474728,1.339372126274551,0.6407774442079051,-0.2047505452242119,0.8353935129792485,0.7790158391985671,-0.4808520641646638,0.859773309815009,0.9906438589096069,-19.42403221130371,4.541439533233643,-0.5787910223007202,-0.4721256196498871,-2.4880120754241943,721.7171630859375,-117.08668518066406,-1022.125,-43.88039016723633,108.09173583984375,-32.1820068359375,-1.8987064361572266,24.73641014099121,-2.433182716369629,-3.7043681144714355,0.3145653009414673,2.7291502952575684
0.5955609126596259,-0.2893757460922595,1.1346098555634354,0.5589236936821841,-0.1696702116569936,1.0180807437328314,0.09606253044889457,-0.4864267708844697,0.11272418247350789,0.6881881494395778,-0.33304706492171393,0.6380788703627934,0.4494283449965594,-0.20901068581255858,1.2493814451015548,0.3459040601521924,-0.6104709107354777,1.1707968490802687,0.49414034197662027,-0.10058969170447221,1.2778546407522744,0.07293056908822185,-0.5692674047899564,1.026369658526995,0.20170580531587629,-0.5915773534616888,1.1074949502944944,0.17246496835291775,-0.532203802604549,0.10333958613556737,0.47674712637402344,-0.24867793493318238,0.28648704843015876,0.16310435632206743,-0.46580926412778184,0.019428737769951868,0.38643560543755,-0.6470106911185561,1.0915205344459078,0.5464332881352757,-0.27335878910607836,0.1737364642075357,0.7755556315775737,-0.5259699928050011,0.7004455343776982,0.4821101594839662,-0.32741889061517276,1.1059717642550437,0.5157603507010351,-0.2804652150498321,0.3449333357495189,0.36884040686468395,-0.27139753182202775,0.24585127820637065,0.08667368747738025,-0.3228482487580634,0.056356185023358325,0.3956342341489346,-0.468333160048289,1.1428236929786124,0.13295931739128158,-0.6157202902219155,0.9975313449537515,0.09294653595085936,-0.65567918407996,1.065369517597931,1.6090902958484674,-0.10007256397743076,0.14138968229688562,0.9730165565250724,-0.3482119598925509,0.738016449852495,0.7736975420389741,-0.33275704293061564,1.0681183425006489,0.6096325374596953,-0.2761452896705527,1.2652889940122896,0.9294756532504855,-0.027859293664527867,1.2792410724210423,0.6466870023714784,-0.16502276013623804,1.2902904496287668,1.0711723131849271,0.3040481010414909,1.3395423518111373,0.999726669677835,0.13243768408598508,1.3203709678144644,1.4968286950067178,-0.10221709286337646,0.12140496331729642,1.3096827631754588,-0.15838796196394408,0.4824103730798557,1.5437837444393838,-0.004159131833654224,0.10507250744972803,0.9888089946563667,-0.052562741747754896,1.2135479166018253,1.2161440241415766,-0.08386810962727533,0.4268874831941743,0.875020734126994,-0.5187275512329002,0.7286101958609575,0.6772466175603549,-0.1716933199111989,1.1592063232762924,1.2371131347504671,-0.2317812844420111,0.5386075657724545,1.431130701342955,-0.1464203005989655,0.3709198816722592,1.6902131252730916,0.056825813646151024,0.1339129223334079,0.7888997110309977,-0.11695426751840977,1.218285221137748,1.0445550498583456,0.22520131227985932,1.2720752970272342,1.0959873625774252,0.193051667995011,1.339331225843619,0.6424171904854425,-0.20425011000491142,0.8353998404464974,0.7806139908089541,-0.48029190479524886,0.859289566017934,1.0128331184387207,-19.245628356933594,4.539943218231201,-0.5356870293617249,-0.5306895971298218,-2.475135326385498,716.8434448242188,-119.3297348022461,-1018.9926147460938,-43.591129302978516,107.9273452758789,-32.80921936035156,-1.823866367340088,24.736591339111328,-2.6888790130615234,-3.6637766361236572,0.3084988296031952,2.7153396606445312
0.5974872793188158,-0.28903836712537223,1.134627707351912,0.5607674462313683,-0.16938458304136794,1.018118748206966,0.09654037571752702,-0.4860959673263379,0.11307109231190965,0.6896309309842571,-0.3320414240885255,0.6378288659828388,0.45130398282349504,-0.2088032877011015,1.24935728568115,0.3487243352840278,-0.610265139120304,1.171797421989062,0.49590155975708106,-0.1003029423932366,1.2778282597759703,0.07543171374805713,-0.5673277286306913,1.0285480527688335,0.20431554835561092,-0.5905698976966719,1.1091123223304749,0.17289154675622648,-0.5318906227287078,0.10363888128703792,0.4783083842882257,-0.24900922941549725,0.2854177362180704,0.16332828717318593,-0.46579346529498006,0.019555623695525704,0.38883009557889786,-0.6467917686858714,1.0922764981819304,0.5478136677615689,-0.274415188524502,0.1726012888136289,0.7769082814257666,-0.5251878464458795,0.6999136700930185,0.48425768004940045,-0.3271739045713122,1.1061720216511102,0.51734455808109,-0.2805397760197027,0.3440011649435719,0.3701696708699725,-0.27150299622128343,0.2450088175963487,0.08659565284700188,-0.32278796921897407,0.05635236672415639,0.3982176953889676,-0.4682354512593604,1.1436358303423748,0.13512702535418483,-0.6140007067792463,0.999266895829447,0.09511916555266899,-0.6540221810735615,1.0671554105171304,1.610262325267918,-0.10169583454185367,0.14092271422214855,0.9746011209408968,-0.34775142342049553,0.7374660990490819,0.7754452122955132,-0.3327122845298407,1.0679635873298772,0.611627851693046,-0.27579262758919737,1.265265270968936,0.9321048448219994,-0.02919178710794013,1.279572361944527,0.6484642272556065,-0.1646045423205325,1.2902821187941445,1.075031076440748,0.30254049766932106,1.3398180230958572,1.0028908793499927,0.13096743062237243,1.3207748149404464,1.4980066750223273,-0.10297653521873698,0.12104012234913593,1.3114551284060574,-0.15847869863770656,0.48244774282373337,1.545614980901314,-0.005227450110227941,0.10470096214322855,0.991275120057807,-0.054020958890928714,1.2137646769845722,1.2182396654261658,-0.0835247974201346,0.42719661666462755,0.8763948259566793,-0.518184698180647,0.728062602167098,0.6792222353204196,-0.17158286692883004,1.1592661862736506,1.2388876025250415,-0.23178362500983357,0.5385731911619768,1.4326594491668094,-0.14708419869475017,0.3707643628416472,1.6924205980948264,0.05468582430398033,0.1336220076048611,0.7910821715135448,-0.11740093910141496,1.2183657128684569,1.047565535796399,0.22371109456613367,1.2724479630293435,1.0994540608876588,0.19131308231527444,1.339290325412687,0.6440569367629803,-0.20374967478561087,0.8354061679137463,0.7822121424193413,-0.4797317454258338,0.8588058222208591,1.1211401224136353,-19.167734146118164,4.361330986022949,-0.565263032913208,-0.5527479648590088,-2.4440948963165283,714.1973266601562,-121.77899169921875,-1016.2125244140625,-43.26783752441406,107.73486328125,-33.627906799316406,-1.673408031463623,24.7388916015625,-2.256338357925415,-3.7269434928894043,0.3481971025466919,2.7033181190490723
0.6000791713101973,-0.28863045908757395,1.1346632356675255,0.5632406084348033,-0.1689473761628006,1.0181859775094797,0.09723232928293425,-0.4856080905293787,0.11360184041573508,0.6916913423711889,-0.3306520677954946,0.6374355155900614,0.45386772509047507,-0.20849365716343687,1.2493694053580429,0.3525094110642045,-0.6099797822781746,1.1730896439773357,0.49837513613385065,-0.09993997327243258,1.2777988827781173,0.07889965072964966,-0.5646903335258663,1.0314338621714256,0.20785643106067392,-0.5892038590071218,1.1112509204062404,0.17350419512055562,-0.5314572206790874,0.10404005989629699,0.48040905545484136,-0.2494581177435963,0.28397229392796963,0.16360267375083948,-0.46563914812953267,0.01969028480770374,0.3920144595649856,-0.6464674816226328,1.0932284289637937,0.5497226136804415,-0.2758147481656231,0.17108137999346726,0.778710443452494,-0.5241070920663164,0.6991815353860918,0.4871735031044244,-0.32686010535979115,1.1064357402308886,0.5194564057107002,-0.28065235241754166,0.3427590557084179,0.37206262271135837,-0.2716609795164588,0.24385357914578842,0.08667129880150422,-0.32270322444028415,0.056265539051779855,0.40165533599079817,-0.4680520971089799,1.1446943768602333,0.13805524615065132,-0.6116623495588241,1.00161454752581,0.09814488675617992,-0.6517240975471523,1.0695303212727931,1.611785352230072,-0.10382324701409451,0.1403109157420942,0.9767637132414128,-0.3471703311268068,0.7366957721725995,0.7779249876540226,-0.332628135254841,1.0677357837064376,0.6142605558925904,-0.27524046451840184,1.2652145564950854,0.9356503832024452,-0.031010571447823883,1.2800171734481458,0.6509444005047247,-0.16401011417835756,1.2903334632614591,1.0803201948570096,0.30047918185098293,1.3401311174133754,1.0071562903606337,0.12892266959938797,1.3212698500677449,1.4995303959246502,-0.1039771487973383,0.12054311767812599,1.3138879802053336,-0.158549484531611,0.4824952786134568,1.5480430248557335,-0.006651164208298191,0.10422357386409845,0.9946722046823688,-0.055955534097769266,1.2140298367336095,1.2209902914944073,-0.08303684886816325,0.4276472712984148,0.8782357387984824,-0.5174336761038825,0.7272628115502415,0.6819015368325819,-0.1714119487842977,1.1592530825280196,1.241353606546162,-0.23183704774506045,0.5384904444217682,1.4346309817389935,-0.1479394812852341,0.37055379892421875,1.695341532593531,0.05180920178181703,0.13318226891045543,0.7940759001583451,-0.1180974465381625,1.2184907091374428,1.0516791023955436,0.2216687713632522,1.2729340148287893,1.104120338989409,0.18903587664792096,1.3391521359911027,0.6463051750170472,-0.20310515135724028,0.835427679762935,0.7843429185696783,-0.47907818508463984,0.8581536339213517,1.270613431930542,-19.32146453857422,4.069918632507324,-0.6258464455604553,-0.49745213985443115,-2.433208703994751,712.2578125,-123.68020629882812,-1013.189453125,-43.01734924316406,107.49818420410156,-33.82536697387695,-1.564095139503479,24.732221603393555,-1.7891443967819214,-3.7973577976226807,0.37867558002471924,2.7036032676696777
0.6029748900836663,-0.28819035299566415,1.1347068337020496,0.5660011098282224,-0.16844097051202073,1.0182665485814708,0.09802202794034741,-0.4850485063842591,0.11421651468421049,0.694033715207845,-0.3290875370534052,0.6369767246262128,0.45674560199312786,-0.2081373553007644,1.2493980872315287,0.35673493931427647,-0.6096580930498262,1.1745150101105897,0.5011739196958918,-0.09954220815160816,1.2777681380312964,0.08280894942334902,-0.56173441455459,1.034642621973492,0.21182239926512622,-0.5876741194172412,1.1136274695001689,0.17420178846708978,-0.5309689345936113,0.1044877505188943,0.4827559804975589,-0.24996069021868383,0.2823551400805153,0.16390009446451992,-0.4654215943339645,0.019828495461592398,0.3955594181323679,-0.6460950933150109,1.0942698229622365,0.5518728616024482,-0.27737096790841065,0.16938583200045,0.7807178175607262,-0.5228900166339433,0.6983579728777046,0.4904400729481744,-0.32651489144129475,1.1067284302206228,0.5218091325846727,-0.2807822836846705,0.3413754528425389,0.3742129103040061,-0.2718429388293367,0.24255555081150404,0.08681710328388687,-0.3226073107478635,0.05614081579599753,0.40548292804040614,-0.46782964398924093,1.1458654145136573,0.14133065758852734,-0.6090415086572536,1.0042416365533473,0.10156006282133734,-0.6491333468268252,1.0721741314755366,1.6134686172008512,-0.1061808112268611,0.13963299903352536,0.9791901878371141,-0.34653420247976363,0.7358250214366724,0.78073898490691,-0.3325260031894343,1.0674746318763455,0.6171842424680062,-0.27459722490894883,1.2651515198464425,0.9396142538217515,-0.03305135815348823,1.280513810203565,0.6537454849639472,-0.16333524219149004,1.2904120508013972,1.0862623014986903,0.29816508426374183,1.3404612961589106,1.011924423721452,0.12661563338625537,1.3218065144999926,1.501211955057864,-0.10508786228220182,0.11998577740364129,1.3166223584816152,-0.15861116246079765,0.4825474554241098,1.5507435244045507,-0.008237124224877832,0.10369786596702825,0.9984942924305299,-0.05810757711628391,1.2143170918455186,1.2240399323551856,-0.0824828706805083,0.42816253341981114,0.8802897655806002,-0.5165876203420148,0.7263478875554951,0.6849020852750497,-0.1712134269787776,1.1592066678779804,1.244135311897227,-0.2319137906001893,0.5383856147527695,1.4368046551745457,-0.14888213505808082,0.37031810572802626,1.6985881778578091,0.04859629019922212,0.1326745888403315,0.7974399903554786,-0.11890800947335768,1.2186360226956423,1.056296249296491,0.2193744000022777,1.2734718297096277,1.1093342513438087,0.18651277924709,1.3389695320303077,0.6488312030864865,-0.20239484852907683,0.8354561236125744,0.7867168494012969,-0.4783819851693729,0.8574245470446468,1.255638837814331,-19.51974105834961,3.9826972484588623,-0.6308043003082275,-0.4612268805503845,-2.4469263553619385,707.7939453125,-126.59645080566406,-1007.88232421875,-42.7797737121582,107.14175415039062,-33.94405746459961,-1.6509262323379517,24.684097290039062,-2.069824457168579,-3.8000595569610596,0.3314683735370636,2.715630292892456
0.605870608857136,-0.2877502469037542,1.1347504317365735,0.5687616112216419,-0.16793456486124075,1.0183471196534617,0.09881172659776069,-0.48448892223913936,0.11483118895268599,0.6963760880445014,-0.32752300631131553,0.636517933662364,0.4596234788957811,-0.20778105343809192,1.2494267691050145,0.3609604675643492,-0.6093364038214778,1.1759403762438438,0.5039727032579334,-0.09914444303078367,1.2777373932844756,0.08671824811704905,-0.5587784955833132,1.0378513817755592,0.21578836746957922,-0.5861443798273605,1.1160040185940976,0.17489938181362405,-0.530480648508135,0.1049354411414917,0.48510290554027685,-0.25046326269377145,0.28073798623306073,0.16419751517820041,-0.46520404053839626,0.01996670611548108,0.3991043766997508,-0.6457227050073889,1.0953112169606796,0.5540231095244553,-0.27892718765119845,0.16769028400743244,0.7827251916689588,-0.52167294120157,0.6975344103693173,0.49370664279192494,-0.32616967752279824,1.107021120210357,0.5241618594586455,-0.2809122149517994,0.3399918499766596,0.3763631978966543,-0.27202489814221464,0.24125752247721943,0.08696290776626954,-0.32251139705544274,0.05601609254021518,0.4093105200900148,-0.46760719086950187,1.1470364521670815,0.1446060690264039,-0.6064206677556827,1.006868725580885,0.10497523888649533,-0.6465425961064977,1.0748179416782808,1.6151518821716309,-0.10853837543962809,0.13895508232495643,0.9816166624328159,-0.3458980738327203,0.7349542707007453,0.7835529821597977,-0.3324238711240276,1.0672134800462534,0.6201079290434225,-0.27395398529949566,1.2650884831977995,0.9435781244410585,-0.035092144859152935,1.281010446958984,0.6565465694231704,-0.16266037020462237,1.2904906383413353,1.0922044081403721,0.29585098667650034,1.3407914749044456,1.016692557082271,0.12430859717312236,1.3223431789322404,1.502893514191078,-0.10619857576706553,0.11942843712915648,1.3193567367578973,-0.15867284038998433,0.4825996322347628,1.5534440239533684,-0.009823084241457742,0.10317215806995796,1.0023163801786916,-0.060259620134798915,1.2146043469574277,1.2270895732159646,-0.08192889249285325,0.42867779554120755,0.8823437923627184,-0.5157415645801469,0.7254329635607486,0.687902633717518,-0.1710149051732575,1.1591602532279413,1.2469170172482926,-0.23199053345531817,0.5382807850837708,1.4389783286100981,-0.14982478883092767,0.37008241253183377,1.7018348231220877,0.04538337861662666,0.13216690877020754,0.8008040805526128,-0.11971857240855299,1.218781336253842,1.060913396197439,0.21708002864130282,1.2740096445904663,1.114548163698209,0.18398968184625863,1.3387869280695126,0.651357231155926,-0.20168454570091324,0.8354845674622138,0.7890907802329158,-0.4776857852541058,0.8566954601679416,1.1601667404174805,-19.586137771606445,4.0901312828063965,-0.5899046659469604,-0.44899067282676697,-2.4425442218780518,701.995849609375,-130.43917846679688,-1002.7122802734375,-42.49671936035156,106.86929321289062,-34.36375427246094,-1.8755903244018555,24.6267147064209,-2.5899744033813477,-3.808903217315674,0.28063490986824036,2.7289323806762695
0.6087916903937888,-0.28723063206435834,1.1348027904696811,0.5715073221764027,-0.1673766968660797,1.0185149462017793,0.09963715923888396,-0.48389094243973296,0.11545915805444809,0.6987155000895063,-0.32588107587880655,0.6360683495437862,0.46257111015698754,-0.2074291961427951,1.249443391498351,0.3652179629005342,-0.6089969092844338,1.1772875991088665,0.5067789496372866,-0.0987654228306172,1.2777711099741476,0.09066542196056684,-0.5557673896187979,1.0410648734364287,0.2198136529040256,-0.5845648610828729,1.1183356555881878,0.17568551837805876,-0.5299613484681047,0.10539023293219259,0.4874504930432268,-0.2509665212883854,0.27915813971236847,0.1645682830832257,-0.46499046826402085,0.020144344137870508,0.4026807953683744,-0.6453993387569655,1.0962833635854405,0.5561304868057073,-0.28054821358019144,0.16600883019384965,0.7847138411359281,-0.5204166048607289,0.6967066432663936,0.4969886858139605,-0.3258138169219952,1.107331061205327,0.5265368125493952,-0.28098669559355605,0.3386257279491583,0.3785294926916526,-0.2721800413352764,0.23995741212506172,0.08722088265152561,-0.32235712602438515,0.05584645042479631,0.4132022288264027,-0.46740300948454055,1.1481595222918402,0.1479485478030134,-0.6036975511059857,1.0094979371850852,0.10839504879338048,-0.643929565091007,1.0774133246860755,1.616765683455183,-0.11080024794780252,0.13824099393573822,0.9840779364701138,-0.3452356901291191,0.7341023392432573,0.7862674346230676,-0.33233821268705344,1.0669444057325654,0.6230924808426407,-0.2733165996753617,1.2650841215983133,0.9476194082703809,-0.03714595600617239,1.2814916443351088,0.6593898755825117,-0.1619654993545141,1.2905508392299248,1.098213274549964,0.2934449625923145,1.3409927307769953,1.0215706318024766,0.1219635083654662,1.3228814657160777,1.504522617289562,-0.10730500353981323,0.11883151654573468,1.3220131340011065,-0.15879365979440954,0.4826476652890641,1.5560292554217459,-0.011388920972259369,0.1026599697694676,1.0061475395761577,-0.06243814297316476,1.2149037697062588,1.2301681189742308,-0.08141849810467258,0.4292101937512688,0.8843550701804508,-0.5149844407245813,0.7246110138316818,0.690973903169695,-0.17081843496651838,1.159120246866681,1.249652377422282,-0.23204292075720845,0.5381820121940398,1.4411711998727936,-0.15078261835093526,0.36982553412780067,1.7050228744547886,0.04218841936834022,0.1316244900966717,0.8042120823994376,-0.12049492231465331,1.2189406561140983,1.0655266494545714,0.2146992501586874,1.274542078671866,1.1198648790650019,0.18137866988876808,1.3385338599713432,0.6538879640449751,-0.2008949605785064,0.8355344398724323,0.7914855042040742,-0.4769478503441969,0.8559423084093246,1.0990656614303589,-19.438068389892578,4.167649745941162,-0.5322937965393066,-0.4339849352836609,-2.4316141605377197,695.4435424804688,-134.62884521484375,-998.55126953125,-42.09744644165039,106.63534545898438,-34.805931091308594,-2.005618095397949,24.65462303161621,-2.546077013015747,-3.818621873855591,0.33421286940574646,2.720552682876587
0.6117246202285713,-0.28667387445241416,1.1348592417919083,0.5742461237291624,-0.16679478806770406,1.018723534432468,0.1004792851278718,-0.48327502598430944,0.11609333788124925,0.7010535289909664,-0.3242029879266854,0.6356230664332182,0.46555132739591254,-0.20707941514174674,1.2494543802659244,0.3694903917659983,-0.608649096938948,1.1785983170894596,0.5095886822962601,-0.09839515938170702,1.2778349400356115,0.09463028930472976,-0.55273050286912,1.0442805756006805,0.22386664857730135,-0.5829620878428025,1.120646311747317,0.17651301819757112,-0.5294275601573338,0.10584834205689805,0.4897983900166503,-0.2514701004059898,0.27759572143191547,0.16497331536960913,-0.4647787559703486,0.02034040078496102,0.40627191072662905,-0.6450988733215838,1.097223161072131,0.5582178369263148,-0.28219951393193743,0.16433396052248445,0.786693743325227,-0.519141927657538,0.6958769119733218,0.5002779571820566,-0.32545298268858175,1.107649061064057,0.5289221486903182,-0.2810352722935329,0.33726777215272397,0.3807032653038073,-0.2723226572898839,0.2386563291514158,0.08753125830892693,-0.32217559317089867,0.05565582431655453,0.4171238898836221,-0.46720736380049727,1.1492601842280254,0.15132235730720642,-0.6009266560046091,1.0121281403579456,0.1118170234146494,-0.641306125762447,1.0799860847706824,1.6183470345490814,-0.11301741776186089,0.13751000782709255,0.9865554671808582,-0.34456104128960746,0.7332591992735074,0.7889353844108958,-0.332260249959712,1.0666716304046429,0.6261054660310805,-0.272681948759698,1.2651071702407686,0.9516968559350395,-0.039205851563751906,1.2819656291544832,0.6622529057477481,-0.1612612859697532,1.2906024507339426,1.1042533280044196,0.29099599474313265,1.3411337599059603,1.0265000659898413,0.11960064316328808,1.323420510386789,1.5061272153791212,-0.10840942922806887,0.11821610589098462,1.3246331021485738,-0.15894210733325276,0.4826937625739748,1.558560639027728,-0.01294535704401141,0.10215409719292695,1.009982936824394,-0.06462903594635161,1.2152088766066445,1.2332601677503015,-0.08092846403157479,0.4297505971414363,0.8863463776790541,-0.5142688617011569,0.7238324973362171,0.694078210173853,-0.17062292317088867,1.1590832341585728,1.2523660872945719,-0.2320839302824033,0.5380860687486383,1.4433730394634978,-0.1517475372710764,0.3695587589843384,1.7081835534398917,0.03900184661199349,0.13106584317044712,0.8076405977176512,-0.12125528949183337,1.2191065190643664,1.0701380837832062,0.21227810630537838,1.2750719990951336,1.1252296191967082,0.17872658835736355,1.3382478743199482,0.6564208948059586,-0.20006833847192745,0.8355943227051109,0.7938899417586672,-0.4761904187944552,0.855177914662077,1.05478835105896,-19.242103576660156,4.182502746582031,-0.5120864510536194,-0.4357619881629944,-2.4435720443725586,688.6641845703125,-138.10398864746094,-994.8756713867188,-41.660770416259766,106.25281524658203,-35.153873443603516,-2.0303008556365967,24.7501220703125,-2.123991012573242,-3.8116133213043213,0.38771605491638184,2.7133047580718994
0.6146575500633544,-0.2861171168404699,1.1349156931141355,0.5769849252819226,-0.16621287926932832,1.018932122663157,0.10132141101685978,-0.48265910952888574,0.11672751770805051,0.7033915578924268,-0.322524899974564,0.6351777833226501,0.4685315446348381,-0.2067296341406983,1.2494653690334976,0.37376282063146316,-0.6083012845934621,1.179909035070053,0.512398414955234,-0.09802489593279676,1.2778987700970756,0.09859515664889335,-0.5496936161194416,1.047496277764933,0.22791964425057779,-0.5813593146027318,1.1229569679064466,0.17734051801708364,-0.5288937718465628,0.1063064511816036,0.4921462869900742,-0.25197367952359434,0.2760333031514622,0.16537834765599266,-0.46456704367667634,0.020536457432051573,0.40986302608488423,-0.6447984078862019,1.0981629585588215,0.5603051870469227,-0.28385081428368364,0.16265909085111896,0.7886736455145261,-0.5178672504543468,0.6950471806802496,0.5035672285501531,-0.3250921484551682,1.107967060922787,0.5313074848312417,-0.2810838489935098,0.3359098163562894,0.3828770379159625,-0.2724652732444915,0.23735524617776962,0.0878416339663283,-0.3219940603174121,0.055465198208312715,0.4210455509408422,-0.4670117181164539,1.1503608461642107,0.1546961668114,-0.5981557609032321,1.0147583435308065,0.1152389980359189,-0.6386826864338868,1.0825588448552896,1.6199283856429803,-0.11523458757591964,0.13677902171844675,0.989032997891603,-0.3438863924500958,0.7324160593037573,0.7916033341987244,-0.3321822872323706,1.0663988550767203,0.6291184512195209,-0.27204729784403414,1.2651302188832239,0.9557743035996987,-0.04126574712133177,1.2824396139738576,0.665115935912985,-0.1605570725849922,1.2906540622379605,1.1102933814588762,0.2885470268939504,1.3412747890349255,1.0314295001772067,0.11723777796110957,1.3239595550575003,1.5077318134686806,-0.10951385491632472,0.11760069523623445,1.3272530702960412,-0.15909055487209597,0.4827398598588855,1.5610920226337106,-0.01450179311576372,0.10164822461638623,1.013818334072631,-0.06681992891953882,1.21551398350703,1.2363522165263727,-0.08043842995847691,0.43029100053160396,0.8883376851776579,-0.5135532826777325,0.7230539808407525,0.6971825171780114,-0.17042741137525894,1.1590462214504647,1.2550797971668624,-0.23212493980759816,0.5379901253032369,1.4455748790542022,-0.1527124561912177,0.3692919838408761,1.711344232424995,0.03581527385564622,0.1305071962442224,0.8110691130358653,-0.12201565666901357,1.2192723820146345,1.0747495181118416,0.20985696245206895,1.2756019195184014,1.1305943593284153,0.17607450682595857,1.337961888668553,0.6589538255669424,-0.1992417163653484,0.8356542055377897,0.7962943793132606,-0.4754329872447134,0.8544135209148294,1.0633416175842285,-19.18299102783203,4.379007339477539,-0.5668979287147522,-0.43865966796875,-2.45780086517334,684.2631225585938,-140.63528442382812,-990.5225219726562,-41.3436279296875,105.80396270751953,-35.72540283203125,-1.9553993940353394,24.841150283813477,-1.9009169340133667,-3.8129963874816895,0.3323066234588623,2.7252721786499023
0.617647116152656,-0.28557888679946497,1.1349895110982933,0.5799039697015522,-0.16569548815686183,1.0191032128618254,0.10223181748034936,-0.48198157094961763,0.1173835266504856,0.7057738623871708,-0.3207816467774625,0.634665382224203,0.47149928042430744,-0.20637806480294033,1.249509158513404,0.3780235733022752,-0.6079739794036411,1.1811212972299943,0.5151615770447333,-0.09761151612199696,1.2780073454837926,0.10262270804667308,-0.5465592666967026,1.050758577340486,0.23206165413193347,-0.5797305316325055,1.1252223150619607,0.17821724239169365,-0.528297992336829,0.10677748296829248,0.49450129704759604,-0.2524878276104959,0.27449209662462704,0.16583300712487556,-0.4644109677794753,0.020792151585418653,0.4134583019262907,-0.6444577333942944,1.0989876314504257,0.5623902824540801,-0.28557715767266734,0.1610645822539235,0.7905930596471622,-0.5165124772400256,0.6942335813250763,0.5068769936530005,-0.32473315288688964,1.108269599889288,0.5336760314095099,-0.28115672425718496,0.3345442307705911,0.3850283103668137,-0.27259923270996045,0.2360765559981201,0.08820882706057946,-0.32178151173307407,0.05523744649839717,0.42500506568428686,-0.4668130594373539,1.1514019997704108,0.15811520143849953,-0.5953408586268394,1.017320610040071,0.11867731094162978,-0.6359447264513434,1.0851283839206822,1.621433210688711,-0.11741689992266771,0.1360401910859228,0.9915043952449267,-0.34326911130488313,0.7315214501311448,0.7944045268147196,-0.33217642836223377,1.0661742608278792,0.6321757120012447,-0.2714588819750097,1.2651999454624605,0.9598622329977173,-0.04335696541315669,1.2829314486080448,0.6680481911495031,-0.1599740299168012,1.290719819384695,1.1164249118590195,0.2860314711829685,1.3413135776456617,1.0363474997463604,0.11477759771591785,1.324448432353948,1.5092725280104884,-0.11059395352144114,0.11696629063380476,1.329844344530674,-0.15908281988655495,0.48293825766898146,1.5635422902391445,-0.016089795385518184,0.10109057751120322,1.0176648169953302,-0.06913389166854071,1.215861124708163,1.239439890084677,-0.07997032230263515,0.43083575229771087,0.8903595252542306,-0.5127938038465992,0.7222481662074461,0.7002934809552123,-0.17024606199848732,1.159090271059251,1.2578442917754318,-0.23219195906294893,0.5378831901297664,1.44775062838927,-0.15365887102701803,0.369040152884477,1.71431755545913,0.03265544268863886,0.12995555839001738,0.814522658357557,-0.12280042642197071,1.2194587252787408,1.0794581198534428,0.2073759646802549,1.276087497243818,1.1360106089257245,0.17330023794379462,1.3376123684131547,0.6615799645714412,-0.19841436281898955,0.8357544316361282,0.7986800812727568,-0.4746595982289472,0.8536211714049838,1.106261134147644,-19.276432037353516,4.544796466827393,-0.6448280811309814,-0.4758390188217163,-2.4704904556274414,681.429443359375,-143.89614868164062,-983.6446533203125,-41.12342071533203,105.38357543945312,-36.3632926940918,-1.7768155336380005,24.833728790283203,-2.049330711364746,-3.7892162799835205,0.29941123723983765,2.7252235412597656
0.6206637510400732,-0.28504951184751187,1.1350716293252856,0.5829091596090239,-0.1652089327031019,1.0192563812069546,0.1031748580419464,-0.4812745806199826,0.11804996862612809,0.7081773280110578,-0.3190072484265101,0.6341209026756666,0.47446105081513995,-0.2060256407454314,1.2495686248043516,0.38227874543887863,-0.6076564754279244,1.1822865032991825,0.5179024811414692,-0.0971775292264705,1.2781373065039021,0.10668021873478435,-0.543378335849339,1.0540431477376164,0.2362462075686215,-0.5780893175412488,1.1274660071789822,0.1791174932080783,-0.527672584680532,0.10725469102725285,0.49685970674090024,-0.2530070270430173,0.272961028068271,0.16631138546774715,-0.4642814828070584,0.021076348958697325,0.41705556623390944,-0.6440978413386061,1.0997572815576135,0.5644743002408387,-0.28733936721915426,0.15950848152305916,0.7924835640468344,-0.5151194228439142,0.6934276920872808,0.5101965535555452,-0.3243750360923887,1.1085647494587676,0.5360365535644505,-0.2812412128049806,0.3331749985944357,0.38716882906410066,-0.2727290548828264,0.23480856825677773,0.08860317554744267,-0.32155413945384376,0.054991950934740505,0.4289826722630599,-0.4666129607238517,1.1524147118953678,0.16155585101404704,-0.5925049235094464,1.0198504068204108,0.12212343258622838,-0.6331520323327048,1.087696383528362,1.62290146078495,-0.11958255245048069,0.13529761123242762,0.9939728612141892,-0.34267924854297516,0.730602241707164,0.7972694016647652,-0.33220503089443737,1.0659726943006578,0.6352541339121115,-0.27089256373857035,1.2652919813497177,0.9639551720477095,-0.04546315412943712,1.2834318144037233,0.6710135318980309,-0.15944889972344142,1.2907923373165509,1.1226001628582047,0.2834840903909792,1.3413035013028327,1.041260034240634,0.11227090660457992,1.3249133325965199,1.5107827099743267,-0.11166242521182189,0.11632280804167525,1.332421904762849,-0.15900043884156556,0.4832094461712616,1.565953789167846,-0.01769288444108263,0.10050818522688967,1.0215165982183239,-0.0715066745309836,1.2162283558324471,1.2425254725462551,-0.07951269418445252,0.43138258233173,0.8923959581070386,-0.5120133434897227,0.7214293046700244,0.7034076262783528,-0.1700714814248464,1.1591730636871413,1.2606330585006056,-0.23227140943933006,0.5377710015568512,1.4499139081168646,-0.15459644199897904,0.3687954643704244,1.71720133336964,0.02950839242830105,0.12940727045993936,0.8179881665485582,-0.12359685917070365,1.219654856928137,1.0842131619027116,0.20486636025621419,1.2765518817680561,1.1414514770176234,0.17046757069545884,1.3372324823543726,0.6642506516335025,-0.19758665968744177,0.8358739394423188,0.8010568287198905,-0.4738785824830959,0.8528154606850732,1.0777866840362549,-19.34634780883789,4.3656792640686035,-0.676157534122467,-0.5428104996681213,-2.4930267333984375,677.4055786132812,-148.1470947265625,-977.112060546875,-40.858402252197266,105.07295989990234,-36.45319747924805,-1.6358553171157837,24.709938049316406,-2.1865007877349854,-3.730452537536621,0.3669028878211975,2.709214448928833
0.6236803859274905,-0.2845201368955588,1.135153747552278,0.5859143495164956,-0.164722377249342,1.0194095495520838,0.10411789860354342,-0.48056759029034757,0.11871641060177056,0.7105807936349449,-0.31723285007555774,0.6335764231271303,0.47742282120597246,-0.2056732166879225,1.249628091095299,0.386533917575482,-0.6073389714522078,1.183451709368371,0.5206433852382051,-0.09674354233094404,1.2782672675240119,0.11073772942289563,-0.5401974050019754,1.0573277181347471,0.24043076100530952,-0.5764481034499922,1.1297096992960036,0.18001774402446294,-0.5270471770242351,0.10773189908621321,0.4992181164342044,-0.25352622647553874,0.27142995951191495,0.16678976381061877,-0.46415199783464145,0.021360546331975996,0.4206528305415282,-0.6437379492829178,1.1005269316648014,0.5665583180275972,-0.28910157676564124,0.15795238079219484,0.7943740684465065,-0.5137263684478028,0.6926218028494855,0.5135161134580899,-0.32401691929788784,1.1088598990282474,0.538397075719391,-0.2813257013527763,0.33180576641828036,0.3893093477613876,-0.27285887705569234,0.23354058051543536,0.08899752403430587,-0.32132676717461345,0.05474645537108383,0.4329602788418329,-0.46641286201034954,1.153427424020325,0.16499650058959453,-0.5896689883920534,1.0223802036007505,0.12556955423082697,-0.6303593382140662,1.0902643831360417,1.6243697108811888,-0.12174820497829367,0.13455503137893243,0.9964413271834516,-0.3420893857810672,0.7296830332831832,0.8001342765148108,-0.332233633426641,1.0657711277734365,0.6383325558229784,-0.27032624550213097,1.2653840172369748,0.9680481110977016,-0.04756934284571755,1.283932180199402,0.6739788726465588,-0.15892376953008167,1.290864855248407,1.1287754138573898,0.28093670959899,1.3412934249600037,1.0461725687349073,0.10976421549324197,1.3253782328390917,1.512292891938165,-0.11273089690220264,0.11567932544954573,1.3349994649950239,-0.15891805779657617,0.4834806346735417,1.5683652880965477,-0.01929597349664708,0.09992579294257613,1.0253683794413178,-0.07387945739342648,1.2165955869567315,1.2456110550078332,-0.0790550660662699,0.4319294123657491,0.8944323909598468,-0.5112328831328462,0.7206104431326027,0.7065217716014934,-0.1698969008512055,1.1592558563150317,1.2634218252257792,-0.2323508598157112,0.537658812983936,1.4520771878444594,-0.15553401297094005,0.36855077585637175,1.7200851112801505,0.026361342167963236,0.1288589825298613,0.8214536747395593,-0.12439329191943659,1.2198509885775333,1.0889682039519804,0.20235675583217347,1.2770162662922941,1.146892345109522,0.1676349034471231,1.3368525962955904,0.6669213386955637,-0.19675895655589398,0.8359934472485093,0.8034335761670243,-0.47309756673724457,0.8520097499651625,1.0081932544708252,-19.354833602905273,3.9425995349884033,-0.6022843718528748,-0.5718369483947754,-2.5129916667938232,669.0691528320312,-153.6280059814453,-971.7076416015625,-40.237186431884766,104.65756225585938,-36.454673767089844,-1.756652593612671,24.54047393798828,-2.376610517501831,-3.7236597537994385,0.38442462682724,2.6970295906066895
0.6260032923213693,-0.28409412912777715,1.1352317358879065,0.5881537776317028,-0.16428808823523933,1.0195923731816525,0.10491229138577617,-0.47999823858209,0.1192432206173409,0.7124461477363346,-0.3158431777496212,0.633131473960466,0.47972859832032627,-0.20537705240857523,1.2497046631298319,0.3898550481689687,-0.6070829362466635,1.1843178846583462,0.5228678797254499,-0.09642397007898779,1.278360725633356,0.1139480828227389,-0.537696121050822,1.0598443685383196,0.24368205224934794,-0.5751601949038095,1.1314095246870786,0.18073907395861796,-0.5265502223115883,0.108122452698796,0.5010269308425733,-0.2539037573120452,0.2702430774340566,0.16710630370094287,-0.4640539932922022,0.021552964779764216,0.4234241165763495,-0.643461214588178,1.1010890480698339,0.5681899395210064,-0.2904568055015526,0.15675661308283836,0.7958363430784238,-0.5126430292595301,0.6919566896182812,0.5160977816739619,-0.3237418865920692,1.1090815365314484,0.5402263339781603,-0.281390766088931,0.33074015452964417,0.39100520371996017,-0.2729691555168455,0.23255079757693586,0.0893112247353358,-0.3211457695787316,0.054546145481729744,0.43607883471132114,-0.4662502254081878,1.1541784608995678,0.16755710695160936,-0.5871696394208251,1.0244751627871533,0.12825996404057308,-0.6281398197278282,1.09225720877679,1.6254647786648857,-0.12340629385747262,0.13397777707174124,0.9983960613114944,-0.34157417413612073,0.7290002811231361,0.802324580238355,-0.33225193787489504,1.065598656996986,0.6406975589840618,-0.26987808212539216,1.2654651022510024,0.971267804602124,-0.0492475274395173,1.2843299381780309,0.6762878271128169,-0.15852239286366676,1.2909202407922176,1.1335791146123646,0.27891070760835873,1.3412288074067096,1.0500315279755372,0.10778773582188893,1.3256772180266727,1.5134650089882857,-0.11354668918281596,0.11515225750079612,1.3370188237815503,-0.15900335700207988,0.4836707440827856,1.5701746755088402,-0.0205130802825192,0.09946595351921012,1.0283820591620263,-0.07567087811300692,1.2168283701337725,1.247954136291087,-0.0786965869811197,0.4323746803777897,0.8959803642421369,-0.5105609323410009,0.7199363009819132,0.7089701917589895,-0.16975024700263477,1.1593189320422166,1.2655393114153124,-0.23240732268387118,0.5375790507193433,1.4537190088373146,-0.15621800528259466,0.36835324137613473,1.7222521532055557,0.02395360282813476,0.12843257635338418,0.8241832496117283,-0.12505793284057387,1.2200166656086777,1.0926468364450317,0.20039255019055296,1.2773522245173423,1.1511469751793817,0.16546238934164806,1.336504310566858,0.6690115228986109,-0.19609659562343792,0.8361091715413214,0.8052632995196526,-0.4725060663771945,0.8513889651227471,0.9930835962295532,-19.348430633544922,3.9349007606506348,-0.5325916409492493,-0.5384376645088196,-2.515410900115967,660.1632080078125,-157.73568725585938,-968.093017578125,-39.731998443603516,104.23009490966797,-37.16831970214844,-1.926183819770813,24.45928955078125,-2.685147762298584,-3.759403944015503,0.2887220084667206,2.6856119632720947
0.627987042562851,-0.2837186564278129,1.1353077051655347,0.5900188333151355,-0.16387935170274698,1.0197896949502805,0.10563401192031946,-0.47949617686650614,0.11970176611909801,0.7140484250933918,-0.3146415937025816,0.6327351840916059,0.4817136676106231,-0.20510839290966262,1.2497895979723392,0.392719536230264,-0.6068569524398703,1.185037867122928,0.5248399072924985,-0.09616033387499931,1.2784363378752146,0.11674427043720573,-0.5355271089155943,1.0619855913894853,0.24647708197697885,-0.5740450135129967,1.1328434596788015,0.18137293146146052,-0.5261160668158373,0.10847064191537185,0.502567054222751,-0.2542120279460553,0.269224464301242,0.16734372257002142,-0.4639713791821966,0.02170051353064593,0.4257915910111357,-0.6432251346032352,1.1015497035538124,0.5696003894932222,-0.29161306584118213,0.15573700818399724,0.7970892609349939,-0.5117111063950899,0.6913604002125217,0.5183187028430154,-0.3235074727740509,1.109267234802246,0.5417958632210231,-0.2814463347393945,0.32982297922601767,0.3924836690062718,-0.2730698792744946,0.23169702587538213,0.08958549762995827,-0.3209874440502647,0.0543679263664792,0.438777410234047,-0.4661059036160147,1.1548015676586834,0.1696874699647852,-0.5848348436766114,1.0263575347054084,0.13058091473105715,-0.6262005204396534,1.0939688382559265,1.6263774017624508,-0.12481624050842999,0.13348134858718774,1.000099637650496,-0.34109545859280016,0.7284331298032344,0.8041850936333864,-0.3322652077043293,1.0654404108098012,0.6427137796452502,-0.2694876833467294,1.2655408335047842,0.9740605780620447,-0.0507164655734371,1.2846775323349908,0.6782758816188533,-0.1581815179215362,1.2909672505018728,1.1377122796923906,0.27713960192061426,1.3411375252616327,1.053375405981051,0.10607047063230687,1.3258950891873695,1.514471849858366,-0.11423894930754273,0.11468210337769909,1.338765284083537,-0.15917063321893576,0.48382121482432283,1.5716896972908878,-0.02154148462543025,0.09906602882786304,1.0309860003705056,-0.07717807734052069,1.2169954232032725,1.2499342169982708,-0.07838658075656324,0.4327702958457517,0.8972895350677288,-0.5099420306698377,0.719332910531404,0.7110931462799476,-0.16961724621965396,1.1593723683957233,1.2673286160096426,-0.2324525472146786,0.5375151413165971,1.4551058944487414,-0.15677802580476594,0.3681787599790965,1.724068790871576,0.02190730438277826,0.1280657568120009,0.8265530348613561,-0.12565814220155308,1.2201674537153433,1.0957992242661532,0.19869498395367183,1.2776253965516753,1.1548216666606876,0.16361261677268335,1.3361714738883719,0.6708179057039172,-0.1955150686549825,0.8362230461164816,0.8068255888705221,-0.4720072179835364,0.8508585884871073,0.9981141090393066,-19.349363327026367,4.32531213760376,-0.552301824092865,-0.4859820604324341,-2.5142154693603516,653.117431640625,-160.91819763183594,-963.758544921875,-39.65943145751953,103.90624237060547,-38.22796630859375,-1.948947548866272,24.559677124023438,-2.576629638671875,-3.7811501026153564,0.1954057216644287,2.7025656700134277
0.6299707928043325,-0.28334318372784867,1.135383674443163,0.5918838889985683,-0.16347061517025466,1.0199870167189087,0.10635573245486274,-0.4789941151509222,0.12016031162085512,0.7156507024504489,-0.31344000965554203,0.6323388942227459,0.4836987369009199,-0.20483973341075004,1.2498745328148468,0.39558402429155926,-0.606630968633077,1.1857578495875098,0.5268119348595472,-0.09589669767101082,1.2785119501170734,0.11954045805167256,-0.5333580967803667,1.0641268142406513,0.24927211170460978,-0.5729298321221838,1.1342773946705242,0.18200678896430306,-0.5256819113200863,0.10881883113194772,0.5041071776029289,-0.2545202985800654,0.2682058511684273,0.16758114143909994,-0.463888765072191,0.021848062281527646,0.42815906544592186,-0.6429890546182924,1.1020103590377908,0.571010839465438,-0.29276932618081164,0.15471740328515612,0.7983421787915639,-0.5107791835306497,0.690764110806762,0.520539624012069,-0.3232730589560326,1.1094529330730438,0.543365392463886,-0.2815019033898581,0.32890580392239116,0.3939621342925834,-0.2731706030321437,0.23084325417382837,0.08985977052458072,-0.32082911852179774,0.05418970725122866,0.44147598575677277,-0.4659615818238416,1.1554246744177987,0.17181783297796102,-0.5825000479323976,1.0282399066236634,0.13290186542154125,-0.6242612211514784,1.095680467735063,1.6272900248600157,-0.12622618715938735,0.1329849201026342,1.0018032139894977,-0.34061674304947953,0.7278659784833328,0.8060456070284179,-0.3322784775337636,1.0652821646226163,0.6447300003064387,-0.26909728456806664,1.265616564758566,0.9768533515219654,-0.052185403707356894,1.2850251264919508,0.6802639361248899,-0.15784064297940562,1.2910142602115278,1.1418454447724167,0.2753684962328698,1.3410462431165557,1.056719283986565,0.1043532054427248,1.3261129603480661,1.5154786907284463,-0.11493120943226949,0.11421194925460204,1.3405117443855235,-0.15933790943579168,0.48397168556586007,1.5732047190729355,-0.0225698889683413,0.09866610413651597,1.0335899415789849,-0.07868527656803448,1.2171624762727724,1.2519142977054543,-0.07807657453200678,0.43316591131371374,0.8985987058933206,-0.5093231289986744,0.7187295200808949,0.7132161008009056,-0.16948424543667315,1.1594258047492298,1.269117920603973,-0.23249777174548597,0.5374512319138508,1.456492780060168,-0.1573380463269372,0.3680042785820582,1.725885428537596,0.01986100593742176,0.12769893727061768,0.828922820110984,-0.12625835156253232,1.220318241822009,1.0989516120872747,0.19699741771679066,1.2778985685860085,1.1584963581419936,0.16176284420371864,1.335838637209886,0.6726242885092235,-0.19493354168652705,0.8363369206916418,0.8083878782213917,-0.4715083695898783,0.8503282118514675,0.99799644947052,-19.3497257232666,4.4885969161987305,-0.578649640083313,-0.44118425250053406,-2.514286518096924,647.861083984375,-164.05357360839844,-957.366455078125,-39.72288513183594,103.67330169677734,-38.46234893798828,-1.962270736694336,24.6357479095459,-2.192429304122925,-3.7616162300109863,0.23839205503463745,2.7538557052612305
0.6326369706368605,-0.2829207608241909,1.1354660968117367,0.594459326851447,-0.1629049845582602,1.0202466478410936,0.10732065220147571,-0.47828229492073815,0.12077621402626007,0.7177732867120907,-0.31178499679297006,0.6318934259825195,0.4864134286215764,-0.20449992461709784,1.2499971283192666,0.399393619093674,-0.6063482425860222,1.1866212546430677,0.5294803011891069,-0.09553387825260098,1.2786475443682135,0.12330462087858601,-0.5304255834873148,1.067005884568423,0.253018724405213,-0.5713845416410079,1.1361792316499926,0.18290973903722324,-0.5250900253554843,0.10928514629405067,0.506183178614307,-0.2549476009725735,0.2668530062729159,0.16796225728775493,-0.4636921044809139,0.022054355813572745,0.43129716191860235,-0.6426361445954304,1.1025356247725075,0.5728833598411637,-0.29434317291177664,0.15341101932209844,0.8000166633271224,-0.509457126358487,0.6899631737873254,0.5235569597474787,-0.3229797210124944,1.1096790160564398,0.5454588121925759,-0.281560044020217,0.3277103192364143,0.39598049716838946,-0.2732983557199011,0.2296998338983548,0.09021897991465418,-0.32062998512722796,0.05395854766548469,0.44510373364615924,-0.4657766174599035,1.1562168310020144,0.17485369159685862,-0.5795362212800031,1.0306806824854668,0.13608391365862849,-0.6216343106418255,1.0979076833124983,1.628448367908301,-0.1280813755973286,0.13233802418243015,1.0039871224504433,-0.34016070588929764,0.7270623901427187,0.8085838801023977,-0.3322841901060761,1.0650843006885604,0.6474680811758863,-0.26862185177029363,1.2657321517830653,0.9806182937116813,-0.05420058094803866,1.2854712096271137,0.6829455788956573,-0.15736582672951235,1.291104352237373,1.1474167499321188,0.27293781985510257,1.340823704043761,1.061226384529215,0.10204784944653505,1.3264352710831244,1.516752594354137,-0.11586157770346335,0.11357368913707352,1.3428119803896015,-0.15951575787848984,0.48406862738906153,1.575214142830956,-0.023958251071440107,0.09812316182532056,1.0371002247001953,-0.08081420565283068,1.2173958057599352,1.254611491367517,-0.07769935797677924,0.433678707243591,0.9003079022398058,-0.5084359480055752,0.7178679795454669,0.7161208975394041,-0.16931499229953778,1.159499076423266,1.2715647264032175,-0.2326126347807859,0.5373581381428321,1.458327970362657,-0.15808716687737714,0.36775632715777845,1.7282006468204474,0.017191817681767616,0.12722276891304166,0.8321481556292402,-0.12710137995860438,1.2205103402895643,1.1031794445404155,0.19465846316703891,1.2782167271273026,1.1633696583722601,0.1592469123124286,1.335309219281405,0.6750748960782361,-0.19412946242172985,0.8365245694356249,0.8105013250120429,-0.47076107719481386,0.8495874221356499,0.993658721446991,-19.35407066345215,4.438514232635498,-0.5691771507263184,-0.4135693907737732,-2.5164337158203125,642.4950561523438,-166.64024353027344,-952.4625244140625,-39.493675231933594,103.48700714111328,-37.784828186035156,-2.068366050720215,24.50358772277832,-2.5332179069519043,-3.7029354572296143,0.30923429131507874,2.7688331604003906
0.635644362264911,-0.2824748628186864,1.1355517457257833,0.5973899557890481,-0.1622609069065148,1.0205374336400568,0.1084071715541233,-0.4774655954332541,0.1214707948834888,0.7201560244260244,-0.30990326952263225,0.63142336855661,0.4894929315574121,-0.20412454117607598,1.2501385541546424,0.4036757672661976,-0.6060371454188366,1.187556370994113,0.5324968368999216,-0.09512146722698055,1.2788131296239942,0.12755277131172194,-0.5271113196153515,1.0702538786344968,0.2572411285923016,-0.5696241966146508,1.1383150196233331,0.183947235395182,-0.5244192741564567,0.10981052442891708,0.5085271184412848,-0.2554344192443304,0.26533304549605646,0.16841522162619804,-0.46343842064900115,0.022290021736199487,0.4348205694102293,-0.6422248195536089,1.1030931956325936,0.5749869154186438,-0.29612581283840905,0.1519612458269328,0.8019019312021748,-0.5079400020324631,0.6890599129610504,0.526972502766066,-0.3226569210061964,1.1099252913961348,0.5478141771641788,-0.28161947064052356,0.32637567985926247,0.3982688088389421,-0.2734396228727126,0.22841158933592162,0.09062065755245306,-0.3204104477996068,0.05370091784449406,0.4491960677188752,-0.4655713318100828,1.1570935124987798,0.17834229801861645,-0.5762578791735189,1.033400660319044,0.1396965106690166,-0.6186635945214342,1.1003926919390823,1.6297295709319461,-0.13015918492876136,0.13161589454440092,1.0064111969723606,-0.3397160079206852,0.7261405832917486,0.811461033015851,-0.33228612404982777,1.064866627881069,0.6505670921494628,-0.2681039019629655,1.2658676666929232,0.984869320266294,-0.056488877742100964,1.2859665372513778,0.6859740157987897,-0.1568240398257379,1.2912159854213134,1.1537071251316575,0.2701773581323245,1.3405355365071077,1.066315096340432,0.09944844804704196,1.3268098016053635,1.5181600293576323,-0.11691100004789053,0.11285137602232942,1.3453891042447248,-0.15969889243410912,0.4841388047530951,1.5774707675769628,-0.025526592054632483,0.09750871070420113,1.0410636787777703,-0.0832539996662676,1.2176622734559293,1.2576672415070185,-0.07728853625621623,0.43425009340442566,0.9022171113467374,-0.5074146273515082,0.7168773639675797,0.7194166153866722,-0.1691276129853252,1.159582265757567,1.2743402828049186,-0.2327623170683321,0.5372504521876771,1.4603873130106768,-0.15893083744195122,0.367471640719878,1.7307651554117138,0.01421118452096526,0.12669192614736938,0.83580126628181,-0.12806581787222265,1.2207230939375644,1.107944999309565,0.19199881446085235,1.2785573789220772,1.1688422629770063,0.1563979007599765,1.3346815107279266,0.6778476160291014,-0.19321410700876193,0.8367491052640195,0.8128903505225844,-0.46988956279904637,0.8487414258797438,1.0152536630630493,-19.333513259887695,4.533547878265381,-0.5916699767112732,-0.43640583753585815,-2.5058960914611816,632.039306640625,-169.3491973876953,-948.2390747070312,-38.94718933105469,103.21468353271484,-37.56239700317383,-2.126790761947632,24.30135726928711,-3.4492857456207275,-3.6608383655548096,0.28050053119659424,2.704723358154297
0.6386517538929615,-0.2820289648131819,1.13563739463983,0.6003205847266492,-0.1616168292547694,1.0208282194390201,0.10949369090677089,-0.47664889594577015,0.12216537574071752,0.722538762139958,-0.30802154225229444,0.6309533111307005,0.4925724344932478,-0.2037491577350541,1.2502799799900182,0.4079579154387212,-0.605726048251651,1.1884914873451586,0.5355133726107362,-0.09470905620136011,1.2789787148797749,0.13180092174485786,-0.5237970557433882,1.073501872700571,0.2614635327793901,-0.5678638515882936,1.140450807596674,0.1849847317531408,-0.5237485229574292,0.11033590256378346,0.5108710582682626,-0.25592123751608736,0.26381308471919696,0.16886818596464115,-0.4631847368170884,0.02252568765882623,0.4383439769018562,-0.6418134945117875,1.1036507664926793,0.5770904709961239,-0.2979084527650415,0.15051147233176715,0.8037871990772271,-0.5064228777064395,0.6881566521347754,0.5303880457846532,-0.3223341209998984,1.1101715667358296,0.5501695421357816,-0.2816788972608301,0.32504104048211063,0.4005571205094948,-0.2735808900255241,0.22712334477348842,0.09102233519025194,-0.32019091047198567,0.053443288023503434,0.4532884017915912,-0.46536604616026217,1.1579701939955451,0.1818309044403743,-0.5729795370670346,1.0361206381526213,0.1433091076794047,-0.6156928784010428,1.1028777005656665,1.6310107739555915,-0.13223699426019414,0.13089376490637172,1.0088352714942779,-0.3392713099520728,0.7252187764407784,0.8143381859293045,-0.3322880579935794,1.0646489550735776,0.6536661031230394,-0.26758595215563746,1.2660031816027812,0.9891203468209068,-0.05877717453616327,1.2864618648756418,0.6890024527019221,-0.1562822529219634,1.2913276186052538,1.1599975003311962,0.2674168964095465,1.3402473689704542,1.071403808151649,0.09684904664754887,1.3271843321276027,1.5195674643611274,-0.11796042239231772,0.1121290629075853,1.3479662280998481,-0.1598820269897284,0.4842089821171287,1.5797273923229695,-0.02709493303782486,0.09689425958308168,1.0450271328553455,-0.08569379367970455,1.2179287411519233,1.2607229916465201,-0.07687771453565323,0.4348214795652604,0.9041263204536689,-0.5063933066974413,0.7158867483896926,0.7227123332339405,-0.16894023367111258,1.159665455091868,1.2771158392066195,-0.23291199935587825,0.5371427662325221,1.4624466556586966,-0.1597745080065253,0.3671869542819775,1.7333296640029805,0.011230551360162905,0.12616108338169707,0.8394543769343796,-0.12903025578584096,1.2209358475855645,1.1127105540787143,0.1893391657546658,1.2788980307168518,1.1743148675817523,0.1535488892075244,1.3340538021744481,0.6806203359799667,-0.19229875159579404,0.8369736410924141,0.815279376033126,-0.46901804840327893,0.8478954296238376,1.0818878412246704,-19.27250862121582,4.661406517028809,-0.6364261507987976,-0.4691881239414215,-2.4750194549560547,621.4695434570312,-171.3697509765625,-943.45947265625,-38.33738708496094,102.88443756103516,-38.417388916015625,-2.1746983528137207,24.14202880859375,-3.9363436698913574,-3.6644201278686523,0.21051299571990967,2.6283249855041504
0.6417602988465728,-0.2816316222414276,1.135751367010028,0.6033405939869529,-0.16098680505097315,1.0211546523681538,0.1106483512712234,-0.4757772557782812,0.12286103775860449,0.7249943822227564,-0.3060249527361222,0.6304587495840149,0.4956890873561628,-0.2033183151819059,1.2504338744460353,0.41221964788555254,-0.6053985187549465,1.189360506881941,0.538526115235903,-0.09426878108982224,1.279191969640997,0.1361305283641573,-0.5204597577353981,1.0766914348728605,0.26573942734903006,-0.5661238501008775,1.1425140413227457,0.18611433512426356,-0.5230157174021993,0.11086615330434786,0.5132268498472817,-0.25638511352586424,0.2623134281066871,0.16940784002870116,-0.46288003007702483,0.022760250682739007,0.4418792689576839,-0.6414175518103783,1.104186261331798,0.579153405120041,-0.2997208795701429,0.1491370158677071,0.8055505763418624,-0.5049080764813141,0.6873056807660111,0.5338488170840089,-0.32199572865536674,1.110442018074705,0.5525698597660125,-0.2816978402386438,0.3236968593289522,0.4028407072290677,-0.27369762024539984,0.22586023432529542,0.09139561390393218,-0.31999413165825097,0.053188743365817547,0.4574083440153799,-0.46513817918221684,1.1587861336224914,0.18540562637495633,-0.5697749829450195,1.0387402632773315,0.14690649953504226,-0.6126633628906797,1.1053794565185013,1.6322547023659508,-0.1343030240263368,0.13011343634089106,1.011179678092729,-0.33884150870391083,0.7243529996335113,0.8172078707952369,-0.33232545531940777,1.0644271873085704,0.6568197004052972,-0.2670812912729403,1.266128800365309,0.9934060492657663,-0.06114543866464801,1.2869291577907587,0.6920779816164871,-0.1557063380910072,1.2915570080675036,1.1663449686884082,0.2645927856596104,1.339850658809902,1.0765555718087196,0.09414534687699895,1.327513345622069,1.5209206936769926,-0.11900995793869545,0.1114008944629637,1.3505438244500694,-0.15996588179409899,0.48438080498911684,1.5818518496901781,-0.028659191778213182,0.09626056084915116,1.0490436376325336,-0.08824416467093442,1.2181927413735167,1.2637942028756168,-0.07649836131673779,0.43540291937179115,0.9059716770980529,-0.5054286460805414,0.7149083258103063,0.7260446694513026,-0.16882858154000036,1.1597558631012772,1.2799076704394734,-0.23314655357540046,0.5370489401335748,1.464452343863367,-0.16060055844140358,0.36688382741039166,1.7357684626484546,0.00827198199267129,0.1256112374538026,0.8431005839085732,-0.12993136951268103,1.2211621460930402,1.1175627066994338,0.18661023745473682,1.2792155827512803,1.179860026433767,0.15057433177007784,1.3333571880858466,0.6834194106574086,-0.1913585639404541,0.8372211060579249,0.8175991810118123,-0.46818073740266025,0.8470848442505527,1.1062167882919312,-19.247093200683594,4.459238052368164,-0.6577035188674927,-0.4861513078212738,-2.461812734603882,614.8551025390625,-173.51483154296875,-936.179931640625,-37.76161193847656,102.42350006103516,-39.58338928222656,-2.277926445007324,24.1235294342041,-3.6364245414733887,-3.709367513656616,0.18707799911499023,2.615161418914795
0.6449205612899451,-0.2812591050042222,1.1358798205457776,0.6064063014573609,-0.16036396606868467,1.0214993108976755,0.11183785064923052,-0.4748775256390603,0.12355725255036196,0.727487265471591,-0.30396963665816956,0.6299516596146767,0.49882473416675793,-0.2028591175939863,1.250594143835914,0.41647094221699316,-0.6050625877664578,1.1901957325588,0.5415369185390851,-0.09381425967871748,1.2794295967809413,0.14050178175533054,-0.5171106828759048,1.0798511220919376,0.27004267038493757,-0.5643942498213408,1.1445401796441994,0.18729103080286885,-0.5222511848077079,0.11139889530196095,0.5155887009686981,-0.2568372596573356,0.2608241525706866,0.16999181665924212,-0.4625492364365533,0.02299424981858754,0.445420637332051,-0.6410294737642175,1.1047104691827534,0.5811955703804824,-0.3015485357567175,0.14780106735940013,0.8072516335951572,-0.5033944630070238,0.6864814438567256,0.5373327126171416,-0.32164936428827956,1.1107248300748156,0.5549931607104295,-0.2816960848127769,0.3223477996737752,0.4051218781842301,-0.27380180526648135,0.2246099744016761,0.09175437286693529,-0.319808988776428,0.05293577608485885,0.4615424016848305,-0.4648987668634251,1.1595710172558462,0.18902437729353935,-0.5666081550105518,1.04130858025014,0.15049611732659748,-0.6096037845343154,1.1078897750140815,1.6334795730792924,-0.13636303115759463,0.12930335193280354,1.013483352219032,-0.33841932382409934,0.7235158697658817,0.8200737374113095,-0.33238098429923024,1.064203325881074,0.6600012064769568,-0.2665834247276483,1.2662493594434878,0.9977094807372188,-0.06355458834757473,1.2873821171703717,0.6951775876496801,-0.15511297439502564,1.2918466037472351,1.1727216275322516,0.2617361325499238,1.339398453172469,1.0817395724997616,0.0913883216235022,1.3278190872527116,1.522246208806701,-0.12005955136276239,0.1106697323158482,1.3531216623767321,-0.15999897702640256,0.48460459699299163,1.5839087327584525,-0.030221363356867367,0.09561702123047501,1.05308726607569,-0.09085107125983331,1.2184554800292513,1.2668733190227028,-0.07613509725655941,0.4359894993881516,0.9077843873706085,-0.5044929545052004,0.7139361372451909,0.7293957278428488,-0.16875564706641316,1.1598499618618694,1.2827078226386317,-0.23342450096315107,0.536962200276899,1.4664305997210623,-0.16141760008816686,0.3665712723471471,1.7381429885396895,0.005324693361608732,0.12505167562341848,0.8467432611825451,-0.1308001069635745,1.2213953697918267,1.122459134913438,0.1838458880091345,1.279521324381923,1.1854422806904015,0.14753558545909973,1.3326253440995879,0.6862319599318978,-0.19040568010104414,0.8374802941912847,0.8198835950418814,-0.4673609138521927,0.8462923636894353,1.0507739782333374,-19.3049259185791,4.134035110473633,-0.6450825333595276,-0.48403429985046387,-2.4916911125183105,615.0775756835938,-176.8646240234375,-926.2601928710938,-37.357513427734375,101.78682708740234,-40.49095153808594,-2.380335807800293,24.21503448486328,-3.2929975986480713,-3.7120397090911865,0.23295007646083832,2.660222291946411
0.648080823733317,-0.2808865877670168,1.136008274081527,0.6094720089277683,-0.1597411270863963,1.0218439694271972,0.11302735002723745,-0.4739777954998396,0.12425346734211931,0.7299801487204254,-0.30191432058021733,0.6294445696453386,0.5019603809773525,-0.20239992000606677,1.2507544132257928,0.420722236548433,-0.6047266567779693,1.1910309582356584,0.5445477218422667,-0.09335973826761279,1.2796672239208853,0.14487303514650302,-0.5137616080164121,1.083010809311014,0.2743459134208443,-0.5626646495418044,1.1465663179656527,0.18846772648147395,-0.5214866522132167,0.11193163729957395,0.5179505520901142,-0.2572894057888069,0.25933487703468633,0.17057579328978295,-0.46221844279608193,0.023228248954436034,0.4489620057064174,-0.6406413957180567,1.1052346770337085,0.5832377356409236,-0.3033761919432917,0.14646511885109334,0.8089526908484515,-0.5018808495327338,0.6856572069474404,0.5408166081502735,-0.32130299992119243,1.111007642074926,0.5574164616548462,-0.2816943293869101,0.32099874001859835,0.4074030491393922,-0.27390599028756285,0.22335971447805703,0.09211313182993833,-0.31962384589460513,0.0526828088039002,0.4656764593542804,-0.4646593545446333,1.1603559008892008,0.19264312821212173,-0.5634413270760847,1.0438768972229482,0.1540857351181521,-0.6065442061779517,1.1104000935096614,1.6347044437926337,-0.13842303828885213,0.12849326752471613,1.015787026345335,-0.337997138944288,0.7226787398982523,0.8229396040273816,-0.33243651327905277,1.0639794644535772,0.6631827125486157,-0.2660855581823564,1.2663699185216664,1.0020129122086705,-0.06596373803050103,1.2878350765499846,0.6982771936828726,-0.15451961069904419,1.2921361994269667,1.179098286376094,0.25887947944023765,1.3389462475350362,1.0869235731908025,0.08863129637000591,1.3281248288833543,1.5235717239364093,-0.12110914478682913,0.10993857016873285,1.3556995003033947,-0.1600320722587061,0.48482838899686637,1.5859656158267266,-0.03178353493552129,0.09497348161179897,1.0571308945188458,-0.09345797784873178,1.2187182186849859,1.2699524351697882,-0.07577183319638109,0.43657607940451193,0.9095970976431638,-0.5035572629298596,0.7129639486800756,0.7327467862343944,-0.168682712592826,1.1599440606224616,1.2855079748377893,-0.23370244835090162,0.5368754604202233,1.468408855578757,-0.16223464173493002,0.3662587172839026,1.7405175144309237,0.0023774047305466766,0.12449211379303446,0.8503859384565162,-0.1316688444144678,1.2216285934906133,1.1273555631274417,0.1810815385635327,1.2798270660125657,1.191024534947035,0.1444968391481221,1.3318935001133294,0.6890445092063865,-0.1894527962616343,0.8377394823246445,0.82216800907195,-0.4665410903017253,0.8454998831283178,0.9851254820823669,-19.356548309326172,4.085752487182617,-0.618479311466217,-0.46591413021087646,-2.517860174179077,618.6641235351562,-180.9256134033203,-921.46923828125,-37.40753173828125,101.32019805908203,-41.03584289550781,-2.4555552005767822,24.301055908203125,-3.3652255535125732,-3.6711647510528564,0.2870558202266693,2.700866460800171
0.6512257022573456,-0.28034202724892576,1.136174711960041,0.6125608769473647,-0.15910338615344857,1.0221980068067842,0.11426512605899204,-0.4730297447435115,0.12493693601611428,0.7326070062372065,-0.2998247261078944,0.6289227079871476,0.5051182374259491,-0.2019797814208151,1.2509764006595738,0.4249826622325059,-0.6044135346317923,1.1917525174601977,0.5476176900579437,-0.09291628585351229,1.2799422883040068,0.14928019846117213,-0.5103063567584717,1.0861767490968006,0.2786977245712907,-0.560907394680756,1.148568670481246,0.18966161997507727,-0.5206674357123723,0.1124255563940433,0.5203359936246806,-0.25778684395038526,0.2578577353859581,0.17122857094995225,-0.46201425711840194,0.023494422756480827,0.45246263470081266,-0.6402181860626929,1.105619009756884,0.5852977467688502,-0.305195101049562,0.14518462930688808,0.8107071163638536,-0.5002727832225776,0.6847694804336852,0.5443193134882589,-0.3209875466807789,1.1112733116213058,0.5598050348016598,-0.28166439833230533,0.3196823695637534,0.4096552042771647,-0.27400844933970875,0.2221212530175583,0.09248025685746145,-0.31940301779090174,0.05243825969218421,0.46981269239589823,-0.4644366548156107,1.1610363145537723,0.19630334797679155,-0.5602049132846052,1.0464107729741277,0.1577682751693469,-0.6033939656042898,1.1128779507630706,1.6358483958718002,-0.1404153841812877,0.12769025633271966,1.0182036114054798,-0.3375772531853607,0.72182804977657,0.8257838732359423,-0.3324414094947032,1.0637944731491291,0.666396614731542,-0.2655981451470331,1.2665075158441303,1.00637837435236,-0.06840018814565305,1.2882705287428091,0.701384602398272,-0.15398751890027765,1.2924693546547794,1.1855422645215161,0.2559738022996893,1.338302739408632,1.0921733300417458,0.08580298859946806,1.3283418101190732,1.5248416172747579,-0.12216923405595162,0.10922736413036759,1.3583080018592983,-0.1602620093633007,0.4850070322586211,1.5879056280022423,-0.03328422456979736,0.09429401904344566,1.0611857515297185,-0.09604947772247086,1.2190355370376282,1.2729330473388265,-0.0754459265940237,0.43715561225714267,0.9114347139731146,-0.5026076463674078,0.7120294709079313,0.7361084609631667,-0.1685643851362317,1.160106677093253,1.2883049486488694,-0.23401812607089412,0.5367484957177118,1.4703739810463607,-0.16307565481062747,0.36595365878762004,1.742752738346327,-0.00045021619518190864,0.12387514721281488,0.8541555167823434,-0.13268824918380626,1.2218571798690896,1.1322838533793058,0.1782221956955679,1.2800380552051873,1.196644226446846,0.14136607264051407,1.3310834469384707,0.6919344860986365,-0.1884366312366449,0.8380384524136979,0.8244976630274031,-0.4656125828130357,0.8446171702138636,0.9340435862541199,-19.3560848236084,4.242271423339844,-0.623389482498169,-0.47755229473114014,-2.502293586730957,616.009521484375,-186.97451782226562,-927.772705078125,-37.75709915161133,100.67367553710938,-41.983642578125,-2.47347354888916,24.31448745727539,-3.6404876708984375,-3.6712796688079834,0.2806006073951721,2.706486701965332
0.6543625391871725,-0.2797075350158262,1.1363610052904547,0.6156618516176742,-0.15845785556447425,1.022556946767087,0.11552813761429678,-0.4720564354827862,0.12561374194673355,0.7353038957576878,-0.2977172133839683,0.6283931247643287,0.5082877034580471,-0.2015800600415034,1.2512306497981216,0.4292478611236377,-0.6041123352895509,1.1924146601301155,0.550718585386971,-0.09247861950602752,1.2802369221551528,0.15370613287221524,-0.5067956042013421,1.0893459572697317,0.2830749235997927,-0.5591356840157351,1.1505585895074124,0.19086450323561172,-0.5198196344422978,0.1128991816982331,0.5227337665115761,-0.2583079574913379,0.25638693645103083,0.1719173127847002,-0.4618762528758175,0.023777415134037375,0.45594196811022353,-0.6397766121570637,1.1059302259359929,0.5873670864184172,-0.30700943781840095,0.14393312967573568,0.8124894389253579,-0.4986153438391275,0.6838485661721387,0.5478318512242362,-0.32068825152930835,1.1115300203395995,0.562175454781545,-0.281619739108133,0.3183830866454453,0.4118921920558475,-0.2741100061808201,0.22088895893550864,0.09285175505507466,-0.31916353604848813,0.05219811098711775,0.4739500625638773,-0.4642226912130583,1.16166211891648,0.19998524463828043,-0.5569321250678687,1.0489266453594561,0.16149938821989976,-0.6001963334170398,1.115338839639891,1.636950049574012,-0.14237236169888487,0.12689094250367966,1.0206792180901332,-0.33715856923962273,0.7209702713402691,0.8286168528905768,-0.3324198385836273,1.0636298003180926,0.6696274512453585,-0.2651161964464661,1.2666540195215616,1.0107762616201743,-0.07085090894128712,1.2886968294516306,0.7044960897884622,-0.153487455593237,1.292825279646362,1.192021432301856,0.2530424989611897,1.337559232253902,1.097457459430821,0.08293741951320341,1.3285123938756274,1.5260824355858051,-0.12323480978953524,0.10852658969430339,1.3609325321304877,-0.16059484108295663,0.4851620750415404,1.5897845485747255,-0.03475277591496709,0.09359577856957911,1.0652464780191713,-0.09863292408601342,1.2193813856863818,1.275862168792068,-0.07513954775370904,0.4377314613650966,0.9132853493785227,-0.5016507508344208,0.7111147055957491,0.7394756851409445,-0.16842232952942912,1.160305109639831,1.2911002610298183,-0.2343535264645586,0.5366005043912407,1.4723322429009622,-0.1639291984059953,0.3656525189513402,1.7449151453198186,-0.00321528354766845,0.12322817360427205,0.8579914297489142,-0.13378641186960488,1.2220833421937678,1.1372287987873255,0.1753131971750038,1.280199514714298,1.2022834874146822,0.13818720466648501,1.3302325116877525,0.6948649365183533,-0.18738738741010227,0.838358217615955,0.8268509651256714,-0.46462726326572973,0.8436872903874378,0.9360669255256653,-19.298826217651367,4.259278774261475,-0.6679777503013611,-0.514573872089386,-2.464521646499634,601.9284057617188,-191.79367065429688,-936.1046752929688,-37.71971893310547,99.84696197509766,-42.96272277832031,-2.407468557357788,24.27754020690918,-3.821268081665039,-3.69740891456604,0.2539610266685486,2.696403980255127
0.6574993761169988,-0.2790730427827267,1.1365472986208682,0.6187628262879832,-0.15781232497550007,1.02291588672739,0.11679114916960132,-0.47108312622206105,0.12629054787735275,0.7380007852781686,-0.2956097006600425,0.6278635415415101,0.5114571694901446,-0.20118033866219173,1.2514848989366696,0.4335130600147688,-0.6038111359473096,1.1930768028000331,0.5538194807159978,-0.09204095315854283,1.2805315560062989,0.1581320672832576,-0.503284851644213,1.0925151654426624,0.28745212262829395,-0.5573639733507144,1.1525485085335787,0.19206738649614596,-0.5189718331722235,0.1133728070024228,0.5251315393984711,-0.2588290710322904,0.25491613751610387,0.17260605461944806,-0.46173824863323315,0.024060407511593877,0.4594213015196338,-0.6393350382514348,1.1062414421151017,0.5894364260679839,-0.3088237745872396,0.1426816300445835,0.8142717614868619,-0.4969579044556776,0.6829276519105925,0.551344388960213,-0.3203889563778378,1.111786729057893,0.5645458747614298,-0.2815750798839607,0.31708380372713735,0.41412917983452996,-0.27421156302193145,0.2196566648534592,0.09322325325268782,-0.3189240543060745,0.05195796228205132,0.47808743273185567,-0.464008727610506,1.1622879232791876,0.20366714129976868,-0.5536593368511328,1.0514425177447841,0.16523050127045197,-0.5969987012297903,1.1177997285167112,1.6380517032762236,-0.1443293392164817,0.1260916286746398,1.0231548247747864,-0.3367398852938848,0.7201124929039684,0.8314498325452109,-0.3323982676725514,1.0634651274870563,0.6728582877591744,-0.26463424774589916,1.266800523198993,1.0151741488879877,-0.07330162973692078,1.2891231301604518,0.7076075771786519,-0.15298739228619646,1.2931812046379443,1.1985006000821952,0.2501111956226906,1.3368157250991721,1.1027415888198953,0.08007185042693925,1.3286829776321816,1.5273232538968522,-0.12430038552311869,0.1078258152582393,1.3635570624016766,-0.16092767280261247,0.4853171178244597,1.5916634691472085,-0.036221327260136556,0.09289753809571269,1.0693072045086234,-0.10121637044955555,1.219727234335135,1.2787912902453087,-0.07483316891339442,0.4383073104730505,0.9151359847839304,-0.5006938553014338,0.7101999402835669,0.7428429093187218,-0.16828027392262654,1.1605035421864087,1.2938955734107667,-0.234688926858223,0.5364525130647697,1.4742905047555632,-0.16478274200136295,0.3653513791150605,1.74707755229331,-0.005980350900154519,0.12258119999572933,0.8618273427154843,-0.1348845745554033,1.2223095045184458,1.1421737441953443,0.17240419865444015,1.2803609742234086,1.2079227483825177,0.1350083366924565,1.3293815764370345,0.6977953869380698,-0.18633814358355988,0.8386779828182119,0.8292042672239391,-0.46364194371842393,0.8427574105610122,1.0896607637405396,-19.242538452148438,4.261092185974121,-0.6826779842376709,-0.5085324645042419,-2.4311363697052,581.6778564453125,-192.8769989013672,-928.130126953125,-37.82963180541992,99.08412170410156,-42.60900115966797,-2.2361278533935547,24.187482833862305,-3.900817394256592,-3.7071075439453125,0.27247393131256104,2.675806760787964
0.660676740751361,-0.2784688978499135,1.1366984808681817,0.621926499320971,-0.15714665334548386,1.023324907812851,0.11813578494386551,-0.4700960556402902,0.1269358915110297,0.740637717065432,-0.29345626946514036,0.627257854141147,0.5146945953763871,-0.20075847247973186,1.2517071395915076,0.43773979313720895,-0.6035159996013768,1.1936121267198727,0.5570237313872138,-0.0916120161037177,1.2808390139349248,0.16265172928275615,-0.4998107614698792,1.0957053420164724,0.29188426998474704,-0.5555491236266712,1.1544552778960853,0.19333859481262833,-0.5180700208177631,0.11385540722172383,0.5274869230211964,-0.25928853980160704,0.253496214747429,0.17327688540646566,-0.46143907727982036,0.02429684837478279,0.46288368051612583,-0.6388743187220681,1.106451772104036,0.5915188354174821,-0.31060588310491155,0.14148756728464415,0.8159820649600186,-0.49527682067937423,0.6820537549573066,0.5548608049454276,-0.320090482122456,1.112023839690038,0.5669055390634282,-0.2815362574248914,0.31580612912083317,0.4164048143668678,-0.2742913370298234,0.21844433082748732,0.0936353340967009,-0.3186070334338984,0.05169711584558355,0.4822106602176132,-0.4637288014521662,1.1629008518544253,0.2074076189159949,-0.550326047946286,1.054024682337085,0.16898376558790112,-0.5937545559066814,1.120245724916458,1.6390865218165693,-0.14621781069316597,0.12527091660543,1.0256949396717625,-0.3362761619469978,0.7192197455870395,0.8343198236250717,-0.33246189543348276,1.0632704370069188,0.6761007848756989,-0.26416546570149485,1.266998245621359,1.0196272107149589,-0.07581156170279359,1.2895482673945016,0.7107792032870233,-0.15254527325464404,1.2935186174531645,1.2049726318839364,0.2470600091365002,1.3359222072639214,1.108059717527288,0.0771821166160488,1.3288324637128817,1.5285095440236147,-0.12534122449031326,0.1071402225520043,1.3661555566929822,-0.1611557433147304,0.4854681401556691,1.593492929114411,-0.03769415033524782,0.09217290775171974,1.0734118586344432,-0.10397152145029274,1.219991381199944,1.281764080784968,-0.0745827305864617,0.4388824679598903,0.9169887015164292,-0.49976813442857065,0.709227233927771,0.7462840787819677,-0.16815226727368818,1.1607192717245873,1.2966598080878224,-0.23496560086280302,0.5363192720129001,1.4762170425313985,-0.1656265835098872,0.36509737293451827,1.7490926892157421,-0.008688310956865921,0.12184787555196828,0.8656606443275676,-0.13593566175920277,1.2225539204695366,1.1472273064370182,0.16938159651807627,1.2805010775067158,1.213582874331253,0.1317327387186868,1.3284184563633623,0.7007478270309648,-0.18527164801165766,0.8390253223725502,0.831501593258207,-0.46270441712922616,0.8418602631581541,1.214901089668274,-19.31729507446289,4.547741889953613,-0.6377621293067932,-0.49139025807380676,-2.426513910293579,560.9397583007812,-195.1568603515625,-898.3367309570312,-38.14373779296875,98.7938232421875,-40.066707611083984,-2.0643632411956787,24.0928955078125,-3.898481607437134,-3.7314064502716064,0.32762637734413147,2.653942823410034
0.6638757614110475,-0.27788096903175713,1.136830901468037,0.6251236752958483,-0.15647021932712463,1.0237606898048854,0.11952403671299366,-0.46910163168086133,0.12756442323031006,0.7432426103692967,-0.2912783016826936,0.6266115003863708,0.5179683356885084,-0.20032477319635308,1.2519122764764243,0.44194597203210434,-0.6032241030244638,1.1940796848953954,0.5602832101038745,-0.09118774355642059,1.2811533244240363,0.16722147472646792,-0.4963562618817719,1.098906723079302,0.2963457790431592,-0.5537112224970435,1.1563176161406052,0.19464631270099142,-0.5171393475785162,0.11434280319719119,0.529819655892075,-0.25971506861661436,0.2521034777164461,0.1739381454046198,-0.46105378609619396,0.02450841438296612,0.4663369999026616,-0.6384033687067349,1.106608193441732,0.5936082285761041,-0.31237077041967004,0.1403241959826048,0.8176538849508523,-0.4935831024946758,0.6812049817565262,0.5583792932775632,-0.31979244651383915,1.1122504780624085,0.5692594560566324,-0.2815005538479382,0.31454000094079043,0.4187010998362734,-0.27435947135584243,0.21724266248033552,0.09406910032428648,-0.3182485794389485,0.05142520955264177,0.48632633054493224,-0.4634136281266118,1.1635069002378855,0.21117939933246285,-0.5469604304294717,1.0566422702460885,0.17274886646018073,-0.5904855562361665,1.122683763504028,1.6400856269116433,-0.14806967588844655,0.12443877036208359,1.028269524605858,-0.3357883717445349,0.7183083126087063,0.837209591802382,-0.3325710492023569,1.0630597065616127,0.6793495128486325,-0.2637037192748872,1.2672233368387285,1.0241097551307925,-0.07835313322528276,1.2899727829244751,0.7139829645883164,-0.1521341168130471,1.2938461382657487,1.211440850567343,0.24394476295307024,1.3349485310497664,1.113396013809355,0.07427947035688477,1.3289706762263316,1.529666696952668,-0.1263688453380634,0.10646274222048711,1.3687401386286246,-0.16132783455564484,0.4856170141539037,1.5952959597505478,-0.039169256014144775,0.09143417595040729,1.0775399855430547,-0.10681842302052352,1.2202118706229506,1.2847602059509577,-0.07436218413690861,0.4394572558781958,0.9188425304084422,-0.4988590717710408,0.7082235667089755,0.7497647609931739,-0.1680317677014711,1.1609442439300335,1.2994074363582178,-0.2352108943541318,0.5361939127871532,1.4781266285094201,-0.16646524069719745,0.36486855267688934,1.7510291322177607,-0.011365755664690086,0.12106840944053332,0.8694925505593908,-0.13696159412529282,1.2228080902668024,1.1523389082081263,0.16629829015952902,1.2806297690663115,1.2192541495064229,0.12840545295879585,1.3273953902010887,0.7037120173309019,-0.18419593394986855,0.8393873963134967,0.8337690084185818,-0.46179242876191817,0.8409806063633093,1.1969575881958008,-19.45631217956543,4.772663116455078,-0.5902633666992188,-0.5482937693595886,-2.439720630645752,549.7915649414062,-203.6539764404297,-878.7881469726562,-36.72797393798828,98.98359680175781,-38.49690628051758,-2.012552261352539,24.079389572143555,-3.5188190937042236,-3.761334180831909,0.3598874807357788,2.655815601348877
0.6670747820707346,-0.2772930402136007,1.1369633220678923,0.6283208512707261,-0.15579378530876525,1.0241964717969199,0.12091228848212206,-0.46810720772143233,0.12819295494959054,0.7458475036731619,-0.2891003339002464,0.6259651466315945,0.5212420760006304,-0.19989107391297423,1.2521174133613409,0.44615215092700045,-0.6029322064475507,1.1945472430709183,0.5635426888205357,-0.09076347100912341,1.2814676349131477,0.17179122017018048,-0.49290176229366406,1.1021081041421321,0.30080728810157203,-0.5518733213674154,1.1581799543851259,0.19595403058935473,-0.5162086743392692,0.11483019917265863,0.532152388762954,-0.2601415974316218,0.25071074068546295,0.17459940540277405,-0.4606684949125675,0.024719980391149487,0.46979031928919796,-0.6379324186914015,1.1067646147794281,0.5956976217347265,-0.3141356577344288,0.13916082468056523,0.8193257049416864,-0.49188938430997714,0.6803562085557457,0.5618977816096994,-0.31949441090522224,1.1124771164347793,0.5716133730498371,-0.281464850270985,0.3132738727607475,0.4209973853056794,-0.2744276056818615,0.2160409941331835,0.09450286655187212,-0.31789012544399853,0.051153303259699946,0.490442000872252,-0.4630984548010573,1.1641129486213457,0.21495117974893144,-0.5435948129126568,1.0592598581550927,0.17651396733246097,-0.5872165565656511,1.1251218020915985,1.6410847320067172,-0.14992154108372743,0.12360662411873705,1.030844109539954,-0.33530058154207193,0.717396879630373,0.8400993599796927,-0.3326802029712311,1.0628489761163067,0.6825982408215667,-0.2632419728482796,1.267448428056098,1.028592299546627,-0.08089470474777234,1.290397298454449,0.7171867258896101,-0.15172296037145008,1.2941736590783328,1.217909069250751,0.24082951676963973,1.3339748548356114,1.1187323100914228,0.07137682409772024,1.3291088887397817,1.5308238498817217,-0.12739646618581368,0.10578526188896982,1.3713247205642676,-0.1614999257965593,0.4857658881521383,1.597098990386685,-0.04064436169304199,0.09069544414909471,1.081668112451667,-0.10966532459075479,1.2204323600459572,1.287756331116948,-0.07414163768735547,0.4400320437965014,0.9206963593004555,-0.4979500091135107,0.7072198994901796,0.7532454432043808,-0.16791126812925403,1.1611692161354799,1.3021550646286137,-0.23545618784546063,0.5360685535614064,1.4800362144874422,-0.16730389788450784,0.3646397324192603,1.7529655752197797,-0.01404320037251471,0.12028894332909822,0.8733244567912145,-0.13798752649138304,1.2230622600640682,1.1574505099792354,0.16321498380098126,1.2807584606259075,1.224925424681594,0.12507816719890433,1.326372324038815,0.7066762076308395,-0.18312021988807925,0.8397494702544434,0.836036423578957,-0.46088044039460996,0.8401009495684643,1.0985547304153442,-19.416584014892578,4.466857433319092,-0.6054378747940063,-0.6323013305664062,-2.463935613632202,539.7439575195312,-214.40541076660156,-875.1976928710938,-33.11591339111328,99.36508178710938,-40.13699722290039,-2.1078603267669678,24.160221099853516,-3.249476909637451,-3.715693950653076,0.3038369119167328,2.6912031173706055
0.6696030225185368,-0.276840885151301,1.1370788599481645,0.630854251566312,-0.15524150534773506,1.0245574361441152,0.12204380039841128,-0.46732031549049535,0.12865037594409964,0.747923978117128,-0.2873433564869774,0.6254352271951588,0.523817697897652,-0.1995110119020702,1.2523102089269271,0.44942802911167884,-0.6026977316433231,1.1948681165840451,0.5660901811738676,-0.09041860882217523,1.2817338630063644,0.17544528013033564,-0.49013480376328866,1.1045870690156292,0.3042998239891417,-0.5504392713110968,1.1596007248423745,0.1970198066621426,-0.5154872518896267,0.11518481692040201,0.5339711736764339,-0.26046607944349576,0.24964431416712066,0.1751466108276354,-0.46038448721762526,0.024897300681432342,0.47247923377728607,-0.6375656899632208,1.1069113631911625,0.597316620760406,-0.3155297281726306,0.13829048273973912,0.8206265027949351,-0.4905245905088274,0.6797004063792577,0.5646913264760907,-0.3192505193072439,1.1126578276520533,0.5734529700500285,-0.2814088258522236,0.3122974705222427,0.4228249379735908,-0.2744740913837951,0.21510045950775908,0.09489168863225454,-0.31757888789997984,0.05092642049224962,0.49367621619969787,-0.46285278799123325,1.164543344879782,0.21795554691000474,-0.5408533172102166,1.0612834719632633,0.17947348922688425,-0.5846353994300035,1.127035706643237,1.6418509428074817,-0.15131772679603644,0.12295210884501606,1.0328898137768372,-0.33485736505480007,0.7166804318001728,0.842409496670527,-0.3327637247691881,1.062655231021098,0.6851324294971313,-0.26285456940038315,1.267652762251974,1.0321279491809818,-0.08290842508539448,1.2907099980392203,0.7197216826164169,-0.15140793664960672,1.294434418741441,1.2229916990198044,0.23835610578589106,1.333102244020298,1.1229566047523194,0.0690435895708619,1.3291715908524215,1.5317144457078138,-0.1282020346909169,0.10524906208183595,1.3734135201435214,-0.1616504710439025,0.48590589743971035,1.598450036238361,-0.04180340788370325,0.0901127091257383,1.0849657532395114,-0.11189226890044485,1.2205817778378922,1.2900812527201821,-0.07398157107908995,0.4404821228112606,0.9220938672687833,-0.49722293601525547,0.7064540143439312,0.7560188857135393,-0.16781767699497427,1.161348107240058,1.304252143727233,-0.2355473270972833,0.5359227067192659,1.4815295310999383,-0.1679792538877354,0.36441055295483166,1.754446492684598,-0.016082408363061133,0.11964363454292155,0.8763678271249429,-0.13884333915860442,1.2232615738515034,1.1614575764990798,0.16078408679227968,1.2807699481383066,1.2294152943503776,0.12240736874819605,1.325548027524885,0.7090126327331491,-0.18224928898132406,0.8400772527748386,0.8378118152255253,-0.460156714876756,0.8393997159225263,1.0250626802444458,-19.252342224121094,4.112091064453125,-0.6386018991470337,-0.6482258439064026,-2.477976083755493,530.1229858398438,-214.19227600097656,-876.056396484375,-32.311302185058594,99.56501770019531,-42.60795974731445,-2.2585275173187256,24.28350257873535,-3.743476152420044,-3.6152334213256836,0.24164091050624847,2.7205471992492676
0.6717649137736943,-0.27646288344796927,1.137185177266203,0.6330251282216695,-0.15475703260263077,1.0248775385468212,0.12303509285661153,-0.46664676751127315,0.12901434415815677,0.7497118545683802,-0.28581630458302865,0.6249688988095088,0.5260120397371959,-0.19916024409382552,1.2524962642334945,0.45219581998539254,-0.6024946179611004,1.195108877704633,0.5682488194364583,-0.09011711690895607,1.281973830714131,0.17859923494177904,-0.48774334842598227,1.1066714835087983,0.3072631514526358,-0.5492257860717396,1.1607803313542675,0.19795344528180864,-0.5148801125635375,0.11546691732838846,0.5355092639362573,-0.26073482820135074,0.24875610339029744,0.17563152490862152,-0.4601557958895797,0.02505591754116955,0.4747506655900681,-0.6372558820918696,1.1070528286971792,0.5986787122211708,-0.3167212755474822,0.13758017991157565,0.8217246654807336,-0.4893394400248466,0.6791499960698829,0.5670889406804215,-0.319036198668922,1.1128134555769282,0.5750116692078823,-0.2813417031275516,0.3114793032210395,0.4243964904191476,-0.27450875360642046,0.21430254406881658,0.09525596429377987,-0.317293437802239,0.05072412749641386,0.4964290214887515,-0.46264508243230795,1.1648778080545514,0.22054078837005478,-0.5384526880371652,1.0629826845317485,0.18199304106417052,-0.582429910140322,1.1286633533752515,1.642489957493662,-0.15246504140610714,0.12239460740855204,1.0346466677867812,-0.3344384926735171,0.7160704758585684,0.8444030653956708,-0.33283324756764415,1.062470762540173,0.6872763697872096,-0.26250776865624437,1.2678457599207265,1.035146448588529,-0.08463385746820459,1.2909616289154584,0.7218913691525425,-0.15114541618239805,1.294658716545989,1.2273175840740957,0.23623323556504525,1.3322848304612749,1.126573575450884,0.0670213414516475,1.3291930526692346,1.532459460346904,-0.12888632845503598,0.10479002317648066,1.3752315462819786,-0.16178924886398757,0.486041065231459,1.5995542288616003,-0.04278983696925116,0.0896151723426502,1.0878098208383216,-0.11378062116783955,1.220692379585165,1.2920395939160654,-0.0738545357687584,0.44086409157869827,0.9232421538095599,-0.49659525721475783,0.7058179947911509,0.7584060665392716,-0.16773878200756795,1.161501830974162,1.3059939228935744,-0.23555427441829876,0.5357656704866334,1.4827955005974167,-0.16856542232119479,0.36418117730822785,1.755678623125253,-0.017773040915709665,0.11907159629592444,0.8789805355450963,-0.13960624029798216,1.2234309278181847,1.164861396843234,0.1587095056592631,1.2807174242095443,1.2332599348579807,0.12009511336634911,1.3248322898188964,0.7110062014582929,-0.18149020118231812,0.8403863069040096,0.83931848633763,-0.4595358098382193,0.8387959287656065,0.9817912578582764,-19.150768280029297,4.094902515411377,-0.6063209176063538,-0.5499725341796875,-2.45143461227417,523.5615234375,-208.76942443847656,-875.9051513671875,-34.87798309326172,99.55780792236328,-43.45050048828125,-2.2743048667907715,24.38032341003418,-4.347492218017578,-3.6044631004333496,0.2982424199581146,2.699486494064331
0.6739268050288523,-0.2760848817446374,1.1372914945842414,0.6351960048770273,-0.15427255985752636,1.0251976409495271,0.12402638531481194,-0.46597321953205084,0.12937831237221395,0.7514997310196327,-0.28428925267907956,0.6245025704238588,0.5282063815767402,-0.19880947628558077,1.2526823195400616,0.45496361085910675,-0.6022915042788777,1.1953496388252207,0.5704074576990494,-0.08981562499573688,1.2822137984218975,0.18175318975322297,-0.4853518930886755,1.1087558980019676,0.31022647891613037,-0.5480123008323821,1.1619599378661605,0.1988870839014748,-0.5142729732374481,0.11574901773637494,0.5370473541960811,-0.2610035769592058,0.2478678926134741,0.17611643898960772,-0.45992710456153413,0.025214534400906784,0.47702209740285056,-0.6369460742205184,1.107194294203196,0.6000408036819357,-0.31791282292233397,0.13686987708341206,0.8228228281665322,-0.48815428954086554,0.6785995857605082,0.5694865548847527,-0.31882187803060014,1.1129690835018031,0.5765703683657362,-0.2812745804028795,0.3106611359198362,0.4259680428647048,-0.2745434158290459,0.2135046286298739,0.09562023995530526,-0.31700798770449806,0.05052183450057807,0.4991818267778056,-0.46243737687338266,1.165212271229321,0.2231260298301053,-0.5360520588641134,1.0646818971002339,0.18451259290145725,-0.5802244208506401,1.1302910001072664,1.6431289721798423,-0.153612356016178,0.12183710597208793,1.0364035217967256,-0.3340196202922341,0.7154605199169639,0.8463966341208149,-0.3329027703661003,1.0622862940592481,0.6894203100772883,-0.2621609679121055,1.2680387575894791,1.0381649479960764,-0.086359289851015,1.2912132597916963,0.7240610556886686,-0.15088289571518929,1.2948830143505374,1.2316434691283877,0.2341103653441991,1.3314674169022516,1.1301905461494497,0.06499909333243273,1.3292145144860477,1.5332044749859943,-0.12957062221915516,0.10433098427112528,1.3770495724204361,-0.16192802668407263,0.4861762330232077,1.6006584214848398,-0.043776266054799236,0.08911763555956202,1.0906538884371322,-0.11566897343523456,1.220802981332438,1.293997935111949,-0.07372750045842683,0.44124606034613606,0.9243904403503368,-0.49596757841426015,0.7051819752383706,0.7607932473650042,-0.1676598870201616,1.161655554708266,1.3077357020599163,-0.23556122173931424,0.5356086342540008,1.4840614700948955,-0.16915159075465425,0.363951801661624,1.7569107535659083,-0.019463673468358485,0.11849955804892723,0.88159324396525,-0.14036914143736,1.2236002817848661,1.1682652171873888,0.15663492452624617,1.280664900280782,1.2371045753655845,0.11778285798450178,1.3241165521129077,0.712999770183437,-0.1807311133833121,0.8406953610331807,0.840825157449735,-0.4589149047996824,0.8381921416086866,0.8750780820846558,-19.213647842407227,4.186312675476074,-0.5437118411064148,-0.48194876313209534,-2.4155101776123047,520.4400634765625,-212.2874298095703,-878.877685546875,-37.169708251953125,99.34200286865234,-42.82427215576172,-2.240238904953003,24.36096954345703,-4.307062149047852,-3.638646364212036,0.3797038495540619,2.6653060913085938
0.6767964661121367,-0.27559305357419894,1.1374706027918304,0.6381010791126465,-0.1536522088757414,1.0256289537774017,0.12537363769844267,-0.4650076232505161,0.1298639392665285,0.7538862418852104,-0.28226624123308053,0.6238702920493701,0.5311207905510402,-0.19839658225510295,1.2529563909729584,0.4586099589995989,-0.6020282789176663,1.1955743854409022,0.5733122344048606,-0.08942554728282211,1.282570170448316,0.1859591371373623,-0.48222100808723095,1.1115367525065971,0.31417495303398707,-0.5464177263888303,1.1634577467346823,0.2001386384498204,-0.5133959805925951,0.1161363406341202,0.5390683365183949,-0.26131174456796896,0.24672022266991886,0.17682075369733055,-0.45962635432647553,0.025399495869110153,0.47997395472218646,-0.6365569576325006,1.107200667558127,0.6018287052974005,-0.3194471927273352,0.13600362378437791,0.8242443871024427,-0.48655539070138876,0.6778702279984556,0.5726598414364239,-0.31854585444690375,1.113168579458401,0.5786591374518855,-0.28115028665949965,0.3095934516842792,0.4280334543806827,-0.27459775883433046,0.21244593645563192,0.0961156900700749,-0.31667750476804,0.05022255700106259,0.502937817316971,-0.46220111126536567,1.1655659823622924,0.22661337929944314,-0.5327959139615496,1.0669298037787935,0.18784665989856042,-0.5772496751996856,1.1324907389302916,1.6439552216340374,-0.15512691263035427,0.12108136616055148,1.0386746221820249,-0.3335643906565692,0.7146316566412023,0.8490288098718946,-0.3330022789883298,1.0620736410680987,0.6922927703091639,-0.2617268448337814,1.268361704436359,1.042177874323548,-0.08874690068873338,1.2915156329704436,0.7270276484307863,-0.15058096912720348,1.2952072182238497,1.2373693885392698,0.23121717261360195,1.3302678702682849,1.135037807636703,0.062234861566531074,1.3291667498500142,1.5341302065659832,-0.13050767910105499,0.10374726327937962,1.3793599491087805,-0.16227297852469594,0.4862442048180182,1.6020462414286782,-0.045035098463494204,0.08849133350053767,1.0943805614844062,-0.11828787769160116,1.2209264405121076,1.2965894475677944,-0.07357843883878348,0.44174023885403246,0.9259081171048398,-0.4950493852922459,0.7043197285260586,0.7639058929010731,-0.1675442433268424,1.1618685499327073,1.3100971076267443,-0.23565809152378941,0.5354151134656755,1.4857075358463439,-0.16990614699705545,0.3636929684916869,1.7584433914809827,-0.021626426801332085,0.11766882444306324,0.8850737654215451,-0.14133036210639582,1.2237986349901615,1.1727978946357371,0.15380262371325348,1.2805201083619073,1.2421310303227,0.11476482344877655,1.3230229331957584,0.7156951637654904,-0.17970027865854324,0.8411007949848048,0.8428653865460527,-0.45804690155169825,0.8373687978809243,0.7269977927207947,-19.31963539123535,4.370887279510498,-0.5526920557022095,-0.5007188320159912,-2.436840057373047,512.67822265625,-224.89971923828125,-881.4163818359375,-36.57867431640625,98.95004272460938,-42.26124572753906,-2.411936044692993,24.079029083251953,-3.8587594032287598,-3.5893502235412598,0.3424023687839508,2.6324474811553955
0.6800611615180966,-0.2750376943523521,1.1376903384726569,0.6414159380442256,-0.15295601887813473,1.026122337540254,0.12691956538929042,-0.46387902326536506,0.13041746868005646,0.7566068742843651,-0.2799664151589604,0.6231453904252968,0.5344370974610181,-0.1979490131238439,1.253279587685667,0.4627466646843395,-0.601731502851903,1.1957901937282638,0.5766334604743297,-0.0889860263328679,1.2829915123270048,0.19075224316672731,-0.4786774181569652,1.1147063177152972,0.31867327644730203,-0.5446104509941002,1.165133156918532,0.20156763444673134,-0.5123683721419203,0.11658239236335877,0.5413588399918662,-0.26164191339584375,0.24542773830772247,0.17764752456881344,-0.45928538516657247,0.025599161304829515,0.4833055844172734,-0.6361235757142503,1.107131640642684,0.6038542683945585,-0.32117290528404774,0.1350503283620671,0.8258464462709741,-0.4847255625472165,0.677040992588397,0.5762660613912617,-0.31823539200997514,1.1133925598978207,0.5810437595212694,-0.2809940835103294,0.3083865021830364,0.43037450816852346,-0.27466308646249454,0.21124169447564142,0.09668435383316691,-0.31632188722392585,0.04986914861577239,0.5072537252050358,-0.46194890516483234,1.1659304365417025,0.23060423091349977,-0.5290622719076299,1.0694839583327436,0.19163534000811955,-0.573845577161044,1.1350097849669043,1.6448859742145663,-0.15684644152589175,0.12021498167455599,1.041232743800081,-0.3330888685998538,0.7136806125277716,0.8520174174514035,-0.33311852388429325,1.0618452571875212,0.6955718463225078,-0.26124398370847013,1.2687571810570772,1.046745829629582,-0.0915040995012843,1.2918463274343124,0.7304390260320622,-0.15025704842529553,1.295587183623914,1.2438767224747607,0.22789403243570167,1.3288550400576056,1.1405717430525264,0.05905649939317605,1.3290803471937875,1.535156803415311,-0.1315858130719487,0.10309395228592771,1.3819451261040387,-0.16273300423724757,0.4862746718703516,1.6035923649933164,-0.04644596993627125,0.0877931624502931,1.0985998515261717,-0.12131453189530093,1.2210570759331154,1.2995343579361767,-0.07341708346510567,0.44229704605427794,0.9276319651414225,-0.49396904464194324,0.7033312154921476,0.7674234489731439,-0.1674080887278974,1.1621146269191969,1.3128043511845415,-0.23580515059019555,0.5352012292044053,1.4875657483441938,-0.17075468713281952,0.3634176939133777,1.7601437544980585,-0.02405268940704526,0.11669370272992471,0.8890386476421984,-0.1424022727454734,1.2240131738170092,1.1779606318631703,0.1505474095905067,1.2803238180299468,1.247817102646985,0.11135286566437505,1.3217184038351704,0.7187822735467491,-0.178517771231023,0.8415600223257051,0.8452034154475128,-0.4570409830240225,0.8364229109508313,0.850925087928772,-19.35405731201172,4.604290008544922,-0.6138136386871338,-0.49987727403640747,-2.5117886066436768,492.717041015625,-234.4186553955078,-876.6338500976562,-35.100608825683594,98.41439819335938,-42.41984558105469,-2.6198182106018066,23.870643615722656,-3.8892765045166016,-3.548074722290039,0.2600814402103424,2.607297897338867
0.6833258569240571,-0.2744823351305052,1.1379100741534833,0.6447307969758054,-0.15225982888052794,1.0266157213031062,0.1284654930801384,-0.4627504232802138,0.13097099809358453,0.7593275066835202,-0.27766658908483993,0.6224204888012236,0.5377534043709964,-0.19750144399258474,1.2536027843983757,0.4668833703690808,-0.6014347267861397,1.1960060020156253,0.5799546865437994,-0.08854650538291362,1.2834128542056937,0.19554534919609312,-0.4751338282266988,1.1178758829239979,0.3231715998606178,-0.5428031755993697,1.1668085671023818,0.20299663044364252,-0.5113407636912453,0.11702844409259741,0.5436493434653378,-0.26197208222371854,0.24413525394552588,0.1784742954402965,-0.4589444160066693,0.02579882674054891,0.4866372141123608,-0.6356901937959999,1.1070626137272412,0.6058798314917168,-0.3228986178407606,0.1340970329397561,0.8274485054395058,-0.48289573439304395,0.6762117571783381,0.5798722813461001,-0.31792492957304647,1.1136165403372404,0.5834283815906538,-0.2808378803611591,0.3071795526817934,0.4327155619563647,-0.2747284140906587,0.2100374524956507,0.09725301759625904,-0.3159662696798116,0.049515740230482136,0.5115696330931014,-0.46169669906429894,1.1662948907211128,0.2345950825275571,-0.5253286298537095,1.0720381128866943,0.1954240201176793,-0.5704414791224017,1.1375288310035176,1.6458167267950956,-0.15856597042142956,0.11934859718856035,1.0437908654181374,-0.3326133465431384,0.7127295684143408,0.855006025030913,-0.33323476878025676,1.0616168733069438,0.6988509223358521,-0.26076112258315876,1.2691526576777958,1.0513137849356167,-0.09426129831383569,1.2921770218981812,0.7338504036333389,-0.14993312772338752,1.2959671490239781,1.2503840564102529,0.22457089225780086,1.327442209846926,1.1461056784683508,0.05587813721982049,1.3289939445375607,1.536183400264639,-0.13266394704284262,0.10244064129247568,1.3845303030992977,-0.16319302994979928,0.486305138922685,1.6051384885579545,-0.04785684140904854,0.08709499140004841,1.1028191415679378,-0.12434118609900122,1.221187711354123,1.3024792683045596,-0.07325572809142782,0.44285385325452353,0.9293558131780056,-0.4928887039916405,0.7023427024582364,0.7709410050452151,-0.16727193412895233,1.1623607039056867,1.3155115947423393,-0.2359522096566017,0.5349873449431349,1.4894239608420443,-0.17160322726858376,0.36314241933506847,1.7618441175151345,-0.026478952012758853,0.11571858101678602,0.8930035298628524,-0.14347418338455115,1.224227712643857,1.1831233690906047,0.14729219546775935,1.2801275276979862,1.2535031749712713,0.10794090787997299,1.3204138744745824,0.7218693833280084,-0.17733526380350254,0.8420192496666056,0.8475414443489733,-0.4560350644963466,0.8354770240207381,1.2235685586929321,-19.353729248046875,4.632026672363281,-0.6122379899024963,-0.44416627287864685,-2.5601420402526855,477.85101318359375,-231.06753540039062,-866.7975463867188,-34.261417388916016,98.2275390625,-43.65686798095703,-2.550325870513916,24.041292190551758,-4.176421642303467,-3.666076898574829,0.27731189131736755,2.6277012825012207
0.6866346108202902,-0.27398672897294657,1.1380967659666048,0.6481280508420325,-0.151546213800544,1.027142704717371,0.13006811544595173,-0.4615790279495795,0.13154010524023446,0.7621139868205746,-0.2753309339087531,0.6216565433716932,0.5411021614706278,-0.19702232466233488,1.2539555892249605,0.4709777922819781,-0.6011282623998376,1.1960795044109522,0.5833675663992268,-0.08812329321112855,1.2838428612576416,0.2004000587968636,-0.4715461545432641,1.1211090348414237,0.3276709401054887,-0.5409476354422159,1.1684032875970498,0.20447527118866016,-0.5102782671814723,0.1174344920263385,0.5459401627250065,-0.2622659798489501,0.2428758323982062,0.17931724403867658,-0.45856932930598987,0.02601884104410149,0.489925738991491,-0.6350995756142976,1.1069093855801007,0.6078584813913762,-0.3245987896098206,0.13321897357899623,0.8290532551064397,-0.4810552263496728,0.6754332117686999,0.5835169640597917,-0.3176093071896509,1.1138103316161807,0.5857343728968639,-0.2806645931787049,0.306013870120838,0.43504080748715934,-0.2747697356520899,0.2088820500089633,0.09780044473757017,-0.3156796198412283,0.049144081771373756,0.5158822820676083,-0.4614788062919844,1.1665812572896086,0.23844705452982157,-0.5218049224638781,1.0744527404671473,0.19932920007121477,-0.5670093013750797,1.1399949007476402,1.6466999851315227,-0.16021024115038232,0.11849422205165523,1.0464674952803859,-0.33208145665017186,0.7118275469502077,0.8579320058917367,-0.33334636530339323,1.0614205480411352,0.7021753199842591,-0.26031510739137004,1.2695569510491478,1.0559484342865595,-0.09706754188071808,1.292492280732717,0.7372120638556827,-0.14944259822368622,1.2963488070380609,1.2568643337843433,0.22117506757082533,1.325809541917005,1.151684581838696,0.05262030823933374,1.328813589171858,1.5371556566251035,-0.13370812136605872,0.10179350865597758,1.3871421071867278,-0.16362724329856845,0.48631070307548474,1.6066057666248044,-0.04924478917228463,0.08634886979464665,1.107062582938087,-0.12742306657184824,1.2212696904378222,1.3053758254903831,-0.07313158022646872,0.44340427525785586,0.9310682423856874,-0.4917861572559306,0.7013697513681374,0.7744968217729732,-0.16714815519108678,1.1626969441672823,1.318211107854022,-0.23621817801567102,0.5347498019799491,1.4912760597191108,-0.17243083393731654,0.3628724878592207,1.7634803127768812,-0.028824681638191036,0.11474117143264671,0.897037695575234,-0.14461225438986391,1.2244082476129594,1.1883108134301292,0.14396040003426033,1.2798490319030964,1.2592052134457012,0.10446447760656186,1.3189776496381949,0.7250081936255196,-0.1760982516782963,0.8425139208503116,0.8498103539675277,-0.45509054743690996,0.8345417222439848,1.4368736743927002,-19.2791805267334,4.427587032318115,-0.5188115835189819,-0.4357176125049591,-2.516434907913208,475.70794677734375,-224.09896850585938,-856.87255859375,-34.07704544067383,98.29462432861328,-45.211814880371094,-2.2124876976013184,24.356670379638672,-3.9654431343078613,-3.798475742340088,0.3581812381744385,2.707465171813965
0.6899684918242572,-0.2735252007348648,1.138264612448926,0.651572295569426,-0.15082266097826677,1.0276888504328316,0.13170307149358132,-0.46038322589847436,0.13211809656280551,0.7649380207456499,-0.2729748449479509,0.6208703307718632,0.5444694253190462,-0.19652521185922311,1.2543252799289906,0.475048099231246,-0.6008162726432282,1.1960718479772277,0.5868327175544585,-0.08770938213939307,1.2842778101662136,0.20528990168445124,-0.46793333934435016,1.1243784510536696,0.3321708602621063,-0.5390645692877424,1.1699519897533568,0.20598222495408236,-0.5091958735754949,0.11781772529545996,0.5482311620814909,-0.26253919155392424,0.24163526698749596,0.1801694189969277,-0.4581747849453364,0.026250460561340203,0.4931896806552708,-0.6344192836260953,1.1067081364180078,0.6098103761080873,-0.32628439514842245,0.1323838222845896,0.8306595391982438,-0.4792086274319928,0.6746835754999262,0.5871835825656421,-0.3172907420242859,1.1139869056395348,0.5879955200959514,-0.2804815627585184,0.30487172261176526,0.4373570373713574,-0.2747973662535876,0.2077545012958003,0.09833576036802187,-0.3154323031472055,0.04876201506704095,0.5201930724429765,-0.4612804828396696,1.166823089517505,0.24221982175348586,-0.5184009434371597,1.076787794070528,0.203300821342018,-0.5635611094189008,1.142430757449952,1.6475561569068604,-0.1618115912062047,0.11764669599665323,1.04921171187565,-0.3315174194755934,0.7109534837157522,0.8608222699520601,-0.33345531080140184,1.061242506204062,0.7055255651276631,-0.2598901058960435,1.2699662727235959,1.0606211200849895,-0.09990175628405513,1.2927987364348985,0.7405453696353543,-0.1488570496439934,1.296731430371076,1.26332918046326,0.21773778999976787,1.3240514977878295,1.1572891309956048,0.04931715834540467,1.3285796514015324,1.5380969219255132,-0.13473292807770873,0.10114989961367968,1.3897690970376626,-0.16404673553361795,0.4863020647933941,1.6080280781186969,-0.05061966325742313,0.08557540138825681,1.1113197981127048,-0.13053644327631828,1.22132392020415,1.3082448062517784,-0.07302865226882578,0.4439510557035736,0.9327741592925115,-0.490670946112137,0.7004056754491188,0.778074459030928,-0.16703143424743058,1.1630846056717121,1.3209062121956552,-0.23655196183071228,0.534498766163327,1.4931246719218247,-0.173246501988133,0.3626056036214955,1.7650799123656669,-0.031124482298306718,0.11376245704707727,0.9011113745289919,-0.14578805747904516,1.2245693897569416,1.1935123485445183,0.14058492932197297,1.2795236533051295,1.2649163576151357,0.10095127786676245,1.317466317225766,0.7281764893737058,-0.17483015484269102,0.8430288061006179,0.85203984399505,-0.4541810484023284,0.8336124573124956,1.1709139347076416,-19.118009567260742,4.245082378387451,-0.5060876607894897,-0.5519020557403564,-2.4129014015197754,478.9755554199219,-225.33773803710938,-847.795166015625,-34.46440887451172,98.35721588134766,-45.19062805175781,-1.9893008470535278,24.436433792114258,-3.5405056476593018,-3.7713444232940674,0.3373241722583771,2.771742820739746
0.6933023728282243,-0.2730636724967831,1.1384324589312471,0.6550165402968194,-0.15009910815598956,1.0282349961482926,0.1333380275412109,-0.45918742384736916,0.13269608788537657,0.7677620546707251,-0.2706187559871487,0.620084118172033,0.5478366891674644,-0.19602809905611132,1.2546949706330204,0.47911840618051393,-0.6005042828866188,1.1960641915435033,0.5902978687096901,-0.08729547106765759,1.2847127590747858,0.2101797445720389,-0.46432052414543623,1.1276478672659156,0.3366707804187239,-0.5371815031332687,1.1715006919096635,0.2074891787195046,-0.5081134799695174,0.11820095856458142,0.5505221614379754,-0.2628124032588984,0.2403947015767857,0.18102159395517883,-0.457780240584683,0.026482080078578916,0.4964536223190506,-0.6337389916378932,1.106506887255915,0.6117622708247985,-0.32797000068702425,0.13154867099018297,0.8322658232900478,-0.4773620285143128,0.6739339392311526,0.5908502010714924,-0.316972176858921,1.1141634796628888,0.5902566672950388,-0.2802985323383319,0.30372957510269255,0.43967326725555544,-0.27482499685508527,0.20662695258263733,0.09887107599847358,-0.31518498645318266,0.04837994836270813,0.5245038628183448,-0.46108215938735486,1.1670649217454012,0.24599258897715012,-0.5149969644104412,1.0791228476739085,0.20727244261282124,-0.560112917462722,1.1448666141522639,1.6484123286821983,-0.1634129412620271,0.11679916994165121,1.0519559284709143,-0.33095338230101484,0.7100794204812967,0.8637125340123837,-0.33356425629941044,1.0610644643669886,0.7088758102710669,-0.2594651044007169,1.2703755943980437,1.0652938058834196,-0.1027359706873922,1.2931051921370802,0.7438786754150261,-0.1482715010643006,1.2971140537040913,1.2697940271421766,0.2143005124287104,1.3222934536586537,1.1628936801525134,0.0460140084514756,1.328345713631207,1.5390381872259227,-0.13575773478935874,0.10050629057138179,1.3923960868885972,-0.16446622776866743,0.4862934265113035,1.6094503896125893,-0.05199453734256163,0.08480193298186696,1.1155770132873226,-0.13364981998078834,1.2213781499704777,1.3111137870131735,-0.07292572431118284,0.44449783614929145,0.9344800761993356,-0.4895557349683434,0.6994415995301001,0.7816520962888827,-0.16691471330377441,1.1634722671761417,1.3236013165372884,-0.23688574564575354,0.534247730346705,1.4949732841245384,-0.17406217003894947,0.3623387193837703,1.7666795119544527,-0.0334242829584224,0.11278374266150783,0.9051850534827499,-0.14696386056822644,1.2247305319009238,1.1987138836589075,0.1372094586096856,1.2791982747071626,1.2706275017845703,0.09743807812696302,1.3159549848133367,0.731344785121892,-0.1735620580070857,0.8435436913509242,0.8542693340225722,-0.4532715493677469,0.8326831923810063,0.8424922823905945,-19.13045310974121,4.1544108390808105,-0.6173967719078064,-0.6457052826881409,-2.3305366039276123,469.52410888671875,-236.87290954589844,-841.2391357421875,-34.366302490234375,98.37043762207031,-43.55541229248047,-2.1952462196350098,24.12169647216797,-3.5112361907958984,-3.615140914916992,0.19661939144134521,2.7400963306427
0.6966992184421085,-0.27264113995610484,1.138601759214275,0.6585129965220067,-0.14937027277338583,1.0288215725627166,0.13502012871649882,-0.457962382856189,0.13321734651528447,0.7705983205741604,-0.2682235898659719,0.6193852714750151,0.5512592475737957,-0.19552725462230625,1.2551043902011896,0.48313561807207717,-0.6001962534836586,1.1959478760397197,0.5938115968609488,-0.08684137368587073,1.2851947559820895,0.21515971057067645,-0.460706430604521,1.130888458119323,0.341155116082422,-0.535308287731859,1.1730664636915094,0.20905918482419672,-0.5069914953598124,0.11856641254036238,0.5528159806665206,-0.2630845434124896,0.23918627017479857,0.1818299355688474,-0.45732303240046596,0.026681683473412366,0.4996461272239685,-0.6330503528283922,1.1061892588406999,0.6137469261884689,-0.3296653253846611,0.13078711522336037,0.8338834370011525,-0.47546157004027967,0.673162796738132,0.5945742321724924,-0.31666236582970775,1.1143304285229436,0.5925612530566209,-0.2800710356689447,0.302597792190037,0.44195774538035426,-0.2748291159899819,0.20557034871732163,0.09943658305911829,-0.3149275307525073,0.04786579885106805,0.5287475402386773,-0.46082891109368657,1.1672255917890182,0.24988976895611809,-0.5115516021946408,1.081418799051386,0.21129506283643232,-0.5566328672186428,1.1472500337670182,1.6492491999998788,-0.1649717770467531,0.1159188754067121,1.0546660058151018,-0.33038487719581616,0.7091374171293334,0.8666851508696348,-0.33368151102042354,1.060850628953896,0.7122594552324307,-0.259090848069712,1.2706782873103162,1.070010356358345,-0.10561899237630779,1.293345249251814,0.7473419208992396,-0.14790825866508167,1.2975546536066673,1.2762501760823837,0.21078351080812366,1.320372107605271,1.168541768134035,0.04267080932460872,1.3280455276666099,1.539949373891022,-0.13671316011555937,0.09990631591602667,1.394991118189515,-0.16485398704346443,0.4863440556735392,1.6107350913499365,-0.05332941780890653,0.08401130095420294,1.1198504458594796,-0.13674150246954123,1.2213318418982804,1.3140032212465804,-0.07286363906714301,0.4449942536800113,0.9361418527088418,-0.48847824117995253,0.6984544006601864,0.7853161093612381,-0.16690545768433848,1.1638502533862134,1.3263058204524565,-0.23724793810520742,0.5339592716946507,1.4967954521937086,-0.17488842514275715,0.36205532322853606,1.7681459634509307,-0.03563908445001241,0.11169630967524667,0.9092856152168173,-0.148214559459331,1.2249433341010516,1.2039741222432119,0.13372846515170783,1.2787474681999509,1.2763684989995514,0.09376264331455261,1.314263280851162,0.7345400513797407,-0.17226997972620245,0.8440940944564264,0.8565492684280636,-0.45215986550643744,0.831734514196977,1.0005935430526733,-19.478008270263672,4.400051593780518,-0.6562662124633789,-0.5343525409698486,-2.387753963470459,442.4801025390625,-248.62887573242188,-836.9160766601562,-33.62187957763672,98.25202941894531,-42.80896759033203,-2.5296719074249268,23.80462074279785,-3.7320046424865723,-3.5920212268829346,0.17375041544437408,2.6482694149017334
0.700132752096416,-0.2722413293178508,1.1387719065937776,0.6620398751947263,-0.14863835936350542,1.0294317070222059,0.1367297002811305,-0.4567203050022884,0.13370554830064835,0.7734417137720726,-0.2658056543757585,0.6187373308945966,0.5547140248563904,-0.1950242358525068,1.2555369588712983,0.4871218926859216,-0.5998905316883365,1.1957682473770042,0.597353629718553,-0.08636386065885723,1.2857041666839297,0.22019218924819214,-0.45709159220291307,1.1341122530943508,0.3456303710179611,-0.5334408121393217,1.1746421815543775,0.21066593008720313,-0.505846441976282,0.11892150692789759,0.5551114429701242,-0.26335605919755845,0.2379965625259261,0.1826127364935464,-0.4568293114371647,0.026862631804797026,0.5027970075607299,-0.6323568505167172,1.1058038188921695,0.6157506704330443,-0.3313663132143336,0.13006844188993344,0.8355076522227154,-0.4735297288326239,0.6723791230593297,0.5983317162816886,-0.3163576556357327,1.114491769020131,0.5948911494766639,-0.27981762953151934,0.30147204849104225,0.44422372247999065,-0.27481953553016614,0.20455508279484633,0.1000196819767257,-0.31466416728417607,0.04727468770367423,0.5329521124726098,-0.46054365934915104,1.1673389704811652,0.25385944140667926,-0.5080821269395337,1.0836919664547142,0.21534739898530045,-0.5531342538776778,1.1496028994882344,1.650074825381601,-0.1665058407365091,0.11501948742677048,1.0573561909972435,-0.3298137687294689,0.7081558266222873,0.8697057528211579,-0.3338036073359433,1.0606159374413902,0.7156625615050459,-0.2587461597872096,1.2709188500776984,1.0747524657786285,-0.10853045295603214,1.29354661742583,0.7508808792821617,-0.14767454900094218,1.2980290351324524,1.282701257048853,0.20722005580434752,1.3183556092495952,1.1742152251944633,0.039304274424219916,1.327706740391965,1.5408430344221606,-0.13762815849275775,0.09933176602156749,1.3975675279730992,-0.16522325624693307,0.4864292186222329,1.6119396110244144,-0.054640994906820145,0.08321066807634787,1.1241333279388628,-0.13982054423417462,1.22122695272332,1.31690457325108,-0.07282535193969082,0.44546132589018106,0.9377779096167608,-0.48742272443329265,0.6974537285747907,0.7890304516482826,-0.16695881965539314,1.164222602023194,1.3290158012844868,-0.23762668363305905,0.5336490076109274,1.498602211870105,-0.17572084908059096,0.36176230595601316,1.7695348325944105,-0.0378043588670278,0.11054552884291345,0.9134018409331112,-0.14950889842399692,1.2251862374362565,1.2092685659989613,0.13018598599939174,1.2782235777141242,1.2821268909024874,0.08999267782991313,1.3124664785056714,0.7377510327377065,-0.17096392800476384,0.8446651930051133,0.8588585956207173,-0.4509303731634128,0.8307745243539874,1.3300822973251343,-19.76047706604004,4.844771862030029,-0.5871081352233887,-0.3795164227485657,-2.5170438289642334,418.12689208984375,-248.13504028320312,-834.53271484375,-33.20931625366211,97.9767837524414,-44.20320129394531,-2.646428108215332,23.78129005432129,-3.856445789337158,-3.729283571243286,0.29785341024398804,2.5885188579559326
0.7035662857507236,-0.27184151867959677,1.13894205397328,0.6655667538674459,-0.147906445953625,1.030041841481695,0.13843927184576213,-0.4554782271483877,0.13419375008601223,0.7762851069699847,-0.26338771888554513,0.618089390314178,0.558168802138985,-0.19452121708270734,1.255969527541407,0.49110816729976603,-0.5995848098930144,1.1955886187142883,0.6008956625761572,-0.08588634763184372,1.2862135773857697,0.22522466792570786,-0.45347675380130514,1.1373360480693788,0.3501056259535002,-0.5315733365467844,1.1762178994172454,0.21227267535020958,-0.5047013885927517,0.11927660131543279,0.5574069052737278,-0.2636275749826273,0.2368068548770536,0.1833955374182454,-0.4563355904738635,0.02704358013618168,0.5059478878974911,-0.6316633482050422,1.1054183789436391,0.6177544146776197,-0.33306730104400606,0.12934976855650648,0.8371318674442783,-0.4715978876249681,0.6715954493805274,0.6020892003908849,-0.31605294544175766,1.1146531095173184,0.5972210458967068,-0.2795642233940939,0.30034630479204744,0.4464896995796271,-0.27480995507035033,0.20353981687237105,0.10060278089433311,-0.31440080381584484,0.04668357655628041,0.5371566847065422,-0.46025840760461545,1.1674523491733122,0.2578291138572405,-0.5046126516844266,1.0859651338580427,0.21939973513416858,-0.5496356405367129,1.1519557652094503,1.6509004507633234,-0.1680399044262651,0.11412009944682888,1.0600463761793855,-0.3292426602631216,0.707174236115241,0.8727263547726811,-0.33392570365146296,1.0603812459288844,0.7190656677776611,-0.25840147150470727,1.271159412845081,1.079494575198912,-0.1114419135357565,1.2937479855998462,0.7544198376650838,-0.14744083933680266,1.2985034166582372,1.289152338015322,0.2036566008005714,1.316339110893919,1.1798886822548917,0.035937739523831114,1.3273679531173201,1.5417366949532993,-0.1385431568699561,0.09875721612710832,1.4001439377566833,-0.1655925254504017,0.4865143815709266,1.6131441306988923,-0.05595257200473377,0.0824100351984928,1.128416210018246,-0.142899585998808,1.2211220635483597,1.3198059252555794,-0.07278706481223865,0.44592839810035084,0.9394139665246798,-0.4863672076866328,0.696453056489395,0.7927447939353269,-0.16701218162644776,1.164594950660175,1.3317257821165172,-0.2380054291609107,0.533338743527204,1.5004089715465014,-0.1765532730184248,0.36146928868349026,1.77092370173789,-0.03996963328404319,0.10939474801058022,0.9175180666494049,-0.15080323738866283,1.2254291407714617,1.2145630097547109,0.12664350684707562,1.2776996872282975,1.2878852828054232,0.08622271234527365,1.310669676160181,0.7409620140956724,-0.16965787628332524,0.8452362915538004,0.8611679228133711,-0.44970088082038817,0.8298145345109978,1.3077222108840942,-19.453981399536133,5.007275581359863,-0.5477015972137451,-0.45881810784339905,-2.552027940750122,406.1155700683594,-242.30789184570312,-831.058837890625,-33.336204528808594,97.6573486328125,-45.51897430419922,-2.489591598510742,24.0387020111084,-4.0471343994140625,-3.7817001342773438,0.3634219169616699,2.6423280239105225
0.7062748627157401,-0.27148127950579914,1.1390863881995346,0.6683801152058785,-0.1473107821005859,1.030532235736089,0.13982138254784593,-0.45449257114075664,0.1345838967044622,0.7785783790989428,-0.26148975181658535,0.6176282718086874,0.5609203699408778,-0.19413700596188865,1.2562906122365536,0.4942210595931439,-0.5993531827895057,1.1954212749241204,0.603728728973313,-0.08551805402269426,1.2866298568169803,0.22926273404170355,-0.45058771138949105,1.1398740785800858,0.3536778432841333,-0.5301165711011318,1.177398611378196,0.21357043057877498,-0.5037641957500912,0.11956094422482498,0.5592184579925032,-0.2638406381504425,0.23588458567068274,0.18405603982557525,-0.4558972633437605,0.027187224280163156,0.5083791457659362,-0.6311341374125702,1.1050539525928875,0.619311128823173,-0.33441922690299963,0.12882468765539837,0.8384068839202654,-0.470039615962679,0.6709980009407397,0.605018276252494,-0.3158053512012722,1.1147729947866982,0.5990542380620313,-0.2793329810069886,0.29948103023285894,0.44831039978573656,-0.27479988968135505,0.20273795709112621,0.10106279173039444,-0.3141380558345491,0.046231105417901305,0.5405086395361566,-0.46004314730498963,1.1674888603734654,0.26103160969468936,-0.5018157980694675,1.0877749327792237,0.2226187484647265,-0.5468587883260865,1.1537936361420233,1.6515266086092057,-0.1691742776738887,0.11338871611368576,1.0621360698283113,-0.32876646735810283,0.7063398153971362,0.8750947642800034,-0.33405601889487135,1.060214170951717,0.721788580054479,-0.25813749284539,1.2714070630389334,1.0832454147717812,-0.11379237477945181,1.2938821599972958,0.7572254587877666,-0.14723939611422304,1.2988852388811427,1.2941896141759608,0.20078565575034407,1.314627371876445,1.1843463348237095,0.03326316048323313,1.3270053172743084,1.5424335239738818,-0.13925326334324895,0.0983219201744392,1.4021533285545198,-0.16590871355983597,0.48659910310972604,1.6140595828460542,-0.056972046105178795,0.08176197316374209,1.1317827251573274,-0.14543615054610554,1.2210252813945544,1.322069483482285,-0.07278073949134903,0.4463183976561818,0.940687632126524,-0.48550578695259344,0.6956734872416944,0.795757779419817,-0.16706984578971043,1.1648739193448958,1.3338820981663584,-0.23830923447940525,0.5331293322787379,1.501840669587748,-0.177219761029774,0.36119822999894224,1.7719728220377537,-0.04163019978348786,0.1084101144841175,0.9208020668550833,-0.1518497029381083,1.2256257147189007,1.2187588029349878,0.12380393254046403,1.27721180584257,1.2924212552853769,0.08329920939459699,1.3091457521678596,0.7435606542407283,-0.1686062756062343,0.8456930089865299,0.8629827838859812,-0.44875865927989905,0.8290621813954107,1.0002868175506592,-18.901103973388672,4.596210956573486,-0.5870102047920227,-0.6483321189880371,-2.4325122833251953,407.1134948730469,-245.1885528564453,-828.0789184570312,-33.7503776550293,97.51610565185547,-45.05204391479492,-2.292942762374878,24.334430694580078,-4.431515216827393,-3.6916375160217285,0.2898652255535126,2.7484991550445557
0.7085519178418923,-0.2711445947751304,1.139215357453618,0.67076876384533,-0.14679621917423824,1.0309513560588786,0.1410085760698413,-0.4536595471844768,0.13491567715213,0.7805441982106657,-0.259901289760277,0.6172783569192255,0.5632533606709234,-0.19382351367974915,1.256545337422794,0.4968140814576717,-0.5991656596692193,1.1952612435580878,0.6061397915249628,-0.08521477197179732,1.286990700968054,0.23270888791869798,-0.44813069040017417,1.1420039159572677,0.3567125382308928,-0.5289042759810063,1.1783442007784812,0.2146842631677918,-0.5029507294198535,0.11980317315913193,0.5607419692917375,-0.26401890809370193,0.23512150601342027,0.18464374549637566,-0.45549190873341844,0.027308663550690306,0.5103820569270493,-0.6307027191910523,1.1047020343360523,0.6206017536240698,-0.3355633777794459,0.1284148403449564,0.8394740440000761,-0.46870370712501325,0.6705114008575086,0.607454251966729,-0.3155917545521496,1.1148682043252403,0.6005917729328799,-0.2791149313284072,0.29877079682831736,0.449866054221889,-0.27478953564403863,0.2020631247748997,0.10144953585124962,-0.3138756742145842,0.04586115809441206,0.5433530840060569,-0.45986954857971496,1.1674796171140986,0.26377745278623715,-0.49941931447840693,1.0893089171276977,0.2253417363081941,-0.5445115558359008,1.1553249625575464,1.652034035778993,-0.1700707399440522,0.11275733554649434,1.0638683280407988,-0.32834677181101796,0.7055929957438779,0.8770749639991103,-0.33419122635726106,1.060087343912251,0.7241066149528452,-0.257921555628445,1.2716589319390177,1.0864062127688072,-0.11580890784693865,1.2939763380991702,0.7595945696364964,-0.14705715910685774,1.2992119662809056,1.2983853398569372,0.1983269190058014,1.3130970372269486,1.1880802942427577,0.031000459930606687,1.3266284858548878,1.5430131913810377,-0.13984141034993114,0.09796951347283576,1.4038252080513152,-0.1661933057799639,0.48668356190454093,1.614802970988861,-0.05781764937379698,0.08120472710702989,1.134603783784323,-0.14764981198784527,1.2209333248485792,1.3239534025555415,-0.07279343905531807,0.4466625206320491,0.941745588617609,-0.48475989955939996,0.6950255268259554,0.7983532906170712,-0.16713007078166828,1.1650973047246995,1.3357088518458486,-0.23856843253042523,0.5329799524798299,1.5030491166556907,-0.17778747765631076,0.36094024190247453,1.7728197108830837,-0.04299034490342563,0.10752437816353036,0.9235906947330134,-0.15274862478801743,1.2257947116498127,1.2223006374393866,0.12138275397534408,1.276745358444997,1.2962295971564108,0.08087955319032769,1.3077842557667108,0.745794805568575,-0.1677061338841126,0.8460816424216656,0.8645033198871359,-0.4479874322647291,0.8284334215699443,0.879173994064331,-18.852949142456055,4.027270317077637,-0.592871904373169,-0.6562560200691223,-2.313663959503174,406.18377685546875,-257.05096435546875,-826.14404296875,-33.94882583618164,97.59251403808594,-44.589935302734375,-2.2373268604278564,24.501359939575195,-4.529335021972656,-3.64691162109375,0.14475798606872559,2.80322003364563
0.7108289729680445,-0.2708079100444617,1.139344326707701,0.6731574124847814,-0.14628165624789058,1.0313704763816682,0.14219576959183666,-0.452826523228197,0.13524745759979775,0.7825100173223886,-0.2583128277039687,0.6169284420297636,0.5655863514009689,-0.19351002139760962,1.2568000626090345,0.49940710332219945,-0.5989781365489328,1.1951012121920555,0.6085508540766127,-0.08491148992090038,1.2873515451191277,0.23615504179569244,-0.44567366941085734,1.1441337533344496,0.35974723317765217,-0.5276919808608808,1.1792897901787662,0.21579809575680858,-0.5021372630896158,0.12004540209343889,0.5622654805909718,-0.2641971780369613,0.23435842635615778,0.18523145116717607,-0.4550865541230764,0.02743010282121746,0.5123849680881625,-0.6302713009695344,1.1043501160792168,0.6218923784249665,-0.3367075286558921,0.1280049930345144,0.8405412040798869,-0.46736779828734754,0.6700248007742775,0.609890227680964,-0.3153781579030271,1.114963413863782,0.6021293078037286,-0.2788968816498258,0.29806056342377574,0.45142170865804143,-0.2747791816067222,0.20138829245867323,0.1018362799721048,-0.3136132925946192,0.04549121077092281,0.546197528475957,-0.45969594985444023,1.1674703738547318,0.2665232958777849,-0.4970228308873463,1.0908429014761716,0.22806472415166165,-0.5421643233457151,1.1568562889730691,1.6525414629487802,-0.17096720221421569,0.11212595497930292,1.065600586253286,-0.327927076263933,0.7048461760906195,0.8790551637182171,-0.3343264338196508,1.059960516872785,0.7264246498512115,-0.25770561841149997,1.271910800839102,1.0895670107658333,-0.11782544091442548,1.2940705162010446,0.7619636804852263,-0.14687492209949243,1.2995386936806685,1.3025810655379135,0.19586818226125874,1.311566702577452,1.191814253661806,0.028737759377980242,1.3262516544354672,1.5435928587881935,-0.1404295573566133,0.09761710677123231,1.4054970875481105,-0.16647789800009188,0.48676802069935576,1.6155463591316677,-0.058663252642415155,0.08064748105031769,1.137424842411319,-0.14986347342958498,1.2208413683026043,1.3258373216287977,-0.07280613861928713,0.4470066436079164,0.942803545108694,-0.4840140121662065,0.6943775664102163,0.8009488018143254,-0.16719029577362615,1.1653206901045035,1.3375356055253387,-0.23882763058144524,0.5328305726809217,1.5042575637236335,-0.1783551942828475,0.3606822538060068,1.7736665997284138,-0.0443504900233634,0.10663864184294322,0.9263793226109434,-0.1536475466379266,1.2259637085807245,1.2258424719437855,0.11896157541022413,1.276278911047424,1.300037939027445,0.0784598969860584,1.306422759365562,0.7480289568964218,-0.16680599216199085,0.8464702758568012,0.8660238558882908,-0.4472162052495591,0.8278046617444778,1.0875412225723267,-19.423336029052734,4.0789971351623535,-0.5606256723403931,-0.49827462434768677,-2.3672385215759277,391.18450927734375,-268.19781494140625,-822.2105102539062,-33.573875427246094,97.82469940185547,-45.48623275756836,-2.37618350982666,24.380334854125977,-4.02918004989624,-3.762827157974243,0.16168154776096344,2.74245548248291
0.7138368264334087,-0.2703476616286285,1.1395130406152334,0.6763022580486255,-0.14560549035174966,1.0319501789200385,0.14371850445175782,-0.45166581558273344,0.13566759958961935,0.7851342259850719,-0.25619971648549433,0.6164001572803157,0.5687070683335622,-0.19305341999163697,1.25717523062466,0.50274473300438,-0.5987547790964708,1.194790072196367,0.6117744863230656,-0.08452240129723065,1.2878508911227549,0.24073318433978635,-0.4424373041221642,1.1469379422680428,0.36372456225930405,-0.5260629466432611,1.1804689133404105,0.217243192384377,-0.5010552983114263,0.12034767203723748,0.5642382841039175,-0.26438629079536097,0.2334172728884695,0.18602599988117902,-0.4547114459094623,0.027651100706259705,0.5149610682039067,-0.629696323382144,1.1037648614273956,0.6235660790212895,-0.3380770657630944,0.12751350080631432,0.8419117532818521,-0.4655708230982556,0.6694503726548707,0.6131479876325615,-0.31506760502295783,1.1150965670876156,0.6041038611669411,-0.27860320364402624,0.29716217818836516,0.4534592515980168,-0.2747584473317033,0.20053157777778371,0.10233597316785358,-0.3132779162549815,0.04500847473271839,0.5498732060983476,-0.4594099324764006,1.1673989601877353,0.27012054049810774,-0.4939136881603315,1.0927921693451355,0.23167136442286237,-0.5389859563862256,1.1589093780675468,1.653154209749588,-0.17211398672287812,0.11125137895000309,1.0678942777857872,-0.32755226306370555,0.7039619277644632,0.8817155002955566,-0.3344951503916292,1.059747884802471,0.7294761722056277,-0.25743659580780187,1.2722821010659071,1.0937586286604792,-0.1205221786848358,1.294154949338231,0.7651049379284014,-0.14663197334535077,1.299985345823086,1.3080402320583917,0.19259977155667313,1.3094402721386085,1.1967470657746517,0.02572533798508932,1.3256956883613638,1.544317047722292,-0.14116900727547546,0.09716469082759317,1.4076733614829988,-0.1668519218581796,0.48684632413039935,1.6164950576444335,-0.05969576572148201,0.07991528049703475,1.1411544771383924,-0.15279083943228805,1.2206975044004176,1.3282922462911793,-0.07285039675798241,0.4474605639644016,0.9442295898862231,-0.4830171117522071,0.6935270587537463,0.8043715371596097,-0.16728013805699662,1.165617397092036,1.339910100232686,-0.2392561504777693,0.532572530358043,1.5058069365308773,-0.17907019556555517,0.36038782077514575,1.774723141003918,-0.04605268417481334,0.10537980135456239,0.9300401618346468,-0.1548148250787067,1.2261746705367864,1.2304840318809276,0.11571909523020169,1.2755922274479015,1.3050630692614618,0.07518927407580543,1.3045579787121706,0.7509792027686601,-0.165597437726741,0.8470242406358781,0.8680053040483927,-0.4462247728709355,0.8269657807437001,1.257124423980713,-19.914508819580078,4.680957317352295,-0.6017425656318665,-0.39931631088256836,-2.5192434787750244,368.7110595703125,-267.3189697265625,-815.5377197265625,-32.988807678222656,97.98255157470703,-46.26251220703125,-2.603464126586914,23.95956802368164,-3.5438430309295654,-3.8439836502075195,0.31928369402885437,2.6206443309783936
0.7172890052890146,-0.2698122864922151,1.1397059192720629,0.679906871342501,-0.14483106984997426,1.0326275154454818,0.14544524844513823,-0.45030587625424595,0.13614146539707056,0.7881587354947399,-0.25376761857642244,0.6157634236559962,0.5723067227973053,-0.1925098082383737,1.2576236278805513,0.5065350842396944,-0.5985096343700459,1.1943870581538472,0.6154921609439598,-0.08408114227731496,1.2884344462527344,0.24599957599347788,-0.43872709749944955,1.150152136947935,0.36827501289497144,-0.5241805350543648,1.1817900250289615,0.21888969754738524,-0.4998100864768818,0.12068644691480707,0.5664842572828003,-0.26458199598536586,0.23236785054404216,0.18694630916544933,-0.4543547275050586,0.027932630228927197,0.5178856672040674,-0.6290340617003031,1.103037738247423,0.6254726897012319,-0.3395836376985967,0.12697236846811724,0.8434667630700875,-0.46349351956749596,0.668822545089469,0.6169053924004763,-0.3146981027544729,1.1152527900721063,0.6063441217735114,-0.27826354361527805,0.296149396639786,0.45578978274831705,-0.2747314018721612,0.1995642786191789,0.10290433940113775,-0.3128981591257828,0.04445716315596704,0.5540542734774533,-0.4590555645574797,1.1672897469128993,0.2742354372479268,-0.49037124867865584,1.0949939295945579,0.2358152653701258,-0.5353022596693986,1.1612796988708294,1.6538309908860567,-0.17341296715254814,0.11022894007974113,1.0705293207768574,-0.3272047383303674,0.7029941228051849,0.8847893600827021,-0.3346842405022375,1.0594830832734012,0.7329736549333231,-0.2571352972889578,1.2727260155393587,1.0985769850528793,-0.12363248091462431,1.2942334575368868,0.768715660501,-0.14635211184916908,1.300504912209037,1.3142675706092886,0.18883907908438058,1.3069514154598414,1.2024087803253274,0.02225708632131682,1.3250308084172129,1.5451291057447725,-0.14200044936494322,0.09665146926479624,1.4101563072362482,-0.16728032015214692,0.48692088510026993,1.6175685848621344,-0.060841919965301916,0.07907670760983664,1.145436526134314,-0.15615213780805764,1.220522080825654,1.3310943423517492,-0.07291384251011128,0.44798124112830257,0.9458794323419103,-0.4818675954215574,0.6925534023749118,0.8082972247868974,-0.16738798765354598,1.1659586836170677,1.3426176214849712,-0.23978761805603835,0.5322484212205899,1.5075635921876163,-0.17987474591921496,0.36007122922417345,1.7759071509569686,-0.04796284413742308,0.10389411353216267,0.9342313055565815,-0.15614526432673662,1.2264111472281398,1.2357942248811784,0.11197726366831769,1.2747716402375935,1.3108280068201734,0.07140126340831354,1.3023872012334154,0.7543648341238893,-0.16420136836190888,0.8476787268720716,0.8702669868011348,-0.4450994556313319,0.825999146068333,1.1360148191452026,-19.731767654418945,5.014936447143555,-0.6627058982849121,-0.4635753929615021,-2.5546765327453613,346.21240234375,-262.50689697265625,-807.5112915039062,-32.55998992919922,98.06593322753906,-46.21847915649414,-2.6982638835906982,23.632568359375,-3.7218384742736816,-3.760486364364624,0.339281290769577,2.5634663105010986
0.7207411841446199,-0.2692769113558018,1.1398987979288921,0.683511484636376,-0.144056649348199,1.0333048519709251,0.14717199243851836,-0.4489459369257587,0.1366153312045217,0.7911832450044075,-0.251335520667351,0.615126690031677,0.575906377261048,-0.19196619648511049,1.2580720251364423,0.5103254354750082,-0.5982644896436211,1.1939840441113276,0.6192098355648531,-0.08363988325739935,1.289018001382714,0.2512659676471685,-0.4350168908767355,1.1533663316278266,0.3728254635306381,-0.5222981234654687,1.183111136717512,0.22053620271039315,-0.49856487464233745,0.12102522179237657,0.5687302304616826,-0.26477770117537075,0.23131842819961496,0.1878666184497195,-0.4539980091006551,0.028214159751594643,0.5208102662042275,-0.6283718000184622,1.1023106150674504,0.6273793003811741,-0.3410902096340987,0.12643123612992024,0.8450217728583228,-0.46141621603673666,0.6681947175240674,0.6206627971683905,-0.31432860048598804,1.1154090130565972,0.6085843823800812,-0.27792388358652986,0.2951366150912071,0.45812031389861696,-0.27470435641261914,0.1985969794605742,0.10347270563442183,-0.31251840199658415,0.043905851579215775,0.5582353408565582,-0.4587011966385589,1.1671805336380636,0.27835033399774517,-0.4868288091969808,1.0971956898439799,0.23995916631738848,-0.5316185629525724,1.1636500196741115,1.6545077720225252,-0.17471194758221797,0.10920650120947935,1.073164363767927,-0.3268572135970293,0.7020263178459067,0.8878632198698472,-0.33487333061284574,1.0592182817443316,0.7364711376610179,-0.2568339987701138,1.2731699300128103,1.1033953414452784,-0.12674278314441229,1.2943119657355429,0.7723263830735981,-0.1460722503529874,1.3010244785949883,1.3204949091601843,0.18507838661208867,1.3044625587810745,1.2080704948760024,0.01878883465754491,1.324365928473062,1.5459411637672524,-0.14283189145441083,0.0961382477019994,1.4126392529894973,-0.16770871844611418,0.48699544607014056,1.618642112079835,-0.06198807420912162,0.07823813472263864,1.149718575130235,-0.15951343618382663,1.2203466572508908,1.3338964384123189,-0.07297728826224015,0.4485019182922035,0.9475292747975974,-0.4807180790909079,0.6915797459960774,0.8122229124141842,-0.16749583725009531,1.1662999701420993,1.345325142737256,-0.24031908563430732,0.531924312083137,1.5093202478443548,-0.18067929627287463,0.35975463767320115,1.777091160910019,-0.049873004100032495,0.10240842570976319,0.9384224492785155,-0.1574757035747663,1.2266476239194932,1.2411044178814286,0.10823543210643431,1.2739510530272857,1.3165929443788842,0.06761325274082229,1.3002164237546605,0.757750465479118,-0.16280529899707702,0.8483332131082648,0.8725286695538766,-0.4439741383917285,0.8250325113929661,0.9590804576873779,-19.30298614501953,4.848128795623779,-0.6030928492546082,-0.5620202422142029,-2.4693198204040527,337.9662780761719,-266.914794921875,-803.8851318359375,-32.549156188964844,98.1249771118164,-46.51000213623047,-2.6103906631469727,23.698591232299805,-3.9910590648651123,-3.662921667098999,0.21180078387260437,2.608389139175415
0.7242400460685322,-0.26876174515446294,1.1400695770781561,0.6872307437145153,-0.14327518661685346,1.0339932749602967,0.1488758231827753,-0.4475645833457544,0.13712229426728173,0.7942503260460907,-0.2489000760166853,0.6144645162765554,0.5795217314303313,-0.19143626843856665,1.2585718655428348,0.5140389401391638,-0.5979965112067217,1.1934675467724831,0.6229382784950809,-0.08319452952667582,1.2896273270348049,0.2566009736218984,-0.43132924263840516,1.1565464592927335,0.3773402502599926,-0.520363938334762,1.184374686897985,0.22218410897728605,-0.4973066796530163,0.1214236323012421,0.5709047045139285,-0.26491827996361333,0.23031325075800066,0.18886646944166008,-0.45355623328922606,0.028528934899742207,0.523631024439603,-0.62762040610345,1.1014835179246816,0.6292401212730153,-0.3424825395969364,0.12593939786912595,0.8466213365264285,-0.459318428244812,0.6675719804321694,0.6244489826903434,-0.3139573361305212,1.1155360637121643,0.6107915671455937,-0.2775328477092137,0.294201187937465,0.4603693179342129,-0.2746345864621219,0.19769423509275685,0.10402491175575757,-0.31217425982683705,0.043331853132571665,0.5624264301053731,-0.4583766924229679,1.1670371309810916,0.28263415860024466,-0.48303478897012664,1.0995896888884484,0.24415897375700446,-0.5279148347330413,1.1660502959560872,1.6551545976803002,-0.17595689373695286,0.10816352607201278,1.0757297064294875,-0.3265039865544301,0.7011430685883328,0.8908858200572182,-0.33502816403938446,1.0589503965630438,0.7399860332343748,-0.25656646746673334,1.2736049361576307,1.108230095035982,-0.12990322837371668,1.2943263535467995,0.7760009935360077,-0.14584598872835275,1.3015532959375948,1.3266070268012033,0.18125831547951896,1.301817316882658,1.2137712445480138,0.015226999273067652,1.3236063118802002,1.546730632813561,-0.1436401816788098,0.09563094106138942,1.4151210240180916,-0.16818840081328582,0.4869682036882994,1.619638890620099,-0.06310049641803389,0.07739738064096473,1.154049473093045,-0.16294261773690447,1.220074563626422,1.3366726171101952,-0.07305344337264433,0.4489364734548606,0.9490956628559439,-0.47954817639281433,0.690606016196952,0.816150190814441,-0.16763085235428335,1.16661472746868,1.3480591442411307,-0.24090403071697178,0.5315332803505146,1.5110723759164872,-0.18147225539810602,0.3594309243540101,1.778210414166482,-0.051613320750708444,0.10087301399534128,0.9426542433681863,-0.15890922797041998,1.2268742867652944,1.2465229792310697,0.10436852143102965,1.2730097873321433,1.3223037467097598,0.06365846252895391,1.297944668902467,0.7611878459027268,-0.16138765936260996,0.8490033868132837,0.8747900953356001,-0.44275555902758984,0.8240076299534729,0.990715742111206,-19.114253997802734,4.508795738220215,-0.4493584930896759,-0.5865575075149536,-2.3700551986694336,335.7997741699219,-279.5110168457031,-802.2099609375,-32.6173210144043,98.1594467163086,-47.31242370605469,-2.3318841457366943,24.237590789794922,-3.8019373416900635,-3.6766040325164795,0.09714236855506897,2.7347843647003174
0.7277678966719584,-0.26825912804990415,1.1402266331461093,0.6910211941264324,-0.1424893508881133,1.03468858228614,0.15056542553846414,-0.44616993220634016,0.13764980965793527,0.7973438426358811,-0.24646255314744855,0.6137865450208551,0.5831468346103138,-0.19091483753248556,1.2591036504862325,0.5177047255615526,-0.5977143537721886,1.1928805799673725,0.626673408198041,-0.08274663311262793,1.29025265534982,0.2619785868766293,-0.42765560242908673,1.1597054324402716,0.38183289085397665,-0.5183976035047051,1.185602493238765,0.2238328852844949,-0.49604042254338987,0.1218590746134125,0.573034779914957,-0.2650246270346326,0.22933554797377806,0.18991571326820267,-0.45306163957182144,0.028864354508873452,0.5263873009097497,-0.6268136639468717,1.1005943401759823,0.6310725081835362,-0.34380392897997475,0.12547816964026712,0.8482485667167121,-0.4572079203874859,0.666952404360108,0.6282530401321437,-0.31358497757588,1.1156449992925126,0.6129782128807725,-0.27710990908722216,0.29331379536761354,0.4625676962614849,-0.2745382859809509,0.19683157716760571,0.10456708296886738,-0.3118522333980396,0.0427437668715585,0.5666237426119926,-0.45807073260379944,1.1668724978206964,0.2870228819499743,-0.47908454521602345,1.1021030620233903,0.2483934973249373,-0.5241986675965075,1.168469173624026,1.6557828219521125,-0.17716828634999449,0.10710779857507208,1.0782517674348213,-0.3261472185617251,0.7003123256939137,0.8938765896866654,-0.33516172517017023,1.0586805965332007,0.7435117416231838,-0.2563199045148906,1.2740344105177368,1.1130750307578916,-0.13309481078820518,1.2943009246658805,0.7797152763170913,-0.14565301089492064,1.3020878578258666,1.3326475959739938,0.17740137211435672,1.299074964807523,1.219496233771179,0.011607051416861433,1.3227878668845094,1.5475060748343437,-0.1444340953418356,0.09512730739665347,1.4176020655805701,-0.16869992893559255,0.48687774470902434,1.6205880107074384,-0.06419197212139899,0.0765552721078822,1.1584107046885208,-0.1664139525533118,1.219742441019475,1.3394327019618837,-0.0731374905845582,0.44931754963287457,0.9506102284256196,-0.4783656144181624,0.6896322408061943,0.8200784570333974,-0.16778273636240834,1.1669130110188035,1.3508095891270417,-0.24152218360478517,0.5311006918450855,1.5128216925046303,-0.18225801674439418,0.3591027886464896,1.77928945560329,-0.05324817018349047,0.09930672534796968,0.9469112800249202,-0.16040676491742106,1.227094855529583,1.2520088338299304,0.10042394066093766,1.2719935841907728,1.3279809328104488,0.059600107600011894,1.2956102103587017,0.7646573608284755,-0.15995662528651436,0.849683301930396,0.8770513615466112,-0.4414790668925702,0.8229465791523851,1.211851716041565,-19.181503295898438,4.478774070739746,-0.46899324655532837,-0.5347973704338074,-2.3816633224487305,326.91656494140625,-289.90386962890625,-798.1875,-32.51425552368164,98.03810119628906,-47.28169631958008,-2.101134777069092,24.652633666992188,-3.523721933364868,-3.7041220664978027,0.11703546345233917,2.7953062057495117
0.7312957472753839,-0.2677565109453454,1.1403836892140622,0.6948116445383488,-0.14170351515937327,1.0353838896119831,0.15225502789415266,-0.44477528106692615,0.13817732504858873,0.8004373592256709,-0.24402503027821226,0.6131085737651547,0.5867719377902958,-0.19039340662640453,1.25963543542963,0.5213705109839407,-0.5974321963376557,1.1922936131622617,0.6304085379010004,-0.08229873669858012,1.2908779836648347,0.2673562001313593,-0.4239819622197689,1.1628644055878088,0.3863255314479599,-0.5164312686746484,1.1868302995795446,0.22548166159170346,-0.49477416543376374,0.12229451692558281,0.5751648553159852,-0.2651309741056518,0.22835784518955562,0.1909649570947451,-0.4525670458544169,0.02919977411800464,0.529143577379896,-0.6260069217902935,1.0997051624272833,0.6329048950940568,-0.3451253183630128,0.12501694141140837,0.8498757969069954,-0.4550974125301602,0.6663328282880467,0.6320570975739433,-0.31321261902123887,1.115753934872861,0.6151648586159509,-0.27668697046523066,0.29242640279776216,0.46476607458875663,-0.27444198549977994,0.19596891924245471,0.10510925418197713,-0.3115302069692422,0.04215568061054544,0.5708210551186111,-0.457764772784631,1.1667078646603009,0.29141160529970317,-0.475134301461921,1.1046164351583316,0.2526280208928694,-0.5204825004599742,1.1708880512919646,1.6564110462239245,-0.1783796789630359,0.10605207107813157,1.0807738284401545,-0.32579045056902023,0.6994815827994947,0.8968673593161121,-0.335295286300956,1.0584107965033576,0.7470374500119922,-0.25607334156304795,1.2744638848778427,1.1179199664798003,-0.13628639320269315,1.2942754957849616,0.7834295590981741,-0.14546003306148858,1.3026224197141383,1.3386881651467832,0.17354442874919512,1.2963326127323884,1.225221222994343,0.007987103560655831,1.3219694218888187,1.548281516855126,-0.1452280090048613,0.09462367373191759,1.4200831071430484,-0.16921145705789917,0.48678728572974933,1.6215371307947777,-0.0652834478247639,0.07571316357479982,1.1627719362839957,-0.1698852873697185,1.2194103184125282,1.3421927868135717,-0.07322153779647209,0.44969862581088843,0.952124793995295,-0.47718305244351067,0.6886584654154367,0.8240067232523531,-0.16793462037053328,1.167211294568927,1.3535600340129523,-0.24214033649259842,0.5306681033396563,1.5145710090927729,-0.18304377809068223,0.3587746529389691,1.7803684970400981,-0.054883019616272226,0.09774043670059834,0.9511683166816534,-0.16190430186442187,1.2273154242938717,1.25749468842879,0.09647935989084636,1.2709773810494025,1.3336581189111367,0.055541752671070574,1.293275751814937,0.7681268757542237,-0.15852559121041904,0.8503632170475082,0.8793126277576219,-0.44020257475755076,0.8218855283512975,1.327478051185608,-19.186189651489258,4.422972202301025,-0.6581321954727173,-0.47836241126060486,-2.4867093563079834,310.2706604003906,-287.8101501464844,-793.2686157226562,-32.293148040771484,97.84119415283203,-46.53397750854492,-1.999023199081421,24.571773529052734,-3.550668954849243,-3.6297483444213867,0.23564429581165314,2.706106662750244
0.734864988567813,-0.2673002004327364,1.1405815776215484,0.6986301580801701,-0.14088801711501672,1.036106993031028,0.15395279611084622,-0.44335350749508445,0.13866522493741368,0.8036191799980124,-0.24156314030980452,0.6123719515389955,0.5904129782062489,-0.18984041987172032,1.2601908652592968,0.5249733849866498,-0.5971134791508416,1.191490637940287,0.6342513683615928,-0.08187752119604723,1.2915045257830462,0.27283899550208934,-0.4203530445892293,1.1659990783953507,0.39083970491065056,-0.5145095775261621,1.187975640131148,0.2271147070094843,-0.49348306177270346,0.12274402114778556,0.5772913257215195,-0.26517357223278637,0.22742416097825732,0.19194615511408697,-0.45201299398742767,0.029523051143407992,0.5318842200648703,-0.6251200443466768,1.0987131998238975,0.6346921163876323,-0.3463991448677927,0.12466889729612318,0.8515267083976441,-0.4529648377307205,0.6656824094767603,0.6359253530668104,-0.3128683418035507,1.1158209214147352,0.6173577311615279,-0.27623575022875874,0.2915546864961947,0.46699775360672663,-0.27434879235479215,0.1951385636548728,0.1056529001659707,-0.3112342773091714,0.041584252281151514,0.5749683467954986,-0.45746252113422814,1.1664523661926094,0.2957978100077992,-0.47096489340264314,1.1072893991375599,0.256926341956814,-0.516761381006399,1.173267164767183,1.6570470873883227,-0.17955185056028766,0.10502100806214565,1.0833574292675547,-0.32556612671211066,0.6985273111537593,0.8999018744127637,-0.3355030229450851,1.0581267464239865,0.7506178645108706,-0.25582231788445786,1.274915668940702,1.1228172656716096,-0.1395369179004073,1.2941603668478152,0.7871684213939878,-0.1452965627837655,1.303177859017391,1.3446324068978917,0.16960651864180534,1.2933868757936342,1.2309936719224939,0.004206305729003557,1.321019570559066,1.5489884032713657,-0.14598069887682297,0.09416101806309843,1.4225851232247635,-0.1697803252432125,0.4866944962483368,1.6224149763584137,-0.06629519486516114,0.07485185722690946,1.1671087461591554,-0.17345772592338476,1.2189900494174453,1.3449156564592524,-0.07337317260487979,0.45009789689881907,0.9536405733681671,-0.4759930559242799,0.6876926404356167,0.8279849253348164,-0.16809903993117098,1.1675752448719858,1.3562246387368004,-0.24271536902185303,0.5301882493377522,1.5163215152080485,-0.18383302001763646,0.35835768504450655,1.7813337080131302,-0.05641407294457902,0.09609473042732847,0.955480642073991,-0.1633789525521511,1.227483581036132,1.2628647704787597,0.09249071199570304,1.2697953481153148,1.3392995706457171,0.05142676168497661,1.290895144473638,0.7716996125038094,-0.15708078350255042,0.8510504149837999,0.8815640136106123,-0.43892281142291656,0.8208323065808278,1.110988974571228,-19.259511947631836,4.178981781005859,-0.6981880068778992,-0.4786815345287323,-2.5720467567443848,289.3341979980469,-281.0965881347656,-788.8295288085938,-31.904874801635742,97.6749038696289,-46.70231628417969,-2.032121419906616,24.189592361450195,-3.404930830001831,-3.589203357696533,0.3376395106315613,2.5487141609191895
0.7384604776142444,-0.2668732550759979,1.1408053597077628,0.7024664677531509,-0.1400537088217326,1.036847723240884,0.155655742678421,-0.44191453433194716,0.13912800280068877,0.8068569985446546,-0.23908579803460514,0.6115981360144963,0.5940641251620863,-0.18926742209109257,1.2607612894070859,0.5285363639427332,-0.5967715777308736,1.1905506817710323,0.6381624968636109,-0.08147322529593845,1.2921318376301139,0.27838849172686825,-0.4167524876184026,1.1691183412311879,0.39536753336325325,-0.5126161970050133,1.18906868530425,0.22873777674128656,-0.49217620176195326,0.12320244267878937,0.5794155100323504,-0.26517574420038437,0.22651839098393534,0.1928842021337407,-0.4514212369524091,0.029838627993764424,0.5346149486421746,-0.6241823494039626,1.097656056580954,0.6364506960704625,-0.34764280954733573,0.12439262847237244,0.8531926372982807,-0.45081826926067203,0.6650124318552334,0.6398343195188909,-0.31254187226295477,1.1158613061273335,0.619554552416138,-0.27576659530993336,0.2906929112428073,0.46925055013587114,-0.2742575697156767,0.1943286924764811,0.10619748137052479,-0.3109548968195126,0.0410233875181502,0.5790839179462149,-0.4571626210054815,1.1661392458227298,0.3001824175285182,-0.46665650310105894,1.1100635670668237,0.2612651199694495,-0.5130371210590898,1.1756210619250667,1.657688085606556,-0.18069915029386796,0.10400558593652119,1.0859800553479728,-0.32542579181936404,0.6974947042023111,0.902964130537399,-0.335757797719627,1.057833659727842,0.7542329706893057,-0.25556846545232054,1.2753816006199412,1.1277477709662829,-0.1428248206313868,1.2939883549481828,0.790922870699143,-0.14515180461454077,1.3037465376569735,1.3505155629669585,0.16561726377105135,1.2903121630877064,1.2367962172489284,0.0003235054738972721,1.3199863883833223,1.549651815401797,-0.14670724683250014,0.09372434844047034,1.4251004402211167,-0.17038555541970074,0.4866002288875201,1.6232476234436035,-0.06725638226562765,0.07397837665499453,1.1714300690897248,-0.17709427904214242,1.2185138827128126,1.3476149262181967,-0.07356766784033236,0.45050870622230677,0.9551571224698955,-0.47479834481580385,0.686731857179806,0.8319947940624307,-0.16827140886657282,1.1679808375061742,1.358834808235926,-0.24326305693348504,0.5296784220941809,1.5180727756576031,-0.18462446914208636,0.35788438454369054,1.782226733814012,-0.05787930435297486,0.0943986617571473,0.9598280286157362,-0.16483909000229344,1.227618500886374,1.2681614357904085,0.08847411909442916,1.2685081548248698,1.344918361562766,0.04727585515044437,1.28848527204122,0.7753378069953408,-0.15562724129648417,0.8517422312932298,0.8838091338707119,-0.4376409736690144,0.8197840495614818,0.7915810942649841,-19.491371154785156,4.065877914428711,-0.5414326786994934,-0.5284287333488464,-2.566338539123535,275.41375732421875,-282.06787109375,-786.1292724609375,-31.646541595458984,97.67594146728516,-47.66719436645508,-2.180556297302246,24.00554847717285,-2.6339476108551025,-3.7084548473358154,0.34903424978256226,2.4617440700531006
0.7420559666606764,-0.26644630971925937,1.1410291417939773,0.7063027774261322,-0.1392194005284483,1.0375884534507398,0.15735868924599608,-0.4404755611688096,0.13959078066396396,0.8100948170912976,-0.2366084557594053,0.6108243204899971,0.5977152721179242,-0.18869442431046474,1.261331713554875,0.5320993428988172,-0.5964296763109056,1.1896107256017774,0.6420736253656298,-0.0810689293958296,1.2927591494771817,0.2839379879516481,-0.4131519306475753,1.1722376040670255,0.3998953618158567,-0.510722816483864,1.190161730477352,0.2303608464730891,-0.49086934175120284,0.12366086420979326,0.5815396943431816,-0.26517791616798236,0.22561262098961318,0.19382224915339458,-0.4508294799173905,0.030154204844120912,0.5373456772194792,-0.623244654461248,1.0965989133380107,0.6382092757532928,-0.34888647422687896,0.12411635964862164,0.8548585661989174,-0.4486717007906232,0.6643424542337064,0.6437432859709721,-0.3122154027223587,1.1159016908399317,0.6217513736707485,-0.27529744039110793,0.2898311359894197,0.47150334666501603,-0.2741663470765613,0.19351882129808926,0.10674206257507896,-0.31067551632985374,0.0404625227551488,0.583199489096932,-0.4568627208767348,1.1658261254528501,0.304567025049238,-0.46234811279947396,1.1128377349960883,0.2656038979820857,-0.5093128611117799,1.1779749590829507,1.6583290838247893,-0.18184645002744845,0.10299016381089657,1.0886026814283913,-0.3252854569266174,0.6964620972508626,0.9060263866620347,-0.33601257249416894,1.0575405730316971,0.7578480768677415,-0.2553146130201832,1.2758475322991807,1.132678276260957,-0.14611272336236686,1.2938163430485505,0.7946773200042989,-0.14500704644531603,1.304315216296556,1.3563987190360265,0.16162800890029666,1.287237450381778,1.2425987625753643,-0.003559294781209676,1.3189532062075786,1.550315227532229,-0.14743379478817742,0.09328767881784218,1.4276157572174704,-0.1709907855961891,0.48650596152670333,1.6240802705287933,-0.06821756966609432,0.07310489608307943,1.1757513920202949,-0.18073083216090072,1.2180377160081801,1.3503141959771414,-0.07376216307578497,0.4509195155457945,0.9566736715716242,-0.47360363370732755,0.6857710739239952,0.8360046627900458,-0.16844377780197473,1.1683864301403626,1.361444977735052,-0.24381074484511717,0.5291685948506096,1.519824036107158,-0.1854159182665364,0.3574110840428744,1.783119759614894,-0.05934453576137094,0.09270259308696584,0.9641754151574823,-0.16629922745243603,1.227753420736616,1.2734581011020585,0.08445752619315461,1.2672209615344243,1.350537152479816,0.04312494861591143,1.2860753996088015,0.778976001486873,-0.15417369909041767,0.8524340476026598,0.8860542541308118,-0.43635913591511205,0.8187357925421355,0.7840733528137207,-19.59325408935547,4.1407470703125,-0.43595486879348755,-0.5980403423309326,-2.4828739166259766,266.364501953125,-289.8231506347656,-783.3966064453125,-31.682483673095703,97.73310089111328,-48.12312316894531,-2.339468002319336,24.178390502929688,-2.1329245567321777,-3.860363483428955,0.2406487762928009,2.5476276874542236
0.7456971450357246,-0.2660251372302605,1.1412012750739293,0.7102132976449875,-0.13840473744253454,1.0383405969632382,0.1590950841343165,-0.43902831697306105,0.14001932162914843,0.8133566059813592,-0.2341457984798793,0.6100697318054983,0.6014593387676388,-0.1881424231541078,1.2618679700308288,0.5355840179304412,-0.5960382811281065,1.1885298849731092,0.6460321889018379,-0.08063888734835666,1.293422410819704,0.28958571322311594,-0.4095853487190034,1.175344153350552,0.4044382876118285,-0.5087891161836537,1.1911695129824,0.2319691830518229,-0.4895301320102831,0.12414928478811747,0.5836565828086523,-0.2651671879733635,0.2247830028861564,0.19475777392947904,-0.45026364360029336,0.030454953731537244,0.5399523282682658,-0.6222354217080881,1.0954595172642083,0.6399458836246009,-0.35002367494516806,0.12384784115564745,0.8564583990747564,-0.44649938015353613,0.6637187679082353,0.6476169289737346,-0.31184373144677147,1.115929530551102,0.6239343376349138,-0.27477041834237564,0.28901619982245746,0.47366638382933773,-0.2740337090776456,0.19279865530745088,0.10729533919928876,-0.31042569846112206,0.03989646451806789,0.5872738977141725,-0.4565532554853831,1.1654054936983729,0.3089849394283545,-0.4581795655536338,1.1155297945666784,0.2700166878913409,-0.5056093931198122,1.1803212714511035,1.65895462351919,-0.18289962914211066,0.10190026777864299,1.0912495065998555,-0.3249659584650141,0.6954101189872287,0.909137486424667,-0.3362536946471953,1.0572467158172305,0.761479676954004,-0.255131702450727,1.276304627096416,1.1376223860197507,-0.14949537576823813,1.293556419824133,0.7984967697535127,-0.1449070686338753,1.304914234095062,1.3621811779919046,0.15759772091906615,1.28404489653,1.2484218711095136,-0.0075251259100898565,1.3177459832058838,1.550994411209561,-0.1481096299969597,0.0928862077362885,1.4300834465500534,-0.17158176419356008,0.48639951636459655,1.6248906929761369,-0.06912157316969715,0.07219062619750079,1.1800746171679715,-0.18444460265289056,1.217458925894554,1.3529764808566362,-0.07397764590599677,0.4512701461844097,0.9582240151253756,-0.47234854526472414,0.6848434229560246,0.8400718147391513,-0.1686227653693679,1.168818027767914,1.3640278419911465,-0.2443905025720596,0.5286551437630559,1.5215200841032115,-0.18619750415449896,0.3569513278094349,1.7839158205007086,-0.060753115261627265,0.09092225950976092,0.9685929188665172,-0.16778906898585366,1.2278474790371017,1.2787490838410835,0.08039575112083125,1.2658334082325564,1.3560609288563,0.03895769941787082,1.2834863575878523,0.7826677349624253,-0.15267336294548411,0.8531587313342568,0.8882984112430091,-0.43501155127752705,0.817671475031518,1.1232388019561768,-19.34075164794922,4.16772985458374,-0.5601298213005066,-0.6178532242774963,-2.450139045715332,253.03692626953125,-298.08447265625,-778.3662719726562,-31.68785285949707,97.76963806152344,-47.46259307861328,-2.2995028495788574,24.480375289916992,-2.2711079120635986,-3.8986289501190186,0.11450357735157013,2.693690776824951
0.7493679091235655,-0.26560770290971597,1.141339963635072,0.7141718722337125,-0.13760279543352452,1.039100131056956,0.16085313818115252,-0.4375757169447199,0.1404256927996676,0.8166339166511759,-0.23169265033689582,0.6093275932878849,0.6052635747273233,-0.18760401817248362,1.262382101538955,0.5390179879618003,-0.5956148367054416,1.1873578158830176,0.6500214685667425,-0.08019217361529542,1.2941089509338732,0.2952970458280955,-0.40604076702271114,1.17844247008791,0.4089909895563752,-0.5068293071740513,1.1921220844155114,0.2335679793101271,-0.48816997449327004,0.1246571309790508,0.5857687469152423,-0.26514810639501407,0.224002696253014,0.19569166544948183,-0.44971459201037495,0.03074610090524646,0.5424786340321923,-0.6211798652907872,1.094266859111407,0.6416682638474646,-0.3510919358852682,0.12358434131948762,0.8580154320656856,-0.4443103839328749,0.6631250570941446,0.6514676985953813,-0.31144279019524723,1.1159492468597083,0.6261083284355944,-0.27420592495542495,0.28823159388359026,0.47577129812627417,-0.2738742529359085,0.1921365771023249,0.1078542464640953,-0.3101950236010236,0.03932704329367314,0.5913216519039983,-0.45623759619447574,1.1649152439161643,0.3134244213633185,-0.4541015724176607,1.1181686856099309,0.27447740353693184,-0.5019193887710576,1.1826626723570537,1.6595701531858633,-0.18389186129862098,0.10076214683963776,1.093912001674538,-0.32453044424980687,0.6943455970050485,0.9122802144446907,-0.3364859761682567,1.0569523596605719,0.7651219575215645,-0.2549947296448101,1.2767559996503868,1.1425753052266223,-0.15293938247178526,1.2932395704139936,0.8023583099542071,-0.1448360879393603,1.3055328977423788,1.3678984314400622,0.15354086231711728,1.2807760357067288,1.254258295163413,-0.011544722932643303,1.3164260616365648,1.5516838076098864,-0.14875262662373623,0.09250752915264364,1.4325202950183917,-0.1721635143093715,0.4862851855770642,1.625686724059629,-0.06998854775647839,0.07124994355963171,1.1843990740791848,-0.18820837455869469,1.2168136829177276,1.3556148165109139,-0.0742067190639625,0.45158180865823033,0.9597962419718304,-0.47105436002379236,0.6839372265023113,0.8441760599218452,-0.16880603877223088,1.1692664646944462,1.3665930249833111,-0.24499102681875223,0.5281393460880053,1.5231803797728176,-0.186972703192605,0.3565003420442146,1.7846490926300451,-0.06212501032956374,0.08908736095177831,0.9730558263150267,-0.16929814513057256,1.2279150778094665,1.2840363868814424,0.07630471874102501,1.2643808677101769,1.3615231794237295,0.03477986767542724,1.2807812959153133,0.7863941371243517,-0.15114272580734958,0.8539046980687324,0.8905419446774664,-0.433621392838213,0.8165967576945855,1.4534661769866943,-19.041248321533203,4.23652982711792,-0.6655493974685669,-0.5804694294929504,-2.5182383060455322,239.0274658203125,-299.28680419921875,-772.8991088867188,-31.316057205200195,97.74076843261719,-46.50091552734375,-1.84657621383667,24.797863006591797,-2.5951473712921143,-3.791682243347168,0.13850587606430054,2.7786779403686523
0.7530386732114073,-0.26519026858917133,1.1414786521962146,0.7181304468224381,-0.13680085342451437,1.039859665150674,0.16261119222798887,-0.43612311691637856,0.14083206397018685,0.8199112273209932,-0.22923950219391195,0.6085854547702714,0.6090678106870083,-0.18706561319085935,1.2628962330470812,0.54245195799316,-0.5951913922827765,1.186185746792926,0.6540107482316478,-0.0797454598822341,1.2947954910480424,0.30100837843307604,-0.4024961853264183,1.1815407868252685,0.41354369150092274,-0.5048694981644485,1.1930746558486232,0.2351667755684316,-0.4868098169762567,0.12516497716998423,0.5878809110218326,-0.2651290248166646,0.22322238961987148,0.19662555696948475,-0.4491655404204564,0.031037248078955724,0.5450049397961194,-0.620124308873486,1.0930742009586056,0.6433906440703285,-0.35216019682536853,0.12332084148332773,0.8595724650566152,-0.4421213877122134,0.6625313462800537,0.6553184682170288,-0.31104184894372294,1.1159689631683147,0.6282823192362754,-0.27364143156847415,0.28744698794472295,0.47787621242321093,-0.2737147967941714,0.1914744988971988,0.10841315372890195,-0.30996434874092504,0.0387576220692783,0.5953694060938248,-0.4559219369035683,1.1644249941339555,0.3178639032982833,-0.4500235792816869,1.1208075766531838,0.27893811918252354,-0.4982293844223022,1.185004073263004,1.6601856828525365,-0.1848840934551315,0.09962402590063232,1.096574496749221,-0.32409493003459955,0.693281075022868,0.9154229424647149,-0.3367182576893181,1.056658003503913,0.7687642380891258,-0.2548577568388933,1.2772073722043575,1.1475282244334948,-0.15638338917533298,1.2929227210038545,0.806219850154902,-0.14476510724484526,1.3061515613896957,1.3736156848882208,0.14948400371516773,1.2775071748834572,1.260094719217313,-0.015564319955197437,1.3151061400672457,1.5523732040102118,-0.1493956232505129,0.09212885056899872,1.4349571434867303,-0.17274526442518298,0.48617085478953176,1.6264827551431214,-0.07085552234325979,0.07030926092176247,1.1887235309903985,-0.19197214646449945,1.216168439940901,1.358253152165192,-0.07443579222192828,0.4518934711320511,0.9613684688182856,-0.46976017478286036,0.6830310300485977,0.8482803051045399,-0.1689893121750939,1.1697149016209785,1.369158207975476,-0.24559155106544495,0.5276235484129546,1.524840675442424,-0.1877479022307112,0.3560493562789942,1.785382364759382,-0.06349690539750044,0.0872524623937954,0.9775187337635369,-0.17080722127529172,1.2279826765818311,1.2893236899218024,0.07221368636121808,1.2629283271877971,1.3669854299911601,0.030602035932982947,1.278076234242774,0.7901205392862788,-0.1496120886692148,0.8546506648032081,0.892785478111924,-0.43223123439889866,0.8155220403576529,1.3322159051895142,-19.050338745117188,4.398262977600098,-0.5366630554199219,-0.5505784153938293,-2.583533763885498,226.49481201171875,-297.4623718261719,-766.9720458984375,-30.687475204467773,97.70271301269531,-45.77203369140625,-1.3945574760437012,24.91758918762207,-2.4410908222198486,-3.707181692123413,0.29186582565307617,2.739193916320801
0.7560004722203639,-0.2648904438543793,1.1415506640806894,0.7212977254430188,-0.13613577830969106,1.040471803668319,0.16395793810782838,-0.4349655408831622,0.14121853900666267,0.8225417598983309,-0.22726030593478924,0.607977171113949,0.6121112232571405,-0.18662271562297614,1.2633670915831003,0.5451595653958667,-0.5948267078754917,1.1851618136001738,0.6572110722988646,-0.07939528792307078,1.2953726069027225,0.30562964170579077,-0.39967074215609516,1.1840123857883427,0.4171674992173712,-0.5033222630323954,1.1938160207887358,0.2364311496054889,-0.4857418296352917,0.12562192478124667,0.5895328579951595,-0.26508370362567585,0.22260943141500683,0.1973047779737324,-0.4485612035488451,0.03124475947254343,0.5469006590101102,-0.619223790058237,1.092084199782239,0.6447515922863751,-0.35302066033249657,0.12317399597967303,0.8608381935697518,-0.4403564164674046,0.6620507852131168,0.6583934766764672,-0.31070584700202314,1.1159917362873129,0.6300005945346213,-0.2731682066589791,0.2868445249188025,0.4795371429217572,-0.2735779383620679,0.19099822640419006,0.10884171519551844,-0.30974362642559783,0.038322448255555926,0.5985906990553369,-0.45566478687406375,1.164013791557969,0.3214459797700508,-0.4468173681702836,1.12283200104505,0.2825338530125996,-0.49523938368290477,1.186866510190711,1.6606618649517464,-0.18564802605584754,0.09868554691999956,1.0987042470878323,-0.32378115687543985,0.6924489542151129,0.9179134355080838,-0.336903415373619,1.0564147295146589,0.7716932788195199,-0.2547345337094061,1.2775768079110328,1.151505495736141,-0.1591555483589898,1.2926156151768389,0.809339349633021,-0.1447285634298988,1.3066418867632252,1.3781309431751831,0.14620585860499494,1.274810797331349,1.2647615550764348,-0.018787737837098188,1.313965447888469,1.552918404932843,-0.14987077889655598,0.0918311117870721,1.436882000095797,-0.173239092435071,0.4860233826846477,1.6270868280865498,-0.07149814525680824,0.0695832595105795,1.1921919854666223,-0.19503076534890962,1.215619510372743,1.3603744092366552,-0.07465020373512972,0.4521527797575818,0.9625850548807359,-0.4687282662616661,0.6823101766062099,0.8515820897967609,-0.16922733054453173,1.1700352629683666,1.371181451919063,-0.24608991993282803,0.5271933891915328,1.5261879585041904,-0.18837135033496955,0.3556844806236937,1.785977053523853,-0.06455633414304805,0.08573838862411634,0.981089279450328,-0.17207753187082456,1.228036591351427,1.2935351628736154,0.06888494159508236,1.261697811401443,1.3713489243921064,0.027234164538441817,1.2758299568236269,0.7931322329091709,-0.1483879952833353,0.855257642190188,0.8945595523379496,-0.4311421479018319,0.8146948052557889,0.9123609066009521,-19.20303726196289,4.492337226867676,-0.39134567975997925,-0.5446960926055908,-2.5484092235565186,218.980712890625,-298.769775390625,-762.626220703125,-30.36612319946289,97.65467834472656,-45.8394889831543,-1.4158494472503662,24.784563064575195,-2.138613224029541,-3.7338337898254395,0.33949628472328186,2.6136128902435303
0.758493533987083,-0.2646683775233907,1.141578592211995,0.7239418331755705,-0.13556119370342096,1.04098649056542,0.16503274470370327,-0.43400302203680513,0.14159185957434947,0.8247446705963436,-0.2255944662930951,0.6074573865394719,0.614651612098643,-0.18624296345260763,1.2638093398896273,0.5473869330440924,-0.5945008730651528,1.184235821496572,0.6598897728304197,-0.07910894523590609,1.2958773761395586,0.3095301979819667,-0.39732076247401604,1.1860696258923864,0.4201771619896223,-0.5020478040177302,1.1944177450723206,0.23747441804172179,-0.4848670126586561,0.1260452204390077,0.5908805291778992,-0.2650210339304627,0.22210711679908618,0.19781562177748074,-0.44792031442487484,0.03139697448257972,0.5483794614968709,-0.618425775442692,1.0912281866894653,0.6458735771921296,-0.35374373710708107,0.1231042773074267,0.8619113240810419,-0.4388717923140685,0.6616450338963642,0.6609555851939496,-0.3104127801411989,1.1160165304379748,0.6314175703272913,-0.27275532454449614,0.2863624869592932,0.4809045304131033,-0.27345602056443297,0.1906448006629944,0.10918409762200927,-0.30952948430516075,0.037976033060459935,0.6012655713700299,-0.45544632065375124,1.163654851597666,0.3244611765967297,-0.4441875418685132,1.1244501664938515,0.28555769803902936,-0.4927121952472146,1.1884122767195795,1.6610459164278397,-0.186261016801493,0.09787906262258828,1.1004817695017681,-0.3235478736706917,0.6917704870763994,0.9199726988148214,-0.3370574168022105,1.0562052288592256,0.7741507560212089,-0.254620401275079,1.2778920704955297,1.1548377105731835,-0.16148351083528106,1.2923149513882517,0.8119682436747264,-0.144714787799791,1.3070473603854906,1.3818514939175532,0.1434425653902113,1.2724929211155471,1.2686551094844638,-0.02148475628716243,1.3129432544802988,1.5533682700024536,-0.15023496529913893,0.09158688692363684,1.4384683496904687,-0.17367479012699313,0.4858539989649855,1.627563986557209,-0.07199243648557468,0.06899919610051135,1.1950944879197125,-0.19762316735967084,1.215134259091308,1.3621537961707209,-0.07485492159890021,0.45237747426854064,0.9635665065405383,-0.467869763836166,0.6817118639977563,0.8543533220985865,-0.1695015439331926,1.1702709462468988,1.372846389053673,-0.24652074805356017,0.5268198504353202,1.5273282910814348,-0.1888944672432956,0.35537653727247226,1.7864801169231237,-0.06540917358453692,0.08443643041695202,0.984069833889702,-0.17318998094623442,1.2280814588464648,1.2970353432049022,0.0660601886396379,1.26061408882899,1.3749859684350472,0.024401804117720503,1.2738870078364746,0.7956713919608006,-0.1473665754526657,0.8557727257936996,0.8960232403104668,-0.43025211723435014,0.814031194772152,0.6283669471740723,-19.342056274414062,4.306633472442627,-0.45739659667015076,-0.5335271954536438,-2.418576717376709,208.5110321044922,-303.64739990234375,-759.2885131835938,-30.311786651611328,97.5696029663086,-46.47353744506836,-1.9356714487075806,24.527624130249023,-2.3159592151641846,-3.8214657306671143,0.21779929101467133,2.53226637840271
0.760986595753802,-0.26444631119240203,1.1416065203433006,0.7265859409081221,-0.13498660909715085,1.041501177462521,0.16610755129957816,-0.43304050319044807,0.1419651801420363,0.8269475812943563,-0.22392862665140098,0.6069376019649948,0.6171920009401457,-0.1858632112822391,1.2642515881961545,0.549614300692318,-0.5941750382548137,1.18330982939297,0.6625684733619749,-0.07882260254874139,1.2963821453763948,0.31343075425814265,-0.394970782791937,1.18812686599643,0.4231868247618734,-0.500773345003065,1.1950194693559053,0.23851768647795468,-0.4839921956820205,0.12646851609676873,0.5922282003606391,-0.2649583642352496,0.22160480218316553,0.19832646558122913,-0.44727942530090453,0.031549189492616016,0.5498582639836316,-0.6176277608271468,1.0903721735966918,0.646995562097884,-0.35446681388166557,0.12303455863518037,0.862984454592332,-0.4373871681607324,0.6612392825796115,0.6635176937114321,-0.3101197132803747,1.1160413245886367,0.6328345461199614,-0.2723424424300131,0.28588044899978393,0.4822719179044494,-0.27333410276679804,0.19029137492179876,0.1095264800485001,-0.3093153421847236,0.03762961786536394,0.6039404436847229,-0.45522785443343866,1.1632959116373631,0.3274763734234086,-0.44155771556674284,1.1260683319426528,0.28858154306545913,-0.49018500681152444,1.189958043248448,1.6614299679039328,-0.18687400754713845,0.09707257832517698,1.102259291915704,-0.3233145904659436,0.6910920199376859,0.922031962121559,-0.337211418230802,1.0559957282037924,0.776608233222898,-0.2545062688407519,1.2782073330800265,1.158169925410226,-0.16381147331157236,1.2920142875996647,0.8145971377164319,-0.14470101216968323,1.3074528340077558,1.3855720446599236,0.1406792721754277,1.270175044899745,1.2725486638924928,-0.02418177473722667,1.3119210610721286,1.553818135072064,-0.15059915170172186,0.0913426620602016,1.4400546992851406,-0.17411048781891525,0.4856846152453233,1.628041145027868,-0.07248672771434114,0.06841513269044319,1.1979969903728027,-0.20021556937043206,1.2146490078098726,1.3639331831047865,-0.07505963946267072,0.45260216877949944,0.9645479582003409,-0.46701126141066596,0.6811135513893027,0.857124554400412,-0.16977575732185346,1.170506629525431,1.374511326188283,-0.24695157617429228,0.5264463116791075,1.528468623658679,-0.1894175841516216,0.3550685939212509,1.7869831803223943,-0.06626201302602579,0.0831344722097877,0.987050388329076,-0.17430243002164428,1.2281263263415028,1.300535523536189,0.06323543568419344,1.2595303662565371,1.378623012477988,0.02156944369699919,1.2719440588493223,0.7982105510124304,-0.14634515562199613,0.856287809397211,0.8974869282829838,-0.4293620865668683,0.8133675842885151,0.8718754053115845,-19.468624114990234,4.092201232910156,-0.5927966833114624,-0.5029226541519165,-2.366143226623535,188.58822631835938,-308.7049865722656,-755.3065185546875,-30.204853057861328,97.3889389038086,-47.005550384521484,-2.4128878116607666,24.290918350219727,-2.608036518096924,-3.875640630722046,0.1339777559041977,2.548374891281128
0.7642323694481754,-0.26414614106645645,1.1416862689896135,0.730103596156796,-0.13425319982285533,1.042192309897467,0.16749708226184967,-0.43172951032783813,0.14240092571997484,0.8298455453076898,-0.22175320874381543,0.6062703610256018,0.620570695558131,-0.18539412023610627,1.2647831487339853,0.5524012730611081,-0.5937254547283349,1.1820489697108996,0.6661785458097395,-0.07847722017804519,1.2970245895006798,0.3185441486093381,-0.3919458397176882,1.1907523081002644,0.42703630316336416,-0.49908604487678077,1.1957444923602982,0.23986031726890839,-0.48280628390659563,0.12703021196340092,0.5939492729325957,-0.2648216051771151,0.2210230426677805,0.19914049966051087,-0.4466322007163471,0.03192520834850948,0.5516984600894498,-0.6165319203540979,1.0891706114573194,0.6484172912622919,-0.35525220908866023,0.12300859460767531,0.8644025420511006,-0.4353984900262972,0.6607274507844685,0.6668637888321023,-0.3097551978187056,1.1160347374859234,0.6346516269721731,-0.271738549139326,0.28531233759115865,0.4840087870888362,-0.2731351587946052,0.1898816316727771,0.10996869038667109,-0.3090852311510124,0.037155007289734907,0.6073731081375222,-0.45488604212438827,1.1627667787059253,0.3314532694832378,-0.43812600350537845,1.128148334705277,0.29251546812373275,-0.4869687807875754,1.1919216896524492,1.6619039237104505,-0.187528430428726,0.09597986443153282,1.1045440774879707,-0.32309199465031657,0.6902014984200332,0.9247551816978201,-0.3374438491088665,1.0557090651910037,0.7798242722915497,-0.25438141941234765,1.2786216893732942,1.1624759301444552,-0.16688610238349985,1.2915767304944676,0.8180353128357438,-0.1447355014993655,1.3079742643217378,1.3902825614474466,0.13706361971154124,1.267097576564511,1.2775427647773792,-0.02769747679892748,1.3105473265742624,1.5543661701758176,-0.15098712272596673,0.09097945339829717,1.4421069361516181,-0.17475122055470546,0.4854489756341012,1.6286026420972206,-0.07304199923150585,0.0676929976865156,1.2017428314448981,-0.20356278822122023,1.2139420746178027,1.3662172279610538,-0.07535213010003235,0.45283146982161415,0.9658045346373754,-0.46589858267480966,0.6803360340611034,0.8607506120441765,-0.17008307201183395,1.1708160646703858,1.3766533767940192,-0.24750779904671852,0.5259236586804422,1.52993716862028,-0.19008183084576333,0.35459044575691223,1.7876406631722355,-0.06729390324148908,0.08134651608419738,0.9909643278216683,-0.1757327830357267,1.2281670728266634,1.3051381213775533,0.05954432477619481,1.2579878142337926,1.383300966774391,0.017824139335001616,1.2692786541995624,0.8015664279066174,-0.14500256938650122,0.8569813161496295,0.8994193100771367,-0.42815794731607504,0.8124977101553355,1.4338570833206177,-19.66617202758789,4.374479293823242,-0.6126258969306946,-0.4514061510562897,-2.4479892253875732,169.09422302246094,-309.8887634277344,-750.8236694335938,-29.936786651611328,97.18954467773438,-46.888160705566406,-2.367497444152832,24.2402286529541,-2.3287315368652344,-3.8478281497955322,0.2070763111114502,2.6641247272491455
0.7679862236937147,-0.26379325087891514,1.1418009964835565,0.7342108959788516,-0.1334125838976428,1.0430025430704584,0.16909905217143864,-0.43018329750425777,0.1428788081798332,0.8332126703088645,-0.21923382550675366,0.6055035870398907,0.6245152465752416,-0.18486472544883265,1.2653749950279463,0.5555659786162784,-0.5931923408184621,1.180562074413363,0.6704172943009443,-0.07809198602096531,1.2977599641739928,0.3244762086611706,-0.3884652963537256,1.1937612865539573,0.43145265711459074,-0.4971200770001539,1.1965527420012365,0.24140501764929836,-0.48141038314198825,0.12768532797102103,0.5959223914422735,-0.2646348357990088,0.22038765784525718,0.20015918717577752,-0.4459806996958935,0.03245229480035649,0.5537825968881315,-0.6152350474272343,1.0877358037114935,0.6500413478012905,-0.35607966923753154,0.12301216496537064,0.8660534754494167,-0.4330695754546205,0.660144014666412,0.6707390749099236,-0.3093424545514663,1.116006968037182,0.6367387787395754,-0.27100572330470124,0.28468612660438025,0.4859950564160251,-0.27288422215458574,0.18943387410597298,0.1104782845652261,-0.3088443411008412,0.036593864832246185,0.6113172822835427,-0.4544609712054398,1.1621227655189716,0.3360793125254426,-0.4341530185562888,1.130540077654731,0.29706369720350007,-0.48328745439155235,1.1941674049721647,1.6624385649400042,-0.18821082000207423,0.09469394556043173,1.1071712656921107,-0.32287661282234636,0.6891678401965969,0.927926571756009,-0.3377292198653252,1.055370317587,0.7835523406204007,-0.2542493360129413,1.2791029339199824,1.1674392430592844,-0.17046473140748108,1.2910467704005588,0.8220197526824393,-0.14480256967690605,1.3085739654026283,1.3956613053154467,0.13287262475451125,1.263507383548661,1.2832797345341431,-0.03176579029848217,1.3089363018408517,1.554980470052618,-0.1513911483698333,0.09053593067242613,1.444473646926564,-0.1755303519451065,0.4851686132960762,1.629221067720691,-0.07363843244333926,0.06687766435673305,1.2060579260848212,-0.20741950843902587,1.2130855061360544,1.3688419169148072,-0.07570386735956793,0.45306388027225897,0.9672468202990411,-0.4646143349294632,0.6794375535470761,0.8649536767937487,-0.17041273008020505,1.1711752823251762,1.3791174789927652,-0.24814866337653813,0.5253003535681213,1.5316272569413216,-0.1908413401453305,0.35399740934371954,1.7884023791512116,-0.06844665272938487,0.07923051136366988,0.995508302225182,-0.1773777212084128,1.228205037630157,1.3104848510382188,0.05526842225022297,1.2561355523321014,1.3886815354918798,0.013462597812643405,1.2661255919775427,0.8054735893445296,-0.1434431958277495,0.8577952585275599,0.9016680602008932,-0.42674178477154673,0.8114886080587148,1.6091808080673218,-19.672260284423828,4.848780632019043,-0.546448290348053,-0.4412146210670471,-2.559483528137207,150.0462188720703,-310.29486083984375,-745.2618408203125,-29.614364624023438,96.93904876708984,-46.859649658203125,-1.9178847074508667,24.468103408813477,-1.893625020980835,-3.765721082687378,0.3206147849559784,2.767817497253418
0.7717400779392541,-0.2634403606913738,1.1419157239774995,0.7383181958009071,-0.13257196797243026,1.0438127762434497,0.17070102208102758,-0.4286370846806774,0.1433566906396916,0.836579795310039,-0.21671444226969186,0.6047368130541796,0.628459797592352,-0.18433533066155902,1.2659668413219072,0.5587306841714489,-0.5926592269085891,1.179075179115826,0.6746560427921492,-0.07770675186388544,1.2984953388473055,0.33040826871300305,-0.3849847529897631,1.1967702650076502,0.4358690110658173,-0.49515410912352703,1.197360991642175,0.24294971802968834,-0.48001448237738087,0.12834044397864114,0.5978955099519513,-0.2644480664209025,0.21975227302273384,0.20117787469104415,-0.4453291986754399,0.032979381252203496,0.5558667336868132,-0.6139381745003708,1.0863009959656673,0.6516654043402891,-0.35690712938640284,0.12301573532306595,0.8677044088477328,-0.43074066088294377,0.6595605785483557,0.674614360987745,-0.30892971128422697,1.1159791985884409,0.6388259305069776,-0.27027289747007643,0.28405991561760185,0.48798132574321396,-0.27263328551456634,0.18898611653916889,0.1109878787437811,-0.30860345105067,0.03603272237475746,0.6152614564295632,-0.4540359002864914,1.161478752332018,0.34070535556764736,-0.43018003360719914,1.1329318206041852,0.30161192628326744,-0.4796061279955294,1.1964131202918802,1.662973206169558,-0.18889320957542247,0.09340802668933063,1.1097984538962506,-0.32266123099437616,0.6881341819731606,0.9310979618141979,-0.338014590621784,1.0550315699829962,0.7872804089492516,-0.254117252613535,1.2795841784666706,1.1724025559741134,-0.17404336043146232,1.2905168103066502,0.8260041925291347,-0.14486963785444662,1.309173666483519,1.401040049183447,0.12868162979748124,1.259917190532811,1.2890167042909073,-0.03583410379803686,1.307325277107441,1.5555947699294184,-0.15179517401369988,0.09009240794655508,1.4468403577015096,-0.17630948333550753,0.48488825095805116,1.6298394933441616,-0.07423486565517268,0.06606233102695051,1.2103730207247445,-0.21127622865683152,1.2122289376543058,1.3714666058685603,-0.07605560461910352,0.4532962907229038,0.9686891059607068,-0.46333008718411667,0.6785390730330487,0.8691567415433209,-0.17074238814857617,1.1715344999799664,1.381581581191511,-0.24878952770635773,0.5246770484558005,1.533317345262363,-0.19160084944489766,0.3534043729305268,1.7891640951301877,-0.06959940221728066,0.07711450664314237,1.000052276628696,-0.1790226593810989,1.2282430024336506,1.3158315806988843,0.05099251972425113,1.2542832904304102,1.3940621042093688,0.009101056290285195,1.2629725297555232,0.809380750782442,-0.1418838222689978,0.8586092009054903,0.9039168103246497,-0.4253256222270184,0.8104795059620941,1.2597194910049438,-19.347625732421875,4.776891231536865,-0.5250020027160645,-0.4935529828071594,-2.576916217803955,136.64979553222656,-312.9667053222656,-740.89111328125,-29.365510940551758,96.74645233154297,-47.31342315673828,-1.5132131576538086,24.81644630432129,-2.0678048133850098,-3.674807071685791,0.3473941683769226,2.785601854324341
0.775477033577218,-0.2630277851855518,1.1420049919987356,0.7425060311690072,-0.13174485096966984,1.0446359505321805,0.1722721394077437,-0.42707845331817273,0.14385772207813546,0.83999329459983,-0.21421023431104538,0.603946693389621,0.6324281757635786,-0.18376836906008373,1.266587740538136,0.5617803406241714,-0.5920839780411183,1.1774955352410574,0.678905736038227,-0.07730926357407049,1.299248539848833,0.33640636720799455,-0.3815835473553234,1.1997566728402447,0.4402584435035851,-0.4932402932387314,1.1981144235623593,0.24446655449685673,-0.4786009549206456,0.12899582714631858,0.599819917256469,-0.26420912743601577,0.21918522539419055,0.20222994547016573,-0.4447859532588365,0.03358509202814655,0.5578142841722792,-0.6125099645150418,1.0847608508258466,0.6532271157037344,-0.3576975687844864,0.12308790856688623,0.8693538156171509,-0.42840845818748535,0.6589924087192839,0.6785505830452142,-0.3085118185802801,1.1159171856791767,0.6409211264343452,-0.2694784839026975,0.28348231601794033,0.4899463044689191,-0.2723459035454207,0.18859466809211978,0.11151954445321828,-0.3083381173231744,0.035524271366908056,0.6191450468949135,-0.4536227488162502,1.1607399942069654,0.34538210030423094,-0.4262225674280268,1.1353229059288834,0.30621735697353125,-0.4758939402091582,1.198617546171542,1.6635136955621226,-0.189443625016323,0.09207936220907217,1.1124215084590658,-0.3224133613291166,0.6870961434991154,0.9342516429771651,-0.33826952274666716,1.0546621253948338,0.7910162278555877,-0.25401782145760704,1.2800674898340212,1.1773991728855284,-0.17775171474609155,1.2899049759305865,0.8300621454289417,-0.1448888374085458,1.3098109461219105,1.4062235254720348,0.1244283571888674,1.2561895304563029,1.2947646422891428,-0.04002392815043597,1.3055683771111317,1.556212874635166,-0.15212379299745654,0.08960093879788522,1.4492119302023325,-0.17711314354215238,0.48455773298906174,1.6304341035568162,-0.07478414658481712,0.06518585767769655,1.2146635014095053,-0.21522795510114426,1.2112516010833891,1.3740483848069678,-0.07642216926181554,0.4534826498256614,0.9701413381968113,-0.4619755675362435,0.6776303758487007,0.8734401656894495,-0.17110050903842938,1.171919623352834,1.3840421369138933,-0.24947606466266495,0.5240208151324696,1.5349709119228339,-0.1923947489962278,0.3527999748753396,1.7899174263935216,-0.07066965649607561,0.07488340144323197,1.0046329488422696,-0.18073819239704025,1.2282077829964113,1.3210561330744763,0.046637242036988776,1.2523147463798523,1.3993713441274025,0.004696128048027371,1.259642449041076,0.8133661813096495,-0.1403270381077236,0.8594504581974042,0.9061474757676093,-0.42386736582643936,0.8094516733032189,0.7364045977592468,-18.927108764648438,4.241523265838623,-0.5672984719276428,-0.5287368893623352,-2.451639413833618,123.75902557373047,-317.476806640625,-736.0354614257812,-29.058269500732422,96.57592010498047,-47.55394744873047,-1.5758965015411377,24.92523956298828,-2.7348294258117676,-3.6637141704559326,0.2574165463447571,2.6979150772094727
0.7792023447965153,-0.26257408198141896,1.1420767165177705,0.7467493616192544,-0.13092703574540604,1.0454680422283955,0.17382199697147135,-0.4255112646431324,0.14437470491358773,0.8434387492817758,-0.21171648326693793,0.6031404867866971,0.6364129726460436,-0.18317552108243604,1.2672286594150872,0.5647507195441137,-0.5914796950011854,1.1758519805819785,0.6831629710481655,-0.07690333126001803,1.3000140245387095,0.342449971184825,-0.37823701141685856,1.2027275278078797,0.4446293249824977,-0.4913624140205763,1.1988300819270659,0.24596419062046018,-0.4771752813399233,0.12965139440748072,0.6017107588565901,-0.2639342396464569,0.21866526726065885,0.20330501984286778,-0.44431730414068465,0.03424498090976908,0.5596677163578816,-0.6109912533633757,1.0831481202548703,0.6547458665260415,-0.35846249808538827,0.12320735438770015,0.8710021704237981,-0.42607398972606036,0.6584347585179159,0.6825287946012634,-0.3080903775249886,1.1158315764357711,0.6430218653963101,-0.26864163172955546,0.282938213340494,0.4918966123599879,-0.2720334079881378,0.1882420208872549,0.11206641911670859,-0.3080559400533209,0.03505212875292793,0.6229868906223219,-0.4532178107476392,1.1599359496539792,0.3500937823428221,-0.42227579485501693,1.1377135381003878,0.31086220389959807,-0.4721604865907835,1.2007935205042757,1.6640582147813001,-0.18990310029872992,0.09072124277124348,1.1150417146303795,-0.32214310508690136,0.6860550867011216,0.9373931213719954,-0.3385034803523133,1.0542715282629658,0.7947573874959881,-0.25394089016693316,1.2805522253971227,1.1824187387693794,-0.18154945959713267,1.2892367239819458,0.8341707543821523,-0.14487505186077776,1.3104741202284957,1.4112724476302694,0.12013217056823902,1.252367145178334,1.3005201382352813,-0.04429748267034012,1.3037109580261028,1.556833601155818,-0.1524004510893727,0.08907643093770705,1.4515868527999776,-0.1779337059583095,0.48419265399705497,1.6310123031502528,-0.07530093602589422,0.06426725423099193,1.2189370212175987,-0.21924514802086414,1.2101910461653147,1.376600595499506,-0.07679895109293475,0.45363727606684956,0.9716004243749656,-0.4605726252328482,0.6767146386058126,0.8777789635374055,-0.17147824296493402,1.1723225977247125,1.3865002488458393,-0.2501940735128541,0.5233418917813838,1.5365993123970283,-0.19321234603196577,0.35218774778953454,1.7906649799536396,-0.07168306533666631,0.07257298330794906,1.0092389086224383,-0.1825023705990898,1.2281221340823647,1.3261964960603523,0.042227268860435055,1.2502660751342773,1.4046314331079948,0.0002613030744114094,1.256190389197394,0.8174055451588913,-0.13877203823714862,0.8603105375308864,0.9083656794977503,-0.42238010357547284,0.8084109338703535,0.650554895401001,-19.004846572875977,4.1605072021484375,-0.5817601680755615,-0.4762802720069885,-2.3457634449005127,108.77962493896484,-321.4858093261719,-729.09375,-28.68992042541504,96.32482147216797,-47.10468292236328,-1.9457675218582153,24.826107025146484,-3.19811749458313,-3.7392871379852295,0.19580119848251343,2.5764174461364746
0.7829276560158126,-0.2621203787772861,1.1421484410368055,0.7509926920695017,-0.13010922052114224,1.0463001339246105,0.17537185453519902,-0.423944075968092,0.14489168774904,0.8468842039637215,-0.20922273222283047,0.6023342801837732,0.6403977695285086,-0.18258267310478835,1.2678695782920382,0.567721098464056,-0.5908754119612524,1.1742084259228993,0.6874202060581039,-0.07649739894596555,1.3007795092285863,0.3484935751616554,-0.37489047547839366,1.2056983827755148,0.44900020646141026,-0.4894845348024212,1.1995457402917722,0.24746182674406367,-0.4757496077592011,0.1303069616686429,0.6036016004567113,-0.26365935185689804,0.21814530912712715,0.2043800942155698,-0.4438486550225328,0.03490486979139161,0.561521148543484,-0.6094725422117095,1.0815353896838942,0.6562646173483487,-0.3592274273862901,0.1233268002085141,0.8726505252304455,-0.4237395212646354,0.6578771083165479,0.6865070061573126,-0.30766893646969706,1.1157459671923657,0.645122604358275,-0.26780477955641346,0.28239411066304776,0.49384692025105664,-0.27172091243085483,0.18788937368239003,0.1126132937801989,-0.3077737627834674,0.0345799861389478,0.6268287343497304,-0.4528128726790283,1.159131905100993,0.3548054643814133,-0.4183290222820071,1.1401041702718921,0.3155070508256649,-0.4684270329724088,1.202969494837009,1.6646027340004774,-0.19036257558113687,0.08936312333341478,1.117661920801693,-0.32187284884468614,0.6850140299031278,0.9405345997668257,-0.33873743795795946,1.0538809311310977,0.7984985471363885,-0.2538639588762593,1.281036960960224,1.1874383046532304,-0.18534720444817382,1.288568472033305,0.8382793633353627,-0.14486126631300972,1.311137294335081,1.4163213697885042,0.11583598394761063,1.248544759900365,1.30627563418142,-0.04857103719024428,1.3018535389410741,1.5574543276764699,-0.15267710918128882,0.08855192307752889,1.4539617753976226,-0.17875426837446667,0.4838275750050482,1.6315905027436894,-0.07581772546697131,0.06334865078428732,1.223210541025692,-0.22326234094058403,1.2091304912472405,1.3791528061920442,-0.07717573292405397,0.45379190230803773,0.9730595105531199,-0.4591696829294528,0.6757989013629244,0.8821177613853615,-0.17185597689143867,1.172725572096591,1.3889583607777851,-0.25091208236304335,0.5226629684302981,1.538227712871223,-0.19402994306770374,0.3515755207037295,1.7914125335137574,-0.07269647417725703,0.07026256517266617,1.013844868402607,-0.18426654880113932,1.228036485168318,1.3313368590462282,0.03781729568388133,1.2482174038887026,1.4098915220885873,-0.004173521899204551,1.2527383293537118,0.821444909008133,-0.13721703836657367,0.8611706168643686,0.9105838832278913,-0.4208928413245064,0.8073701944374881,0.927911639213562,-19.461849212646484,4.337114334106445,-0.5948804020881653,-0.4557943642139435,-2.356065511703491,95.13557434082031,-323.2633056640625,-722.4874877929688,-28.31778335571289,96.04492950439453,-46.804630279541016,-2.303785800933838,24.567550659179688,-3.025055408477783,-3.8047399520874023,0.27472278475761414,2.4919464588165283
0.7866826493613768,-0.26174868278156055,1.1422161830971573,0.7553151127518408,-0.12927520472482337,1.0471518817326881,0.17686115427325108,-0.42238587693662827,0.14546650939232467,0.8504267863879931,-0.20677558002092974,0.6014711430530674,0.6443913231622306,-0.18202344604477977,1.268567299605995,0.5705629091783865,-0.5902209289816042,1.1724490073342986,0.6918009205764494,-0.07612910203092935,1.3015717532461053,0.35458734996666197,-0.3716547788176315,1.2086657210691087,0.4534242165009708,-0.4875364094380511,1.200214959927742,0.2489287618374983,-0.47430093023950687,0.13105451848530614,0.6055075451238267,-0.2633361272661891,0.21765254699433875,0.2054053412762699,-0.4432796409587986,0.03556731757738734,0.5632055824166102,-0.6078393062613657,1.0798272897076133,0.6577749491132648,-0.359848010026856,0.12348517689187796,0.8742943037029923,-0.42141560864764327,0.6573279819741155,0.6904487351313333,-0.30718905690884746,1.1156144082940966,0.64717776629309,-0.26692845795722986,0.2819125162844626,0.49575512121055304,-0.2713625021525566,0.18760234388886698,0.1131205258039844,-0.3075861863742601,0.03407738775952366,0.6306246750007403,-0.452383638119066,1.1581477882056836,0.35958828337934645,-0.4143238577819027,1.1425062374563408,0.3201821562864924,-0.46469412665098697,1.2050798401137852,1.66518295561241,-0.1908439165412985,0.08795531631897613,1.120263332562731,-0.32169317607058595,0.6840084891840322,0.9437056554863785,-0.3390107543657947,1.0534182538259897,0.8023145816578772,-0.25382569353312057,1.2815440774753395,1.192500722724081,-0.18921906145795303,1.287764886357137,0.8424684016515088,-0.1449625819724127,1.3117832809884027,1.421297187047289,0.11147075494294913,1.2445889739011295,1.3120155030528442,-0.05296654067933571,1.2997742200529339,1.5580721197538818,-0.152887387139513,0.08798933586734808,1.456333856708956,-0.17963102479644172,0.48340569939834394,1.632234704020797,-0.07624027066376826,0.06230948771664636,1.227464986952725,-0.22735086586696435,1.2079299447552256,1.3816669157009251,-0.07763727882642621,0.4538933359431905,0.9745073946106513,-0.4578096277469041,0.6749295213364607,0.8864649200676293,-0.17227879586006634,1.1731791073912816,1.3913547096662964,-0.25166021583490816,0.5219265090313968,1.5398536912652832,-0.19485167394213332,0.3508820665987911,1.7922396663798401,-0.07366535400614047,0.06777957892230403,1.0185029960626009,-0.18609198932813498,1.2279416835860701,1.3364357904882622,0.033313549506101665,1.2460640941234613,1.4150576390178,-0.00865804463847003,1.249159645955294,0.8255591477384632,-0.13563753531271255,0.8620428997554527,0.9128172482481066,-0.4194218582467527,0.8063068528049039,1.1986868381500244,-19.602205276489258,4.2849602699279785,-0.6426382660865784,-0.5320753455162048,-2.444427490234375,81.66326141357422,-323.9942932128906,-715.849853515625,-27.791208267211914,95.69462585449219,-46.963653564453125,-2.354804754257202,24.319068908691406,-2.562225818634033,-3.752007484436035,0.3802008330821991,2.529740571975708
0.790458520812704,-0.2614346698222571,1.142281123936571,0.7596931646991248,-0.12842979361087284,1.0480174554499568,0.17830785825256476,-0.42083400112903674,0.14608201426484727,0.854037687478476,-0.20436120497075144,0.6005679615680746,0.6483910362057338,-0.18148786759633104,1.269304975176489,0.573314286324362,-0.5895311358748683,1.1706080912359504,0.6962684893252833,-0.0757872774728284,1.3023828195025589,0.36071641442199404,-0.3684970453776272,1.2116305857699439,0.4578855966297995,-0.48553887364880144,1.2008515150341765,0.25037410213852557,-0.4728360719830785,0.13186677981982167,0.6074241131346746,-0.26297890306111205,0.21717891425190383,0.20639554031242596,-0.4426400312130025,0.03623156527069624,0.5647711445953671,-0.6061255147322914,1.0780521078615,0.6592793589988292,-0.36036706069447344,0.12367093714805233,0.8759348632286715,-0.4190991209042783,0.6567848512273751,0.6943648026281634,-0.3066680722974784,1.1154505288758816,0.6492008698105022,-0.2660243739651529,0.28147488960761896,0.49763370458258693,-0.2709717959264256,0.18736146871518616,0.1135998735981469,-0.30746515124838875,0.033553367104406005,0.6343883278946213,-0.4519373136541701,1.1570370102560283,0.3644211393910527,-0.4102776209940974,1.1449163479126052,0.32487854529295523,-0.46096160529267716,1.207144022580014,1.665788289924331,-0.19134063759682982,0.08651255956844782,1.1228515245267097,-0.32157721878677015,0.6830279301136535,0.946897515595354,-0.33931175535483077,1.0529048760600437,0.8061832824092826,-0.2538146254242651,1.2820669365244985,1.1975932825874807,-0.19314304820650452,1.2868661083133015,0.846714013163617,-0.1451448586504191,1.3124171781618863,1.4262215830632392,0.10705696222748594,1.240539355191174,1.3177443799988322,-0.0574478218331932,1.2975388190998938,1.5586878477737602,-0.1530509739867504,0.0873999640296232,1.458703939488392,-0.18054730751064438,0.4829438736304542,1.6329253302109952,-0.07659652541755445,0.06118552423766909,1.2317060165057907,-0.23148956500141815,1.206630929613745,1.3841542252246906,-0.07815844691451021,0.45395735444019963,0.9759473992104561,-0.4564797389290191,0.6740927485046008,0.8908179596757256,-0.17273332718883128,1.1736682067248996,1.3937076150581535,-0.25242953865930734,0.5211495793615746,1.5414779659928075,-0.1956763125166593,0.35013147823463214,1.7931227745204572,-0.07460291258102614,0.06517521001472582,1.023197818078742,-0.1879605211514905,1.2278404441100872,1.341505579403694,0.02874384435288471,1.2438371826876078,1.420157656961719,-0.01317752428069108,1.2454918968361735,0.82972605269871,-0.13404079696891327,0.8629237665048498,0.9150612775655771,-0.41796232577388653,0.8052276130148907,1.3386582136154175,-19.34715461730957,4.101596832275391,-0.6474061608314514,-0.582466185092926,-2.5301196575164795,70.09407806396484,-324.8636779785156,-709.7508544921875,-27.339609146118164,95.30631256103516,-46.93137741088867,-2.2321813106536865,24.226442337036133,-2.1301231384277344,-3.6754212379455566,0.39113569259643555,2.670187473297119
0.7942343922640311,-0.26112065686295366,1.1423460647759849,0.7640712166464089,-0.12758438249692228,1.0488830291672258,0.17975456223187847,-0.4192821253214452,0.14669751913736984,0.8576485885689588,-0.20194682992057314,0.5996647800830817,0.652390749249237,-0.1809522891478823,1.2700426507469833,0.5760656634703375,-0.5888413427681324,1.168767175137602,0.7007360580741172,-0.07544545291472747,1.3031938857590126,0.36684547887732605,-0.3653393119376229,1.214595450470779,0.4623469767586282,-0.4835413378595518,1.2014880701406112,0.25181944243955284,-0.47137121372665014,0.13267904115433718,0.6093406811455226,-0.262621678856035,0.2167052815094689,0.207385739348582,-0.44200042146720636,0.03689581296400514,0.5663367067741242,-0.6044117232032171,1.0762769260153866,0.6607837688843935,-0.3608861113620909,0.12385669740422671,0.8775754227543507,-0.4167826331609134,0.6562417204806347,0.6982808701249934,-0.30614708768610926,1.1152866494576663,0.6512239733279145,-0.2651202899730759,0.28103726293077536,0.4995122879546208,-0.27058108970029465,0.18712059354150534,0.11407922139230939,-0.3073441161225174,0.03302934644928835,0.6381519807885022,-0.45149098918927427,1.155926232306373,0.36925399540275894,-0.4062313842062922,1.1473264583688696,0.32957493429941814,-0.4572290839343674,1.2092082050462432,1.666393624236252,-0.19183735865236115,0.0850698028179195,1.1254397164906884,-0.32146126150295434,0.6820473710432748,0.9500893757043293,-0.3396127563438668,1.0523914982940978,0.810051983160688,-0.2538035573154096,1.2825897955736576,1.2026858424508804,-0.197067034955056,1.2859673302694663,0.8509596246757252,-0.14532713532842545,1.31305107533537,1.4311459790791894,0.10264316951202274,1.2364897364812184,1.3234732569448202,-0.06192910298705068,1.2953034181468537,1.5593035757936389,-0.1532145608339878,0.08681059219189831,1.4610740222678278,-0.18146359022484704,0.48248204786256454,1.6336159564011934,-0.07695278017134063,0.06006156075869183,1.2359470460588566,-0.23562826413587198,1.2053319144722643,1.3866415347484562,-0.07867961500259421,0.4540213729372088,0.977387403810261,-0.4551498501111341,0.6732559756727409,0.8951709992838218,-0.17318785851759624,1.1741573060585173,1.3960605204500107,-0.25319886148370646,0.5203726496917523,1.5431022407203319,-0.19650095109118526,0.34938088987047317,1.794005882661074,-0.07554047115591181,0.06257084110714761,1.0278926400948831,-0.18982905297484606,1.2277392046341042,1.3465753683191257,0.024174139199667755,1.2416102712517545,1.4252576749056376,-0.017697003922912125,1.241824147717053,0.8338929576589569,-0.132444058625114,0.863804633254247,0.9173053068830476,-0.41650279330102036,0.8041483732248774,1.2762236595153809,-19.078399658203125,4.109972953796387,-0.5561026930809021,-0.5007240176200867,-2.56564998626709,57.45162582397461,-326.9127197265625,-703.1312255859375,-27.010494232177734,94.85059356689453,-46.445335388183594,-2.0216856002807617,24.371463775634766,-2.049952507019043,-3.7225470542907715,0.3043469488620758,2.7686028480529785
0.797271497202235,-0.26090336995606395,1.1423903153037394,0.7676264707813196,-0.12691290220184048,1.0495896153892113,0.1809257398427321,-0.4180012729685039,0.14717502990700546,0.8605900795649216,-0.20002849701027225,0.5989276175664751,0.6556623988593647,-0.18053354110741462,1.2706252875312274,0.578199737316725,-0.5882568947526794,1.1672273538760003,0.7043199126688846,-0.07517436451420487,1.3038618517237783,0.37182496675592336,-0.3628469879264076,1.2169736432318654,0.4658999402100673,-0.4819512234026235,1.201879759103257,0.25298606392168826,-0.47016894462092834,0.13332965654253165,0.6108562358167786,-0.262297978266975,0.21637054922564933,0.20821553362619788,-0.44149835841939944,0.03745332355950244,0.5675254327966677,-0.6029502680364826,1.0747975278769109,0.6619404037267166,-0.36130261682714054,0.12405774880521342,0.8789042190013341,-0.414891457172814,0.6558089342140994,0.7014560351111239,-0.3057392128058617,1.1151179438395216,0.652876694865574,-0.2643618752427449,0.28069557718291194,0.500968752021821,-0.2702360014548365,0.18696107967010397,0.11448345423386187,-0.30722116437179364,0.032617081043045296,0.6411726298119056,-0.451118749202482,1.1549810923093202,0.3731740934663257,-0.4030748308198345,1.1492144617418578,0.3333766693804434,-0.45423148429354326,1.2108833126674423,1.6668633862047006,-0.19218993162279885,0.08385777854613528,1.1275276924600661,-0.32129682862008646,0.6812521703787988,0.9526659992356961,-0.3398539147629643,1.0519937184078014,0.8131753131253827,-0.25382421165704727,1.2829977494991378,1.2067803256953784,-0.20024318586023407,1.2851414763374835,0.8543608012973074,-0.14544785197898252,1.3135424956975392,1.4350232975372412,0.09909210621767917,1.2332293977405855,1.328063381626116,-0.06555500442766554,1.2934508110513752,1.5598227105393314,-0.15329775912378796,0.08632583660844546,1.4629616005136474,-0.18224602959902073,0.4820496584504646,1.6341967576781644,-0.07716734179400449,0.05916143395006666,1.2393322679775436,-0.23898867791555542,1.2042120691166809,1.3886116557563375,-0.07911441085354377,0.4540561513592865,0.9785331718574295,-0.45409108288832856,0.6725857413762453,0.8987018645599185,-0.17361968188293717,1.1745021735990284,1.397903857641662,-0.25383898531956384,0.5197367420457057,1.5444229497814808,-0.1971821545419708,0.34876148062233897,1.7947921666088482,-0.07623526494678672,0.060400081150826075,1.0316685674995771,-0.19138226825867252,1.2276165589986259,1.3505775048243285,0.020539360546464134,1.2397714878944375,1.4293229925316686,-0.021324953896961492,1.2388050721970618,0.8373027149809903,-0.13113156094259,0.8645201737912285,0.9190994027434594,-0.4152839473442527,0.8033037929740174,1.1133960485458374,-19.14971923828125,4.410001277923584,-0.47548767924308777,-0.43091028928756714,-2.5141489505767822,47.646263122558594,-329.311767578125,-698.543212890625,-26.78069305419922,94.45738983154297,-45.98564910888672,-1.7765363454818726,24.56255531311035,-2.3858509063720703,-3.8290770053863525,0.21305224299430847,2.764054298400879
0.7997782056694789,-0.26075552739449687,1.1424197112487642,0.7705909982817063,-0.12636629531517724,1.0501820567427882,0.18189910365058887,-0.4169150015573628,0.14755346798738897,0.8630509684417421,-0.1984662969183448,0.5983096481553766,0.6584113362609156,-0.1801986713085743,1.2710966144176508,0.579890619050588,-0.587748079110455,1.1659037032664217,0.7072693058197072,-0.07495406104732823,1.3044270790175887,0.3759791176050704,-0.3608323937615022,1.2189306356259528,0.4688007070726117,-0.4806536165689001,1.2020956467319008,0.25395257958513223,-0.46915520105930353,0.13386421843080332,0.6120838834749942,-0.26199834591505544,0.21613554034801508,0.20893016551306706,-0.44109504684707185,0.03793420239246839,0.568443609783981,-0.6016699774375814,1.0735304872721236,0.6628473539226103,-0.3616455000954748,0.12426977846401417,0.8800091852020744,-0.4133056332141358,0.65545536962566,0.7040992700895726,-0.3054125449120604,1.1149457732573251,0.6542635011357187,-0.263708043572129,0.2804227721020086,0.5021221560752944,-0.2699236645801178,0.1868599790413648,0.11483375839148925,-0.30709683658271436,0.03228505017445577,0.6436598401590689,-0.450799698071764,1.154154871867982,0.37643887813122856,-0.40055702449075437,1.1507276190037758,0.3365360888226932,-0.4517615207575804,1.2122790845024665,1.6672358141829635,-0.1924390136603488,0.0828114083616544,1.1292565389974227,-0.3210975927430273,0.6805900475442015,0.9548009144549339,-0.3400521092856957,1.0516789318709974,0.8157635050893619,-0.25386764109134674,1.283323207438387,1.2101582411109217,-0.20288242898042627,1.2843679781781128,0.8571557169718458,-0.14552437168675542,1.3139316250156883,1.4381488680050074,0.09616043840516483,1.23053572154203,1.3318359405789155,-0.06856678709979877,1.2918730303151718,1.5602724962676597,-0.15332324255183832,0.08591619013062377,1.4645027652481535,-0.18293237631881473,0.48163840283226494,1.6346987102994857,-0.0772801750148369,0.05842201039195061,1.242103063902318,-0.2417903227225834,1.2032208584791777,1.3902104619323024,-0.07948719586757634,0.45406993690705455,0.9794676931488593,-0.4532269670671185,0.6720350732077036,0.901642450828426,-0.1740352020950507,1.1747434901085911,1.399381350997268,-0.2543863509072373,0.5192020809808314,1.5455257142616423,-0.19776037892955817,0.3482362512523765,1.7955089357515044,-0.07675576607221798,0.058540630185150155,1.0347847756960533,-0.1927091024371962,1.2274785448383811,1.3538131216503926,0.01757581117532112,1.2382113605935052,1.4326454483910112,-0.024312831288734012,1.2362517110559326,0.8401688791268709,-0.1300231334784173,0.865117018585963,0.9205704694552137,-0.4142379019631455,0.8026276862384468,0.9983609914779663,-19.321603775024414,4.6588287353515625,-0.4888424277305603,-0.5113628506660461,-2.385161876678467,39.57843017578125,-330.7395324707031,-694.3817138671875,-26.51894760131836,94.01323699951172,-45.380088806152344,-1.6690845489501953,24.61286163330078,-2.9202921390533447,-3.8419620990753174,0.22801196575164795,2.634336233139038
0.8022849141367222,-0.2606076848329298,1.142449107193789,0.7735555257820924,-0.12581968842851407,1.050774498096365,0.18287246745844546,-0.41582873014622185,0.1479319060677724,0.8655118573185623,-0.19690409682641763,0.5976916787442782,0.661160273662466,-0.17986380150973405,1.2715679413040741,0.5815815007844507,-0.5872392634682309,1.1645800526568433,0.7102186989705292,-0.07473375758045163,1.3049923063113988,0.38013326845421674,-0.35881779959659715,1.2208876280200402,0.47170147393515555,-0.47935600973517695,1.2023115343605446,0.254919095248576,-0.4681414574976789,0.1343987803190749,0.6133115311332096,-0.26169871356313595,0.21590053147038088,0.2096447973999361,-0.44069173527474437,0.03841508122543426,0.5693617867712942,-0.6003896868386807,1.0722634466673366,0.6637543041185038,-0.361988383363809,0.12448180812281487,0.8811141514028145,-0.411719809255458,0.6551018050372206,0.7067425050680209,-0.30508587701825907,1.1147736026751285,0.6556503074058633,-0.2630542119015132,0.28014996702110534,0.5032755601287677,-0.2696113277053991,0.18675887841262565,0.11518406254911658,-0.3069725087936351,0.031953019305866304,0.6461470505062317,-0.45048064694104606,1.1533286514266439,0.3797036627961309,-0.39803921816167465,1.1522407762656937,0.3396955082649425,-0.44929155722161807,1.2136748563374904,1.6676082421612266,-0.19268809569789871,0.08176503817717372,1.1309853855347791,-0.3208983568659681,0.6799279247096043,0.9569358296741712,-0.340250303808427,1.0513641453341933,0.8183516970533408,-0.2539110705256462,1.2836486653776358,1.2135361565264644,-0.20552167210061806,1.283594480018742,0.8599506326463837,-0.14560089139452834,1.314320754333837,1.441274438472773,0.09322877059265099,1.227842045343475,1.3356084995317141,-0.0715785697719315,1.2902952495789686,1.560722281995988,-0.15334872597988866,0.08550654365280214,1.4660439299826589,-0.18361872303860863,0.48122714721406534,1.6352006629208065,-0.07739300823566929,0.05768258683383469,1.244873859827092,-0.24459196752961093,1.2022296478416747,1.3918092681082668,-0.07985998088160885,0.4540837224548226,0.9804022144402889,-0.4523628512459086,0.6714844050391621,0.9045830370969329,-0.17445072230716413,1.1749848066181536,1.4008588443528738,-0.25493371649491076,0.5186674199159572,1.5466284787418036,-0.19833860331714545,0.34771102188241404,1.7962257048941606,-0.07727626719764918,0.056681179219474555,1.037900983892529,-0.19403593661571963,1.2273405306781364,1.3570487384764562,0.01461226180417861,1.2366512332925734,1.4359679042503533,-0.027300708680506023,1.2336983499148035,0.8430350432727509,-0.12891470601424482,0.8657138633806973,0.9220415361669678,-0.4131918565820385,0.8019515795028763,1.0092443227767944,-19.358531951904297,4.565268039703369,-0.6019108891487122,-0.6025265455245972,-2.31553316116333,32.58538818359375,-329.65570068359375,-687.9110107421875,-26.1973819732666,93.333984375,-44.11428451538086,-1.8203504085540771,24.487926483154297,-2.992584466934204,-3.7366275787353516,0.355949342250824,2.4919910430908203
0.805533805035597,-0.2604390311714829,1.1424767631568655,0.7774411905680266,-0.12509731617787034,1.0515439826131656,0.18410427296003745,-0.4143879431367712,0.14842822792514265,0.868685829718381,-0.19488819071788685,0.5969072319813913,0.6647441162178843,-0.1794067752479718,1.2721483375852471,0.583684449164283,-0.5864890367779512,1.1628160721418876,0.7141072702723619,-0.07447132680392426,1.3057163069579774,0.38553062495806295,-0.3563557782315263,1.2233803059091628,0.4754186185779946,-0.4776618930677706,1.2025600237562166,0.25611075541830997,-0.4667966423050459,0.13517898587596328,0.6148490329451907,-0.26128534133860615,0.2156559355211574,0.21056537103179263,-0.44019102477869454,0.039076041750955186,0.5703564313863286,-0.5986623124571038,1.0705937833975485,0.664906214009847,-0.36233822083631095,0.12478199305123837,0.8825470698590309,-0.4096440258405069,0.6546901227622632,0.7101264228883954,-0.3045985870408697,1.114566701137467,0.6573763071306492,-0.2622031212247761,0.27988775064613647,0.5047789638405602,-0.26919055103466216,0.18664987059618465,0.1156504189237853,-0.3068014647786981,0.031563065354003064,0.649293290463504,-0.45003903583185567,1.152205786957646,0.3840061578134822,-0.3947890225230467,1.1541425905480287,0.343862165481049,-0.4461199459650662,1.2154242795034746,1.6681324377754665,-0.19287895702368374,0.08031583641538574,1.1331992520401806,-0.3207772198497065,0.6790656696092215,0.9597256992826395,-0.34052520062749747,1.0509125183749672,0.8217041074045442,-0.2539972439901718,1.2840540022250042,1.2178824634741467,-0.20896092057228047,1.2825146305640014,0.8636238042092477,-0.1458066677218241,1.3148646504673736,1.445155344262028,0.0894422250374268,1.2243063323545145,1.3404449658678061,-0.07549835544153508,1.2881620711838175,1.561350484557499,-0.15332877527404307,0.08492129493430757,1.4680208686171776,-0.1845117870545544,0.48066297351129805,1.635822056145068,-0.07745891631833765,0.056722161958351947,1.2484653548689073,-0.24826696594029818,1.2008851063962016,1.3938806854336465,-0.08037821178799427,0.4540422578521122,0.9816313879379372,-0.45116421244791816,0.6707515309978006,0.9084185121075202,-0.17501773828307518,1.1752778875906735,1.4027802620502494,-0.2556987629820968,0.5179744319410514,1.548003367240855,-0.1990816595143829,0.3469723642661872,1.7969422221973241,-0.0777084599464934,0.05438858364394195,1.041967084865696,-0.19575852510944877,1.2271387095482933,1.3612173519387145,0.010756613723301967,1.2345245816060253,1.4401278180002373,-0.0312081955077233,1.2303543730287367,0.846796576945197,-0.12749289005797448,0.8665239818838257,0.9239225632307543,-0.41186973215728423,0.8010772521922132,1.1466104984283447,-19.355974197387695,4.386115550994873,-0.7012810111045837,-0.5696908235549927,-2.3831682205200195,27.546310424804688,-327.3377990722656,-680.8607788085938,-25.854541778564453,92.64973449707031,-42.91178512573242,-2.1838455200195312,24.343059539794922,-2.553511619567871,-3.6375505924224854,0.43491441011428833,2.4474761486053467
0.809326536509375,-0.26025512799719314,1.14250314413317,0.782001826640786,-0.12424615034155102,1.0524431970340526,0.18552545384065997,-0.4126873817664898,0.14901093013633956,0.8723823202169495,-0.1925398276144305,0.5960007975038314,0.6689397427222588,-0.1788602377849304,1.2728086554056761,0.5860893429312486,-0.5855619140610789,1.1607294360928189,0.7186840324607118,-0.07417802687808377,1.3065566501475327,0.39183895112268197,-0.3535659007284025,1.2262655119627517,0.47973397107708543,-0.47567723040154436,1.2028324023777286,0.2574673921659293,-0.46520923152072535,0.13613918894864868,0.6166135830595004,-0.2607886252419048,0.21540431456257966,0.21163685025264886,-0.43961894438164123,0.03986895868912439,0.5714071083147795,-0.5966073335796002,1.0686290948990953,0.6662376202297526,-0.3626931540618669,0.12514677451343725,0.8842202981576225,-0.4072092204101827,0.6542358542514952,0.7140530824463889,-0.30399359984705776,1.1143343501927836,0.6593508537834054,-0.2612074873107948,0.279633293236723,0.5065388328192251,-0.26869031416856687,0.18653506871978967,0.11620181356094138,-0.3065961890465376,0.031130667763533963,0.6529224400488747,-0.4495076178418879,1.1508655540201047,0.3890690440373706,-0.39100216230414553,1.1563291966125666,0.3487668848590347,-0.4424341962925645,1.2174328437309392,1.6687678424333106,-0.19302715662102035,0.07857145634263948,1.1357685211083748,-0.3207133104469602,0.6780567658658059,0.9629954923659761,-0.3408563017154372,1.0503606204165528,0.825616505367077,-0.25411473851132865,1.2845178710309086,1.2229383676652088,-0.21298637986183175,1.2812102995566184,0.8679405253454551,-0.14610715795135656,1.3155219533190823,1.4495897285196166,0.08502926044659495,1.2201536096484455,1.3460610195106228,-0.08008348813514844,1.285621920366161,1.562109423591601,-0.1532755323149116,0.08420737216014734,1.4703171243336028,-0.18555632495130137,0.47998674776380423,1.6365309705007944,-0.07749043960148926,0.05559979646238465,1.252658224263728,-0.2525819217329784,1.1992816587552328,1.3962984126529947,-0.08100301942584531,0.45396030822534433,0.9830764703797978,-0.44972044905487274,0.6698851440323899,0.9129097245584261,-0.17569576408590704,1.175608899419671,1.4050269691359918,-0.25662331702496044,0.5171654285579328,1.5495776569606452,-0.19994549764110553,0.3460773152626113,1.7976585549629287,-0.07807594397111445,0.051778597621530836,1.0467292279597151,-0.19777110598932043,1.2268901333114168,1.36606962672922,0.006247272622360552,1.231982804292085,1.4449013862388813,-0.03578953407643162,1.2264310656399127,0.8512142003569383,-0.12584143598249414,0.8674903785353465,0.9261039922766339,-0.4103453084333053,0.8000576770463527,1.2631734609603882,-19.342409133911133,4.35789680480957,-0.6610823273658752,-0.4849188029766083,-2.5173957347869873,21.239280700683594,-324.8271179199219,-672.0105590820312,-25.254602432250977,91.87034606933594,-41.845237731933594,-2.468031644821167,24.354145050048828,-2.1486594676971436,-3.6699652671813965,0.3397209644317627,2.5498790740966797
0.8131192679831523,-0.2600712248229033,1.1425295251094743,0.7865624627135446,-0.12339498450523183,1.0533424114549397,0.18694663472128226,-0.41098682039620865,0.1495936323475364,0.8760788107155173,-0.19019146451097457,0.5950943630262716,0.6731353692266324,-0.1783137003218891,1.273468973226105,0.5884942366982138,-0.5846347913442069,1.1586428000437503,0.7232607946490609,-0.07388472695224334,1.3073969933370881,0.39814727728729987,-0.3507760232252791,1.2291507180163401,0.48404932357617547,-0.47369256773531837,1.2031047809992406,0.2588240289135484,-0.4636218207364051,0.1370993920213339,0.6183781331738099,-0.26029190914520367,0.21515269360400194,0.21270832947350493,-0.439046863984588,0.04066187562729347,0.5724577852432301,-0.594552354702097,1.0666644064006428,0.6675690264496582,-0.3630480872874228,0.1255115559756361,0.8858935264562139,-0.404774414979859,0.6537815857407273,0.7179797420043817,-0.303388612653246,1.1141019992481005,0.6613254004361613,-0.26021185339681363,0.27937883582730955,0.5082987017978895,-0.2681900773024717,0.18642026684339474,0.11675320819809736,-0.30639091331437723,0.030698270173064934,0.6565515896342446,-0.4489761998519203,1.1495253210825636,0.3941319302612581,-0.387215302085245,1.1585158026771039,0.3536716042370195,-0.4387484466200634,1.2194414079584033,1.6694032470911544,-0.19317535621835696,0.0768270762698935,1.1383377901765683,-0.320649401044214,0.6770478621223904,0.9662652854493121,-0.3411874028033768,1.0498087224581383,0.8295289033296092,-0.2542322330324855,1.2849817398368129,1.22799427185627,-0.21701183915138234,1.2799059685492358,0.8722572464816616,-0.14640764818088897,1.3161792561707908,1.4540241127772047,0.08061629585576387,1.2160008869423773,1.3516770731534389,-0.08466862082876103,1.2830817695485046,1.5628683626257032,-0.1532222893557801,0.08349344938598724,1.4726133800500276,-0.18660086284804814,0.4793105220163106,1.6372398848565208,-0.07752196288464085,0.05447743096641756,1.2568510936585482,-0.2568968775256579,1.1976782111142645,1.3987161398723424,-0.08162782706369626,0.4538783585985765,0.9845215528216582,-0.44827668566182755,0.6690187570669793,0.9174009370093312,-0.17637378988873878,1.1759399112486681,1.4072736762217337,-0.25754787106782395,0.5163564251748142,1.5511519466804353,-0.20080933576782806,0.34518226625903553,1.7983748877285333,-0.07844342799573543,0.049168611599120164,1.0514913710537335,-0.19978368686919173,1.2266415570745406,1.3709219015197247,0.001737931521419907,1.2294410269781455,1.4496749544775247,-0.04037087264513916,1.2225077582510893,0.8556318237686787,-0.12418998190701408,0.868456775186867,0.928285421322513,-0.4088208847093267,0.7990381019004923,1.1599820852279663,-19.265666961669922,4.337951183319092,-0.5910274386405945,-0.4872496724128723,-2.5992276668548584,15.660665512084961,-322.62371826171875,-664.0333862304688,-24.583715438842773,91.22907257080078,-40.809181213378906,-2.35124135017395,24.469078063964844,-2.2432522773742676,-3.7966907024383545,0.2368088811635971,2.719207525253296
0.816956213471905,-0.2599114089809506,1.1425303264169504,0.7911638628370711,-0.12256278070491677,1.0542304361892851,0.18831328574000594,-0.409304802583543,0.1501879895365001,0.879787603060141,-0.18784403482711098,0.594176318965211,0.6773507081909682,-0.17775038400331875,1.27416764920121,0.5907523254092953,-0.5835782609238531,1.156444494100596,0.7279230682857775,-0.07360441971644267,1.3082417851647004,0.40450841400599585,-0.3480164690917693,1.2320067355569622,0.48835392898281643,-0.4717141524549353,1.203326022980229,0.2601362927662615,-0.4620517846073537,0.13809808092006776,0.6200839431080596,-0.25975291963839375,0.21496005114537992,0.21369839124134826,-0.43841652004726683,0.04147311127960478,0.5734582107193422,-0.5923186245540911,1.0646358481700848,0.6688404101014925,-0.3633156195282936,0.1259357386718917,0.8876396125515563,-0.40230407151362774,0.6533307898912999,0.7218541414137705,-0.3027616886804436,1.113844454485849,0.663330156972866,-0.2591703826228515,0.2791632359094967,0.5099964714208185,-0.26761198927037766,0.18635395171725197,0.1172914611952786,-0.30617909513364566,0.030275228766366773,0.6600675145719223,-0.44841273918451857,1.1481264160563616,0.3993279635412799,-0.3833849257882071,1.160610099501957,0.3586036055688033,-0.43508141640795805,1.2213885310469872,1.6700553341417124,-0.19321133267899224,0.07503864673638595,1.140908670741201,-0.32054757608088436,0.6760169421600191,0.9695197352707778,-0.34158055785278607,1.0492123154220203,0.8334513334249026,-0.25434540374981646,1.2854536661249123,1.233018445455475,-0.22114001999035543,1.2784933041263102,0.8765993770581993,-0.14677663268336394,1.3168442306534343,1.458319000455717,0.07617549748708906,1.211768724271004,1.3572772841974594,-0.08937194884218089,1.2803735010671302,1.5636185859607545,-0.15313030806499603,0.0827340713473938,1.4748960401838187,-0.18774867269969134,0.4786072753320467,1.6379519541137266,-0.07745949875884105,0.05337370903730796,1.2609693348802475,-0.2611789678698341,1.1959130464010683,1.4011276026829977,-0.0823079986830815,0.45370727733073646,0.9858867300069883,-0.44685763377227544,0.6682165462449687,0.9219171049579086,-0.17709352734763883,1.176280047325109,1.4094557872671163,-0.2585621809229155,0.5154539323010983,1.5527534729597583,-0.20167096659837172,0.3442076467816404,1.799005970062799,-0.0786938416272007,0.04655635089841723,1.0563112329568292,-0.20188490005321044,1.2263325383726336,1.37566525276923,-0.00282637855558024,1.2267844248686408,1.4543308153847192,-0.04499885063026285,1.2184326297400017,0.860164578387279,-0.122553123506588,0.8694148079448977,0.9304558082132148,-0.4072016039924907,0.7980200701596722,0.8864651322364807,-19.159059524536133,4.238039970397949,-0.6002459526062012,-0.5920919179916382,-2.5397939682006836,10.97125244140625,-320.15374755859375,-656.2613525390625,-23.898414611816406,90.57660675048828,-39.515052795410156,-1.9129719734191895,24.56431007385254,-2.6489529609680176,-3.8352413177490234,0.28982678055763245,2.7917749881744385
0.8208262233544654,-0.2597696062744848,1.142511998580781,0.7957957473811719,-0.12174475720978742,1.05511009298413,0.18963915790548372,-0.4076366521270072,0.15079106262188077,0.8835055950461629,-0.18549730317876859,0.5932495929547494,0.6815807886471017,-0.1771745200188745,1.2748950104050287,0.5929006294698902,-0.5824249560469824,1.1541626784975167,0.7326492896143169,-0.07333382875319351,1.3090899037999033,0.41090904383469806,-0.3452795915651009,1.2348409251661487,0.49265049743336503,-0.46974040913266085,1.2035090236474346,0.26141537341061,-0.4604947416987642,0.13912555052349887,0.621745825603308,-0.25918231697272,0.21481151434759432,0.21462756691389515,-0.4377426051146148,0.04229804614423116,0.574421056848488,-0.5899512195429268,1.0625595264876917,0.6700669073111173,-0.36351779103279114,0.12640434316057236,0.8894401836079475,-0.39980715177706566,0.652882590988614,0.7256894593207247,-0.30211835981204815,1.1135680691295902,0.6653575052488716,-0.25809463384925146,0.2789766946375765,0.5116478015255452,-0.26697568210544975,0.18632389624781956,0.11781988653126135,-0.3059623843392,0.02985918415796683,0.6634987671643688,-0.4478253161670357,1.1466836345116826,0.4046235676632805,-0.379522007032736,1.1626353650693069,0.3635560090573412,-0.4314283850966705,1.2232897068491042,1.6707198967207346,-0.19316338575044215,0.07321727586700451,1.1434807564249099,-0.3204173968722489,0.6749695578947763,0.9727627110007578,-0.3420201184733813,1.048582623336489,0.8373812658107829,-0.25445534101385153,1.2859316180083924,1.2380188900903355,-0.2253450186836793,1.2769996251491524,0.8809605094770716,-0.14719683898995248,1.3175149421818209,1.4625095689533556,0.07171388429324417,1.207477154321229,1.362865647732816,-0.09416366639910882,1.277539509811149,1.5643622914686897,-0.15300935723923692,0.08194070067626762,1.4771685331862492,-0.1889737120132571,0.47788382168637217,1.6386663826885601,-0.07732674839678191,0.052283929253848324,1.265031767207265,-0.26543648057425995,1.1940269454425536,1.403534380805413,-0.08302957293213589,0.4534695410965294,0.9871921519570002,-0.44545706178968336,0.6674623280171528,0.9264519352786582,-0.17784445787107697,1.176627006751812,1.411589591708404,-0.2596436125158473,0.5144815255474572,1.5543753674488192,-0.20253094675525124,0.3431735224281717,1.7995732999005853,-0.07885670696465383,0.043942389133947914,1.0611742584910608,-0.2040523947864176,1.2259783192186167,1.3803271481532917,-0.007431795866850979,1.224041953781583,1.45889865167883,-0.049661706787662976,1.2142439654331338,0.8647834311257918,-0.12092718013272401,0.870366585965188,0.9326179374922188,-0.40551138674186576,0.7970031926174039,0.8344939351081848,-19.19896697998047,4.301136016845703,-0.6437830924987793,-0.6185595989227295,-2.4132604598999023,6.151454925537109,-318.0214538574219,-647.7898559570312,-23.459491729736328,89.83300018310547,-38.327518463134766,-1.5831042528152466,24.617883682250977,-2.75819993019104,-3.7673041820526123,0.37196123600006104,2.760251998901367
0.8246962332370265,-0.259627803568019,1.1424936707446118,0.8004276319252733,-0.12092673371465791,1.055989749778975,0.1909650300709617,-0.4059685016704711,0.15139413570726154,0.8872235870321854,-0.1831505715304258,0.5923228669442878,0.6858108691032359,-0.17659865603443015,1.2756223716088477,0.5950489335304854,-0.5812716511701117,1.1518808628944373,0.7373755109428569,-0.07306323778994431,1.3099380224351063,0.4173096736634014,-0.34254271403843206,1.2376751147753355,0.49694706588391435,-0.4677666658103861,1.2036920243146403,0.2626944540549588,-0.4589376987901745,0.14015302012693012,0.6234077080985568,-0.2586117143070461,0.2146629775498087,0.21555674258644217,-0.4370686901819627,0.043122981008857676,0.575383902977634,-0.5875838145317621,1.0604832048052983,0.6712934045207422,-0.36371996253728867,0.1268729476492531,0.8912407546643389,-0.3973102320405032,0.652434392085928,0.7295247772276796,-0.30147503094365263,1.1132916837733313,0.6673848535248775,-0.2570188850756513,0.27879015336565627,0.5132991316302723,-0.2663393749405217,0.18629384077838715,0.11834831186724419,-0.30574567354475424,0.02944313954956682,0.6669300197568161,-0.44723789314955276,1.1452408529670033,0.4099191717852819,-0.3756590882772642,1.1646606306366574,0.3685084125458799,-0.42777535378538223,1.2251908826512217,1.6713844592997569,-0.19311543882189208,0.07139590499762274,1.1460528421086191,-0.3202872176636134,0.6739221736295334,0.9760056867307385,-0.3424596790939767,1.0479529312509575,0.8413111981966638,-0.2545652782778866,1.2864095698918727,1.2430193347251968,-0.2295500173770039,1.2755059461719942,0.8853216418959446,-0.1476170452965411,1.3181856537102075,1.466700137450995,0.0672522710993985,1.2031855843714532,1.3684540112681736,-0.09895538395603756,1.2747055185551674,1.565105996976625,-0.15288840641347778,0.0811473300051413,1.47944102618868,-0.19019875132682307,0.47716036804069745,1.6393808112633939,-0.07719399803472275,0.05119414947038851,1.2690941995342835,-0.26969399327868654,1.1921408444840387,1.405941158927829,-0.0837511471811904,0.4532318048623224,0.9884975739070122,-0.444056489807091,0.6667081097893368,0.9309867655994086,-0.17859538839451525,1.176973966178515,1.4137233961496922,-0.2607250441087792,0.513509118793816,1.5559972619378803,-0.2033909269121309,0.3421393980747027,1.800140629738372,-0.07901957230210699,0.04132842736947815,1.0660372840252932,-0.20621988951962514,1.2256241000645998,1.3849890435373546,-0.012037213178122504,1.221299482694525,1.4634664879729415,-0.054324562945063895,1.2100553011262654,0.8694022838643055,-0.11930123675885976,0.8713183639854785,0.934780066771223,-0.40382116949124053,0.7959863150751354,1.023788332939148,-19.38018226623535,4.582067489624023,-0.6426576375961304,-0.5308490991592407,-2.345646381378174,1.6126909255981445,-316.1947937011719,-640.8965454101562,-23.165815353393555,89.02877807617188,-37.28562545776367,-1.647330403327942,24.630979537963867,-2.5664660930633545,-3.695862054824829,0.3430865406990051,2.6394100189208984
0.8285967753028236,-0.2594722310044118,1.1424412557620875,0.8051492342885753,-0.12012923844405363,1.056916476085486,0.19223315096059376,-0.40429425940213626,0.1519890554397311,0.890956305115428,-0.18085382311352055,0.5914004383892414,0.6900885815651998,-0.1760513076916436,1.276363772667007,0.5970250806271634,-0.5799535130033431,1.1494673786573855,0.7421315444621026,-0.07279755599451382,1.3108149182717532,0.4237597298543181,-0.33990958293542184,1.2404385426186566,0.5012266807603518,-0.46580521861054264,1.2038000782593985,0.2638964111244441,-0.45737597593013823,0.14119807892287797,0.6250876241567118,-0.2579628293285307,0.21455622000607436,0.21654404078098316,-0.4363978295926227,0.04402141979840017,0.5761398412533942,-0.5850734460038066,1.058376238440836,0.6725036906485525,-0.36385271101203187,0.12739666531614907,0.8930282646062357,-0.39484243262682545,0.6519874306704035,0.7333473940164046,-0.300783310702305,1.1129408016899565,0.6693547936464775,-0.2558761657468531,0.27867754070174616,0.5148633876383698,-0.265634989106892,0.18632817964088047,0.11885836051888021,-0.3054901675277988,0.029052490498007157,0.6702647033511406,-0.4466135648899521,1.1437016599225682,0.41531488861863947,-0.37173374391944225,1.1668666593286374,0.3734853689046882,-0.42414428224626777,1.2270595012911107,1.6720339020356436,-0.19303264537986542,0.06952715805725557,1.1486437825967144,-0.3201829469361842,0.6728697156669289,0.9792543549016609,-0.3429054327753206,1.0473330265638845,0.8452484992560959,-0.2547231512946009,1.2868969491775462,1.2480265067902618,-0.23384118736382326,1.2738990258696854,0.8897616472465311,-0.14806001855442852,1.3188523602801443,1.470798726902892,0.06271696624821017,1.198836865014588,1.3739476057867337,-0.1038423627121556,1.2717158064147496,1.5659085843736762,-0.15262763641330582,0.08023385136135372,1.4816986693451735,-0.19141662727720682,0.4763036314027989,1.6401113271713257,-0.07698722344064556,0.050086715104465517,1.2731186072557965,-0.2740633466977944,1.1901057950708251,1.4082661053992265,-0.08451534020683618,0.452919735024307,0.9898286005913816,-0.4426086964394084,0.6659300868084889,0.935556785555075,-0.179478049426284,1.1772844309838402,1.4158095010858496,-0.2618916766927731,0.5124179695220973,1.557671603382818,-0.20424191559979452,0.3410283807689781,1.8007395042488905,-0.07901579311845319,0.038715821919062435,1.0709211443433695,-0.2084579885203316,1.2251332398281982,1.3896485989456933,-0.01674741424237726,1.2184590701235842,1.4679331203170167,-0.05899300466951523,1.2057891701230943,0.8740842934475826,-0.11767488276425586,0.8722888393117891,0.9369724019868483,-0.4020977369602154,0.7949410203276881,1.2258528470993042,-19.47750473022461,4.648168563842773,-0.613598108291626,-0.4970484972000122,-2.4002597332000732,-6.179227828979492,-316.7132263183594,-632.6476440429688,-22.35533905029297,87.99082946777344,-37.11615753173828,-1.9440944194793701,24.60039520263672,-2.6215052604675293,-3.7107138633728027,0.25859421491622925,2.5316412448883057
0.8325206182453012,-0.25930614986561784,1.1423628269047137,0.8099393055138994,-0.11934740945006057,1.0578791238614265,0.19345719850813303,-0.4026153681195337,0.15257775287655798,0.8947002615360231,-0.178595219794291,0.5904812894712221,0.6944026447684555,-0.17552572128591165,1.2771158883508467,0.5988698447776944,-0.5785095810100734,1.146953410462828,0.7469103293900453,-0.07253562066926075,1.3117137756568706,0.43024750616376695,-0.337355626734677,1.2431479680617121,0.5054933573828623,-0.463853155293607,1.2038509360212364,0.26503951072890225,-0.4558106815282084,0.14225656104995704,0.6267813026707691,-0.257254202584952,0.2144813466299054,0.21757569563704598,-0.4357292999494945,0.044975953688536546,0.5767378761673605,-0.5824539737393527,1.0562458853453203,0.6737016051612941,-0.36393247875354146,0.12796244304010404,0.894805806855492,-0.39239685661745416,0.6515414136529759,0.737160317846481,-0.3000546602026517,1.1125330668411508,0.6712809222818208,-0.2546823373101406,0.2786213472386859,0.5163611923621978,-0.26487864849977943,0.18641166154615926,0.11935438485877793,-0.30520505463050696,0.02868122226614139,0.6735256895521615,-0.445961072103472,1.1420888896809511,0.42078700725803253,-0.36776075897035265,1.1692106388262562,0.37848106298028183,-0.42052996948065385,1.2289032736756151,1.6726718059438743,-0.19292325854597503,0.06762225569429403,1.1512491122776307,-0.32009844847072827,0.6718133856721273,0.9825073673038289,-0.3433559127398674,1.0467205912072137,0.849191423776923,-0.2549176068594124,1.2873915230596302,1.253038812946799,-0.2381981196535734,1.272205684556077,0.8942618450976361,-0.14852036659093876,1.3195160104344221,1.474827121819881,0.05812542302694394,1.1944445316365229,1.3793688765819494,-0.10880204080449771,1.2686072546519984,1.5667561079492631,-0.1522601623063451,0.07922871137000878,1.4839449797245048,-0.1926290364504254,0.4753451787971504,1.6408541202545166,-0.07672395666950194,0.04896580750455734,1.2771139961994242,-0.2785180522412649,1.1879570744684993,1.41052860140011,-0.08531205808830174,0.4525509369097009,0.9911791677309186,-0.4411248656988935,0.6651338970424324,0.9401536607584412,-0.18046124163546298,1.1775670446307454,1.4178592037680922,-0.2631233310857355,0.5112362009602668,1.5593859701361876,-0.20508604237674077,0.3398586819996898,1.801362452325442,-0.07888483785290198,0.03610425155042446,1.075820904891222,-0.21074996972518226,1.2245381008710294,1.394306368583085,-0.021537581854961935,1.2155439127359962,1.4723225180676436,-0.06366570906355827,1.20146391979906,0.8788145016755484,-0.11604821540119255,0.8732735836347996,0.939187789101474,-0.40034895592572695,0.7938740387657621,1.334510087966919,-19.39019775390625,4.412609577178955,-0.5985918641090393,-0.5460252165794373,-2.5034260749816895,-24.429458618164062,-324.2968444824219,-623.3155517578125,-21.93115997314453,87.04680633544922,-40.568668365478516,-2.218608856201172,24.46458625793457,-2.8765251636505127,-3.7887237071990967,0.24358169734477997,2.506775379180908
0.8364444611877796,-0.2591400687268238,1.1422843980473398,0.8147293767392241,-0.11856558045606738,1.058841771637367,0.19468124605567252,-0.4009364768369308,0.15316645031338497,0.8984442179566188,-0.17633661647506105,0.5895621405532029,0.6987167079717119,-0.1750001348801796,1.2778680040346866,0.6007146089282257,-0.5770656490168035,1.1444394422682704,0.7516891143179888,-0.07227368534400763,1.312612633041988,0.43673528247321686,-0.3348016705339318,1.245857393504768,0.5097600340053736,-0.461901091976671,1.2039017937830743,0.2661826103333606,-0.4542453871262784,0.14331504317703628,0.6284749811848268,-0.25654557584137316,0.21440647325373643,0.218607350493109,-0.43506077030636614,0.04593048757867309,0.5773359110813268,-0.5798345014748983,1.0541155322498044,0.6748995196740359,-0.3640122464950511,0.12852822076405912,0.8965833491047487,-0.38995128060808243,0.6510953966355482,0.740973241676558,-0.2993260097029983,1.1121253319923452,0.6732070509171644,-0.25348850887342794,0.2785651537756257,0.517858997086026,-0.2641223078926667,0.18649514345143806,0.11985040919867573,-0.304919941733215,0.028309954034275563,0.676786675753183,-0.44530857931699186,1.1404761194393334,0.42625912589742654,-0.36378777402126233,1.1715546183238756,0.38347675705587636,-0.41691565671503933,1.23074704606012,1.673309709852105,-0.19281387171208464,0.06571735333133215,1.1538544419585475,-0.3200139500052724,0.6707570556773255,0.9857603797059975,-0.3438063927044142,1.0461081558505432,0.8531343482977508,-0.25511206242422396,1.2878860969417143,1.258051119103337,-0.2425550519433243,1.2705123432424683,0.8987620429487418,-0.14898071462744908,1.3201796605887002,1.4788555167368707,0.05353387980567693,1.1900521982584567,1.3847901473771658,-0.11376171889684064,1.2654987028892466,1.5676036315248503,-0.1518926881993843,0.07822357137866366,1.4861912901038365,-0.19384144562364417,0.47438672619150174,1.6415969133377075,-0.07646068989835828,0.04784489990464898,1.2811093851430526,-0.28297275778473613,1.185808353866173,1.4127910974009936,-0.08610877596976742,0.4521821387950948,0.9925297348704559,-0.43964103495837836,0.6643377072763759,0.944750535961808,-0.18144443384464215,1.1778496582776505,1.4199089064503347,-0.264354985478698,0.5100544323984361,1.5611003368895575,-0.2059301691536872,0.3386889832304013,1.8019854004019933,-0.07875388258735075,0.03349268118178604,1.0807206654390753,-0.21304195093003334,1.2239429619138604,1.3989641382204776,-0.026327749467547425,1.2126287553484076,1.4767119158182713,-0.06833841345760212,1.1971386694750248,0.883544709903515,-0.11442154803812897,0.8742583279578102,0.9414031762161003,-0.39860017489123817,0.792807057203836,1.3013875484466553,-19.162830352783203,4.093689441680908,-0.5923163890838623,-0.584019124507904,-2.5608463287353516,-56.01666259765625,-334.0235900878906,-612.3707885742188,-22.345298767089844,86.12198638916016,-46.10124588012695,-2.199082612991333,24.34686851501465,-2.8657498359680176,-3.822474718093872,0.302931547164917,2.600909948348999
0.8403656389934336,-0.2589631151679336,1.1421483397878558,0.8195828871419096,-0.1177785954259287,1.0597766083202613,0.19586470044705248,-0.39926826282842276,0.15377951869802756,0.9022475768201397,-0.17411282720253965,0.5886563173193016,0.703067425169692,-0.1744723516880282,1.2785874467022371,0.6024349479880553,-0.5755598055605857,1.1419358669922053,0.756489655237324,-0.07202666474888657,1.3135134084335225,0.44323602205278045,-0.33237362810910154,1.248546523763644,0.5139261937101943,-0.45983580494953313,1.2038574649008693,0.2672989024527815,-0.45267902220913914,0.14441093200484645,0.6300897092021853,-0.2557929910670053,0.21443713483530163,0.21966566786860783,-0.4343638106785863,0.0469064220156989,0.5778601138994394,-0.5770497126689811,1.0519738495349884,0.6760458710375211,-0.3640086255622226,0.12914316412924928,0.8983420569770383,-0.387482415317305,0.6506595829662108,0.7448122593148653,-0.29857345103033334,1.1116826715848305,0.6751010752474235,-0.2522713186725086,0.2785600439602176,0.5193198355815268,-0.26331645038151585,0.18660749302597235,0.12030418024749943,-0.3046322083039,0.027988302370298986,0.6799341092835988,-0.44459225706114675,1.138781187155389,0.431753769961019,-0.3598823374667706,1.1738575614051312,0.3884913691424374,-0.4133302924648817,1.232548934537054,1.674015323847335,-0.1925295838802461,0.06368885036952654,1.1564158805158753,-0.31997911340945606,0.6697145754730465,0.9890194137562188,-0.3442928520160795,1.0454215427108158,0.8570927060795145,-0.25533584564529505,1.2883569856747885,1.2630310421747875,-0.2470088714351321,1.2687258671056356,0.9032677606438957,-0.1494635964515588,1.3208154550451316,1.482719476057204,0.048988754848721575,1.185645569041865,1.3901163876451401,-0.11870798767106404,1.262291708332024,1.5684813748527047,-0.15147651401379253,0.0771362749205915,1.4883882452715311,-0.1951454953592739,0.4733371348274465,1.6423354912672612,-0.07609416719600066,0.046691786941905726,1.285047679942175,-0.2873797919477846,1.1835299894114995,1.4150309118608764,-0.08697682947216441,0.45174022783704154,0.9938881636060626,-0.4381602707978906,0.6635813272946718,0.949375991691027,-0.1824265165094113,1.178093443445812,1.4219759380975305,-0.26559909576217067,0.5088530265732317,1.562800876154805,-0.20674199926734757,0.3373936996456014,1.8026150391986038,-0.07849016113342434,0.030879369135082654,1.0855956257179082,-0.2153512387974372,1.2233184506956316,1.4034729947317512,-0.03108178945689981,1.2096456871522185,1.4809824194734458,-0.07301755279105213,1.1927087093820636,0.8883627784370585,-0.11281051326370403,0.8752532421753106,0.943611660737865,-0.39684214951186786,0.7917559772532508,1.2409920692443848,-19.02679443359375,4.0383219718933105,-0.5635859966278076,-0.519145131111145,-2.512476682662964,-104.28572845458984,-353.9189147949219,-599.9299926757812,-22.254636764526367,85.1878433227539,-54.24692916870117,-1.9529664516448975,24.36658477783203,-2.5346641540527344,-3.7851080894470215,0.34387898445129395,2.73262357711792
0.8442847412943048,-0.2587776945916233,1.1419674019939852,0.8244858015057263,-0.11698759507560579,1.0606897868068013,0.19701654246903402,-0.39760836386522724,0.1544115662278718,0.9060971959931957,-0.17191614975400338,0.5877608716093152,0.7074466870715282,-0.1739428577241519,1.2792814448969254,0.6040583896321176,-0.574005747867736,1.1394403853163817,0.7613071388756198,-0.07179125916484178,1.3144156774937712,0.4497468569223449,-0.3300436424301162,1.2512198489233355,0.5180140747534515,-0.4576823437056006,1.2037390083666668,0.26839431794668656,-0.4511118236164385,0.1455359517146419,0.6316429536468934,-0.2550061734898991,0.21454998293262442,0.22074474897605684,-0.43364471088576795,0.047899022365346565,0.5783268191561793,-0.5741361817776764,1.049823343753815,0.677152067028134,-0.3639400647768122,0.12979639578141908,0.9000860973699202,-0.38499541324100767,0.6502317152670678,0.7486715977949808,-0.2978022736034647,1.1112128125121263,0.6769700979949621,-0.25103593523928674,0.2785947161005033,0.5207518862177993,-0.2624720310335918,0.18674232361727203,0.1207250460784956,-0.30434243410628364,0.027705290157421954,0.6829931124156672,-0.4438262268999555,1.1370222702721098,0.4372659559478818,-0.35602950497178876,1.1761285469232015,0.3935207138393095,-0.4097674721913625,1.2343182054576494,1.674773667821821,-0.19210908996150985,0.06156409207410783,1.1589431383751874,-0.3199829515439785,0.6686828809463427,0.9922831372314728,-0.3448073306423149,1.0446771628019826,0.8610630826839545,-0.2555824681030993,1.288809429336068,1.2679857465605069,-0.2515381429073033,1.2668668611949645,0.9077777769786629,-0.14996402671202913,1.3214295565687268,1.4864553793376643,0.0444797786285747,1.1812278067828808,1.3953686218388028,-0.12364381379046933,1.259008050359638,1.5693826521469267,-0.1510224141032491,0.07598499820524504,1.4905467645221986,-0.19652091119660434,0.47221656814710994,1.6430707865992917,-0.07564723279499853,0.04551359369660066,1.2889415120446917,-0.2917497014959913,1.181150663372697,1.4172530628198028,-0.08790043637847261,0.45124137944338344,0.995252714646573,-0.43668189477052133,0.6628559496229058,0.9540237048209104,-0.1834077351041976,1.1783069905066332,1.424056464867876,-0.26685290620816454,0.5076363280119487,1.5644906471107178,-0.2075286779972101,0.3360006154965092,1.8032498884674728,-0.07812304654164823,0.028264700737319473,1.0904512725129027,-0.21767400441974974,1.222671065504188,1.4078658834987914,-0.0358076946600182,1.2066097326626053,1.4851603330365866,-0.07770170340474827,1.1881972053982568,0.8932492691554766,-0.1112116525406081,0.876256076310644,0.945814769789083,-0.3950769249966604,0.7907172808584,1.1831289529800415,-19.002029418945312,4.210749626159668,-0.5865988731384277,-0.44964149594306946,-2.407520055770874,-141.45594787597656,-386.91326904296875,-592.3925170898438,-21.244213104248047,84.90013885498047,-63.85653305053711,-1.610184669494629,24.50860595703125,-2.042825222015381,-3.7402093410491943,0.33453047275543213,2.805586338043213
0.8482038435951758,-0.258592274015313,1.1417864642001145,0.8293887158695429,-0.11619659472528289,1.061602965293341,0.1981683844910156,-0.3959484649020317,0.15504361375771603,0.9099468151662519,-0.1697194723054671,0.5868654258993289,0.7118259489733646,-0.17341336376027564,1.2799754430916135,0.6056818312761797,-0.5724516901748862,1.136944903640558,0.7661246225139157,-0.07155585358079698,1.3153179465540197,0.45625769179190934,-0.3277136567511309,1.2538931740830273,0.5221019557967086,-0.45552888246166817,1.2036205518324643,0.26948973344059163,-0.4495446250237379,0.14666097142443738,0.6331961980916014,-0.2542193559127929,0.2146628310299472,0.22182383008350584,-0.43292561109294964,0.048891622714994226,0.5787935244129193,-0.5712226508863718,1.0476728379726412,0.6782582630187469,-0.3638715039914018,0.13044962743358887,0.9018301377628021,-0.3825084111647104,0.6498038475679246,0.7525309362750964,-0.297031096176596,1.110742953439422,0.6788391207425007,-0.2498005518060648,0.2786293882407889,0.5221839368540717,-0.2616276116856677,0.18687715420857168,0.12114591190949175,-0.30405265990866737,0.027422277944544923,0.6860521155477355,-0.44306019673876423,1.1352633533888308,0.44277814193474463,-0.3521766724768069,1.1783995324412715,0.3985500585361815,-0.40620465191784333,1.2360874763782448,1.675532011796307,-0.19168859604277363,0.05943933377868914,1.1614703962344994,-0.31998678967850097,0.6676511864196387,0.9955468607067268,-0.3453218092685503,1.0439327828931493,0.8650334592883945,-0.2558290905609036,1.289261872997347,1.272940450946226,-0.2560674143794745,1.2650078552842932,0.91228779331343,-0.1504644569724995,1.3220436580923218,1.4901912826181243,0.03997080240842781,1.1768100445238965,1.4006208560324656,-0.12857963990987464,1.2557243923872516,1.5702839294411488,-0.15056831419270567,0.07483372148989857,1.4927052837728663,-0.1978963270339348,0.4710960014667734,1.6438060819313225,-0.0752002983939964,0.04433540045129558,1.292835344147208,-0.2961196110441979,1.1787713373338942,1.4194752137787292,-0.0888240432847808,0.4507425310497253,0.9966172656870834,-0.43520351874315205,0.6621305719511399,0.9586714179507938,-0.18438895369898392,1.1785205375674543,1.4261369916382212,-0.2681067166541584,0.5064196294506655,1.5661804180666308,-0.20831535672707263,0.33460753134741705,1.8038847377363418,-0.07775593194987211,0.02565003233955629,1.0953069193078975,-0.21999677004206228,1.2220236803127442,1.4122587722658315,-0.040533599863136587,1.2035737781729923,1.4893382465997274,-0.08238585401844441,1.18368570141445,0.8981357598738948,-0.10961279181751216,0.8772589104459774,0.9480178788403009,-0.3933117004814529,0.7896785844635491,1.1271382570266724,-18.99866485595703,4.343363285064697,-0.6879457831382751,-0.5209757089614868,-2.3467164039611816,-182.40603637695312,-425.7557067871094,-583.3634643554688,-20.48845863342285,84.3675308227539,-75.95870971679688,-1.5029473304748535,24.69814682006836,-1.9959009885787964,-3.7420313358306885,0.2581979036331177,2.747921943664551
0.8513945297689627,-0.2584270463874008,1.1416234093786075,0.8334037483922693,-0.11556980714497977,1.0623377119468538,0.19902709994884515,-0.39457499744086866,0.15553887810138675,0.9130842654120843,-0.16793770634180666,0.5861276553956088,0.7154303410195356,-0.17297650646689713,1.2805557993074126,0.6069391251399817,-0.5711130791942015,1.1349044098759329,0.7701089453223525,-0.07140195754584887,1.3160500510638913,0.4615776511217584,-0.3259012493866169,1.2560091650249152,0.525389148304794,-0.4537624250974087,1.2034803660500129,0.270372023250883,-0.4482645984517028,0.14757033718737544,0.6344598444881818,-0.2535868922606209,0.21477050378622597,0.2226972874031951,-0.43235566501585854,0.04969909686027772,0.5791441229794988,-0.5687247609460591,1.0459067166246325,0.6791470007391165,-0.36380310346748657,0.13101764418036732,0.9032732181201707,-0.38048256983030715,0.6494681468073106,0.7556129622933091,-0.29635515828795783,1.1103459967682694,0.6803336952695783,-0.24876933875462867,0.2786926311372921,0.5233429571650675,-0.2609166183219051,0.1869848177133017,0.12149033162570157,-0.3037993921744113,0.027212015815720657,0.6885073859960038,-0.4424339311801835,1.1338017934205515,0.4472546352455947,-0.3490696582967872,1.1802620832493762,0.40265753490245887,-0.40328507707608463,1.2374959047266978,1.676152221414427,-0.1913324029043021,0.05770107232873016,1.163518129595068,-0.32001973461631117,0.6668140825056872,0.9981804912453456,-0.3457557979403742,1.0433212100275304,0.8682616593821948,-0.25601764309485225,1.289620547105145,1.2769506072366474,-0.2597881859501466,1.263414795035558,0.9159840459855186,-0.15090687809795733,1.3225435650111823,1.4931203521640095,0.03627282085008184,1.1732221715497655,1.4048319210279856,-0.13261989163641894,1.2529821972183834,1.5710346493499958,-0.15018676300317246,0.07384611458967855,1.494456164094786,-0.19902470806576555,0.4701415430631069,1.644442722497397,-0.07477084907474897,0.04333800289607207,1.2959674146791167,-0.2997101357835807,1.1767673326643888,1.4212897479139417,-0.08960436536184209,0.4502717118389559,0.9976993586053912,-0.43397425539446194,0.6615320661210067,0.962466009405275,-0.18522341973734216,1.1786944503026293,1.4278570958320669,-0.2691629744128676,0.5054220801947132,1.5675730089478146,-0.20899183633706428,0.3334046831194139,1.8044233416879414,-0.07741439840848872,0.023538526665690746,1.0992653227799776,-0.2219278427544019,1.2214996633150719,1.41580021934004,-0.0443785828569077,1.2010463941965672,1.4926780920155,-0.08619124940689031,1.1799827995679237,0.9021848898060274,-0.1083216400730689,0.878085655881869,0.9498124537089013,-0.3918782835764601,0.7888253161449306,1.1698518991470337,-19.04385757446289,4.3231024742126465,-0.7312396168708801,-0.6248667240142822,-2.3615915775299072,-225.6161651611328,-433.5577697753906,-572.2761840820312,-20.526424407958984,83.57139587402344,-81.99442291259766,-1.7482680082321167,24.90723419189453,-2.645315170288086,-3.733084201812744,0.13562951982021332,2.5661284923553467
0.8540063852703332,-0.258277864941698,1.1414745651333538,0.8367132319519849,-0.11507351006942478,1.0629306690187643,0.19965288447623217,-0.3934291407268569,0.1559254486631873,0.9156557957068183,-0.16648564682594996,0.5855151803682972,0.7184189882696858,-0.17261326224203932,1.281045850736416,0.6079054622855407,-0.5699456714044344,1.133225469005029,0.7734312028284892,-0.07131283249187943,1.3166469355292667,0.4659512897102246,-0.32450013193271027,1.2576822743115834,0.5280400793876078,-0.45230349760181865,1.2033229132756493,0.27108495425901663,-0.4472127710746614,0.1483083350818283,0.6354933638643744,-0.25307708485237024,0.2148740639947108,0.22340734724868208,-0.4319042428735866,0.05035946178959296,0.5794024581940758,-0.566557157118589,1.044446043620836,0.6798629367983103,-0.3637348302942238,0.13151794551125423,0.9044771427350328,-0.3788231865854454,0.6492056858460635,0.7580773025159013,-0.29575490181809233,1.1100069714697782,0.681530717192896,-0.24790036823871914,0.2787785775811467,0.5242850158782983,-0.26031165096341385,0.18707089308673971,0.12177400398283998,-0.3035751340405041,0.02705956402154554,0.6904829045794656,-0.44191872856474873,1.1325765260007998,0.45090812276925446,-0.34655530331347967,1.1818000743325972,0.40603245518460157,-0.4008766526220652,1.2386175921026443,1.6766626635529347,-0.19102730592157668,0.056269937836324634,1.1651848122378847,-0.32007580906744826,0.6661316086322266,1.00031342293253,-0.34612582584485313,1.0428151713301803,0.870900094213075,-0.2561600507785942,1.2899047079070514,1.2802101851299106,-0.2628664888490902,1.262033066607469,0.919033647175656,-0.1513032026786283,1.3229527280030662,1.495408277045812,0.03321929040691829,1.1702937641680637,1.4082156283571228,-0.13594848156863468,1.2506702715987403,1.5716657299079642,-0.14986286213658506,0.07298856673897897,1.4958831170536824,-0.1999567846539399,0.46931908141500905,1.6450009677583808,-0.0743552941508246,0.04248427334457444,1.298494156820095,-0.30268132795166475,1.175061574440129,1.4227803722517378,-0.0902708271728051,0.4498231658181608,0.9985569981944481,-0.43294294765650837,0.6610343780935996,0.9655826738141229,-0.18594126990496712,1.1788368679040315,1.4292907927999432,-0.2700622483397161,0.5045986763688902,1.5687294478053289,-0.20958074700358684,0.33235300450727645,1.804885464985639,-0.07709319266607827,0.021826855656351785,1.1025107382543826,-0.2235476594936373,1.2210736799713793,1.4186650743547653,-0.047523547309321075,1.1989231421458013,1.4953519725641666,-0.08929834823241277,1.1769224476340592,0.9055686169704852,-0.10727500707059119,0.8787724736905256,0.9512823898073852,-0.3907085352188705,0.7881193969226041,1.2944374084472656,-19.199960708618164,4.247627258300781,-0.6086007356643677,-0.5929083228111267,-2.4476242065429688,-268.1260986328125,-418.5897521972656,-562.5882568359375,-20.365585327148438,82.74432373046875,-81.2279281616211,-2.0696496963500977,24.839569091796875,-3.382721424102783,-3.715447425842285,0.1695115715265274,2.428834915161133
0.8566182407717039,-0.2581286834959952,1.1413257208881,0.8400227155117006,-0.11457721299386978,1.0635236260906749,0.20027866900361918,-0.3922832840128452,0.15631201922498786,0.9182273260015522,-0.1650335873100933,0.5849027053409855,0.7214076355198358,-0.17225001801718154,1.2815359021654191,0.6088717994310997,-0.5687782636146673,1.131546528134125,0.7767534603346259,-0.07122370743791,1.3172438199946421,0.47032492829869077,-0.3230990144788036,1.2593553835982516,0.5306910104704216,-0.45084457010622864,1.2031654605012856,0.27179788526715026,-0.44616094369762005,0.14904633297628117,0.636526883240567,-0.25256727744411955,0.21497762420319563,0.22411740709416905,-0.43145282073131463,0.051019826718908194,0.5796607934086527,-0.564389553291119,1.0429853706170393,0.6805788728575043,-0.3636665571209611,0.1320182468421411,0.9056810673498948,-0.37716380334058364,0.6489432248848164,0.7605416427384936,-0.29515464534822683,1.1096679461712868,0.6827277391162139,-0.24703139772280963,0.2788645240250013,0.5252270745915292,-0.2597066836049226,0.18715696846017774,0.12205767633997838,-0.30335087590659693,0.026907112227370425,0.6924584231629275,-0.441403525949314,1.131351258581048,0.45456161029291425,-0.3440409483301721,1.183338065415818,0.4094073754667442,-0.3984682281680457,1.2397392794785909,1.6771731056914423,-0.1907222089388513,0.05483880334391911,1.1668514948807014,-0.3201318835185853,0.6654491347587662,1.0024463546197144,-0.346495853749332,1.0423091326328304,0.8735385290439552,-0.2563024584623362,1.2901888687089578,1.283469763023174,-0.26594479174803387,1.26065133817938,0.9220832483657935,-0.15169952725929925,1.3233618909949498,1.4976962019276143,0.030165759963754743,1.167365356786362,1.4115993356862602,-0.13927707150085045,1.2483583459790972,1.5722968104659325,-0.14953896126999763,0.0721310188882794,1.4973100700125788,-0.20088886124211422,0.4684966197669112,1.6455592130193646,-0.07393973922690024,0.04163054379307681,1.3010208989610732,-0.3056525201197488,1.173355816215869,1.4242709965895342,-0.09093728898376811,0.4493746197973656,0.9994146377835051,-0.4319116399185548,0.6605366900661924,0.9686993382229707,-0.18665912007259208,1.1789792855054337,1.4307244897678197,-0.27096152226656467,0.5037752725430673,1.5698858866628431,-0.21016965767010942,0.33130132589513905,1.8053475882833367,-0.07677198692366781,0.020115184647012823,1.1057561537287879,-0.2251674762328727,1.2206476966276865,1.4215299293694903,-0.05066851176173445,1.1967998900950352,1.498025853112833,-0.09240544705793521,1.1738620957001948,0.908952344134943,-0.10622837406811347,0.879459291499182,0.9527523259058692,-0.38953878686128085,0.7874134777002777,1.2439274787902832,-19.34426498413086,4.365362644195557,-0.5017484426498413,-0.5093765258789062,-2.501253604888916,-293.18707275390625,-396.5360412597656,-555.0527954101562,-19.69349479675293,81.60441589355469,-73.53441619873047,-2.2883472442626953,24.424283981323242,-3.677229881286621,-3.7167623043060303,0.3573135435581207,2.439713954925537
0.8599182818306993,-0.25797337885724,1.141168223114203,0.8443276396650352,-0.11395731559701708,1.0642789189783943,0.201054866098805,-0.3908253690067506,0.1568330070188898,0.921504546080204,-0.16321291759708859,0.5841398889457943,0.7252268353045381,-0.17178519889218918,1.2821439701989787,0.609986418623798,-0.5671819365577192,1.12932631452352,0.7810241117185315,-0.07109166800186334,1.3180077723319956,0.47594032633975647,-0.3213764184358104,1.2614174635205049,0.534054696559906,-0.44896096247710926,1.2028909550597335,0.2726543772200875,-0.44481494563896923,0.14998429858230597,0.6377858106071586,-0.2518393983756075,0.2151565659569194,0.22501881398408619,-0.43085054786789495,0.05184721022794973,0.5798181561839502,-0.5614193839742647,1.0410752618154941,0.6814636294020723,-0.3634821349717923,0.1326927798522624,0.9071762763111797,-0.3750881032142418,0.6486329942546933,0.763677606322118,-0.29438335571857477,1.1091785685510824,0.6843066993138648,-0.24589001631598598,0.2789995710285294,0.5263901159463339,-0.25886535989922405,0.18731610590456338,0.1223980032943732,-0.3031011555861953,0.026697187379175265,0.6948745925694901,-0.44078266265376514,1.129692416514782,0.4592472775685077,-0.3409212078183692,1.1852846564046595,0.41372903559776336,-0.39540560790245105,1.2411209013288385,1.6779090215433512,-0.1902183217816795,0.05290511380634362,1.168961019113364,-0.3202168487061728,0.6645770281158535,1.0051422476373761,-0.34695585644403043,1.0416151699640892,0.8769157780519384,-0.25652451694801154,1.2905578779069005,1.287617171047539,-0.2699359159497236,1.2587264748598566,0.9259721213421285,-0.15225716073386716,1.3238848862269066,1.500568820546005,0.02655634847438787,1.1635725166623956,1.4158389974903587,-0.14349517845456178,1.2453037504328797,1.5731623687886245,-0.1490794245573069,0.07097376730070998,1.499111315469868,-0.20212570360756868,0.4673451268613733,1.6463298531162818,-0.07339080905430759,0.0404506850654617,1.3042125388091763,-0.3094585477713718,1.1710275078056664,1.4261293192178208,-0.09182945043095296,0.44874847379346555,1.0004871477749173,-0.4306275943750577,0.6599527405981986,0.9726809502042683,-0.18765981465775447,1.179127442915708,1.4323843395867886,-0.272197894949392,0.5025751280370138,1.5713701956714226,-0.21087391768267613,0.32976793053726483,1.8059958391236943,-0.07618064047238289,0.018025943375692154,1.1099304762107647,-0.22731230748410258,1.2200521917532612,1.425105030962963,-0.05469263364739768,1.1940925577223696,1.5012958412928297,-0.09632203967267317,1.1698924222134597,0.9133436816022886,-0.10493030539707632,0.880340671302467,0.9546424401122213,-0.3880755140982716,0.7865268202214841,0.9213900566101074,-19.58835220336914,4.423892021179199,-0.5617256760597229,-0.5442593097686768,-2.4889731407165527,-285.0244140625,-378.393310546875,-547.9993896484375,-19.479150772094727,80.33509063720703,-63.86672592163086,-2.472851276397705,23.73741340637207,-3.276398181915283,-3.743579149246216,0.4297420382499695,2.6243388652801514
0.8637763111796598,-0.25781310946736113,1.141003708965731,0.849439677813195,-0.11323720172343668,1.0651658355005529,0.20195301933004361,-0.38911443376383253,0.1574629817577387,0.9253539470647343,-0.16109337475126162,0.5832551741442144,0.7297194560632009,-0.17123802174006078,1.2828477273713674,0.6112212665033656,-0.5652378371219762,1.1266672311239685,0.7860637311114378,-0.07092483312088924,1.318907185106088,0.48256255636941486,-0.31939316407734203,1.2637949250391776,0.5379962921142576,-0.4467330196045883,1.2025215420501911,0.27362726993908154,-0.4432304308114463,0.15108440017068617,0.6392275012092085,-0.2509347044474242,0.2153966278824585,0.22607536712624374,-0.4301259636089502,0.0528100142070394,0.5798936494138857,-0.557798485882235,1.0388007456103698,0.6824852674212676,-0.36320353797729443,0.13350858179149244,0.9089076617695637,-0.3726748488596734,0.6482840314606167,0.7673581293876596,-0.29347339055396077,1.1085672836430025,0.6861953391934071,-0.24452776121382688,0.27917442929665776,0.5277323324159281,-0.25783239591200624,0.18753448286593355,0.12278426640870553,-0.30283079024971715,0.026440662757450394,0.697648046427215,-0.4400761285365023,1.1276820274378292,0.46476984734566773,-0.3373106141753546,1.187562544614274,0.4188183226332757,-0.39181255860044484,1.2427132808609513,1.6788277539196392,-0.18955325340198367,0.05056394720511731,1.1714296040945493,-0.3203252388152066,0.6635511651733854,1.0082945957878566,-0.3474888116713391,1.040768836507734,0.8808920655818963,-0.2568111571649842,1.2909956831016287,1.2924844413403642,-0.2746671655320172,1.25636123189863,0.93054148495592,-0.15294558520348653,1.3245001778697336,1.503915515167034,0.022496222623235522,1.159078785125783,1.4207726764363167,-0.1484345154257008,1.2416469900813325,1.5742180442178486,-0.14850991283426224,0.06957351268324637,1.5012160413312596,-0.20360965336000675,0.4659268518552086,1.6472727052423337,-0.07273373678820026,0.039006397276130006,1.3079432849062989,-0.31394146905829556,1.1681944289744297,1.4282857755951532,-0.0929046115831823,0.4479783278032644,1.0017338770114823,-0.42913862628652566,0.6592988494216212,0.9773638710280915,-0.1888898425544334,1.1792802542250678,1.4342275565823182,-0.27370759094787744,0.5010695181145574,1.5731203453430276,-0.2116717041920352,0.3278439540341991,1.8067950041878302,-0.07537026101390261,0.015630564054116614,1.1148579665367175,-0.22988282617748956,1.2193192369890529,1.4292560081608245,-0.0594295858843435,1.1909116467103265,1.5050491599847147,-0.10089497860299021,1.1651854609811545,0.9185520003962988,-0.10342836996774807,0.8813798040743694,0.9568732392708986,-0.38637424857411173,0.78549361821042,0.5399422645568848,-19.9051456451416,3.973344326019287,-0.6756932139396667,-0.6486314535140991,-2.448554754257202,-246.83656311035156,-357.01800537109375,-538.72412109375,-19.372148513793945,78.38667297363281,-53.36796569824219,-2.6749374866485596,23.30430030822754,-2.8157525062561035,-3.806669235229492,0.23393157124519348,2.7591712474823
0.8676343405286204,-0.25765284007748235,1.140839194817259,0.8545517159613548,-0.11251708784985628,1.0660527520227117,0.20285117256128227,-0.38740349852091444,0.15809295649658758,0.9292033480492645,-0.15897383190543465,0.5823704593426345,0.7342120768218636,-0.1706908445879324,1.2835514845437561,0.6124561143829332,-0.5632937376862333,1.124008147724417,0.7911033505043442,-0.07075799823991512,1.3198065978801803,0.4891847863990733,-0.3174099097188737,1.2661723865578505,0.5419378876686093,-0.4445050767320673,1.2021521290406487,0.2746001626580755,-0.4416459159839234,0.1521845017590664,0.6406691918112583,-0.25003001051924095,0.2156366898079976,0.22713192026840132,-0.42940137935000544,0.05377281818612908,0.5799691426438212,-0.5541775877902053,1.0365262294052455,0.683506905440463,-0.36292494098279654,0.1343243837307225,0.9106390472279478,-0.37026159450510504,0.6479350686665403,0.7710386524532011,-0.29256342538934677,1.1079559987349226,0.6880839790729496,-0.24316550611166776,0.27934928756478605,0.5290745488855222,-0.2567994319247885,0.18775285982730372,0.12317052952303788,-0.30256042491323903,0.02618413813572552,0.70042150028494,-0.43936959441923945,1.1256716383608762,0.4702924171228277,-0.33370002053233994,1.1898404328238883,0.42390760966878804,-0.3882195092984386,1.2443056603930642,1.6797464862959273,-0.18888818502228788,0.048222780603891,1.173898189075735,-0.3204336289242403,0.6625253022309172,1.0114469439383371,-0.3480217668986478,1.039922503051379,0.8848683531118541,-0.2570977973819568,1.2914334882963572,1.2973517116331892,-0.27939841511431074,1.2539959889374035,0.9351108485697117,-0.1536340096731059,1.3251154695125604,1.5072622097880632,0.018436096772083174,1.1545850535891709,1.4257063553822746,-0.15337385239683982,1.2379902297297853,1.5752737196470727,-0.1479404011112176,0.06817325806578277,1.503320767192651,-0.20509360311244484,0.4645085768490439,1.6482155573683859,-0.07207666452209292,0.03756210948679832,1.3116740310034212,-0.3184243903452193,1.165361350143193,1.4304422319724859,-0.09397977273541165,0.44720818181306327,1.002980606248047,-0.4276496581979936,0.6586449582450438,0.9820467918519148,-0.19011987045111234,1.1794330655344274,1.4360707735778477,-0.2752172869463629,0.49956390819210106,1.5748704950146326,-0.2124694907013943,0.3259199775311333,1.8075941692519661,-0.07455988155542233,0.013235184732541073,1.1197854568626702,-0.23245334487087654,1.2185862822248448,1.4334069853586862,-0.06416653812128932,1.1877307356982834,1.5088024786766,-0.10546791753330725,1.1604784997488493,0.9237603191903091,-0.10192643453841982,0.8824189368462719,0.9591040384295758,-0.3846729830499518,0.7844604161993558,0.26578032970428467,-20.024253845214844,3.424583911895752,-0.6974568367004395,-0.6722379922866821,-2.4385464191436768,-197.44102478027344,-342.7444152832031,-530.8688354492188,-18.537334442138672,76.45574951171875,-46.5893440246582,-2.86110520362854,23.392070770263672,-2.8196327686309814,-3.8968100547790527,0.024454204365611076,2.727396249771118
0.8714863561241833,-0.25758362369032095,1.140721227554296,0.8597218074545957,-0.1118276234938214,1.0669120747522014,0.20375481578490595,-0.38570278340222813,0.15868839557399814,0.9331060586780903,-0.15690041530803334,0.5815249424896493,0.7387139787342376,-0.17013739858636792,1.2842680073731783,0.6136267214816138,-0.5610150716557407,1.1211776614978612,0.7962178704359675,-0.07061014087587003,1.3207265485990916,0.4957852464243278,-0.3155643583725619,1.2684906223751853,0.5458387329878398,-0.44226244684086724,1.2017451137896404,0.27554412097330916,-0.44004960703534,0.15327220947931935,0.6421378466072462,-0.24907334213027887,0.2159125167407737,0.2281897787424113,-0.428682808844459,0.05477585881603083,0.5800095086066138,-0.5503707843900515,1.0342500849275398,0.6845253411902498,-0.36262406921939344,0.1352132516882278,0.912426705786724,-0.3678087459889468,0.6476345198438657,0.7747404841792506,-0.2916157277214606,1.1072719626079333,0.6898789824239466,-0.24180620903803018,0.2795751487577198,0.5304186107307081,-0.2557579032237956,0.18798776375536888,0.12358573925317519,-0.30230112640273493,0.02592339052121765,0.7031345126644666,-0.43853893165556795,1.1235861099318951,0.4759075921892332,-0.3301467855047705,1.1920642840941222,0.4290091413141088,-0.3846412555666158,1.2458387273826348,1.680690380911164,-0.1881662546502833,0.04581008398819042,1.1763773469735457,-0.3205648148494051,0.661530039957817,1.01458965271514,-0.3485632325639788,1.0390480981757308,0.8888616180972548,-0.257391401178,1.29184799833803,1.302172261358097,-0.2840950964697151,1.2514033088620924,0.9397445398055956,-0.1543560661128815,1.3257231625500105,1.5104408232581537,0.01403119751646954,1.1501417550819597,1.4305451603125263,-0.15838575604933,1.2342078318659042,1.576356967158665,-0.14730256978447073,0.06666537463072905,1.5053959670445778,-0.2066182759621286,0.4629871616300368,1.6492173095412601,-0.07130784797944767,0.03611381411157692,1.3153734274257889,-0.32296885490812227,1.1623756478953835,1.4326127783352176,-0.09512944499783171,0.44633188873332064,1.0042488721032805,-0.42609632992191815,0.6580044731793814,0.9867626797679245,-0.191363836361083,1.1796040266554877,1.4379208510285182,-0.2767497299128021,0.49802472328902864,1.5766401839572073,-0.21330205711307906,0.3238453152558661,1.8083812633887033,-0.07363262062041173,0.010889557110059277,1.1247327252729051,-0.23507157737845624,1.2177370687983684,1.437390858369158,-0.06894091213282383,1.1843937276214953,1.5124297039398296,-0.10999519562977841,1.1556973327074618,0.9290283087468306,-0.10042964852112804,0.883443686543711,0.9613100010038212,-0.38292836748211584,0.7834804044259305,0.22659003734588623,-19.594024658203125,3.521367311477661,-0.6287747025489807,-0.5726875066757202,-2.484312057495117,-149.28457641601562,-334.6406555175781,-517.669921875,-17.320301055908203,74.89171600341797,-42.56767272949219,-2.888761281967163,24.055667877197266,-3.179953098297119,-3.908435344696045,0.1318717896938324,2.5694944858551025
0.8753333967055705,-0.2575897329690441,1.1406417672602547,0.8649399248969475,-0.1111635146477562,1.067748569889574,0.20466300072950241,-0.3840105231135887,0.15925526424058226,0.9370528709217412,-0.1548651576979666,0.5807118530305017,0.7432235586919531,-0.1695787665366337,1.2849950908825096,0.6147441839342875,-0.5584596278059563,1.1182053783871482,0.8013943535405278,-0.07047798309401171,1.3216634897996258,0.5023676967186642,-0.3138327249726713,1.2707598623850487,0.5497058667489234,-0.44000766677966974,1.2013069912297836,0.2764641426454317,-0.43844354113206174,0.15434966409048495,0.6436288081454915,-0.2480736766874001,0.21621793108862755,0.22924871708186254,-0.4279692133530876,0.055812186129785904,0.5800208147393157,-0.5464101865986326,1.031972593424336,0.685541127789889,-0.3623047701471689,0.13616256516994227,0.9142609175467333,-0.3653231423027469,0.6473740225793511,0.7784599439789917,-0.29063681498268584,1.106527741381664,0.6915965228286011,-0.2404493590607154,0.2798432032793563,0.5317641992047922,-0.25470928916867996,0.1882363399922453,0.12402489572911467,-0.30205098317553664,0.025659149339953013,0.7057975234574829,-0.4376055806480496,1.121438420766237,0.48159937708583084,-0.3266410016954341,1.1942434320781403,0.43412080259117847,-0.3810752418064914,1.2473227267233742,1.6816550915604396,-0.18739728390282354,0.04333821254233459,1.178865251556927,-0.32071485913155096,0.6605600927839216,1.0177243871009902,-0.34911173868258266,1.0381504705804863,0.8928689280685209,-0.25769076575309235,1.292243236934902,1.3069541604313628,-0.28876318047378224,1.2486224762651306,0.9444314475288453,-0.15510594536433156,1.3263245694684667,1.5134803877761032,0.009341076626257449,1.1457401784445278,1.435305478557056,-0.16345769213820913,1.230321497514548,1.5774630243020342,-0.14660821951284314,0.06506845281021488,1.5074467408341288,-0.2081766379195333,0.4613804213258605,1.6502677881165055,-0.07044658844439401,0.03466220336984723,1.3190468891172218,-0.32756423254478834,1.159263684457501,1.4347949809585976,-0.09634075826959101,0.44536778306132124,1.0055349546157761,-0.42448975821796636,0.657375078623658,0.9915058404601961,-0.1926193328093219,1.1797900026207728,1.4397766039466227,-0.27830099082545723,0.4964577627201744,1.5784260372057655,-0.21416339598941486,0.32164599475086925,1.8091583715764101,-0.0726086668275445,0.008585087711373951,1.1296963555528627,-0.2377292822232309,1.2167916777512886,1.4412364906427875,-0.07374624415788024,1.1809275847002372,1.5159526155484433,-0.11448469976370293,1.1508547772240165,0.9343456622977919,-0.098937122471976,0.8844565375159118,0.9634954169491269,-0.3811478896054211,0.7825443954854612,0.35937583446502686,-18.935117721557617,3.922788381576538,-0.5876768231391907,-0.5039944052696228,-2.5151922702789307,-128.9319305419922,-331.9503173828125,-493.6287536621094,-16.268768310546875,73.73619842529297,-42.70148468017578,-2.7519121170043945,24.918209075927734,-3.5434629917144775,-3.852227210998535,0.37289881706237793,2.4297192096710205
0.8791804372869577,-0.25759584224776716,1.1405623069662132,0.8701580423392993,-0.11049940580169101,1.0685850650269464,0.20557118567409888,-0.3823182628249492,0.15982213290716635,0.9409996831653921,-0.15282990008789987,0.579898763571354,0.7477331386496686,-0.1690201344868995,1.2857221743918412,0.6158616463869612,-0.5559041839561717,1.1152330952764349,0.8065708366450881,-0.0703458253121534,1.32260043100016,0.5089501470130006,-0.3121010915727806,1.2730291023949123,0.553573000510007,-0.4377528867184723,1.2008688686699267,0.27738416431755414,-0.4368374752287834,0.15542711870165052,0.6451197696837367,-0.2470740112445213,0.21652334543648144,0.2303076554213138,-0.42725561786171623,0.05684851344354098,0.5800321208720176,-0.5424495888072137,1.0296951019211322,0.6865569143895282,-0.36198547107494433,0.13711187865165678,0.9160951293067425,-0.3628375386165469,0.6471135253148363,0.7821794037787327,-0.2896579022439111,1.1057835201553952,0.6933140632332554,-0.2390925090834006,0.2801112578009927,0.5331097876788764,-0.2536606751135644,0.18848491622912172,0.12446405220505415,-0.3018008399483384,0.025394908158688376,0.7084605342504992,-0.4366722296405313,1.1192907316005785,0.48729116198242856,-0.3231352178860976,1.1964225800621586,0.43923246386824816,-0.377509228046367,1.2488067260641136,1.6826198022097152,-0.1866283131553638,0.04086634109647876,1.1813531561403083,-0.3208649034136968,0.6595901456100263,1.0208591214868403,-0.3496602448011865,1.0372528429852417,0.896876238039787,-0.2579901303281847,1.292638475531774,1.3117360595046286,-0.29343126447784945,1.2458416436681685,0.9491183552520951,-0.15585582461578162,1.3269259763869228,1.5165199522940527,0.004650955736045357,1.1413386018070957,1.4400657968015858,-0.16852962822708825,1.2264351631631918,1.5785690814454034,-0.14591386924121558,0.06347153098970071,1.5094975146236798,-0.209734999876938,0.45977368102168414,1.651318266691751,-0.06958532890934034,0.033210592628117534,1.322720350808655,-0.33215961018145446,1.1561517210196188,1.4369771835819773,-0.09755207154135032,0.4444036773893218,1.0068210371282715,-0.4228831865140146,0.6567456840679347,0.9962490011524677,-0.19387482925756078,1.179975978586058,1.441632356864727,-0.2798522517381124,0.4948908021513201,1.5802118904543236,-0.21502473486575063,0.3194466742458724,1.8099354797641172,-0.07158471303467727,0.006280618312688625,1.1346599858328204,-0.24038698706800554,1.2158462867042088,1.445082122916417,-0.07855157618293665,1.177461441778979,1.519475527157057,-0.11897420389762745,1.1460122217405715,0.9396630158487531,-0.09744459642282395,0.8854693884881126,0.9656808328944325,-0.37936741172872646,0.7816083865449919,0.7983909249305725,-18.479385375976562,4.282395362854004,-0.6051065325737,-0.4776246249675751,-2.471914529800415,-151.9158172607422,-332.7287292480469,-475.1348876953125,-15.486932754516602,72.6031494140625,-46.087738037109375,-2.314088821411133,25.48029136657715,-3.453857421875,-3.8042290210723877,0.44707030057907104,2.4308812618255615
0.8830113646802519,-0.2576112074666465,1.1404750159639396,0.8754459907676994,-0.10986638717994793,1.0694186344051992,0.20647908019407685,-0.38066360176793806,0.16036180653516813,0.9449747634052436,-0.15081724719397305,0.5790548030509065,0.7523205416486747,-0.1685028771888342,1.2864499893409527,0.6167970878991069,-0.5532401965943397,1.1122480549954423,0.8118087822040968,-0.0702620716333784,1.3235267017850811,0.5155340924562989,-0.31046760555924185,1.2752064606606563,0.5573437670800855,-0.43549022754493955,1.2003853323049103,0.2782990551547498,-0.43524299404084305,0.1564859700025311,0.6465394911387107,-0.24602441696931207,0.21688355053990876,0.23133080161565175,-0.42645800360385955,0.05780223176031307,0.5800203005999129,-0.5382327074246697,1.0274543329974677,0.6875441963506849,-0.36156153846655464,0.13811832510971062,0.9179872969128435,-0.3602997230378211,0.6469031316752466,0.7859240874944139,-0.2886357592628493,1.105037061583917,0.6950285703141166,-0.23766224621640944,0.2804094734570838,0.5343941610972611,-0.25254715115621407,0.18876160987165586,0.12494655993353841,-0.30154091371408365,0.025151472674399048,0.7109980493389215,-0.43564396356510027,1.1170419316418125,0.49306639555274184,-0.3196525497251003,1.198526863033408,0.4443943309566826,-0.37400144980048544,1.2502679432070016,1.6836307226427343,-0.18578280207534512,0.03833570236352532,1.1837948294270115,-0.32100758489394027,0.6586460569836448,1.0239531318872965,-0.3502524060425379,1.036310489998748,0.9008864630137053,-0.25833816791804415,1.2929881497329434,1.3164773851830434,-0.29820559010995085,1.2429103065800198,0.9538366826164796,-0.1566916453522561,1.3274921236053996,1.5195003992674363,5.181724844025232e-05,1.1370121913635183,1.4447116662334916,-0.17363454633398498,1.2224322932445455,1.5797439799798243,-0.1451189433107314,0.06181911520955994,1.511411702790797,-0.21105686745402816,0.4578707506325074,1.6523992936342755,-0.06863298629786807,0.03177402144458335,1.3263013499067315,-0.33674406462552475,1.152895534867483,1.4391586977914466,-0.09883614424739436,0.44332873707772896,1.0081349573782736,-0.42129719193210685,0.6561405776154917,1.0009919144459902,-0.19515586693752665,1.1801132922930433,1.4434107062437673,-0.2814176789182699,0.493273205512407,1.5819498343972969,-0.21583218384065367,0.31713649758834744,1.810783042812979,-0.07046887749769055,0.003970361325314971,1.1395993280094974,-0.2432292433122527,1.2148646893880226,1.4488896127568172,-0.0833809744591344,1.1739974931770607,1.5228556574180423,-0.12348840219147497,1.1411475294473161,0.9450487697756047,-0.09600132692679286,0.8864870368447524,0.9678865785630331,-0.377542353673092,0.7806784334956417,1.5454031229019165,-18.65975570678711,4.881884574890137,-0.6504594087600708,-0.433840811252594,-2.4056947231292725,-187.8885498046875,-327.9661865234375,-467.71429443359375,-14.592272758483887,70.70003509521484,-49.053165435791016,-1.5819883346557617,25.3532657623291,-2.6757256984710693,-3.8190958499908447,0.34606948494911194,2.5655529499053955
0.8868286919514864,-0.2576343850386853,1.1403811155565526,0.88079287911093,-0.10925960984845824,1.0702497343353878,0.20738672958501916,-0.37904067584220935,0.16087852655262347,0.9489737028712468,-0.14882367350999884,0.578184786221839,0.7569736301504224,-0.16802054169951686,1.2871784216520803,0.6175788970577796,-0.5504845945250909,1.1092522471945807,0.8170986043301639,-0.07021917279390309,1.3244439663476502,0.5221192998601901,-0.30891695954152293,1.2773062673625568,0.5610331962045455,-0.4332209181114538,1.1998634650217777,0.2792096153789798,-0.43365829077777485,0.15752911942684097,0.647899083349089,-0.24493268092736503,0.21729000105171015,0.23232373792604105,-0.42558947442383166,0.058686225052108826,0.5799889607934763,-0.5337995132863127,1.0252445592785513,0.688507419350921,-0.36104929131387875,0.13917299389641805,0.9199283813798664,-0.35771783870577023,0.6467350273337585,0.7896900611207974,-0.2875771283708661,1.1042887146109777,0.696740517158382,-0.23617002017648014,0.28073314621748513,0.5356268667622118,-0.25137884085936263,0.1890620356363966,0.12546565771004223,-0.3012727302628637,0.024925597961868672,0.7134296414473199,-0.4345355856892289,1.114707790463176,0.4989120628660088,-0.31618939201958135,1.200567957186541,0.4495985735923249,-0.37054282446570747,1.2517099313388598,1.684680645829005,-0.184872688145827,0.035755461883663346,1.1861974818027572,-0.32114405189918366,0.6577237939203022,1.0270127697496225,-0.35088141380951104,1.0353303871407413,0.9048991483568356,-0.25872728731853284,1.2932993659120522,1.3211844654272724,-0.30306958757488933,1.2398519381782076,0.9585815293109969,-0.15760000385590736,1.3280285103431602,1.5224309488637557,-0.00447052875256153,1.132749223945946,1.4492609366675875,-0.17876730247443876,1.2183310630305713,1.580976983174583,-0.14423912783332218,0.060119860491018424,1.5132106076802638,-0.21217912509544007,0.4557178249422288,1.6535061045198252,-0.06760376622740007,0.030350144200076333,1.329804307182893,-0.3413192994941939,1.1495176194519396,1.441339630954313,-0.10018162858604596,0.44216024826299277,1.0094723737002997,-0.41972856519632784,0.6555559712135239,1.0057346189258904,-0.1964584623543632,1.1802095332682527,1.4451237241953414,-0.2829950629480627,0.49161287017215954,1.5836473411282166,-0.2165941477611365,0.31473275426997255,1.8116900723501546,-0.06927549039685964,0.001655219400699395,1.1445181701357001,-0.24622726771018363,1.2138525326520402,1.4526649089838495,-0.08823068553446144,1.17053539666119,1.526115274981947,-0.128023443262506,1.1362641528742203,0.9504922561298143,-0.09459963176917556,0.8875087343699095,0.9701094832641399,-0.37567966831046223,0.7797535918406303,2.1984784603118896,-19.16920280456543,5.552143096923828,-0.6752340197563171,-0.431057333946228,-2.3786768913269043,-183.61752319335938,-317.03802490234375,-465.21966552734375,-14.078086853027344,68.670654296875,-48.4764518737793,-0.6184718608856201,24.703859329223633,-1.7922849655151367,-3.823660373687744,0.24311096966266632,2.716909885406494
0.8906460192227204,-0.2576575626107241,1.1402872151491659,0.8861397674541597,-0.10865283251696868,1.0710808342655762,0.20829437897596134,-0.37741774991648097,0.16139524657007873,0.9529726423372494,-0.14683009982602496,0.5773147693927715,0.7616267186521692,-0.1675382062101996,1.2879068539632077,0.6183607062164521,-0.5477289924558426,1.1062564393937195,0.8223884264562301,-0.0701762739544278,1.325361230910219,0.5287045072640801,-0.30736631352380417,1.2794060740644568,0.5647226253290049,-0.4309516086779684,1.199341597738645,0.2801201756032097,-0.43207358751470687,0.1585722688511507,0.6492586755594669,-0.24384094488541816,0.21769645156351144,0.23331667423643018,-0.42472094524380394,0.059570218343904434,0.5799576209870395,-0.5293663191479565,1.0230347855596353,0.6894706423511567,-0.3605370441612029,0.1402276626831253,0.921869465846889,-0.3551359543737198,0.6465669229922705,0.7934560347471804,-0.286518497478883,1.1035403676380384,0.698452464002647,-0.23467779413655113,0.2810568189778865,0.5368595724271622,-0.2502105305625114,0.18936246140113727,0.12598475548654595,-0.30100454681164385,0.02469972324933833,0.7158612335557178,-0.43342720781335775,1.1123736492845397,0.5047577301792748,-0.31272623431406293,1.2026090513396737,0.4548028162279663,-0.36708419913093004,1.2531519194707175,1.6857305690152755,-0.18396257421630902,0.03317522140380181,1.1886001341785026,-0.32128051890442705,0.6568015308569599,1.0300724076119478,-0.3515104215764841,1.034350284282735,0.9089118336999651,-0.2591164067190214,1.293610582091161,1.3258915456715006,-0.307933585039827,1.2367935697763963,0.9633263760055135,-0.15850836235955845,1.3285648970809203,1.5253614984600747,-0.00899287475356254,1.1284862565283746,1.4538102071016827,-0.18390005861489161,1.214229832816598,1.5822099863693413,-0.14335931235591312,0.0584206057724772,1.5150095125697305,-0.21330138273685179,0.4535648992519506,1.6546129154053744,-0.06657454615693224,0.028926266955569557,1.333307264459054,-0.3458945343628622,1.146139704036397,1.4435205641171789,-0.10152711292469732,0.44099175944825675,1.0108097900223258,-0.41815993846054905,0.6549713648115563,1.0104773234057898,-0.1977610577711995,1.1803057742434622,1.446836742146915,-0.2845724469778553,0.4899525348319124,1.5853448478591363,-0.2173561116816192,0.3123290109515981,1.8125971018873304,-0.06808210329602891,-0.0006599225239157852,1.149437012261902,-0.24922529210811403,1.212840375916058,1.4564402052108814,-0.09308039660978766,1.16707330014532,1.5293748925458515,-0.13255848433353626,1.1313807763011252,0.9559357424840229,-0.0931979366115585,0.8885304318950665,0.9723323879652465,-0.3738169829478328,0.7788287501856191,2.0611627101898193,-19.659591674804688,5.161789894104004,-0.6513927578926086,-0.5853500962257385,-2.4226455688476562,-143.9108123779297,-310.46728515625,-459.5843811035156,-14.477487564086914,66.7634048461914,-46.21072006225586,-0.3753306269645691,24.0384578704834,-1.9485788345336914,-3.7736666202545166,0.18902970850467682,2.73311710357666
0.8937658158359146,-0.25763835950403025,1.1401800351427092,0.8905608354025325,-0.10816785234291826,1.071755563186494,0.20903927867380984,-0.37610239698397413,0.16179897275981522,0.9562319848711125,-0.14520886116075213,0.5766305390572707,0.7654667780888788,-0.16712370218820133,1.2885046644716074,0.6189613543598856,-0.5453439828575843,1.1037666845005871,0.8267589400935643,-0.07015136545462325,1.3261156871618813,0.5340899572467168,-0.3061554163497016,1.2810743897166472,0.5677102500239742,-0.42903827989338267,1.1988655589274224,0.2808912147749338,-0.4307566823943562,0.15940625926121965,0.650354167878233,-0.2429477473757915,0.21806724112949621,0.23413836926419207,-0.42399456958897075,0.06031072588748484,0.5799134278928997,-0.5256010163698768,1.0212188382811895,0.6902470663683303,-0.3601004832627758,0.14109514347764823,0.9234808943918997,-0.35304048598207405,0.646430866607767,0.7965293589806712,-0.28562519546376164,1.102839682275886,0.6998514450149029,-0.23344315075321714,0.28133955518930953,0.5378736443077491,-0.24924079343577893,0.18960159957803635,0.12641576800914786,-0.30078089158266585,0.024531257024269244,0.7177655531081142,-0.43251048887012816,1.1104356153121848,0.5095986029170203,-0.30992381126675406,1.2042690444466293,0.4590547005861797,-0.3642548839777513,1.2543097284455962,1.6865939170319513,-0.18314262514082807,0.03102789478783594,1.1905846177347448,-0.32142317808227033,0.6560619208986397,1.0325497894097635,-0.3520223482555111,1.0335261900693375,0.9122199222741535,-0.2594517949006415,1.293862626252585,1.3297331925259517,-0.31199523786835287,1.2342246068234477,0.9672163938054972,-0.15925935068667324,1.3289989690906954,1.5277078949063028,-0.012685307677810256,1.1249892640587513,1.4574980514728468,-0.18810091675906748,1.2108148573250173,1.5832061309688137,-0.1425717986182662,0.05699689474129531,1.5164790919284945,-0.21440990782336672,0.4518317090754479,1.6555748017418463,-0.06568657370000493,0.027714007009832377,1.3361642321213978,-0.3496395118583904,1.1432989622583454,1.4453180515213517,-0.10266151318684309,0.43997581016938425,1.011896556576356,-0.41685216632110406,0.6544942528206782,1.0143549994917103,-0.19888523655221943,1.1803591496107595,1.4482590157464639,-0.28588670097439484,0.48855465275562376,1.5867511412955277,-0.21797924197667476,0.31028351839015045,1.813369566241637,-0.0670789936125674,-0.0025645582011547723,1.1534669738731633,-0.2516999526923853,1.2119789841948756,1.4595081656184414,-0.09705849544496693,1.1642277990745395,1.5319948512197328,-0.13626244338537655,1.1273230795828715,0.9604402034487942,-0.09209211086792671,0.8893602040429778,0.9741471421639649,-0.37225789522493136,0.7780836094294163,1.1459152698516846,-19.787860870361328,3.868889808654785,-0.5888218283653259,-0.7140898108482361,-2.490807294845581,-122.63719940185547,-317.4262390136719,-453.9971008300781,-15.25423526763916,65.61272430419922,-45.339290618896484,-1.18635892868042,23.612125396728516,-2.6771786212921143,-3.726478099822998,0.16658750176429749,2.62825345993042
0.8962849610491305,-0.2575826619239832,1.1400614199259422,0.8941846691220012,-0.10778775305444041,1.0722956392938727,0.2096440328026055,-0.37505189857340804,0.16210539870901614,0.9588544522689668,-0.14390824431713842,0.5761062915356743,0.7686067291640288,-0.1667676085963944,1.2889899950943247,0.6194060027401969,-0.5432780945537895,1.10171269738911,0.830337826976713,-0.07014194863620184,1.3267299473680407,0.5384422827832747,-0.305237080679824,1.2823711436315879,0.5700935431268831,-0.42743149000090475,1.1984289835225668,0.28154211081811137,-0.42967038123023427,0.1600601405201369,0.6512222408458886,-0.24222551360232938,0.21840732265880566,0.2348126065208028,-0.4233906039141661,0.060927676258991106,0.5798581666899043,-0.5224108422631459,1.0197420193264817,0.6908626357056448,-0.35972909663884056,0.1418014346122347,0.9248084525596227,-0.35136387576133205,0.6463224070751115,0.7990062351258386,-0.2848742599814933,1.1021800388563547,0.7009809276718177,-0.23243031465750655,0.2815870404835568,0.5386994482073563,-0.24844204987220414,0.18978796233207185,0.12677092934088993,-0.30059558010061843,0.02441222588562511,0.7192158324039535,-0.43175880956333995,1.1088386736563498,0.5135742358814013,-0.30769035417512547,1.205600867208266,0.46248649864994146,-0.3619674748142823,1.255222827590854,1.6872966030970316,-0.18240031802299006,0.029253355110224474,1.1922090114741926,-0.32157116940874136,0.6554795955585329,1.0345257840409186,-0.3524334551088068,1.0328364366332428,0.9149212747417539,-0.2597409145326804,1.2940637167321136,1.3328296050725394,-0.3153659828155247,1.2320770763403532,0.9703703089463,-0.15987482580621512,1.3293449367513719,1.529551270584397,-0.015663093230409597,1.1221518611276387,1.4604441122898204,-0.19149930718422734,1.2079908233999417,1.5839983140001235,-0.14186376693430325,0.05581045744089494,1.517665085413598,-0.2155066076542763,0.450459957813585,1.6564118919388349,-0.0649202311325152,0.026683973071368897,1.3384649309496217,-0.3526695455048259,1.1409207866681332,1.4467853495222054,-0.1036141466053314,0.4390912143797274,1.012767485830168,-0.41576901897294627,0.6541097054615715,1.0174877900161492,-0.19985577878573085,1.180375612926799,1.4494309261539915,-0.2869743707756333,0.487382772101077,1.5879066677282978,-0.21848282109427927,0.3085465195360562,1.8140261550218064,-0.06623973392739595,-0.004115702387597751,1.1567315105965597,-0.2537239388815615,1.2112474179031043,1.461967031292568,-0.10028603929557554,1.1619132551925861,1.5340639925160946,-0.13925074847624797,1.1239763849618418,0.9641360592171058,-0.09124106156411549,0.8900247071160386,0.9756104334300717,-0.3709602388029067,0.7774932111138539,0.15690383315086365,-19.626510620117188,3.1186585426330566,-0.520763635635376,-0.5772421956062317,-2.5604662895202637,-137.92349243164062,-326.18670654296875,-447.6416015625,-15.284165382385254,64.68313598632812,-45.9436149597168,-2.8702845573425293,23.66305923461914,-2.932616949081421,-3.713263988494873,0.24433182179927826,2.4516823291778564
0.8988041062623459,-0.25752696434393624,1.1399428047091755,0.8978085028414694,-0.10740765376596262,1.0728357154012516,0.21024878693140103,-0.3740014001628421,0.16241182465821702,0.9614769196668207,-0.1426076274735249,0.5755820440140781,0.7717466802391784,-0.1664115150045875,1.2894753257170417,0.619850651120508,-0.541212206249995,1.0996587102776332,0.8339167138598611,-0.07013253181778042,1.3273442075742001,0.5427946083198318,-0.30431874500994655,1.283667897546528,0.5724768362297916,-0.42582470010842716,1.1979924081177111,0.2821930068612888,-0.42858408006611254,0.16071402177905403,0.6520903138135442,-0.2415032798288674,0.21874740418811506,0.23548684377741338,-0.42278663823936163,0.06154462663049728,0.5798029054869089,-0.5192206681564155,1.0182652003717738,0.691478205042959,-0.35935771001490535,0.14250772574682108,0.9261360107273455,-0.3496872655405904,0.6462139475424559,0.8014831112710055,-0.284123324499225,1.1015203954368238,0.7021104103287323,-0.23141747856179612,0.28183452577780416,0.5395252521069633,-0.24764330630862952,0.18997432508610732,0.12712609067263192,-0.30041026861857106,0.024293194746981002,0.7206661116997927,-0.4310071302565518,1.1072417320005152,0.5175498688457816,-0.30545689708349727,1.2069326899699027,0.4659182967137026,-0.3596800656508137,1.2561359267361116,1.6879992891621116,-0.18165801090515216,0.02747881543261331,1.1938334052136401,-0.3217191607352124,0.654897270218426,1.036501778672073,-0.3528445619621024,1.0321466831971478,0.9176226272093538,-0.2600300341647192,1.2942648072116423,1.3359260176191265,-0.31873672776269585,1.229929545857259,0.9735242240871025,-0.1604903009257569,1.3296909044120486,1.531394646262491,-0.01864087878300843,1.1193144581965264,1.4633901731067935,-0.1948976976093866,1.2051667894748663,1.5847904970314328,-0.14115573525034042,0.054624020140494764,1.5188510788987013,-0.2166033074851857,0.4490882065517224,1.6572489821358232,-0.0641538885650256,0.02565393913290559,1.3407656297778452,-0.3556995791512608,1.1385426110779213,1.4482526475230588,-0.10456678002381954,0.43820661859007076,1.01363841508398,-0.41468587162478876,0.653725158102465,1.0206205805405875,-0.2008263210192421,1.1803920762428384,1.4506028365615187,-0.2880620405768716,0.48621089144653046,1.5890621941610676,-0.21898640021188367,0.3068095206819623,1.814682743801976,-0.06540047424222463,-0.005666846574040467,1.1599960473199553,-0.2557479250707373,1.2105158516113332,1.4644258969666941,-0.1035135831461836,1.159598711310633,1.536133133812456,-0.1422390535671189,1.1206296903408128,0.9678319149854167,-0.09039001226030441,0.8906892101890993,0.9770737246961783,-0.3696625823808822,0.7769028127982917,0.06494362652301788,-19.310300827026367,3.8281917572021484,-0.5201800465583801,-0.2855977714061737,-2.588996171951294,-173.46926879882812,-319.89715576171875,-435.9562072753906,-14.409528732299805,63.46030044555664,-46.83906555175781,-3.823322296142578,23.905000686645508,-1.788673996925354,-3.517354965209961,0.30594033002853394,2.3710381984710693
0.9020341640671354,-0.2574001564983501,1.139717880463758,0.9024498960040258,-0.10697396176046887,1.073511032473962,0.2109568829814724,-0.37269268421739943,0.1628076386767507,0.9647995293732508,-0.1409903563904448,0.5749194722696646,0.7757415700432477,-0.16598546736879857,1.2900846835398516,0.6203830245117478,-0.5384659211564541,1.0970533902676691,0.8384888425765443,-0.0701385418458885,1.328125005920991,0.5482950037875707,-0.30327250167036696,1.2852084611030603,0.5754999580564875,-0.42373356953361985,1.1973722944196488,0.2830067981552603,-0.42721259870276557,0.16149349034523325,0.6532307165545342,-0.24053915289064126,0.21919301073282754,0.23634766562786316,-0.42196018174784083,0.06223958764003201,0.579692663045119,-0.5149665167986957,1.016436150926628,0.6922780623696497,-0.35882153806110095,0.14346589895569717,0.9277522547158183,-0.3475725529407036,0.6461015389060343,0.8046103224454334,-0.28303511549305455,1.1006298033606927,0.703511462503711,-0.23012767988719698,0.2821753904815541,0.540584676115718,-0.24660617520181558,0.19023787750807028,0.12760641430782163,-0.300151888157753,0.02418789703904695,0.7224690860865131,-0.42986157536506664,1.1051979714276776,0.5226020655095178,-0.30268989917853045,1.2085747391182853,0.4702989197527332,-0.35678433612087734,1.2572212659365294,1.6886268789010332,-0.18077997710333762,0.025338848368172413,1.1958382644795422,-0.3219009834212183,0.6541373619180643,1.039001589184565,-0.35338081528019427,1.0312590522087173,0.9210531595132205,-0.26045216679178324,1.2945056210290518,1.3397997278251392,-0.32304685256931126,1.2270879445486513,0.9775449463863243,-0.1613323822716213,1.3301145448195224,1.5336639127194485,-0.02237786930547807,1.1157363976863839,1.467005343034567,-0.19923033881068977,1.2015219966307384,1.5855457865639238,-0.1400654535518578,0.05327744747431874,1.5203797785651603,-0.21796335129449687,0.44723962740787626,1.6582594527708772,-0.06315964694128733,0.024335542086215925,1.343578445003522,-0.35952184630545525,1.1354372724397297,1.4501011501874355,-0.10579042464790743,0.4370157719151864,1.0147175486908842,-0.4133477642244062,0.6532783648430907,1.0246147402864414,-0.20213135181377254,1.1803554695173604,1.451931359554758,-0.2894655594861269,0.4846307484322038,1.5905172400521914,-0.2196237156229303,0.30451213977984265,1.8154120425514826,-0.06441186003337641,-0.007447510411876362,1.1641332726210154,-0.25834104680264997,1.2095255451091869,1.4673861509916795,-0.10746044331285697,1.1566225341613723,1.5386395485985356,-0.14604224671689844,1.1163989666676684,0.9725959188496036,-0.08936029768838798,0.8915228911780363,0.9789541849237402,-0.3680779084760623,0.7761667094483281,0.5799076557159424,-18.96074867248535,4.86703634262085,-0.604491651058197,-0.2676895558834076,-2.5289249420166016,-182.55418395996094,-303.3321533203125,-423.6064147949219,-13.502532005310059,62.277061462402344,-46.84358215332031,-3.197190046310425,23.676664352416992,0.09787487983703613,-3.0716705322265625,0.17802566289901733,2.3974194526672363
0.9058887619056444,-0.25721087795219677,1.1393995632398997,0.9079852198922864,-0.10649318830264332,1.0743051593666832,0.21175576539229074,-0.37115712296094344,0.16328198053189455,0.9687372173694581,-0.13909490307830052,0.5741353820491312,0.7804875275157139,-0.16549796477848336,1.290802999837509,0.6209924647350185,-0.5351219043036964,1.0939637217300622,0.8439335388853053,-0.07015810443076077,1.3290521088025427,0.5548039840546657,-0.3021138908452547,1.286963212569028,0.5790851724068845,-0.42121694340611165,1.1965909414733484,0.28396369368824725,-0.4255905852017815,0.16238328794769882,0.6546103622739676,-0.2393625216768279,0.21973132149667923,0.2373724029158913,-0.420938266034158,0.06300308135961055,0.5795341193281263,-0.5097776564541249,1.0142976653496953,0.6932398175561664,-0.3581406014249815,0.14464535174385587,0.9296221105468192,-0.34507296535353027,0.6459856609635006,0.8083088559820157,-0.2816506101200914,1.0995363218105394,0.7051510897693253,-0.22859456829282643,0.28259828943290455,0.5418493364820416,-0.24535961952430538,0.19056924141400694,0.12819669361146072,-0.29982931625764103,0.024094664214166596,0.7245819047586805,-0.42836999893188493,1.1027616783483143,0.5286000284138097,-0.29945418317586425,1.2104893235970804,0.47551308996629965,-0.3533541943063804,1.2584579188302651,1.6891884961665071,-0.17978270677541278,0.022877851636796915,1.198177364488311,-0.32211252711466604,0.6532214461572914,1.0419615743965498,-0.3540270103524062,1.0301975848658986,0.9251242797106302,-0.2609911519565329,1.2947813319844126,1.3443562976571892,-0.32818222697207405,1.2236365987765083,0.9823271628247185,-0.1623735382462178,1.3306064210980144,1.5363073262157816,-0.026781824941666144,1.1115076660320464,1.4712083284428572,-0.2043837236844934,1.1971561632409007,1.586268664985303,-0.13863936342940444,0.0517901951410125,1.522209547213371,-0.2195547440194134,0.44497215274153984,1.659422238930961,-0.06196519493168568,0.022763816701458193,1.3468411568774288,-0.36404009429824213,1.1316931176659293,1.452284542930047,-0.10725215388252227,0.43555588240655074,1.0159795907948979,-0.411785673226742,0.6527768882694625,1.0293656169183991,-0.20373023237218899,1.1802722405124184,1.4533974674363797,-0.2911465533127056,0.48269194502704216,1.5922354151871028,-0.2203785189927018,0.3017224606299246,1.8162052173488186,-0.0632920371775597,-0.009429808335982944,1.169037158915538,-0.26143415676836895,1.2083079341231595,1.4707868770258312,-0.11203922622448502,1.153065109095037,1.541530110188667,-0.15056132283431747,1.1113916193412636,0.978298295807364,-0.08817362484355651,0.8925051957566216,0.9812011300333285,-0.3662410883714034,0.7753026035447785,0.9708377122879028,-19.03822135925293,4.806297302246094,-0.6785386800765991,-0.6704973578453064,-2.4196958541870117,-163.49717712402344,-295.3887939453125,-411.1713562011719,-12.580269813537598,61.05812454223633,-46.098533630371094,-2.1307427883148193,24.5684814453125,-2.775785207748413,-3.615588426589966,0.2759723961353302,2.7062458992004395
0.909743359744154,-0.2570215994060434,1.1390812460160413,0.9135205437805478,-0.10601241484481767,1.0750992862594049,0.2125546478031092,-0.36962156170448723,0.16375632238703847,0.972674905365666,-0.13719944976615592,0.5733512918285977,0.785233484988181,-0.1650104621881681,1.2915213161351664,0.6216019049582892,-0.5317778874509382,1.0908740531924546,0.8493782351940673,-0.07017766701563305,1.3299792116840943,0.5613129643217617,-0.30095528002014227,1.2887179640349962,0.5826703867572822,-0.4187003172786031,1.1958095885270479,0.28492058922123437,-0.4239685717007972,0.16327308555016454,0.6559900079934012,-0.23818589046301433,0.22026963226053098,0.2383971402039196,-0.419916350320475,0.06376657507918923,0.5793755756111334,-0.5045887961095532,1.0121591797727623,0.6942015727426832,-0.35745966478886193,0.14582480453201477,0.9314919663778204,-0.3425733777663566,0.6458697830209669,0.8120073895185989,-0.28026610474712804,1.0984428402603856,0.7067907170349399,-0.22706145669845557,0.28302118838425505,0.5431139968483654,-0.244113063846795,0.19090060531994366,0.12878697291509994,-0.29950674435752905,0.02400143138928623,0.7266947234308483,-0.426878422498703,1.1003253852689503,0.5345979913181027,-0.29621846717319744,1.2124039080758757,0.480727260179867,-0.3499240524918828,1.2596945717240011,1.689750113431981,-0.17878543644748776,0.020416854905420993,1.2005164644970798,-0.3223240708081138,0.6523055303965183,1.0449215596085353,-0.3546732054246182,1.0291361175230798,0.9291953999080405,-0.26153013712128265,1.2950570429397734,1.3489128674892399,-0.3333176013748377,1.2201852530043646,0.9871093792631136,-0.16341469422081448,1.3310982973765064,1.5389507397121152,-0.031185780577854965,1.1072789343777083,1.475411313851148,-0.2095371085582979,1.192790329851062,1.5869915434066824,-0.13721327330695085,0.050302942807705996,1.524039315861582,-0.22114613674433026,0.4427046780752031,1.660585025091045,-0.060770742922083835,0.02119209131670019,1.3501038687513365,-0.36855834229102985,1.1279489628921282,1.4544679356726589,-0.10871388311713735,0.43409599289791473,1.0172416328989118,-0.41022358222907745,0.652275411695834,1.0341164935503575,-0.20532911293060574,1.1801890115074765,1.4548635753180017,-0.2928275471392846,0.4807531416218802,1.5939535903220146,-0.22113332236247346,0.29893278148000607,1.8169983921461548,-0.062172214321742796,-0.011412106260089866,1.1739410452100614,-0.2645272667340885,1.2070903231371317,1.4741876030599834,-0.11661800913611386,1.1495076840287013,1.544420671778799,-0.15508039895173725,1.106384272014858,0.9840006727651255,-0.08698695199872485,0.8934875003352071,0.9834480751429172,-0.3644042682667442,0.7744384976412287,1.3039636611938477,-19.69957160949707,4.181180000305176,-0.6414785385131836,-0.9658503532409668,-2.3522961139678955,-150.79141235351562,-305.3558044433594,-401.8531188964844,-12.25270938873291,60.14699172973633,-44.95632553100586,-0.01460421085357666,24.757617950439453,-9.597502708435059,-5.1019673347473145,0.728513777256012,2.675015687942505
0.9136417344311213,-0.2568053434424053,1.1386766303454015,0.9191106802580369,-0.10554571326402641,1.075883078259348,0.2133813392346268,-0.36807097928808236,0.16417627529987433,0.9766396544627004,-0.13534322563583498,0.5725746075838607,0.790010593584831,-0.16454624710296167,1.2922003640244337,0.6220305682412836,-0.5282334071516204,1.087853004995561,0.8549086650870491,-0.07025934356135248,1.3308651214403822,0.5677697784853294,-0.2999129471992026,1.2903520650421545,0.5861836543541079,-0.41614137876112745,1.1949725443164245,0.2859106233577854,-0.4223474368749076,0.16412189662061774,0.6573663796020659,-0.23697322572501298,0.22080405174896414,0.23945091561173754,-0.41893052827838245,0.06453667586015545,0.5792082869848668,-0.49910179816729217,1.0100174723871498,0.695170503775805,-0.35673426091670996,0.1470409498506823,0.9334225135528488,-0.3400507511089971,0.6457930165805564,0.8156799602982222,-0.2788627758523487,1.097370865329212,0.7084517881570271,-0.22550412662179273,0.28346003947273785,0.544320748341794,-0.2428385762386765,0.19127587944466545,0.12937779093025534,-0.29920988939455806,0.023904072910251213,0.7287387125539463,-0.42527507650141694,1.0977419350320932,0.5406606519064363,-0.29307392417200373,1.2142491609055475,0.48597962137879097,-0.34649677683186075,1.2608657424023608,1.6897374537606902,-0.17782441669742008,0.018375968492731844,1.202841882279377,-0.3225838265671635,0.6513647188414012,1.047786585147807,-0.35528083293643214,1.0280587503452174,0.9332671895721888,-0.2620998079216243,1.2953330049451612,1.3534016538139997,-0.33846372385688145,1.2166079010395028,0.991914190203938,-0.16445447988068027,1.3315686879568542,1.541514716795738,-0.03548602509429494,1.103137066032713,1.479515678440498,-0.21467866531468355,1.1883639097213747,1.5874567398961805,-0.13546634648019917,0.048892605926422174,1.5258057989821527,-0.2228226563492357,0.44029155778174384,1.6615972021557637,-0.05962912452141977,0.0196039087527636,1.3533159522031315,-0.3730425259332781,1.1240494709141209,1.4566795506224726,-0.11021196884133949,0.4325633721043733,1.0185689061682746,-0.4086058731900147,0.651780096308285,1.0388769310041766,-0.2069281896218558,1.1800877487422614,1.456343658317793,-0.29447404250798626,0.47876425373633186,1.5955534372108662,-0.2218858453611664,0.29609638087402135,1.8175908106052323,-0.06130762631381983,-0.01283109238038192,1.1788337597783825,-0.2676370767568119,1.2057580450512717,1.477597011240902,-0.12119992755797498,1.145892559297827,1.5472122987374564,-0.15958757111370933,1.101326212582999,0.9897754671952579,-0.0858511285523311,0.8945051820467639,0.9856920913355238,-0.36255585801917206,0.773585542543045,1.8575775623321533,-20.095788955688477,3.7558231353759766,-0.44697555899620056,-0.6513103246688843,-2.3172833919525146,-159.40206909179688,-315.4679870605469,-391.9219665527344,-12.385766983032227,59.10206604003906,-43.63853454589844,1.2102075815200806,29.53543472290039,-34.902809143066406,-10.566574096679688,3.3615787029266357,2.718862533569336
0.9175793430860465,-0.25656490960460626,1.1381946717271743,0.9247499412258723,-0.10509162327114324,1.0766576078553862,0.21423295384507296,-0.3665069345113459,0.16454748340592476,0.9806286564331177,-0.13352215973450668,0.5718045607702622,0.7948156206418342,-0.1641029028949754,1.2928442185288234,0.6222972144551624,-0.5245092662162343,1.0848934561606278,0.8605159316828703,-0.07039668827952926,1.3317141128296883,0.5741798400089434,-0.2989748257970969,1.2918780359211346,0.5896324413699027,-0.4135445187620772,1.1940855881236248,0.28693035718620996,-0.42072708954084803,0.16493397447841837,0.6587398168661736,-0.2357282667908054,0.22133498377357883,0.24053071574955576,-0.4179770543381869,0.06531269806406348,0.5790331609399114,-0.4933476014346483,1.007872877531494,0.696145865992205,-0.3559690043330193,0.14828997998442858,0.9354074539135622,-0.3375074762283574,0.6457513029014827,0.8193292625692502,-0.27744257682009266,1.0963181651980674,0.7101320778297271,-0.2239250913015661,0.28391318728789583,0.5454756003736659,-0.24153905529652225,0.19169050706735505,0.12996909175290172,-0.298936082629968,0.023803016910983247,0.7307210148170292,-0.42357155966837695,1.09502659866352,0.5467812962682035,-0.2900110928230731,1.2160322768798726,0.4912662103476108,-0.3430720698951889,1.2619782261895816,1.6892101119290914,-0.17689588567279044,0.016711596044903146,1.2051550376888929,-0.32288679125293196,0.650401595017768,1.0505665053200246,-0.3558538951818516,1.026967133315194,0.9373395792301124,-0.26269697999914743,1.2956091919482149,1.3578296907690182,-0.3436194790514884,1.2129176189962605,0.9967392509346761,-0.16549303742828736,1.3320198224869784,1.5440075008679697,-0.03969332096567764,1.099073046880053,1.4835316564468355,-0.21980962139979837,1.1838831901550297,1.5876909950316347,-0.13343187732412348,0.047551202704969764,1.5275155639411595,-0.2245754689126218,0.4377479060300141,1.6624743993708628,-0.05853485699669032,0.018000976830128974,1.3564826611256753,-0.37749618020476045,1.1200107616304567,1.4589164590598729,-0.11174263821186987,0.43096556761209553,1.0199546413311105,-0.40693831779309475,0.6512903027384487,1.0436459371190983,-0.20852744209253218,1.1799703236447265,1.4578362661876425,-0.2960896194474585,0.47673047881647473,1.5970472351999472,-0.22263632463106248,0.293218107264958,1.818003305930965,-0.06067178651863186,-0.013745223582160888,1.1837164619505796,-0.2707618538117563,1.2043229992815991,1.4810142005910933,-0.1257846561069318,1.142225722603451,1.5499152578660191,-0.1640840746363657,1.096222703622667,0.9956151640770445,-0.0847608776800089,0.8955545696793802,0.987933482555364,-0.3606970603793664,0.7727425810911799,2.165520668029785,-18.24895477294922,3.4859423637390137,-0.23364922404289246,-0.09419628977775574,-2.1168196201324463,-176.8338623046875,-306.7171325683594,-380.9938049316406,-12.245575904846191,57.48756408691406,-42.77131271362305,-1.986647605895996,47.62446212768555,-92.16638946533203,-22.79970932006836,9.41402816772461,4.440202713012695
0.9215169517409723,-0.2563244757668072,1.1377127131089468,0.9303892021937087,-0.10463753327826,1.0774321374514244,0.21508456845551926,-0.3649428897346092,0.16491869151197522,0.9846176584035357,-0.13170109383317807,0.5710345139566636,0.7996206476988382,-0.16365955868698903,1.2934880730332128,0.6225638606690413,-0.5207851252808475,1.0819339073256942,0.8661231982786924,-0.07053403299770608,1.3325631042189945,0.5805899015325585,-0.298036704394991,1.2934040068001147,0.593081228385698,-0.4109476587630265,1.193198631930825,0.2879500910146347,-0.4191067422067882,0.16574605233621914,0.6601132541302813,-0.23448330785659763,0.2218659157981936,0.24161051588737414,-0.41702358039799114,0.06608872026797163,0.5788580348949559,-0.48759340470200335,1.0057282826758378,0.697121228208605,-0.3552037477493286,0.14953901011817505,0.9373923942742759,-0.33496420134771737,0.6457095892224091,0.822978564840279,-0.27602237778783634,1.0952654650669225,0.7118123675024273,-0.2223460559813392,0.2843663351030539,0.546630452405538,-0.24023953435436776,0.19210513469004473,0.1305603925755482,-0.29866227586537797,0.023701960911715267,0.7327033170801125,-0.42186804283533663,1.092311262294946,0.5529019406299718,-0.286948261474142,1.217815392854198,0.4965527993164316,-0.33964736295851644,1.2630907099768025,1.6886827700974925,-0.1759673546481606,0.015047223597074163,1.2074681930984092,-0.3231897559387005,0.6494384711941347,1.0533464254922424,-0.35642695742727115,1.02587551628517,0.9414119688880365,-0.2632941520766707,1.2958853789512685,1.3622577277240375,-0.34877523424609613,1.2092273369530178,1.001564311665415,-0.16653159497589468,1.3324709570171027,1.5465002849402016,-0.04390061683706106,1.0950090277273923,1.4875476344531735,-0.22494057748491408,1.179402470588684,1.5879252501670889,-0.13139740816804743,0.04620979948351713,1.5292253289001667,-0.2263282814760082,0.435204254278284,1.6633515965859622,-0.057440589471960686,0.016398044907494073,1.3596493700482197,-0.38194983447624364,1.1159720523467915,1.4611533674972736,-0.1132733075824005,0.42936776311981756,1.0213403764939466,-0.40527076239617454,0.6508005091686122,1.0484149432340206,-0.21012669456320884,1.1798528985471914,1.459328874057492,-0.297705196386931,0.4746967038966172,1.5985410331890284,-0.2233868039009587,0.29033983365589416,1.8184158012566978,-0.06003594672344378,-0.014659354783940011,1.1885991641227773,-0.2738866308667013,1.2028879535119266,1.484431389941285,-0.13036938465588935,1.138558885909074,1.5526182169945824,-0.16858057815902286,1.091119194662334,1.001454860958832,-0.0836706268076865,0.8966039573119966,0.9901748737752043,-0.35883826273956043,0.7718996196393145,0.9954499006271362,-8.76340103149414,2.209439992904663,-0.07450387626886368,0.07105971872806549,-1.4059147834777832,-176.6944122314453,-286.35528564453125,-374.0302734375,-11.55240249633789,55.896121978759766,-42.72644805908203,-24.89580535888672,96.09391021728516,-189.7032012939453,-43.526519775390625,19.532873153686523,12.850994110107422
0.9254189781992639,-0.2561190438685038,1.1372172842357333,0.9360919909564073,-0.10424496997024446,1.0781713749793982,0.2159933591175158,-0.36338047175020577,0.16530782541889227,0.9885578255187595,-0.12991098879484947,0.5703261505491687,0.8044257680114529,-0.16319754522367821,1.2941941393921708,0.6227880963031819,-0.5167596547414137,1.0789822748559992,0.8717307550030826,-0.07069909017508393,1.333434622019332,0.5869269128272073,-0.2972334720539731,1.2947927883129247,0.5964884959309306,-0.4082503935556539,1.192257753271141,0.2889964389583922,-0.41746778519737804,0.16654507699885113,0.6614605280145114,-0.23321338232285935,0.22244878083664849,0.2427302605120946,-0.41604966275541994,0.06683112770960423,0.5787609016263722,-0.4816033541662806,1.0036567069639435,0.6980617231880591,-0.3543568666012872,0.15079636849611006,0.9393405401154069,-0.33244782034924497,0.6456784859595709,0.8265918911687584,-0.2745917030418946,1.0942811523841707,0.713473487966108,-0.22074067595087934,0.2848650693696066,0.5477714922451815,-0.23891905939440858,0.19254563815447667,0.13119891441322318,-0.29836869373029434,0.023614201284574952,0.7345809865471542,-0.4199314180588881,1.0895127833679024,0.559012171448461,-0.28393909872959794,1.2195292924413617,0.5018192036262409,-0.3362670715972289,1.264148483805309,1.6881180845743773,-0.1750425875236262,0.01339319021755601,1.209750242580641,-0.3234656505928134,0.6484859681484716,1.0561136214543652,-0.35702315742606355,1.0246986636262856,0.9454680077287534,-0.263904789228313,1.2961112700945494,1.3665323073895561,-0.3539771820535721,1.2054039273435708,1.0064301561835585,-0.16769457623263853,1.3329039585116682,1.5489481405311862,-0.04820770981246651,1.091013769045571,1.4914443488942075,-0.2300587057425879,1.1747919392112076,1.587974071700052,-0.1292618434530813,0.04443001652765558,1.5309705309915227,-0.22808441238490154,0.4325292260934976,1.6641433302140394,-0.05635988092457028,0.014724944289527057,1.3627050426227367,-0.3864803572758932,1.1118515682536247,1.4633527250084655,-0.11487394327063429,0.42768409611373553,1.0227006839600619,-0.40359499014371286,0.650347644820908,1.0531481391941473,-0.21180322226013562,1.1796781108868832,1.4607740666297886,-0.2993583656995501,0.47259195109471586,1.6000397426403121,-0.224139264852598,0.28736948567313086,1.819182543565106,-0.059961368416170786,-0.014810283356870464,1.1934857830306551,-0.27708499177994306,1.2013542847522838,1.4877870098644532,-0.1351088540542203,1.134831536684605,1.5552122535689776,-0.17299055860729393,1.0860259852661993,1.0073589352977195,-0.082677421351241,0.8976438743191839,0.9924316418091982,-0.3569737298796509,0.77109979408861,-2.3067665100097656,8.328436851501465,0.21893461048603058,-0.16574499011039734,-0.3830164670944214,-0.5976318120956421,-164.82400512695312,-273.7384948730469,-365.2272644042969,-10.74266529083252,54.128971099853516,-42.73961639404297,-76.64685821533203,158.4268035888672,-266.5403137207031,-59.526126861572266,27.67790985107422,29.058561325073242
0.9292884723634905,-0.25594561374345365,1.1367095397008176,0.9418528622744095,-0.10390865963125073,1.0788783454737125,0.21695442502664405,-0.3618195411187925,0.16571334862945883,0.992453343623521,-0.1281491908312635,0.5696741833986826,0.809230973586341,-0.1627184627269278,1.2949570851610195,0.6229735565501333,-0.5124586828497075,1.0760378802059505,0.8773385769878786,-0.07088948445801702,1.3343267353954693,0.593197135341088,-0.2965535668545212,1.2960561395480932,0.5998578028173633,-0.40546132930067225,1.1912675740703054,0.2900671198075969,-0.4158118136276474,0.16733216731161465,0.6627838810942819,-0.2319206301838358,0.2230791274877573,0.24388652581055423,-0.41505705372781954,0.06754280165429931,0.5787350760390427,-0.47539766586774285,1.0016518916120594,0.6989703395508772,-0.353435357280125,0.15206134126873194,0.9412550452529198,-0.3299560280430398,0.6456570836487195,0.8301723252069079,-0.27315145050058315,1.093359365368521,0.7151170822958282,-0.2191112093282063,0.28540548267743443,0.5488999037947875,-0.23757942647531344,0.19300979953135872,0.1318806097503529,-0.29805703125647365,0.023538598340522777,0.7363629917435297,-0.41778166601989464,1.0866382883874,0.5651128813130961,-0.28097900442335016,1.2211799084745494,0.5070671533906692,-0.332927388762007,1.2651562371001337,1.68751925624759,-0.1741212616791789,0.011748609700493212,1.2120038523579273,-0.3237167955036984,0.6475431755283811,1.0588691838529722,-0.3576405119422255,1.0234438812495859,0.9495090972508812,-0.2645277373048643,1.2962911764517524,1.3706665832475318,-0.3592213631070998,1.201458801102165,1.0113332887359008,-0.1689713163091646,1.3333203812308658,1.5513549186536015,-0.05260604585440705,1.087081377079945,1.4952320223612499,-0.23516510570088714,1.1700627227492684,1.587853353939309,-0.12703384851284394,0.042249429243191375,1.5327481327467405,-0.22984357720968723,0.42973408231277366,1.6648569257054107,-0.055291569156461294,0.012987689435827565,1.3656591962504858,-0.3910811598727241,1.107656318620341,1.4655177502442667,-0.11653854816362544,0.4259219262378896,1.0240377432463184,-0.401911705337613,0.649928544333439,1.0578485944413187,-0.21355040159249133,1.1794508774548966,1.4621759080728947,-0.30104590518190355,0.47042230422923126,1.6015429425713241,-0.22489353762754535,0.28431495540584184,1.8202731688291032,-0.06039994346927724,-0.014263426669139389,1.1983759829540122,-0.28035062936362815,1.199730446401811,1.4910863377400578,-0.13998980080055043,1.131048861718336,1.5577067038081338,-0.17732143224469837,1.0809421926144738,1.0133218690259562,-0.08177294313216849,0.8986751324688361,0.994702468644704,-0.35510395338993217,0.7703394070761094,-7.241442680358887,30.288969039916992,-1.531601905822754,-0.5687748789787292,-0.9587709307670593,-0.251140296459198,-163.5128631591797,-279.9989318847656,-354.82537841796875,-10.526504516601562,52.706138610839844,-42.3802604675293,-176.580078125,221.3433074951172,-308.608154296875,-67.08294677734375,32.96242904663086,56.05669403076172
0.9331579665277173,-0.2557721836184034,1.136201795165902,0.9476137335924115,-0.10357234929225702,1.079585315968027,0.21791549093577234,-0.36025861048737917,0.16611887184002536,0.9963488617282824,-0.1263873928676775,0.5690222162481966,0.8140361791612291,-0.1622393802301774,1.2957200309298684,0.6231590167970846,-0.5081577109580014,1.0730934855559018,0.8829463989726747,-0.0710798787409501,1.3352188487716068,0.5994673578549686,-0.2958736616550693,1.2973194907832617,0.6032271097037961,-0.4026722650456906,1.1902773948694698,0.29113780065680167,-0.4141558420579167,0.16811925762437815,0.6641072341740525,-0.23062787804481227,0.2237094741388661,0.24504279110901386,-0.41406444470021914,0.06825447559899438,0.5787092504517132,-0.4691919775692051,0.9996470762601755,0.6998789559136952,-0.3525138479589628,0.15332631404135383,0.9431695503904327,-0.32746423573683464,0.6456356813378682,0.8337527592450573,-0.2717111979592717,1.0924375783528715,0.7167606766255484,-0.21748174270553328,0.2859458959852622,0.5500283153443934,-0.2362397935562183,0.19347396090824076,0.1325623050874826,-0.29774536878265295,0.0234629953964706,0.7381449969399052,-0.41563191398090116,1.0837637934068973,0.5712135911777311,-0.2780189101171024,1.222830524507737,0.5123151031550975,-0.32958770592678505,1.2661639903949584,1.6869204279208025,-0.17319993583473162,0.010104029183430414,1.2142574621352136,-0.32396794041458343,0.6466003829082907,1.0616247462515795,-0.3582578664583875,1.022189098872886,0.9535501867730091,-0.26515068538141556,1.2964710828089556,1.3748008591055074,-0.36446554416062743,1.197513674860759,1.0162364212882433,-0.17024805638569063,1.3337368039500634,1.553761696776017,-0.05700438189634759,1.0831489851143192,1.499019695828292,-0.2402715056591864,1.1653335062873291,1.5877326361785662,-0.12480585357260655,0.04006884195872717,1.5345257345019585,-0.23160274203447292,0.42693893853204967,1.6655705211967822,-0.054223257388352306,0.011250434582128075,1.368613349878235,-0.39568196246955506,1.1034610689870574,1.467682775480068,-0.11820315305661659,0.4241597563620437,1.0253748025325748,-0.40022842053151314,0.64950944384597,1.0625490496884902,-0.21529758092484702,1.17922364402291,1.4635777495160007,-0.302733444664257,0.46825265736374666,1.6030461425023361,-0.2256478104024927,0.28126042513855287,1.8213637940931002,-0.0608385185223837,-0.013716569981408312,1.2032661828773694,-0.28361626694731323,1.198106608051338,1.4943856656156624,-0.14487074754688056,1.1272661867520672,1.56020115404729,-0.1816523058821028,1.075858399962748,1.019284802754193,-0.08086846491309599,0.8997063906184883,0.99697329548021,-0.35323417690021336,0.7695790200636088,-14.281346321105957,48.10488510131836,-2.2386035919189453,-1.0033209323883057,-1.2213901281356812,-1.7222212553024292,-171.0719757080078,-289.27923583984375,-346.4003601074219,-10.635862350463867,51.58829116821289,-41.414981842041016,-273.9496765136719,236.773681640625,-317.8299255371094,-67.34920501708984,35.10485076904297,78.67485046386719
0.9370015875393192,-0.2556080056342068,1.1356966369199437,0.9534059585324975,-0.10327700135723646,1.0802788623910866,0.2189122645665478,-0.35868854574020337,0.1664846231605833,1.0002458063971917,-0.12467323855453771,0.5683869265562651,0.8189114300620476,-0.16170016908093005,1.2964459270830975,0.6233217443851445,-0.5035154566859568,1.0700403846652302,0.8885828651339802,-0.07130479536309148,1.3361140615892726,0.6056391987579547,-0.29526173377668624,1.2984465897478015,0.6065458300097888,-0.39979049464724714,1.1892453834710532,0.2922035501098001,-0.4124859024752055,0.1688616985319466,0.6653965241861659,-0.22929317311735345,0.22439400200417497,0.24619443033704694,-0.41305230508576957,0.06893931422999362,0.5787027809793586,-0.46270353707256706,0.9977194185288537,0.7008192953684472,-0.3515632018348239,0.1546266892098433,0.9451579494981576,-0.32499580726718275,0.6456529604678123,0.8373724802440365,-0.27020203929073766,1.09154740153559,0.7183886505910103,-0.21584333696507463,0.2865095704991296,0.551160832114567,-0.23488736774353003,0.19396094731147714,0.13326279976904787,-0.29741630017362686,0.02339676454268544,0.7398426603797256,-0.41333080245959053,1.0809082850715184,0.5773869018681002,-0.27519051128665345,1.2244354904882166,0.5175614724096083,-0.3262472071789748,1.2671378550940002,1.6864769206141794,-0.1722921161659506,0.00826523910023719,1.2165124471613902,-0.3242420848236968,0.645695348054368,1.0643156103740465,-0.35887148009230757,1.020942609041732,0.9575889363194143,-0.2657801915478233,1.2966180858233116,1.3788692872255843,-0.3697240113817303,1.193338143115012,1.0211290034237286,-0.17155516739712642,1.3340817547791841,1.5561201359262529,-0.06134104405511288,1.0792929297251417,1.5026717738599966,-0.24538151308006,1.1605565461101912,1.5876329781993335,-0.1226467968316268,0.037592067500416056,1.5362956389686129,-0.23345202414799998,0.42400423264661374,1.6662989365344016,-0.05314941191120655,0.00937678970840596,1.3714628819598267,-0.40020031171129233,1.0990977516237475,1.4698768246252805,-0.11988732060849269,0.42232806970741577,1.026696959868172,-0.39856858679790375,0.6491170478182913,1.067236142442716,-0.21710051941555855,1.1789586220356012,1.4649248273167388,-0.30449137841628876,0.4660102300691289,1.6045171575041006,-0.22624843760042002,0.27812654608922294,1.822465175034984,-0.061152106928114854,-0.012986550378977082,1.2081257168030897,-0.2869816665223102,1.196373016628998,1.4976379066113603,-0.14970135659176775,1.1234880480545246,1.5625701076937037,-0.18595848661779563,1.0707590074728657,1.0253224720228586,-0.08010961682788585,0.9007038217506661,0.9992698004703647,-0.35136629394348096,0.7688563600281216,-19.668704986572266,44.55085372924805,-1.7281370162963867,-0.8946951031684875,-1.1898455619812012,-4.5650105476379395,-173.6883544921875,-281.1036071777344,-338.9826965332031,-10.35373592376709,50.425445556640625,-39.93959426879883,-341.16741943359375,206.938720703125,-340.391357421875,-72.07568359375,38.35308074951172,91.37061309814453
0.9408210768604908,-0.25545245705061403,1.1351938908858015,0.9592274267547174,-0.10301985874130633,1.0809598882861484,0.21994234251462855,-0.35710996167351877,0.16681327954526767,1.0041440816115068,-0.12300352110768006,0.5677671918016396,0.8238520116995499,-0.1611048764000271,1.2971372673448347,0.6234632693971229,-0.498554890963021,1.0668858943001327,0.8942460474983742,-0.07156191070545587,1.33701216523221,0.611719279889239,-0.29471320782276184,1.2994466072676196,0.6098173686013314,-0.396822257941922,1.1881743555037392,0.2932647000874904,-0.4108029350342341,0.16956249528274625,0.6666540438370988,-0.2279193391468352,0.22512906427118948,0.24734175486477789,-0.4120219494432014,0.06959912377033403,0.5787143648065478,-0.45595137577577977,0.995863725116711,0.701789222707022,-0.35058538003867834,0.1559600839206319,0.9472152689434833,-0.32254917006816314,0.6457063174800367,0.8410288438891731,-0.2686286124073907,1.0906867073071713,0.7200020555628845,-0.21419659377822034,0.2870949405609377,0.5522971777923849,-0.2335230100973948,0.19446922244121692,0.13398082845455758,-0.29707099699618805,0.02333927496539935,0.7414616589119891,-0.4108885191134271,1.0780704854339955,0.5836279267901613,-0.272484943813441,1.2259978790156887,0.522806367534675,-0.32290594743577083,1.2680801121604364,1.6861782800282863,-0.17139689360332022,0.006245311248634412,1.2187687148716275,-0.3245376806878886,0.6448255295785058,1.0669461309120354,-0.35948160463413653,1.01970385360402,0.9616255033884614,-0.26641581439419293,1.296734400142897,1.3828762996670423,-0.37499580320143505,1.1889477139277176,1.0260117452665667,-0.17289060514592958,1.3343600443262138,1.5584334896889742,-0.06562018345745364,1.0755080728736148,1.5061973830722024,-0.25049488515352536,1.1557350557371484,1.5875529625163174,-0.12055203821880152,0.034839041543421545,1.5380583642334338,-0.23538535796352558,0.4209393582596686,1.6670411742286175,-0.05207040518620953,0.007375934912163326,1.3742148343300975,-0.4046417573429888,1.0945776787814718,1.4720979441475393,-0.12158973410182825,0.4204315452879629,1.0280052182690196,-0.3969306256992139,0.6487495588348402,1.0719107721025578,-0.21895546404435134,1.1786583549534249,1.4662208274894992,-0.30631496836215444,0.4636999210281089,1.605958153869932,-0.2267057607505495,0.27491865904125967,1.8235765877148962,-0.06134912124927469,-0.012085696134950703,1.2129566487887045,-0.29044011333920283,1.1945370593607822,1.5008462300363754,-0.15448501604973056,1.11971414029993,1.5648220116334244,-0.19024163647400594,1.065645065133935,1.0314298465551917,-0.07948659684829763,0.9016697026838529,1.0015902552778355,-0.34950017707039993,0.7681688876538877,-21.830047607421875,18.912961959838867,-1.137221097946167,-0.14437748491764069,-1.052764892578125,-7.515815258026123,-168.14382934570312,-262.02557373046875,-331.8130187988281,-9.681818962097168,49.55939483642578,-39.29410171508789,-350.16510009765625,146.8395233154297,-397.8747253417969,-87.99185180664062,44.360557556152344,89.51593017578125
0.9446405661816624,-0.25529690846702124,1.1346911448516595,0.9650488949769374,-0.10276271612537621,1.0816409141812102,0.22097242046270926,-0.3555313776068342,0.16714193592995205,1.0080423568258219,-0.12133380366082241,0.5671474570470141,0.8287925933370521,-0.16050958371912413,1.297828607606572,0.6236047944091013,-0.49359432524008523,1.063731403935035,0.8999092298627682,-0.07181902604782026,1.3379102688751472,0.6177993610205232,-0.29416468186883743,1.3004466247874378,0.613088907192874,-0.39385402123659685,1.1871033275364251,0.2943258500651807,-0.40911996759326275,0.17026329203354593,0.6679115634880317,-0.22654550517631697,0.22586412653820395,0.24848907939250883,-0.41099159380063327,0.07025893331067444,0.5787259486337372,-0.44919921447899247,0.9940080317045681,0.7027591500455969,-0.3496075582425327,0.15729347863142049,0.9492725883888091,-0.3201025328691435,0.6457596744922612,0.8446852075343096,-0.26705518552404384,1.089826013078753,0.7216154605347588,-0.21254985059136605,0.28768031062274574,0.5534335234702027,-0.23215865245125958,0.19497749757095673,0.13469885714006732,-0.29672569381874925,0.02328178538811326,0.7430806574442527,-0.40844623576726374,1.0752326857964727,0.5898689517122224,-0.2697793763402285,1.227560267543161,0.5280512626597418,-0.3195646876925668,1.2690223692268725,1.6858796394423934,-0.1705016710406898,0.004225383397031633,1.2210249825818646,-0.3248332765520803,0.6439557111026436,1.0695766514500242,-0.36009172917596544,1.018465098166308,0.9656620704575085,-0.26705143724056263,1.2968507144624823,1.3868833121085005,-0.3802675950211399,1.1845572847404233,1.0308944871094048,-0.17422604289473273,1.3346383338732435,1.5607468434516956,-0.0698993228597944,1.0717232160220878,1.509722992284408,-0.25560825722699076,1.1509135653641056,1.587472946833301,-0.11845727960597624,0.03208601558642703,1.5398210894982545,-0.23731869177905118,0.41787448387272347,1.6677834119228336,-0.050991398461212506,0.005375080115920691,1.3769667867003683,-0.40908320297468526,1.0900576059391962,1.474319063669798,-0.12329214759516381,0.41853502086851,1.029313476669867,-0.3952926646005241,0.648382069851389,1.0765854017623997,-0.2208104086731441,1.1783580878712483,1.4675168276622594,-0.3081385583080201,0.46138961198708894,1.6073991502357632,-0.22716308390067896,0.2717107719932964,1.8246880003948085,-0.06154613557043452,-0.011184841890924325,1.2177875807743193,-0.2938985601560955,1.1927011020925662,1.5040545534613903,-0.15926867550769336,1.1159402325453351,1.567073915573145,-0.19452478633021628,1.0605311227950045,1.0375372210875244,-0.07886357686870941,0.9026355836170398,1.0039107100853064,-0.34763406019731885,0.7674814152796537,-18.504594802856445,-5.491905689239502,-2.572138547897339,0.7703055143356323,-0.6582456827163696,-7.635855674743652,-167.49423217773438,-250.48822021484375,-322.3980712890625,-9.064899444580078,48.70172119140625,-38.95466613769531,-308.748779296875,111.14230346679688,-447.2223205566406,-102.604248046875,48.131439208984375,77.96060943603516
0.9478229122446074,-0.2551711414823469,1.1342759140279908,0.9699111416047772,-0.10260701263385104,1.0821768335553985,0.22179713497394757,-0.3542302909572393,0.16742185162787407,1.0112951946574331,-0.11995783772640276,0.5666509449284598,0.8328937912816243,-0.16008676257946633,1.2983981584081588,0.6237082233689478,-0.48931898531929546,1.0611213171324192,0.9046389471418811,-0.07204831770269682,1.3386479178011812,0.6228187191762672,-0.29376505882732123,1.3012018436627673,0.6157782511008496,-0.3913704063619999,1.1861804757291907,0.2952299097318523,-0.407709537357684,0.170832681290756,0.6689570035958132,-0.2254099849833558,0.22648718763167494,0.24943787856212515,-0.4101146540499681,0.07080589803490812,0.5787541105455121,-0.4434553330998547,0.9925145252256203,0.7035478466986032,-0.34874486824534584,0.15841255255586265,0.9509620085259937,-0.3180639086574908,0.6458227283117787,0.8477302860740005,-0.2657393135673163,1.0891201831647102,0.7229487456825395,-0.21117762666170958,0.288178160391896,0.5543521788736053,-0.23102019026579446,0.19543570556387996,0.13530354549651905,-0.29643895264887654,0.02323409299125636,0.7443666306157776,-0.40633125016034044,1.0728972295656898,0.595043846214844,-0.26758735848973125,1.2288238846308348,0.5323885610166764,-0.31681438940052953,1.2697705478462953,1.6857359241570857,-0.16984047035113076,0.002456582501755758,1.222857579095474,-0.3250668596056913,0.6432297895878356,1.071763639615861,-0.36057638475634407,1.0174440431673795,0.969042141311216,-0.2676102072987335,1.2969134625614873,1.3901481020529538,-0.3846403230598431,1.1808168669015366,1.0349494224747284,-0.17533992282700855,1.3348650697446027,1.5626511220505697,-0.07350666422569596,1.068586418960268,1.5125837501705877,-0.25983560894498764,1.146895425998612,1.5875310039283423,-0.11681049138258229,0.029798679689056418,1.5412377383535272,-0.23888328518496443,0.4153294406880606,1.6685024138712725,-0.050090588993140006,0.0037048874201352417,1.379197815198772,-0.41273799765583696,1.0862501162961617,1.4761481231806295,-0.12472264136847677,0.4169139355815799,1.030397753052364,-0.39393343588966406,0.6480766140072551,1.080443365092309,-0.22233940488257944,1.178072620109217,1.4685383492352946,-0.3096244726946812,0.45941737491563456,1.608589554267214,-0.22749630011470112,0.26903790171375336,1.82563302236677,-0.061637198422967596,-0.010488797284490025,1.221801114595489,-0.29672379732526694,1.1911130740942544,1.5066595403169165,-0.1632561218856976,1.1127897868093275,1.568877387915226,-0.19805380867313077,1.0563083719338802,1.0426399088063778,-0.07838196993268878,0.9034296359052721,1.005816072422937,-0.34608116849566134,0.7669224205198667,-11.876739501953125,-12.14461612701416,-6.401973724365234,1.4941765069961548,-0.06916271895170212,-4.908467769622803,-175.06077575683594,-255.8025665283203,-314.6072692871094,-8.902449607849121,47.883949279785156,-37.96583557128906,-262.6719970703125,120.26155090332031,-472.8775634765625,-108.5284194946289,48.164405822753906,66.93636322021484
0.9503990443337041,-0.2550737103879057,1.1339439501036082,0.9738607307933023,-0.10254782403739084,1.0825746904145803,0.22242645514721898,-0.35319323097633215,0.16765539269178908,1.0139339270181214,-0.11886136352226438,0.5662716737646141,0.8361963523144752,-0.15982804057613906,1.2988518318593107,0.6237754055995814,-0.4856956078121995,1.0590292065348847,0.908480513174802,-0.07225113633452661,1.339232901074239,0.6268288457630484,-0.29350711040149463,1.3017241473229515,0.6179136622031003,-0.38934788798654324,1.1853986070645566,0.2959845048307583,-0.40655841436607165,0.17127704205891942,0.6698006592838969,-0.22450120993797357,0.22700368450177424,0.25019778952693306,-0.40938368281781284,0.07124549584672939,0.578798045780485,-0.43867078601129816,0.9913656237899073,0.7041641102721359,-0.34799172112483856,0.15932770961562526,0.9523013885447521,-0.3164134909775084,0.6458950082197884,0.8501937535424895,-0.2646684938708678,1.08856169987988,0.7240155090559397,-0.2100665958117176,0.28859273842628425,0.5550637114916416,-0.23009665774193824,0.19584627686352127,0.1358003954816338,-0.29620793067066875,0.023195722183545694,0.7453357447062107,-0.4045276740528891,1.071039731139379,0.5992043642018803,-0.2658839606686144,1.2298032337466611,0.5358623207010179,-0.3146263651105743,1.27033406930254,1.6857396135267042,-0.16940193124954275,0.0009267179338595197,1.2242870709753984,-0.3252414401793322,0.6426407797447103,1.073528626107222,-0.3609416621015561,1.0166301206247697,0.9717975846979001,-0.26809585528657925,1.296925244741882,1.3927066997187025,-0.3881576311904072,1.1776949064621074,1.0382167361429984,-0.17624300017656866,1.3350427545459065,1.5641661835032583,-0.07647481911032393,1.0660662224750646,1.514811931066955,-0.26321995100438184,1.1436416400189433,1.5877204312393998,-0.11558992741321102,0.027954427537736592,1.5423251106249576,-0.2400970382011489,0.4132789941812984,1.669199308022758,-0.04935932642971446,0.0023493052665329818,1.380933207391903,-0.41564432832578935,1.0831206184349313,1.477604154719422,-0.12589441540817548,0.41555491859549726,1.0312689203300223,-0.392839408868196,0.6478301799849959,1.0835243060888833,-0.22355827541146053,1.1778012332537315,1.4692987164124747,-0.3107891035395742,0.45776679855308794,1.6095415306407095,-0.2277114340011647,0.2668740765148442,1.8264197308496133,-0.06162745308204992,-0.009987620100230988,1.2250369297747579,-0.2989465631791297,1.1897609399643956,1.5086904787859379,-0.16648600630412813,1.1102325379453748,1.5702541971838238,-0.2008653116344615,1.0529335508283402,1.0467866809162871,-0.0780349113293831,0.9040602007449068,1.0073264924106218,-0.34482629686001914,0.7664856665971264,-6.614350318908691,8.859136581420898,-9.681612968444824,1.4130477905273438,-0.10439126193523407,-0.8189297914505005,-180.12777709960938,-262.16192626953125,-307.0091247558594,-8.845369338989258,46.932247161865234,-36.850852966308594,-268.95556640625,167.42755126953125,-475.6136779785156,-105.69548034667969,47.48529052734375,69.29117584228516
0.952975176422801,-0.2549762792934645,1.1336119861792255,0.9778103199818273,-0.10248863544093063,1.0829725472737621,0.2230557753204904,-0.352156170995425,0.1678889337557041,1.0165726593788094,-0.11776488931812602,0.5658924026007685,0.8394989133473261,-0.15956931857281176,1.2993055053104627,0.6238425878302151,-0.4820722303051036,1.05693709593735,0.9123220792077231,-0.0724539549663564,1.3398178843472968,0.6308389723498297,-0.29324916197566797,1.302246450983136,0.6200490733053509,-0.3873253696110866,1.1846167383999224,0.29673909992966424,-0.4054072913744593,0.17172140282708284,0.6706443149719806,-0.22359243489259134,0.22752018137187352,0.25095770049174093,-0.4086527115856576,0.07168509365855065,0.578841981015458,-0.4338862389227417,0.9902167223541943,0.7047803738456687,-0.3472385740043312,0.16024286667538787,0.9536407685635104,-0.314763073297526,0.6459672881277981,0.8526572210109784,-0.2635976741744194,1.0880032165950497,0.7250822724293399,-0.20895556496172563,0.28900731646067257,0.5557752441096779,-0.22917312521808203,0.1962568481631626,0.13629724546674857,-0.295976908692461,0.023157351375835033,0.7463048587966438,-0.4027240979454377,1.069182232713068,0.6033648821889166,-0.2641805628474976,1.2307825828624877,0.5393360803853594,-0.312438340820619,1.2708975907587847,1.685743302896323,-0.16896339214795478,-0.0006031466340367182,1.2257165628553226,-0.3254160207529731,0.6420517699015852,1.0752936125985832,-0.36130693944676817,1.0158161980821598,0.9745530280845842,-0.2685815032744249,1.2969370269222764,1.3952652973844513,-0.3916749393209713,1.1745729460226781,1.041484049811268,-0.17714607752612876,1.3352204393472102,1.565681244955947,-0.07944297399495188,1.063546025989861,1.5170401119633223,-0.2666042930637761,1.1403878540392747,1.587909858550457,-0.11436936344383974,0.026110175386416766,1.5434124828963878,-0.24131079121733331,0.4112285476745361,1.6698962021742434,-0.04862806386628892,0.0009937231129307218,1.382668599585034,-0.4185506589957418,1.079991120573701,1.479060186258215,-0.12706618944787415,0.4141959016094146,1.0321400876076805,-0.391745381846728,0.6475837459627366,1.0866052470854572,-0.2247771459403416,1.1775298463982462,1.4700590835896548,-0.31195373438446716,0.4561162221905413,1.610493507014205,-0.2279265678876283,0.26471025131593495,1.8272064393324567,-0.06161770774113224,-0.009486442915971949,1.2282727449540267,-0.3011693290329925,1.1884088058345366,1.5107214172549592,-0.1697158907225587,1.107675289081422,1.5716310064524213,-0.2036768145957922,1.0495587297228002,1.0509334530261965,-0.07768785272607744,0.9046907655845414,1.0088369123983065,-0.34357142522437695,0.766048912674386,-8.726635932922363,37.50092315673828,-6.771517276763916,0.36064860224723816,-1.237717628479004,0.2644551396369934,-176.37159729003906,-255.4394989013672,-299.02362060546875,-8.60134220123291,45.84495162963867,-36.7214241027832,-331.5008239746094,220.10057067871094,-479.2209777832031,-103.93162536621094,50.541255950927734,85.26605224609375
0.9561925127806248,-0.2548615150893761,1.1331923904008423,0.9827521340736481,-0.1024154190541498,1.083445574668859,0.2239543727000816,-0.35086977393027197,0.16818048839537508,1.0198845243611867,-0.11641888426530463,0.5654533010050161,0.8436896603628492,-0.1592872919921844,1.2998379528127757,0.623903338088105,-0.47735150188010345,1.0543582289424167,0.9171967670222773,-0.07278456124446243,1.3405525242256011,0.6358107342230555,-0.2930246819526155,1.302758407119094,0.6227017800934262,-0.38470733511132166,1.1835645054349837,0.29775297700964043,-0.4039588985064174,0.1722733380877418,0.6716779403339157,-0.22241876121388388,0.2281780960840104,0.25194733555348486,-0.40774296372142077,0.07223990078497397,0.5790502486244732,-0.42764378304513195,0.9888456309868012,0.7055541251274133,-0.34626155598274144,0.16138689476527895,0.9553811654744556,-0.31272298275240246,0.6460721808553531,0.8557620739305251,-0.26221200488261065,1.087282333547706,0.7264496072238642,-0.20754637342217766,0.28954111246873204,0.5566875368159336,-0.22800522805839205,0.19680297152688161,0.13696495290623584,-0.29564538588192296,0.023138648602149346,0.7474146710326338,-0.4003116787466786,1.0668388032755318,0.6085255769704343,-0.26205646971993135,1.2319238284565752,0.5437678919722695,-0.3097574250982302,1.271537792603701,1.6858738198975063,-0.16829384557458751,-0.002616476120322046,1.2275557281165719,-0.3256625005148894,0.641317109595861,1.0774211851966298,-0.36169144225041594,1.014757880706661,0.9779728771440235,-0.26919991764801215,1.2969591767582673,1.3983894053673898,-0.39606848043321696,1.1705669768598703,1.0456057388261446,-0.17829851460772614,1.3353890247692335,1.5675851840846582,-0.08306985121491668,1.0604821617240152,1.519733146326431,-0.270866362859081,1.1362513880066532,1.5882609810260746,-0.11303172297529059,0.023902061617384653,1.544669059333422,-0.24270386944543423,0.4086017249435783,1.6708840147548951,-0.04768102824539949,-0.0006330292936934499,1.3847293348501846,-0.4221360811729299,1.0759847807568437,1.4809257502587423,-0.1285478116956765,0.41243652703351563,1.033266983679588,-0.39032828659806057,0.6473159726881823,1.090454844054796,-0.22641871233057473,1.1771644863071822,1.4709151553002413,-0.3133736511334676,0.45401090334188104,1.6116297458181317,-0.22817826034217475,0.2619030979887544,1.8281380332858355,-0.06162251423526283,-0.008991719487228112,1.232285852463829,-0.30406058219489623,1.1866533397049306,1.5131626330464087,-0.1737080066902741,1.1045058452530419,1.5732728049455096,-0.20719986083294323,1.0453227691303033,1.0561658092681927,-0.07730288926931413,0.9054561099469266,1.0107310161685308,-0.3419870886186893,0.7654933534710614,-17.122957229614258,52.44974136352539,1.3641771078109741,-0.837248682975769,-2.3746132850646973,-3.0555260181427,-172.9639129638672,-241.60842895507812,-294.90618896484375,-8.210165023803711,45.020050048828125,-36.78182601928711,-436.7226257324219,243.21266174316406,-489.333984375,-106.95445251464844,57.777984619140625,110.85728454589844
0.9600321944580962,-0.254729927572983,1.1326877401759292,0.9886569899833754,-0.10232858745911659,1.0839915617017557,0.22511432736815992,-0.34934137322452685,0.16852835032916227,1.023849723946969,-0.11483068750640812,0.5649561286959427,0.8487424702439086,-0.158982646263001,1.3004468574823922,0.6239578455489203,-0.47156569756419464,1.0513069219147133,0.9230741906837121,-0.07323919670866025,1.3414324190442926,0.6417158479919496,-0.2928326859675496,1.303260320069774,0.6258565679883324,-0.38151129966737424,1.1822498600609255,0.2990185101300675,-0.40222197899360534,0.17292968388523486,0.6728959480263539,-0.22098798003812503,0.22897326928988987,0.2531599381210788,-0.40665969736133983,0.07290652871674654,0.5794180153024118,-0.4199862980487333,0.9872588846857185,0.7064807321259517,-0.34506725149833606,0.16275306238441276,0.9575107846631119,-0.31030468030875885,0.6462087272018786,0.8594894480231581,-0.2605207462776576,1.0864038272014518,0.7281086731035977,-0.2058477906251191,0.2901906200394725,0.5577946849019322,-0.22660015345803952,0.19748066012926446,0.13779849258084959,-0.2952163181458877,0.023139035390899673,0.7486610432334293,-0.3973083236063554,1.0640237349153354,0.6146570315818911,-0.25952405467728124,1.2332222088677993,0.5491295774646151,-0.30659811475024323,1.2722524195317402,1.6861274343057973,-0.16740008586684602,-0.005099050968573899,1.2297925175420494,-0.3259787647830729,0.6404410826646729,1.079900679604107,-0.3620946050578395,1.0134623565815932,0.9820375905329027,-0.2699471935136429,1.2969913893188072,1.4020623910111307,-0.4013124829688608,1.1657029992302523,1.0505566745009642,-0.17969297731159536,1.3355487784407787,1.5698665633106863,-0.0873360765838859,1.0568906199063688,1.522877361995495,-0.2759803448686535,1.1312582030991056,1.5887690429261188,-0.11158044943400965,0.021340788042925305,1.5460898633429545,-0.2442709986145133,0.40541547823031227,1.6721541893403262,-0.04652456583344189,-0.0025229763576628647,1.3871058442734725,-0.42638062157773016,1.0711273884536416,1.483188801648601,-0.1303301689689917,0.4102885700910297,1.0346420871106203,-0.3885976251288755,0.6470274877864004,1.0950504894682902,-0.22847054235094427,1.1767079168992327,1.4718641167050166,-0.3150413453776315,0.45146421678610993,1.6129448275692415,-0.22846543611280176,0.258471537948839,1.8292102513723816,-0.061641444569293234,-0.008503259997660712,1.237053390765032,-0.30760066127342883,1.1845064042814522,1.5160020591802155,-0.17843993563229665,1.1007422121944808,1.5751717988623688,-0.2114135226025091,1.0402509966828177,1.0624518206972158,-0.0768811358077242,0.9063522697284522,1.0129975189041618,-0.34008297718913355,0.7648224832601105,-23.87746238708496,37.88898468017578,4.258369445800781,-0.6072433590888977,-1.7074954509735107,-7.862066745758057,-177.60736083984375,-231.33055114746094,-291.74810791015625,-7.759209632873535,44.00446319580078,-35.56113052368164,-511.07061767578125,208.40621948242188,-489.712890625,-108.21892547607422,61.55072021484375,127.6307373046875
0.9638718761355669,-0.25459834005658993,1.1321830899510164,0.9945618458931016,-0.10224175586408338,1.0845375487346522,0.2262742820362381,-0.34781297251878207,0.16887621226294938,1.027814923532751,-0.1132424907475119,0.5644589563868694,0.8537952801249671,-0.15867800053381764,1.3010557621520087,0.6240123530097355,-0.4657798932482869,1.0482556148870104,0.928951614345146,-0.07369383217285798,1.3423123138629838,0.6476209617608426,-0.2926406899824837,1.303762233020454,0.6290113558832381,-0.3783152642234274,1.1809352146868675,0.30028404325049435,-0.40048505948079355,0.1735860296827278,0.674113955718792,-0.21955719886236644,0.22976844249576917,0.25437254068867254,-0.40557643100125906,0.07357315664851898,0.5797857819803502,-0.4123288130523359,0.985672138384636,0.70740733912449,-0.34387294701393084,0.1641192300035463,0.9596404038517679,-0.3078863778651157,0.6463452735484041,0.8632168221157905,-0.25882948767270486,1.0855253208551976,0.729767738983331,-0.2041492078280608,0.2908401276102129,0.5589018329879305,-0.22519507885768725,0.19815834873164723,0.1386320322554632,-0.2947872504098526,0.023139422179649996,0.7499074154342247,-0.39430496846603263,1.0612086665551397,0.620788486193347,-0.2569916396346315,1.2345205892790232,0.5544912629569599,-0.30343880440225685,1.272967046459779,1.6863810487140882,-0.16650632615910466,-0.007581625816825329,1.2320293069675268,-0.32629502905125646,0.639565055733485,1.082380174011584,-0.36249776786526305,1.0121668324565256,0.9861023039217813,-0.27069446937927344,1.2970236018793473,1.405735376654871,-0.4065564855045037,1.1608390216006352,1.055507610175783,-0.18108744001546434,1.3357085321123237,1.572147942536714,-0.09160230195285438,1.0532990780887228,1.5260215776645583,-0.2810943268782252,1.126265018191559,1.589277104826163,-0.11012917589272894,0.01877951446846639,1.5475106673524868,-0.24583812778359207,0.4022292315170467,1.6734243639257569,-0.04536810342148448,-0.004412923421631957,1.3894823536967598,-0.4306251619825297,1.0662699961504403,1.4854518530384593,-0.13211252624230657,0.40814061314854416,1.0360171905416526,-0.3868669636596908,0.6467390028846185,1.0996461348817834,-0.23052237237131346,1.1762513474912832,1.4728130781097917,-0.31670903962179514,0.4489175302303392,1.6142599093203511,-0.22875261188342869,0.2550399779089242,1.8302824694589273,-0.061660374903323635,-0.008014800508093394,1.2418209290662345,-0.3111407403519609,1.1823594688579737,1.5188414853140217,-0.18317186457431836,1.0969785791359203,1.5770707927792276,-0.21562718437207426,1.0351792242353328,1.068737832126238,-0.07645938234613434,0.9072484295099775,1.0152640216397921,-0.3381788657595781,0.7641516130491598,-26.65515899658203,8.694912910461426,-1.1317142248153687,0.554894208908081,-0.09330438077449799,-10.902810096740723,-182.98399353027344,-230.89137268066406,-286.99310302734375,-7.596370697021484,43.096839904785156,-34.44689178466797,-531.5119018554688,131.2835693359375,-465.7458190917969,-102.525634765625,58.459293365478516,130.57225036621094
0.9676947235468992,-0.2544213129787256,1.1316693498204087,1.000553733663053,-0.10222611980919806,1.0850310296017602,0.22742646493461735,-0.34630580651049603,0.16928828411445707,1.0317600894447978,-0.1116782422023303,0.5640176192222053,0.8588563426835641,-0.15832479058808055,1.3016771255739477,0.6240418731968924,-0.4597254931828052,1.0452879310048973,0.9348558193405725,-0.07415702679990137,1.3431325661425557,0.6534409573338672,-0.29246347007767254,1.3040925939351518,0.6320933647305756,-0.37499856327148506,1.1795581958151813,0.30156396872160435,-0.3987703464481217,0.17426378210846152,0.675346505266941,-0.21810471952356267,0.2305998955884121,0.2556414418662619,-0.404498810947731,0.07426836246636916,0.5802783255545508,-0.40438175176745317,0.9842019561702844,0.708379146476455,-0.3426738832861384,0.16547431680836408,0.961797900744621,-0.30544583904032707,0.6464841920413719,0.8669385748193749,-0.2571039724823657,1.0846750609922093,0.7314099905309296,-0.2024308405323141,0.29150288630992366,0.5600066886635015,-0.22377143324112278,0.1988780133623555,0.13951992697471013,-0.2943781166775338,0.023150551527590543,0.7510723771638427,-0.39114699522588464,1.058386840567684,0.6269613337635197,-0.2546544831418836,1.2357346887225344,0.5598448353097922,-0.300253883842996,1.2735781361725156,1.6864989922930862,-0.1655788879520847,-0.009907098406839187,1.2341616621475344,-0.3265974242363544,0.6385992859175664,1.0848466714486378,-0.3629730618651339,1.0108589891171615,0.9902039749535498,-0.2714658853234044,1.297009667221284,1.4092817614410094,-0.4117860757554597,1.1558992349548851,1.0604802938486562,-0.18256112543360267,1.335848451450171,1.5744214079632661,-0.09583763833718928,1.0497830662111578,1.5290667612031592,-0.28617836801421503,1.1211824093433411,1.5896463263903233,-0.10868112916829982,0.016581741812336945,1.5489114775562915,-0.24749897168764196,0.3990537641162908,1.6744868660604715,-0.044238895776108136,-0.006184615011308265,1.3917397973158498,-0.43474693882544263,1.0613374127852213,1.4877078079229946,-0.13387195691959727,0.4059146943175243,1.0373785594441243,-0.3851857385197225,0.6464658870997019,1.104229600619006,-0.23260682189701384,1.175717434148915,1.4736808283834266,-0.3183086642267686,0.4463002474004073,1.6154489882339704,-0.22917918115854258,0.2516785157930776,1.8308854211639884,-0.061723851506283726,-0.007771010746537949,1.246500299269,-0.31479518080981317,1.1801351895000765,1.521618856894259,-0.1879273754427364,1.093168639386727,1.578902449631533,-0.2197201681748916,1.0301313725923076,1.075016766983941,-0.07613040298371523,0.9081420178050236,1.0175365245105412,-0.3363459087562879,0.7635305080784868,-25.64492416381836,-14.39725399017334,-9.570667266845703,1.1006982326507568,0.33158791065216064,-9.972064971923828,-182.00399780273438,-231.63330078125,-279.9655456542969,-7.558437824249268,42.34440612792969,-34.44492721557617,-490.83148193359375,83.02680206298828,-431.6089782714844,-96.09095001220703,52.23448944091797,120.01332092285156
0.9715009033679962,-0.2541992962360382,1.1311466097831726,1.0066317915916443,-0.10228097438812256,1.0854725241661072,0.22857095301151276,-0.34481966495513916,0.1697639301419258,1.035685420036316,-0.1101377047598362,0.5636315643787384,0.863925576210022,-0.15792349725961685,1.302310824394226,0.62404665350914,-0.45340515673160553,1.0424030423164368,0.9407865405082703,-0.07462869584560394,1.3438937664031982,0.6591766774654388,-0.29230087995529175,1.304253101348877,0.635103315114975,-0.3715623915195465,1.178119421005249,0.3028581440448761,-0.39707762002944946,0.17496272921562195,0.6765934526920319,-0.216630756855011,0.23146726936101913,0.25696608424186707,-0.40342678129673004,0.0749918632209301,0.580894410610199,-0.3961479812860489,0.9828471839427948,0.709395706653595,-0.3414701074361801,0.16681843250989914,0.9639829993247986,-0.30298328399658203,0.6466254591941833,0.8706547617912292,-0.25534453988075256,1.083852767944336,0.7330355942249298,-0.20069288462400436,0.29217876493930817,0.5611092746257782,-0.22232940047979355,0.1996392384171486,0.14046163856983185,-0.2939887195825577,0.023172317072749138,0.7521567344665527,-0.38783593475818634,1.0555583238601685,0.6331751644611359,-0.2525106519460678,1.2368653416633606,0.5651903748512268,-0.2970436066389084,1.2740867137908936,1.6864826083183289,-0.1646181046962738,-0.012077024206519127,1.2361906170845032,-0.3268860876560211,0.6375446617603302,1.0873003005981445,-0.3635197728872299,1.0095389485359192,0.9943422377109528,-0.27226120233535767,1.2969500422477722,1.4127027988433838,-0.4170013964176178,1.1508843898773193,1.065474510192871,-0.1841132491827011,1.3359687328338623,1.5766870379447937,-0.10004239156842232,1.0463418364524841,1.5320138931274414,-0.29123276472091675,1.1160112619400024,1.5898780822753906,-0.10723627731204033,0.014743871055543423,1.5502924919128418,-0.24925260245800018,0.39588896930217743,1.6753437519073486,-0.04313667304813862,-0.007839221972972155,1.3938793540000916,-0.4387471675872803,1.056330382823944,1.4899567365646362,-0.13560868799686432,0.40361158549785614,1.0387263298034668,-0.3835534602403641,0.6462079882621765,1.108801007270813,-0.23472356796264648,1.175106942653656,1.474468171596527,-0.3198408931493759,0.44361306726932526,1.6165133118629456,-0.22974376380443573,0.2483864575624466,1.8310237526893616,-0.061831433326005936,-0.007769468240439892,1.2510923743247986,-0.318562850356102,1.1778343319892883,1.5243347883224487,-0.19270623475313187,1.0893128514289856,1.5806674361228943,-0.22369366884231567,1.025107204914093,1.0812886953353882,-0.07589327916502953,0.9090330600738525,1.0198149681091309,-0.3345834016799927,0.7629586756229401,-22.234628677368164,-10.9400634765625,-9.646928787231445,0.15965907275676727,-1.1258512735366821,-6.468341827392578,-177.557373046875,-225.97171020507812,-271.7930603027344,-7.235478401184082,41.600196838378906,-34.48647689819336,-431.582275390625,90.08819580078125,-411.2458190917969,-95.4114761352539,48.33018112182617,106.41236114501953
0.9753070831890925,-0.25397727949335086,1.1306238697459365,1.0127098495202345,-0.10233582896704706,1.0859140187304541,0.22971544108840797,-0.34333352339978257,0.17023957616939447,1.0396107506278334,-0.10859716731734236,0.5632455095352716,0.8689948097364789,-0.15752220393115324,1.3029445232145045,0.6240514338213876,-0.44708482028040697,1.0395181536279767,0.946717261675967,-0.07510036489130643,1.3446549666638405,0.6649123975970095,-0.29213828983291096,1.3044136087626022,0.6381132654993737,-0.36812621976760856,1.176680646195317,0.30415231936814763,-0.39538489361077755,0.17566167632278223,0.6778404001171225,-0.21515679418645955,0.23233464313362603,0.258290726617472,-0.4023547516457293,0.07571536397549092,0.581510495665847,-0.387914210804646,0.9814924117153054,0.7104122668307348,-0.34026633158622205,0.16816254821143395,0.9661680979049757,-0.30052072895283743,0.6467667263469948,0.874370948763083,-0.25358510727913974,1.0830304748964625,0.7346611979189297,-0.1989549287156949,0.29285464356869256,0.5622118605880547,-0.22088736771846457,0.20040046347194157,0.1414033501649534,-0.29359932248758164,0.02319408261790773,0.7532410917692626,-0.3845248742904886,1.0527298071526534,0.6393889951587509,-0.2503668207502524,1.2379959946041865,0.5705359143926605,-0.2938333294348213,1.2745952914092715,1.6864662243435715,-0.16365732144046308,-0.014246950006198696,1.2382195720214717,-0.3271747510756878,0.6364900376030942,1.0897539297476508,-0.36406648390932583,1.008218907954677,0.9984805004683549,-0.2730565193473108,1.2968904172742604,1.4161238362457578,-0.422216717079775,1.1458695447997544,1.0704687265370854,-0.18566537293179927,1.3360890142175534,1.5789526679263208,-0.10424714479965463,1.0429006066938111,1.5349610250517232,-0.29628716142761763,1.1108401145366646,1.590109838160458,-0.10579142545578107,0.012906000298750216,1.5516735062693918,-0.25100623322835813,0.3927241744880646,1.6762006377542256,-0.04203445032016929,-0.00949382893463576,1.3960189106843328,-0.44274739634911725,1.0513233528626678,1.4922056652062774,-0.1373454190741311,0.40130847667818836,1.040074100162809,-0.381921181961006,0.6459500894246512,1.113372413922619,-0.23684031402827876,1.1744964511583973,1.4752555148096274,-0.32137312207198293,0.44092588713824366,1.6175776354919205,-0.2303083464503288,0.24509439933181615,1.8311620842147347,-0.061939015145728124,-0.007767925734341836,1.2556844493805965,-0.32233051990239014,1.1755334744785007,1.527050719750638,-0.19748509406352652,1.0854570634712448,1.5824324226142554,-0.2276671695097391,1.0200830372358791,1.0875606236868343,-0.07565615534634386,0.9099241023426813,1.02209341170772,-0.33282089460369774,0.7623868431673935,-15.0193510055542,15.467578887939453,-1.968791127204895,-1.289341926574707,-2.540783166885376,-2.5936825275421143,-178.91502380371094,-216.49105834960938,-265.0174865722656,-6.633089542388916,40.8541145324707,-33.33997344970703,-407.2418518066406,156.23094177246094,-432.5343322753906,-102.20502471923828,50.484806060791016,101.76412200927734
0.979127522730669,-0.25376400114684705,1.1300928205843794,1.0187101648343313,-0.10241722068841883,1.0863303885554636,0.23089662697536253,-0.34183557933529496,0.17069589756182482,1.0435423377333883,-0.1070861916569686,0.5628823294544852,0.874093924531873,-0.15716132383472875,1.3035589196034614,0.6241192529533083,-0.4404689326191587,1.0367066260205202,0.9526684793415443,-0.07564029679787863,1.3454107393492136,0.6704525572574686,-0.29196270806899927,1.3043675327932598,0.6411001930963122,-0.364577292606531,1.1751738984063762,0.30550813220984085,-0.3936474982476394,0.17640351114288852,0.6790890547613433,-0.21367137933408992,0.23322675678114219,0.2597130406771273,-0.40121567663767493,0.07639632980949825,0.582270263441351,-0.3794133986858351,0.9802459048119603,0.7114445077662436,-0.3389940301314096,0.16947057300450774,0.9683692325029939,-0.29807211784337556,0.6469495193847757,0.8781351451052731,-0.25179296613529045,1.0821901820353326,0.7362766569813354,-0.1972232539922198,0.2935556666740518,0.5633157590367146,-0.21943877005813942,0.20121823399272176,0.1424465820884072,-0.29325533939513154,0.023236733225994545,0.754186108412332,-0.381086857903083,1.0499336980036555,0.6455519546736149,-0.2482601585767129,1.2389810701079715,0.5758573258949427,-0.2906319731908132,1.2750304882100085,1.686439419424297,-0.16293406368091412,-0.015896116611578495,1.2402147773085839,-0.32755148923949684,0.6354485481780098,1.0921428227266725,-0.36454702292057056,1.0068507691882305,1.0026120231641045,-0.27385853201348254,1.296768128477185,1.419375474089818,-0.4273620664283924,1.1407244379157266,1.0754729690930696,-0.18729781492656414,1.3361650065870474,1.581214330843742,-0.10839480487321346,1.0395263433456423,1.5378064343471398,-0.3013035799099115,1.1055975797160578,1.5904361917483096,-0.10456253188532719,0.011427954499245985,1.5528683251892492,-0.2526243473125608,0.38955012812519735,1.6766840669493013,-0.04108544742528184,-0.011204964709498848,1.3980219490480736,-0.4466732229223311,1.0462147976389,1.4943932326424199,-0.13900384010858077,0.3990619824027386,1.0414554820155464,-0.38026459801276014,0.6457340618632488,1.1179266891732116,-0.23900905133083145,1.173827835266164,1.4759409972374011,-0.3228379997196575,0.43818363685481626,1.6184562965734115,-0.23081414845605555,0.2418218902404738,1.8311378055850402,-0.061982675548026105,-0.007917263884319344,1.2602097356556263,-0.3261548335978523,1.1731470191715572,1.5297572762760892,-0.20216864515219257,1.0816027162880302,1.5841288440274874,-0.2315535205878955,1.0150852377051554,1.0938574004646953,-0.07551860409659265,0.9107980822885272,1.0243822762508263,-0.3309950970656037,0.7618444479064437,-9.315646171569824,37.985206604003906,2.3863449096679688,-1.342365026473999,-2.0595128536224365,-1.887945294380188,-184.6948699951172,-209.82908630371094,-258.45257568359375,-6.080685615539551,40.07126235961914,-32.01500701904297,-459.0406188964844,218.95053100585938,-484.0606384277344,-110.0272445678711,57.43886947631836,114.42930603027344
0.9829623645899312,-0.2535595485804886,1.1295533792072574,1.024631960107791,-0.10252541492366238,1.0867213823937423,0.23211487765047725,-0.34032571473658474,0.17113270107286657,1.0474802439181221,-0.10560507339653587,0.5625422528840058,0.8792232194088944,-0.15684126110266375,1.304153820536784,0.6242507412930988,-0.43355453823575896,1.0339691931048764,0.958640398469982,-0.07624917419392938,1.3461610301835647,0.6757952008421059,-0.29177400474714127,1.3041128076070192,0.644063867677916,-0.3609144824822217,1.1735984979086365,0.3069261989451402,-0.3918649872505901,0.17718866255307042,0.6803394336968858,-0.21217439777606367,0.23414385770231685,0.2612340031376738,-0.40000888581899613,0.07703433537374665,0.5831751507639096,-0.3706428745132406,0.9791087458860005,0.7124925862677051,-0.3376525178156941,0.17074214598003604,0.970586563479032,-0.2956375901075388,0.6471742535663756,0.8819478309115037,-0.2499677893637821,1.0813317093628132,0.7378818699658312,-0.19549792326542711,0.29428208570014563,0.5644209830966217,-0.2179835418498279,0.20209311543414926,0.14359234954347677,-0.2929572244452325,0.023300477747638892,0.7549903909891647,-0.37752061603677184,1.0471703204887592,0.6516635342939012,-0.24619103711567172,1.2398191124003455,0.5811543680776825,-0.2874396271164843,1.2753915703849288,1.6864020893510603,-0.1624507066725895,-0.01701931643071556,1.2421758954493416,-0.3280171828948899,0.6344203248323983,1.0944663321735053,-0.3649607282008556,1.005434051254727,1.0067367383975858,-0.2746673072904151,1.2965825492183105,1.422456018379982,-0.4324367447503356,1.1354477666071707,1.0804873381229427,-0.18901137834945267,1.336196267052202,1.5834719870264167,-0.11248480085752272,1.0362197160720825,1.5405491037874033,-0.3062816403855552,1.1002829436040082,1.5908580890159734,-0.10355175618353661,0.010313331906603539,1.5538750867180477,-0.25410558954374685,0.38636673769808755,1.6767903049260575,-0.04029119656180702,-0.01297319458569373,1.3998871039081093,-0.4505239032850361,1.0410037019000147,1.4965188252610087,-0.1405831679997855,0.39687266881694855,1.0428708114766128,-0.37858346533893744,0.6455603242907303,1.1224636617085793,-0.2412302997826741,1.173100513732986,1.4765236002719955,-0.3242348525796505,0.43538576571751897,1.6191474384819435,-0.23126058201521438,0.23856912577981185,1.8309492906987272,-0.06196177531872561,-0.008218991496933272,1.264667565262081,-0.33003635788398084,1.1706741100904956,1.5324543641497759,-0.20675593493691352,1.077749824287086,1.5857560147118095,-0.2353518505808929,1.0101140700033957,1.100179274153236,-0.0754816211414653,0.9116548292881606,1.0266816659478952,-0.32910537616109214,0.7613317842120366,-10.520641326904297,43.90152359008789,0.5926633477210999,-0.17816519737243652,-1.0354870557785034,-4.1591267585754395,-186.00465393066406,-209.15811157226562,-253.3091278076172,-5.941865921020508,39.39448928833008,-31.747224807739258,-588.1907958984375,247.68313598632812,-553.0294189453125,-121.28829193115234,68.080322265625,145.18650817871094
0.9867972064491928,-0.2533550960141302,1.1290139378301356,1.0305537553812492,-0.10263360915890592,1.087112376232021,0.23333312832559178,-0.3388158501378748,0.1715695045839082,1.0514181501028552,-0.10412395513610338,0.5622021763135266,0.8843525142859148,-0.1565211983705988,1.3047487214701066,0.6243822296328891,-0.4266401438523604,1.0312317601892333,0.9646123175984185,-0.07685805158998002,1.3469113210179158,0.6811378444267423,-0.2915853014252833,1.3038580824207786,0.6470275422595194,-0.357251672357913,1.1720230974108967,0.3083442656804394,-0.39008247625354114,0.17797381396325215,0.681589812632428,-0.21067741621803768,0.23506095862349136,0.26275496559822004,-0.3988020950003176,0.07767234093799495,0.584080038086468,-0.3618723503406477,0.977971586960041,0.7135406647691663,-0.3363110054999788,0.17201371895556414,0.9728038944550697,-0.29320306237170246,0.6473989877479756,0.8857605167177338,-0.24814261259227405,1.0804732366902938,0.7394870829503267,-0.1937725925386347,0.29500850472623935,0.5655262071565287,-0.21652831364151662,0.2029679968755766,0.14473811699854613,-0.29265910949533347,0.023364222269283225,0.7557946735659972,-0.37395437417046135,1.0444069429738634,0.6577751139141864,-0.2441219156546309,1.2406571546927192,0.5864514102604214,-0.2842472810421559,1.2757526525598488,1.6863647592778237,-0.16196734966426496,-0.018142516249852435,1.2441370135900989,-0.32848287655028285,0.6333921014867872,1.0967898416203379,-0.3653744334811406,1.0040173333212241,1.0108614536310663,-0.27547608256734757,1.296396969959436,1.4255365626701455,-0.43751142307227797,1.1301710952986157,1.085501707152815,-0.1907249417723409,1.3362275275173565,1.585729643209091,-0.11657479684183128,1.032913088798523,1.5432917732276663,-0.3112597008611981,1.0949683074919594,1.591279986283637,-0.10254098048174622,0.009198709313961283,1.554881848246846,-0.25558683177493263,0.3831833472709783,1.6768965429028138,-0.039496945698332335,-0.014741424461888308,1.4017522587681448,-0.45437458364774047,1.0357926061611302,1.4986444178795972,-0.14216249589098995,0.39468335523115883,1.044286140937679,-0.376902332665115,0.6453865867182119,1.127000634243946,-0.24345154823451637,1.1723731921998082,1.4771062033065896,-0.3256317054396433,0.4325878945802222,1.6198385803904753,-0.23170701557437315,0.23531636131915046,1.8307607758124143,-0.061940875089425126,-0.008520719109547149,1.2691253948685348,-0.33391788217010865,1.1682012010094347,1.535151452023462,-0.2113432247216337,1.0738969322861427,1.5873831853961313,-0.23915018057388965,1.005142902301637,1.1065011478417754,-0.07544463818633794,0.9125115762877938,1.0289810556449637,-0.32721565525658086,0.7608191205176297,-22.906137466430664,28.62861442565918,-3.1036925315856934,1.162949562072754,-1.0562994480133057,-8.462481498718262,-182.25889587402344,-206.70643615722656,-248.75474548339844,-5.941359996795654,38.66474151611328,-31.455646514892578,-710.2734375,231.82644653320312,-612.9214477539062,-137.17930603027344,76.58183288574219,175.45603942871094
0.9900209576088859,-0.25320984255399137,1.1285437240900582,1.035526098399762,-0.10277602276363908,1.0874351389360744,0.23437486122676862,-0.3375389718062042,0.1719613970806267,1.0547229252903665,-0.10290936596494249,0.5619292952959112,0.8886553663883775,-0.15627823271696142,1.3052428974615817,0.6245274052319937,-0.4207097813487057,1.0289618043315334,0.9695954812283545,-0.07740559887807097,1.3475179591320998,0.6854752804467218,-0.291442051332518,1.3035813560154264,0.649473963490385,-0.35415068954624107,1.1707137827052188,0.30953218422780754,-0.38858666497942634,0.1786413511742424,0.6826577240860224,-0.20939434815617594,0.23582890407731197,0.264036210512878,-0.39779672964124496,0.07824589011092845,0.5849297953559862,-0.3543881061456066,0.9770683228772208,0.7144269092588235,-0.33516908195239825,0.17306759025876878,0.974664418803935,-0.2911939045648702,0.647592371169305,0.8889500756334783,-0.24659756057901897,1.0798076557007847,0.7408439224918946,-0.19231094183116568,0.2956139023927663,0.5664636572662568,-0.21529658049937123,0.20374449808767295,0.14568678205771157,-0.29239003967173055,0.023440649914894467,0.756464623654915,-0.37082665216251737,1.0420930077698058,0.662870768679688,-0.24244043379035227,1.241287689927398,0.5908790623510118,-0.28158501096513905,1.2760441944693888,1.6864113503734008,-0.1616139507895669,-0.01890168845998922,1.2457817127767776,-0.32890407928567844,0.632562817228551,1.0987363212945445,-0.3657333457608096,1.002812596938468,1.014321657798148,-0.2762206908784165,1.2962579723225525,1.42799108825772,-0.4416674576847756,1.1256452595556021,1.089676766798196,-0.19215239897765063,1.3362258447716568,1.5876289687014573,-0.11998155214731246,1.0301820102906387,1.5455170232333884,-0.3154099605829508,1.0905099799301454,1.5916848843855573,-0.10184201368729014,0.008470611969033738,1.5557790335440478,-0.25703736315697223,0.38055232226453883,1.6769350577663902,-0.038888533451649956,-0.016221745470106904,1.403218148165191,-0.4575200477577991,1.0313895178946442,1.500393449668063,-0.14350797290241474,0.39289601329738744,1.0454263770027665,-0.3755308876665224,0.6452607594381105,1.1307716282787699,-0.24530618622997727,1.1717037655265126,1.4775842907807684,-0.3268113255698159,0.43024318798488353,1.6203245208752866,-0.23208725008348752,0.2327525564376883,1.830655615456057,-0.06180979474293477,-0.008853544006185788,1.2728045259090446,-0.33718054401164005,1.1660462935634008,1.5373794801582563,-0.21510933756532236,1.070695792207655,1.5886965358494132,-0.24228519139601676,1.0010139748750146,1.1117774751407419,-0.07547485933250543,0.9132009987404804,1.0308910862894247,-0.3256450399559066,0.7604133659443318,-35.540714263916016,9.008382797241211,-2.72663950920105,1.4217332601547241,-1.5566154718399048,-11.0701322555542,-180.4839630126953,-198.0439453125,-245.89454650878906,-5.821100234985352,38.073856353759766,-30.358482360839844,-791.0009155273438,209.93753051757812,-696.3273315429688,-161.848388671875,81.99988555908203,197.915283203125
0.9926151001690235,-0.2531255821123818,1.128144835794209,1.039520217882876,-0.10295369268845246,1.0876876028957745,0.2352347273305551,-0.3365021399314831,0.17230701762319398,1.057375383692861,-0.10196938252212208,0.5617256460600342,0.8921067319958411,-0.1561147004168555,1.3056332962402444,0.624686682855846,-0.415793269872666,1.0271734915032293,0.9735599270719562,-0.07788995757008224,1.347976591413384,0.6887770480667514,-0.2913456318394238,1.3032819616873532,0.6513874570265509,-0.35162855911728597,1.169678616997422,0.31048298039973166,-0.3873862412986378,0.17918771011939894,0.6835376387400341,-0.208331675817635,0.2364431742011316,0.2650704737135905,-0.3969988935435846,0.07875302966856793,0.5857227519647964,-0.3482291201092557,0.9764060413600594,0.7151464156757127,-0.33423279531744154,0.17389716286927648,0.976157324203592,-0.2896230066848908,0.6477534538073255,0.8914976250256921,-0.24534112195305494,1.079340811596801,0.7419448621225672,-0.19112096144663593,0.2960946113858001,0.5672282493667097,-0.2142951150011544,0.20441963785136763,0.14643237192109712,-0.29215089512976594,0.023530145021562532,0.7569961705744661,-0.36815073849349655,1.0402421343405517,0.6669197129887455,-0.24115833817728324,1.241704430011724,0.594410979195146,-0.2794688797944432,1.2762640888327794,1.686544405703513,-0.16139444817375667,-0.019285801921459175,1.2471004045562237,-0.3292794428913798,0.6319385005148832,1.1002943460515002,-0.3660358046459046,1.0018262657898152,1.0170972141998489,-0.2768991877701108,1.2961669678719627,1.4298006248789905,-0.44487701089966336,1.1218930119710258,1.092987083441374,-0.19328508008000062,1.3361902205359857,1.5891591049977485,-0.12268436251097133,1.0280439214201165,1.547209174427765,-0.31870733467948315,1.0869339096625124,1.5920722681954995,-0.10146430455493616,0.008140752758115375,1.5565633221177864,-0.25845625305807335,0.37849040102485026,1.6769037973012355,-0.03847159129499605,-0.017405433099198665,1.4042726731458246,-0.4599389254257376,1.0278189221754774,1.5017545096921603,-0.14461251264376343,0.3915228239747864,1.0462831835083612,-0.3744785148181664,0.645184294277469,1.1337534323433374,-0.24678310436128761,1.171093988102793,1.4779546955563374,-0.3277671301601737,0.4283653781903503,1.6205990417114156,-0.232399279510738,0.2308985886984316,1.8306363355245021,-0.06156519548782453,-0.009218408528789338,1.2756813614573697,-0.3398055900011628,1.164219024165577,1.5391242346226772,-0.21802938931825108,1.0681661541098795,1.5896865563676845,-0.24473678246633865,0.997752810156109,1.115976572826208,-0.07557432106788584,0.9137180262054039,1.032399959122108,-0.32440320012585233,0.7601177601624799,-38.397056579589844,-0.3575623035430908,-1.7185102701187134,1.1666007041931152,-0.8635308742523193,-10.521485328674316,-182.32269287109375,-186.55645751953125,-243.5875244140625,-5.5626983642578125,37.49539566040039,-29.01892852783203,-810.02685546875,225.78302001953125,-853.1312255859375,-200.9503936767578,83.21013641357422,206.72384643554688
0.9952092427291618,-0.2530413216707722,1.1277459474983593,1.0435143373659903,-0.10313136261326587,1.0879400668554748,0.2360945934343417,-0.3354653080567619,0.1726526381657613,1.0600278420953562,-0.1010293990793015,0.5615219968241572,0.8955580976033053,-0.15595116811674953,1.3060236950189072,0.6248459604796984,-0.4108767583966256,1.0253851786749253,0.9775243729155585,-0.0783743162620936,1.3484352236946686,0.6920788156867816,-0.2912492123463296,1.30298256735928,0.6533009505627171,-0.34910642868833036,1.1686434512896253,0.3114337765716559,-0.38618581761784904,0.17973406906455558,0.6844175533940461,-0.2072690034790939,0.2370574443249513,0.26610473691430314,-0.39620105744592404,0.07926016922620747,0.5865157085736066,-0.3420701340729038,0.9757437598428979,0.7158659220926019,-0.33329650868248467,0.17472673547978432,0.9776502296032495,-0.28805210880491117,0.6479145364453461,0.8940451744179062,-0.24408468332709066,1.0788739674928172,0.7430458017532399,-0.18993098106210596,0.29657532037883405,0.5679928414671627,-0.2132936495029374,0.20509477761506245,0.14717796178448278,-0.2919117505878013,0.023619640128230614,0.7575277174940173,-0.3654748248244753,1.0383912609112973,0.6709686572978039,-0.239876242564214,1.24212117009605,0.5979428960392806,-0.2773527486237469,1.27648398319617,1.6866774610336253,-0.1611749455579464,-0.01966991538292919,1.24841909633567,-0.32965480649708123,0.6313141838012152,1.1018523708084562,-0.36633826353099963,1.0008399346411623,1.0198727706015505,-0.2775776846618052,1.2960759634213732,1.4316101615002612,-0.44808656411455167,1.1181407643864487,1.0962974000845525,-0.19441776118235082,1.3361545963003145,1.5906892412940399,-0.12538717287463066,1.0259058325495942,1.5489013256221418,-0.3220047087760161,1.0833578393948788,1.592459652005442,-0.10108659542258212,0.007810893547196955,1.5573476106915254,-0.25987514295917474,0.3764284797851613,1.676872536836081,-0.03805464913834208,-0.018589120728290626,1.4053271981264581,-0.4623578030936765,1.02424832645631,1.5031155697162577,-0.1457170523851123,0.3901496346521851,1.0471399900139562,-0.3734261419698103,0.6451078291168276,1.1367352364079053,-0.2482600224925982,1.1704842106790732,1.4783251003319064,-0.32872293475053166,0.42648756839581675,1.6208735625475448,-0.23271130893798853,0.22904462095917458,1.8306170555929475,-0.06132059623271424,-0.00958327305139295,1.278558197005695,-0.34243063599068596,1.1623917547677527,1.5408689890870986,-0.2209494410711803,1.0656365160121033,1.590676576885956,-0.24718837353666095,0.9944916454372027,1.1201756705116752,-0.07567378280326625,0.9142350536703274,1.0339088319547918,-0.32316136029579784,0.7598221543806278,-28.261493682861328,10.430558204650879,-5.625171661376953,1.2945411205291748,0.34070879220962524,-7.15853214263916,-183.23655700683594,-177.68817138671875,-240.35874938964844,-5.274265766143799,36.81238555908203,-28.059465408325195,-781.9393310546875,291.7864074707031,-1029.606201171875,-241.07029724121094,80.50052642822266,200.5914764404297
0.9984444823880857,-0.2528835233078887,1.1272306209368421,1.0484755907627128,-0.1033875425377034,1.0882927992486007,0.23713674248251687,-0.33419154268621615,0.17309378837512815,1.0633277707542013,-0.09991768128331141,0.5613127384359473,0.8998928273355721,-0.15582255762539163,1.3064561044143526,0.6250865611414246,-0.4044853541629998,1.0232415163753839,0.9824770063359213,-0.07901245155772621,1.3489904881313146,0.6960933615040302,-0.29115057336968303,1.3024428885504111,0.655662596028372,-0.3458696535683628,1.1673344815803681,0.3126234065815312,-0.38466829308216155,0.18044995496801977,0.6854860516178686,-0.2059667067022514,0.23785299886733485,0.26741089893887365,-0.39523833644705897,0.07994277975121077,0.5876847685172857,-0.3342438371765698,0.9750139654077442,0.7167839925020735,-0.33209452713956905,0.17573612494184473,0.9794834171304638,-0.28611932388994094,0.6481404047928109,0.8972291981937078,-0.24254379298118575,1.0783571825911666,0.7444192978325268,-0.1884559759537117,0.29718974962929223,0.5689393151674839,-0.21203184196885858,0.20597189038202457,0.14815965344179538,-0.2916568085452579,0.023756088312739954,0.7587466757029097,-0.36123221204770356,1.0360864329811754,0.6759353072832749,-0.23831668007650134,1.2425176011805503,0.602308294236265,-0.27473548804687364,1.2766677855655848,1.6867640957927073,-0.16092218453718338,-0.020033049828909466,1.2499923275795992,-0.3300789552216498,0.6305180626199736,1.1037613350824014,-0.36663048571308715,0.9996353591120007,1.0233155646860992,-0.2784111488931226,1.295958518587201,1.4337698639623375,-0.4520701271611331,1.1134268953310735,1.100425705214999,-0.19581559320159297,1.3360886052744279,1.5925813226510357,-0.12871681568243623,1.023263287465304,1.5509193492251514,-0.3260178687359321,1.078926063926015,1.592883901485544,-0.1005560671108843,0.007595371738668315,1.5581577787336134,-0.26139493474107695,0.37388218889962777,1.6769570956956472,-0.03760457671685332,-0.019687872312173487,1.4065736721683022,-0.465322712399312,1.0197475785451222,1.5047879376948274,-0.14711412876252297,0.38848882637276566,1.0482462877469345,-0.37210035195808544,0.6450275245881238,1.140407701201786,-0.25013340614884094,1.1697155008252884,1.478691211204655,-0.32978338871570606,0.42414324636885675,1.6209353611169273,-0.23328013599708375,0.22713006470377092,1.830703711272865,-0.060926442953529766,-0.010112088170543964,1.282030299009866,-0.34571513938193266,1.1600896222701926,1.5429275079278755,-0.22454900294542288,1.0624825792596833,1.5918615251187456,-0.25019794954172014,0.9904732161405073,1.1253972199578945,-0.07585513453609895,0.9148619915081175,1.0358227049278106,-0.32163601166365174,0.7594511538546607,-13.187020301818848,35.32685852050781,-13.280510902404785,2.416891098022461,0.1412792056798935,-2.630237579345703,-179.59152221679688,-174.9589385986328,-236.35108947753906,-5.1500043869018555,36.240997314453125,-27.50452423095703,-765.1038818359375,397.278564453125,-1256.478515625,-295.29901123046875,75.1165771484375,190.82260131835938
1.0023535281814482,-0.2526484350889724,1.1265929153818168,1.0544533216400644,-0.1037262380739908,1.0887509158115514,0.2383704746253047,-0.33266875537618124,0.1736353422138864,1.0673082038661499,-0.09862546717735725,0.5610975847141633,0.9051559907908465,-0.15573065066771793,1.3069326678253956,0.62541263397561,-0.3965438075412986,1.020724374529542,0.9884682450665537,-0.07981220920206292,1.3496473149353305,0.7008570517530499,-0.2910496016705273,1.3016506658484606,0.6584952583178776,-0.34188177229355543,1.1657377382777385,0.3140640558292533,-0.3828174890765293,0.18134401716439918,0.6867527550222067,-0.20441255975045922,0.23883908703331116,0.26900283217627463,-0.3941023180520299,0.0808098138439536,0.5892491207414904,-0.324665162539641,0.974213213517966,0.7179107577200756,-0.3306132948260435,0.17693450558461876,0.981674248118274,-0.28380618831574544,0.6484343642430589,0.9010821695359333,-0.24070393807248583,1.0777879088919684,0.7460792563016839,-0.18668140404370465,0.29794472159928825,0.5700769501411361,-0.21049640964198602,0.20706128089731882,0.1493894929029293,-0.29138526300720824,0.023941885140286553,0.7606881172057017,-0.3553429665352341,1.033304489606264,0.6818664846633438,-0.2364654942409489,1.2428926870917643,0.6075496983449185,-0.2715915302369772,1.276813654512759,1.6868019415842777,-0.16063446825407202,-0.02037413490146691,1.2518330849953834,-0.3305543781017625,0.6295413714370981,1.1060391439507338,-0.36691194891140155,0.9982014042849574,1.0274596391924165,-0.27940748696098255,1.2958132843702834,1.4362975978693422,-0.45686719033694373,1.107702342484961,1.105413732939208,-0.197492104245732,1.335990698132294,1.594853815653466,-0.13270527218153894,1.0200905486053193,1.553279871380092,-0.33078333424613915,1.0735949248272858,1.593346897537345,-0.09986492272293733,0.007500020873467664,1.5589951466250893,-0.26302077645892324,0.3708268156312163,1.6771633830291546,-0.03711968371089528,-0.020697354379153106,1.4080218885908062,-0.46886151209966986,1.0142692216974227,1.506787496686771,-0.14881866711457026,0.38652572469995533,1.0496148058515509,-0.37048719492771787,0.6449431848052322,1.1448060645172924,-0.25242348316292074,1.168779749743986,1.479052809097909,-0.3309538313095142,0.4213086104649585,1.620773584242688,-0.23411886260801584,0.22515182868139655,1.830901707442391,-0.06037510534292031,-0.010813218712596925,1.2861280382074263,-0.3496927459607057,1.1572883989637264,1.5453157995315574,-0.2288627438247199,1.0586724918804424,1.5932513463576108,-0.2537939791006359,0.9856588863181758,1.1316933870710277,-0.07612255432747844,0.9156044473908594,1.0381622413136309,-0.31981268949461317,0.7590009119139602,-7.818674087524414,50.92195510864258,-15.92494010925293,4.235322952270508,-1.488576054573059,-0.8347082138061523,-174.49472045898438,-171.83596801757812,-230.74623107910156,-4.996255874633789,35.64146041870117,-26.400245666503906,-811.6012573242188,465.675048828125,-1482.2640380859375,-352.614013671875,70.42124938964844,193.8671417236328
1.0062625739748114,-0.25241334687005607,1.1259552098267915,1.0604310525174174,-0.10406493361027826,1.089209032374502,0.23960420676809274,-0.33114596806614605,0.17417689605264475,1.071288636978099,-0.09733325307140285,0.5608824309923791,0.910419154246122,-0.15563874371004421,1.307409231236439,0.6257387068097955,-0.38860226091959604,1.0182072326836997,0.9944594837971872,-0.08061196684639976,1.3503041417393464,0.7056207420020704,-0.29094862997137155,1.3008584431465098,0.6613279206073838,-0.33789389101874745,1.164140994975109,0.31550470507697553,-0.38096668507089676,0.18223807936077877,0.688019458426545,-0.2028584127986668,0.23982517519928764,0.2705947654136759,-0.3929662996570006,0.08167684793669658,0.5908134729656952,-0.31508648790271065,0.9734124616281875,0.7190375229380779,-0.32913206251251775,0.178132886227393,0.9838650791060846,-0.2814930527415496,0.648728323693307,0.9049351408781595,-0.2388640831637856,1.07721863519277,0.7477392147708413,-0.18490683213369732,0.2986996935692844,0.5712145851147885,-0.20896097731511323,0.20815067141261323,0.1506193323640634,-0.29111371746915854,0.024127681967833187,0.7626295587084941,-0.34945372102276373,1.0305225462313519,0.6877976620434136,-0.23461430840539613,1.2432677730029782,0.6127911024535729,-0.2684475724270801,1.2769595234599334,1.686839787375848,-0.1603467519709606,-0.02071521997402441,1.2536738424111675,-0.3310298009818753,0.6285646802542225,1.1083169528190664,-0.36719341210971607,0.9967674494579138,1.0316037136987346,-0.28040382502884265,1.295668050153366,1.4388253317763475,-0.4616642535127552,1.1019777896388476,1.1104017606634178,-0.1991686152898713,1.33589279099016,1.5971263086558967,-0.1366937286806423,1.0169178097453337,1.555640393535033,-0.335548799756347,1.0682637857285555,1.593809893589146,-0.09917377833499023,0.007404670008266997,1.5598325145165652,-0.26464661817676977,0.36777144236280424,1.677369670362662,-0.036634790704937165,-0.021706836446132895,1.4094701050133105,-0.4724003118000284,1.0087908648497221,1.508787055678715,-0.15052320546661785,0.38456262302714467,1.0509833239561674,-0.36887403789734996,0.6448588450223405,1.1492044278327993,-0.254713560177001,1.1678439986626834,1.4794144069911628,-0.33212427390332255,0.41847397456105967,1.620611807368449,-0.23495758921894808,0.2231735926590218,1.831099703611917,-0.05982376773231076,-0.011514349254650006,1.2902257774049872,-0.35367035253947937,1.1544871756572597,1.5477040911352398,-0.2331764847040177,1.0548624045012012,1.594641167596476,-0.2573900086595523,0.9808445564958432,1.1379895541841623,-0.07638997411885799,0.9163469032736015,1.0405017776994516,-0.3179893673255743,0.7585506699732597,-12.670595169067383,46.5119514465332,-13.671384811401367,6.697343349456787,-2.373379707336426,-2.7279622554779053,-173.7440185546875,-166.0317840576172,-225.8701934814453,-4.7136406898498535,35.153263092041016,-25.064247131347656,-926.6849975585938,460.8166809082031,-1723.372802734375,-412.8996887207031,67.94754791259766,215.57952880859375
1.0101421276070424,-0.2522206303003608,1.1253452255631125,1.0664436455988724,-0.10454148537670538,1.0896640858113371,0.2408337175402025,-0.3296197203808273,0.17473670899473276,1.0752964084906294,-0.0960801644189074,0.5606997655519587,0.915696570810103,-0.1556046556508699,1.3078963049989663,0.6262226263616258,-0.3803973093826253,1.015813898566543,1.0004492771151838,-0.08144889839783012,1.3509431258337388,0.7102605192274446,-0.29083060048865955,1.2998819159750907,0.6641402896863734,-0.33374976638137127,1.1625288786082868,0.3169550318887691,-0.3791218350166517,0.18315282723070767,0.6893027218564456,-0.20124246009829033,0.24080977248434984,0.2721954572773137,-0.3918055417324534,0.08261133900640023,0.5926607240312146,-0.30529929095546177,0.9727614295995788,0.7201563527449867,-0.32758787338504736,0.17929746479486783,0.9860454571760253,-0.2791909061322939,0.6490191242947484,0.9088229457076811,-0.23693337545588325,1.0766827112791555,0.7493926353801954,-0.1831010905223967,0.29946789920132677,0.5723451653261058,-0.20740931759902978,0.20923062845669832,0.1518930104246597,-0.29087345410656457,0.02433856890925409,0.7642204541441621,-0.3437578544908803,1.0279427500355323,0.6936556402815887,-0.23279673080669339,1.2435292743689177,0.617994619521084,-0.2653162787292178,1.276995560191325,1.6868202761309037,-0.16009843754057854,-0.020741682508898702,1.255457261934975,-0.33152360261868163,0.6275962595118593,1.1105880610990209,-0.3674896836083456,0.9953363854561421,1.0357306538433426,-0.2814052699022735,1.295479491846451,1.4412487279500392,-0.466414709310263,1.0961950565410767,1.1153978865272949,-0.20092712957041936,1.335741642887229,1.5994165486452594,-0.14066396436549167,1.013790232851016,1.5578605287911875,-0.34025474489722013,1.0628983204727933,1.5941833889247565,-0.09851406568920378,0.007404743448602933,1.5605435858893868,-0.2663252030974192,0.36492704669173986,1.6776618400946357,-0.03618465281332172,-0.022222970942319033,1.4107657203216426,-0.4758436807634813,1.0032604731471335,1.5107828049075525,-0.1522328721618415,0.38308021677842996,1.0523036552580776,-0.36731442814039084,0.6448785462324192,1.1535196464188051,-0.2570334308786897,1.1668285488687604,1.4796507996044412,-0.3330849497918261,0.4157099915754717,1.620226192553312,-0.2359977450887888,0.22154764964288437,1.8313807679327907,-0.059243669640889646,-0.012332934978732571,1.2942480679774124,-0.3577088770388766,1.151613643429927,1.5500350065578687,-0.23749875686816016,1.051081167941062,1.5959597711531532,-0.26085407252343273,0.9760888855386256,1.1442570427790382,-0.0767501468048585,0.9170619633221468,1.0428281043538983,-0.31616289109386364,0.7581245022893741,-24.776199340820312,16.2027530670166,-12.706920623779297,9.870891571044922,-0.7745645046234131,-8.670068740844727,-174.7797393798828,-158.12184143066406,-221.10182189941406,-4.381074905395508,34.630245208740234,-23.919862747192383,-1043.03564453125,399.5061950683594,-1950.1025390625,-467.1785888671875,67.85353088378906,246.8018341064453
1.0139900607778534,-0.2520733431277686,1.1247649630963408,1.0724936167135928,-0.10516584176101426,1.0901158550717183,0.2420587023066368,-0.32808976260242095,0.17531609870740114,1.0793334912780101,-0.09486902470620273,0.5605519329080518,0.920989269057646,-0.15563255898802486,1.3083946475919508,0.6268757836313437,-0.371909944328252,1.0135533067564304,1.006437520712416,-0.08232568650944336,1.3515629796002875,0.7147674412522091,-0.29069428224832017,1.298707784011664,0.6669309010963564,-0.3294381230872202,1.160900279780887,0.31841573464554657,-0.37728336858038886,0.18408975355475146,0.6906037403652998,-0.19956024144066895,0.2417927712991537,0.2738055398329992,-0.39061825895151564,0.08361815508232992,0.5948112893183498,-0.29528852369611713,0.9722709219582034,0.7212666744822697,-0.3259761841683989,0.18042580196202188,0.9882146279938172,-0.2769005415060664,0.6493065380892217,0.9127480977813136,-0.23490525856120714,1.076182543836682,0.7510390463254308,-0.18126192984991532,0.3002502935019549,0.5734681816685278,-0.2058402594450295,0.21030047126361068,0.15321369069498886,-0.2906667303960055,0.024576356591323727,0.7654355063738412,-0.33826932212374905,1.025579688959564,0.699435136965568,-0.23101518678152025,1.2436689943667278,0.6231575154310816,-0.26219856304838196,1.2769138386707433,1.686739268681861,-0.15989236839559695,-0.020430817786875572,1.2571792057807871,-0.3320371093142111,0.6266367060459214,1.1128519852429823,-0.36780183204751926,0.9939084208958987,1.0398392231259121,-0.28241219011363594,1.2952444829688168,1.4435602568632717,-0.47111519431041526,1.0903499446167857,1.120402694932672,-0.20277356484670497,1.3355334116923099,1.6017258163319517,-0.14461466433196635,1.0107110770332894,1.5599301461352415,-0.34489687438437444,1.057496051914645,1.5944609247296062,-0.09788805305563067,0.0075071274845657275,1.5611192465617956,-0.2680603374313833,0.36230885380546013,1.6780460899239344,-0.03577177813708391,-0.022210155465695637,1.4118977220642646,-0.4791847322358198,0.9976742914970352,1.5127744694419252,-0.1539480372868625,0.3821131953143127,1.0535723223591482,-0.36581222989306555,0.6450097965483633,1.1577457201401915,-0.25938524532791774,1.165727648908729,1.4797529515051684,-0.33382072117154954,0.41302176017240205,1.6196005865438095,-0.23725386634962436,0.22029942283961956,1.8317508950138723,-0.0586327355700416,-0.013277452032001523,1.2981894651785588,-0.3618127155974997,1.1486625841121803,1.5523044052502966,-0.24183017597687917,1.0473308642178973,1.5972020176072783,-0.2641766473946979,0.971396106560499,1.150493783271865,-0.07720976589333928,0.9177476505175332,1.0451402679973878,-0.3143330331867106,0.7577241461798055,-34.238468170166016,-17.047595977783203,-18.85257911682129,12.228459358215332,1.5606443881988525,-14.231817245483398,-172.24005126953125,-148.18788146972656,-215.6332244873047,-4.1081671714782715,33.952491760253906,-23.043895721435547,-1128.0006103515625,346.51910400390625,-2186.434814453125,-524.8361206054688,67.51585388183594,277.7279052734375
1.0178379939486644,-0.25192605595517636,1.124184700629569,1.0785435878283132,-0.10579019814532316,1.0905676243320994,0.2432836870730711,-0.3265598048240146,0.17589548842006952,1.083370574065391,-0.09365788499349806,0.5604041002641451,0.926281967305189,-0.1556604623251798,1.3088929901849355,0.6275289409010615,-0.3634225792738787,1.0112927149463176,1.0124257643096486,-0.08320247462105661,1.352182833366836,0.7192743632769737,-0.2905579640079808,1.2975336520482375,0.6697215125063394,-0.3251264797930692,1.159271680953487,0.31987643740232397,-0.375444902144126,0.18502667987879526,0.691904758874154,-0.19787802278304753,0.2427757701139575,0.2754156223886848,-0.3894309761705779,0.08462497115825962,0.596961854605485,-0.28527775643677244,0.9717804143168279,0.7223769962195528,-0.32436449495175046,0.1815541391291759,0.9903837988116091,-0.2746101768798389,0.649593951883695,0.9166732498549462,-0.23287714166653103,1.0756823763942087,0.7526854572706663,-0.1794227691774339,0.3010326878025831,0.5745911980109497,-0.20427120129102924,0.21137031407052304,0.154534370965318,-0.29046000668544647,0.024814144273393367,0.7666505586035203,-0.33278078975661773,1.0232166278835957,0.7052146336495474,-0.22923364275634708,1.2438087143645382,0.6283204113410791,-0.25908084736754605,1.2768321171501615,1.6866582612328183,-0.1596862992506154,-0.020119953064852442,1.258901149626599,-0.33255061600974056,0.6256771525799835,1.115115909386944,-0.3681139804866929,0.9924804563356553,1.0439477924084817,-0.28341911032499845,1.2950094740911826,1.4458717857765042,-0.4758156793105675,1.0845048326924944,1.1254075033380488,-0.2046200001229906,1.3353251804973905,1.6040350840186437,-0.14856536429844103,1.007631921215563,1.5619997634792957,-0.3495390038715287,1.0520937833564967,1.5947384605344557,-0.09726204042205756,0.007609511520528523,1.5616949072342043,-0.2697954717653474,0.35969066091918034,1.678430339753233,-0.035358903460846094,-0.022197339989072244,1.4130297238068863,-0.48252578370815824,0.992088109846937,1.5147661339762981,-0.15566320241188347,0.38114617385019545,1.0548409894602186,-0.36431003164574033,0.6451410468643075,1.1619717938615781,-0.26173705977714584,1.1646267489486974,1.4798551034058955,-0.33455649255127295,0.41033352876933243,1.6189749805343072,-0.23850998761045994,0.21905119603635476,1.832121022094954,-0.05802180149919355,-0.014221969085270474,1.3021308623797052,-0.36591655415612284,1.1457115247944336,1.5545738039427244,-0.2461615950855982,1.0435805604947328,1.5984442640614034,-0.26749922226596307,0.9667033275823725,1.1567305237646917,-0.07766938498182006,0.9184333377129194,1.0474524316408773,-0.31250317527955757,0.757323790070237,-38.030784606933594,-35.57600402832031,-30.777206420898438,13.509378433227539,2.3698275089263916,-16.64759635925293,-166.1258544921875,-138.85096740722656,-211.72885131835938,-3.942595958709717,33.37708282470703,-22.129886627197266,-1167.419677734375,374.1046447753906,-2444.726318359375,-591.3549194335938,64.94965362548828,299.5325012207031
1.0216549674406745,-0.2517129320972013,1.1236362883586757,1.084562902418983,-0.10648069673816099,1.0909548784723344,0.24451161812472816,-0.32502949652292873,0.17650122417519423,1.0874451722530338,-0.0925669994279249,0.5603054923727023,0.931570260335278,-0.15570065290327892,1.309371135092729,0.6283715130477552,-0.35463817466963216,1.0091338315546907,1.018419313115,-0.08413506689055865,1.3527754979417814,0.723599799816182,-0.29036875000063156,1.2961900944741356,0.6725170122866598,-0.3205792331537664,1.1575341737822982,0.32133617385333735,-0.37356460982600587,0.18604204749429462,0.6932314318536923,-0.1961985964648771,0.24376251099520171,0.27709197741470587,-0.3882330829734045,0.08563432852361375,0.599343565915594,-0.27505220877413733,0.97147180899879,0.7235110398159911,-0.32270418255534394,0.18262069430572306,0.9925335014103264,-0.27235778712278963,0.649892838190723,0.9205762337375161,-0.23079425323483174,1.075214779140144,0.7543763372282318,-0.17761318740860518,0.30181273739069503,0.5757447856151505,-0.2026963547760288,0.21247951015336622,0.1558778423149854,-0.29028243793557024,0.02503795219918355,0.7678577003889526,-0.32711079085110045,1.0208871411961435,0.7109158027251035,-0.2274625859907921,1.2438317008365858,0.6334463507923859,-0.2559520831171251,1.2766955056727327,1.6867748348918181,-0.1594444625819756,-0.01981940182135595,1.2605454290150018,-0.3330254467907331,0.6247190959406215,1.1173593705853089,-0.36839516924706517,0.9909544685818502,1.0481047148736107,-0.284411223321561,1.2947082637951075,1.4480001902738153,-0.4804025191739694,1.0786028034639674,1.1303638827721803,-0.20643745569993327,1.3350707939918467,1.606304846852031,-0.15245743224162925,1.004577283038209,1.5640091856583853,-0.3540799270402516,1.0466867401110416,1.5949356224363214,-0.0968396021238226,0.007840057187374454,1.5620821572297456,-0.2716112594730806,0.3578835917229684,1.67875575861394,-0.0350119448112731,-0.02192143622218379,1.4140063208460019,-0.48572844030051826,0.9864900577936742,1.5165337671507273,-0.1573379745349189,0.38134100717424557,1.0560614360089333,-0.3628576313028273,0.6453187651192116,1.166250540720706,-0.2641239643886389,1.1634526181694689,1.4799471564640272,-0.3351631484284306,0.40797675445379805,1.6183949993146176,-0.23998534185996906,0.21812501668140588,1.8324777345783663,-0.05754373683933391,-0.015053006493492622,1.3059264231991294,-0.37001771168993003,1.1426519550235066,1.556820522870449,-0.25044145183452704,1.0397671058477946,1.5996042987368755,-0.2707052815039426,0.9620733111109955,1.1629579233017977,-0.07832883752339721,0.9189714169660151,1.0497018801455467,-0.31074346927617563,0.7569424663947908,-33.46550750732422,-22.667055130004883,-37.4210090637207,13.028364181518555,1.0542101860046387,-13.749383926391602,-159.75088500976562,-128.5047607421875,-208.15768432617188,-3.699164628982544,32.72071075439453,-20.486995697021484,-1169.7816162109375,486.4082946777344,-2627.697265625,-638.5093994140625,62.13435363769531,302.3731689453125
1.025438078783995,-0.2514277993645889,1.1231227122395244,1.0905486864364695,-0.10724353837157712,1.0912715691999093,0.24574277167584715,-0.32349880483766275,0.1771357759142553,1.091560802909712,-0.09160764183577724,0.5602607240542671,0.9368537351587747,-0.15575428265116073,1.3098271887823445,0.6294212577161409,-0.3455288830577149,1.0070861917457834,1.0244186644917288,-0.08512869495775124,1.3533384243384101,0.7277267366055619,-0.2901216812481154,1.2946612276383584,0.6753178587220361,-0.31577429535570556,1.1556775481100905,0.32279485340742076,-0.371638570449605,0.18714321027232314,0.6945861644105406,-0.1945222242679818,0.2447533447616147,0.2788408179551559,-0.3870235846334736,0.0866464654242755,0.6019780931883298,-0.2645917450454068,0.9713621593469026,0.7246710291958802,-0.3209906885560776,0.1836196754300436,0.9946619106444301,-0.27014693237890486,0.6502042725583576,0.9244549711611095,-0.228651458434514,1.0747828055296513,0.756115855168033,-0.1758359575656472,0.3025902224494921,0.5769318105369213,-0.20111517724118497,0.21363174888175837,0.15724624140767854,-0.2901367574239409,0.025246469766542993,0.7690561901259895,-0.3212423129192255,1.018594376496132,0.7165313009789445,-0.22570299966544516,1.2437270100148308,0.6385318691169976,-0.2528112344937216,1.2764988583050028,1.68710751288774,-0.15916350518433464,-0.019530130944998076,1.2621047629031124,-0.3334579757902006,0.6237626764553272,1.1195804504369267,-0.3686424958587482,0.9893212679600875,1.052314523632163,-0.28538714092693573,1.2943346456976126,1.4499283024412115,-0.4848650596690491,1.0726385209339349,1.1352672930190102,-0.20822321473071895,1.3347659251153074,1.6085314012521148,-0.15628537140934648,1.0015494610300129,1.5659527693757946,-0.3585101557981886,1.0412744745513465,1.595044875381798,-0.09663982325486396,0.008210779637998773,1.5622633330474627,-0.27351526180837316,0.3569636890627691,1.6790168311027502,-0.034737081815864886,-0.021357779637817945,1.4148129439906567,-0.48877972749290066,0.9808790224869524,1.5180563660252173,-0.158968566812032,0.382806619172854,1.0572291413285084,-0.3614596974178656,0.6455473076823531,1.1705868988242367,-0.26654924886510845,1.1621983911817437,1.48002816391307,-0.3356285842246567,0.4059825113277563,1.6178649202087858,-0.2417004821908394,0.217551076723053,1.832819774845578,-0.05721099809774305,-0.0157599255399445,1.3095624754760438,-0.3741159368528433,1.1394737019444146,1.559042435805529,-0.25466491225243376,1.0358845798779799,1.6006744142794451,-0.2737839017680147,0.9575119411313774,1.1691751061685824,-0.07920685790429836,0.9193480500322304,1.0518827339671304,-0.309060491917544,0.7565819594441661,-22.801509857177734,11.23311996459961,-35.5342903137207,11.554435729980469,-0.6168514490127563,-7.522363185882568,-158.19400024414062,-123.5280532836914,-204.46885681152344,-3.488744020462036,32.14350509643555,-19.256166458129883,-1180.7667236328125,648.2764282226562,-2768.66943359375,-669.8975830078125,61.784915924072266,294.39971923828125
1.0292211901273154,-0.25114266663197654,1.1226091361203732,1.0965344704539564,-0.10800638000499325,1.0915882599274844,0.24697392522696615,-0.32196811315239676,0.1777703276533164,1.0956764335663898,-0.09064828424362957,0.5602159557358318,0.9421372099822715,-0.15580791239904251,1.3102832424719602,0.6304710023845267,-0.3364195914457976,1.005038551936876,1.030418015868458,-0.08612232302494385,1.353901350735039,0.7318536733949417,-0.2898746124955992,1.293132360802581,0.6781187051574122,-0.31096935755764465,1.1538209224378828,0.32425353296150417,-0.3697125310732042,0.1882443730503517,0.6959408969673888,-0.19284585207108648,0.2457441785280277,0.28058965849560596,-0.38581408629354275,0.08765860232493723,0.6046126204610658,-0.2541312813166763,0.9712525096950152,0.7258310185757693,-0.3192771945568112,0.1846186565543641,0.9967903198785337,-0.2679360776350201,0.6505157069259921,0.9283337085847029,-0.22650866363419628,1.0743508319191586,0.7578553731078341,-0.1740587277226892,0.3033677075082892,0.5781188354586922,-0.19953399970634111,0.21478398761015052,0.15861464050037166,-0.2899910769123115,0.025454987333902435,0.7702546798630264,-0.3153738349873505,1.0163016117961203,0.7221467992327855,-0.2239434133400982,1.2436223191930758,0.6436173874416093,-0.24967038587031812,1.2763022109372726,1.6874401908836616,-0.15888254778669372,-0.019240860068640203,1.263664096791223,-0.33389050478966814,0.6228062569700331,1.1218015302885445,-0.3688898224704313,0.9876880673383247,1.0565243323907152,-0.28636305853231053,1.2939610276001179,1.4518564146086077,-0.48932760016412874,1.066674238403902,1.1401707032658401,-0.21000897376150465,1.3344610562387682,1.6107579556521987,-0.16011331057706374,0.998521639021817,1.567896353093204,-0.3629403845561256,1.0358622089916514,1.595154128327275,-0.09644004438590532,0.008581502088623091,1.5624445088651795,-0.2754192641436657,0.3560437864025698,1.6792779035915602,-0.03446221882045667,-0.0207941230534521,1.4156195671353118,-0.49183101468528306,0.9752679871802304,1.5195789648997071,-0.1605991590891451,0.38427223117146253,1.0583968466480835,-0.360061763532904,0.6457758502454947,1.1749232569277677,-0.268974533341578,1.1609441641940188,1.4801091713621126,-0.3360940200208828,0.4039882682017145,1.6173348411029538,-0.24341562252170973,0.21697713676470012,1.8331618151127897,-0.05687825935615218,-0.016466844586396374,1.3131985277529579,-0.3782141620157566,1.1362954488653225,1.561264348740609,-0.25888837267034054,1.0320020539081654,1.6017445298220148,-0.2768625220320869,0.9529505711517592,1.175392289035367,-0.0800848782851995,0.9197246830984456,1.0540635877887143,-0.3073775145589123,0.7562214524935413,-11.809865951538086,44.28648376464844,-27.977985382080078,10.31931209564209,-1.0134605169296265,-1.9680206775665283,-161.32025146484375,-125.30545043945312,-200.327392578125,-3.4454824924468994,31.68718147277832,-19.07558822631836,-1219.8004150390625,740.6983032226562,-2831.5107421875,-679.2644653320312,64.80278778076172,288.9028015136719
1.033019657561321,-0.25088413987333413,1.1220896725623024,1.1025806850944924,-0.10890133511151699,1.09187660094918,0.2482009210087211,-0.3204639196297191,0.17839260998841944,1.0997696019561085,-0.08970144800595099,0.5602386492174982,0.9474644187270411,-0.15591466268956267,1.3106591032435562,0.6317302105047845,-0.3270715585607566,1.0031328481554196,1.0364382920280988,-0.08716630721033015,1.354439602387662,0.7358136337916583,-0.2895384727921707,1.291425783310505,0.6809546606035423,-0.3060321023823409,1.1519445157208978,0.3257020126214091,-0.3678234100637846,0.18935005218777437,0.697287698356521,-0.19113213494913467,0.24674958792447255,0.28230460407520763,-0.3846117081922411,0.08869728660642706,0.6074966326454617,-0.24349425301350497,0.9713131364015554,0.7270068984157991,-0.3175594115395419,0.185555153951937,0.9989876158979555,-0.2657567178768827,0.6508165945280466,0.9322358832651416,-0.2242734979172021,1.0738980460245877,0.7595912723351789,-0.17226791598938948,0.3041243287210433,0.579320100857722,-0.19793874106758477,0.21586636925079175,0.15996805615476425,-0.28983749335767417,0.025701175018256864,0.7716252271900114,-0.3092096585607686,1.014148158150793,0.7276738640291013,-0.22217959893361622,1.243401285828344,0.648664281166942,-0.2464893001643632,1.276008664574844,1.6877607565052462,-0.15871623138718258,-0.01894555234085053,1.2651672187625178,-0.3343854987660781,0.6218802121696093,1.123980610575897,-0.3692169576291217,0.9860696790628876,1.060725459989333,-0.2873193169666442,1.2935412287317365,1.4536862590455062,-0.4936968088150025,1.0606585251574485,1.1450464950492052,-0.21186317661345402,1.3341522311532734,1.6129583540736445,-0.16396829165172896,0.9955321603658184,1.5697361753871109,-0.367274947119075,1.0304408122766886,1.5952622750342287,-0.0964030126566129,0.009027385478222513,1.562633897097695,-0.2773136197040413,0.35579005495601934,1.6794914640732947,-0.034365819989154674,-0.020197086541956618,1.4163504973152616,-0.4947527125971207,0.9696604112126179,1.5208965721509315,-0.16220341492074217,0.38602323395921695,1.059549308375807,-0.35871639004014183,0.6460837607352149,1.179171434696147,-0.27140617400210426,1.159618612946264,1.4801894475687418,-0.3365636182739245,0.40233484966470706,1.616932073176302,-0.24523657269233112,0.21663306473402788,1.8333594818778385,-0.056779641232496465,-0.016704828068243943,1.3167249124176454,-0.38228210624282727,1.1330324466654795,1.5634571432277857,-0.2630830591680199,1.0280678159748482,1.6028098454143827,-0.2798978677451216,0.9484749440325806,1.1815898971052359,-0.08102477771162198,0.9201245002991316,1.05630697221156,-0.30566086723709734,0.7558792641028663,-11.525087356567383,45.165714263916016,-24.365848541259766,10.39236831665039,-0.2135370671749115,-2.54343318939209,-164.01087951660156,-124.88569641113281,-195.62957763671875,-3.428309440612793,31.137893676757812,-18.96396255493164,-1280.686767578125,753.1774291992188,-2852.157470703125,-681.035400390625,69.09437561035156,293.2138671875
1.036835259159669,-0.2506552997803846,1.1215636398618585,1.1086943275881127,-0.1099437010406658,1.0921333096674737,0.24942327759518523,-0.3189892924779299,0.17900120225173746,1.1038377071847978,-0.08876858296378563,0.5603366158655937,0.9528404253208083,-0.15608068432239505,1.310945485601362,0.6332231357397622,-0.31745714067623354,1.0013855150993298,1.0424819158402496,-0.0882664782223322,1.354950322220657,0.7395872836870861,-0.2891029486593032,1.2895209181387695,0.6838297903143016,-0.3009472088703259,1.1500460375223729,0.32713911134675633,-0.36597548217962916,0.19046077063146802,0.6986256502322014,-0.18937674875290986,0.2477712606554789,0.28398173001428306,-0.38341727477825244,0.08976559217599839,0.6106590174681302,-0.2326602158167509,0.9715637556764464,0.7282005086639859,-0.3158368428811333,0.18642193266492801,1.0012617750673103,-0.263612499892317,0.6511057141600854,0.936164208990059,-0.22193526570370664,1.0734220380025195,0.7613231338412556,-0.1704619497258143,0.30485767027400185,0.5805372556313774,-0.19632777088130554,0.2168708050882579,0.16130475344642103,-0.28967509167083844,0.02598939462262667,0.7731877545647273,-0.30271554486641056,1.0121501463138505,0.7331022557043869,-0.22041106687871043,1.2430504386788173,0.6536680779709719,-0.24326331834524687,1.2756069993341206,1.6880678072670436,-0.15867783020663737,-0.01864350875777915,1.2666076200687333,-0.33495019050623404,0.6209880591228308,1.1261128281915425,-0.36963314232447286,0.9844678182475615,1.0649169012410749,-0.28825363990486846,1.2930699018453131,1.4554064573831116,-0.4979618787765501,1.0545854260589906,1.1498914704417549,-0.21379374836059586,1.3338389917714706,1.6151295679294508,-0.1678534458015137,0.9925854648185882,1.5714602217768991,-0.3715027663486681,1.0250092271147977,1.595369187411883,-0.09654757247263232,0.00955713265236243,1.5628324486561957,-0.2791972114945089,0.35627963033732984,1.6796520111576612,-0.034468549593592315,-0.01956280505913775,1.416996970081961,-0.497529816153823,0.9640566951391715,1.521985451906722,-0.16377828482365758,0.3880926727853863,1.060684761464201,-0.35742966287972916,0.6464802291219598,1.1833212217747768,-0.27384490682589285,1.15821347883995,1.4802689078627833,-0.33703786095246574,0.4010617196165174,1.6166713577232614,-0.2471755843683583,0.21654547691739948,1.833396058208895,-0.05694225242990531,-0.01641957818326967,1.320128931115005,-0.38631626332043006,1.1296748822888003,1.5656174476573008,-0.2672456400283913,1.0240758783769925,1.6038698052728413,-0.2828849281696293,0.9440949878945257,1.187765663822755,-0.08203372112567847,0.9205501861130164,1.0586201276210758,-0.3039066513247838,0.7555575153685563,-23.61945915222168,16.366300582885742,-26.206539154052734,10.943840026855469,0.5840045213699341,-8.877601623535156,-159.31459045410156,-113.52107238769531,-192.44406127929688,-3.2046899795532227,30.56338882446289,-17.689172744750977,-1341.6417236328125,704.0018920898438,-2832.457275390625,-678.5390014648438,73.24134063720703,309.4172058105469
1.040650860758017,-0.2504264596874351,1.1210376071614145,1.114807970081733,-0.11098606696981458,1.092390018385767,0.25064563418164937,-0.3175146653261407,0.1796097945150555,1.1079058124134868,-0.08783571792162026,0.5604345825136892,0.9582164319145754,-0.15624670595522747,1.3112318679591677,0.6347160609747399,-0.30784272279171054,0.99963818204324,1.0485255396524007,-0.08936664923433427,1.3554610420536521,0.743360933582514,-0.2886674245264357,1.2876160529670337,0.686704920025061,-0.2958623153583108,1.148147559323848,0.3285762100721036,-0.3641275542954737,0.19157148907516167,0.6999636021078816,-0.18762136255668505,0.24879293338648523,0.2856588559533585,-0.3822228413642638,0.09083389774556971,0.6138214022907987,-0.22182617861999682,0.9718143749513374,0.7293941189121725,-0.31411427422272464,0.18728871137791903,1.0035359342366652,-0.2614682819077513,0.6513948337921244,0.9400925347149763,-0.21959703349021117,1.0729460299804512,0.7630549953473323,-0.16865598346223912,0.3055910118269604,0.5817544104050326,-0.1947168006950263,0.21787524092572405,0.1626414507380778,-0.28951268998400265,0.02627761422699648,0.7747502819394432,-0.2962214311720526,1.0101521344769082,0.7385306473796726,-0.21864253482380466,1.2426995915292904,0.6586718747750019,-0.24003733652613052,1.275205334093397,1.6883748580288414,-0.15863942902609213,-0.018341465174707777,1.2680480213749485,-0.33551488224639003,0.6200959060760524,1.1282450458071878,-0.37004932701982407,0.9828659574322355,1.069108342492817,-0.2891879628430928,1.2925985749588897,1.457126655720717,-0.5022269487380977,1.0485123269605325,1.1547364458343046,-0.21572432010773773,1.333525752389668,1.6173007817852574,-0.17173859995129848,0.9896387692713582,1.5731842681666872,-0.3757305855782612,1.0195776419529068,1.5954760997895374,-0.09669213228865174,0.010086879826502346,1.5630310002146968,-0.2810808032849765,0.3567692057186404,1.6798125582420274,-0.034571279198029964,-0.01892852357631888,1.4176434428486602,-0.5003069197105253,0.958452979065725,1.5230743316625126,-0.16535315472657303,0.39016211161155556,1.061820214552595,-0.3561429357193165,0.6468766975087046,1.1874710088534066,-0.2762836396496815,1.1568083447336361,1.4803483681568246,-0.3375121036310069,0.3997885895683277,1.616410642270221,-0.2491145960443855,0.21645788910077107,1.8334326345399516,-0.05710486362731416,-0.0161343282982954,1.3235329498123647,-0.39035042039803286,1.126317317912121,1.5677777520868161,-0.2714082208887627,1.0200839407791369,1.6049297651312997,-0.285871988594137,0.939715031756471,1.1939414305402738,-0.08304266453973495,0.9209758719269013,1.0609332830305918,-0.3021524354124702,0.7552357666342464,-36.43532943725586,-8.92819881439209,-28.659202575683594,10.440544128417969,0.7509883046150208,-14.357728004455566,-146.65086364746094,-93.43827819824219,-189.3118133544922,-2.8286173343658447,30.006147384643555,-15.449179649353027,-1357.2603759765625,667.9446411132812,-2780.001220703125,-668.830322265625,75.8282470703125,324.6189270019531
1.0438550852781885,-0.2502712866920509,1.120592926906434,1.119925272385805,-0.111866988414368,1.0926120711478176,0.25166564163387994,-0.31628776425557437,0.18014626649041832,1.1113581250834934,-0.0870656795207634,0.5605158426903731,0.9627444065169778,-0.15640058269761253,1.3114954122644387,0.6360978385470559,-0.29957861635858746,0.9982430763197262,1.0536111526141887,-0.09031924255044244,1.3558686288776776,0.7464724469263818,-0.28824667277320337,1.2859131310949266,0.689132704047967,-0.2914931007371049,1.1465486659119462,0.3297757030717583,-0.36254127145997755,0.19251930087015318,0.701120268824874,-0.18611556696181283,0.24964253920198268,0.2870863959291911,-0.38123053677429436,0.09174747481350068,0.6166758166243695,-0.2126147748520053,0.9721463930527895,0.73040854042729,-0.31265696833860024,0.18802090142144265,1.005484238365628,-0.25970049755068036,0.6516153928854608,0.9434705765436813,-0.21758155805977789,1.0725371075781767,0.7645307589840413,-0.16711461440419537,0.3062087531318727,0.58279172711025,-0.19333026864078676,0.21872618315827758,0.16380567296056545,-0.28939130310191225,0.026543418716466552,0.7762165314314379,-0.2905504706482231,1.008532740817165,0.7430730394969708,-0.21715590476200297,1.2423459429614592,0.6628720448506584,-0.2373124421728371,1.2748354677332947,1.6885824491646115,-0.15871501403139124,-0.01810672317341663,1.2692063328446141,-0.33600754414173145,0.6193447886713294,1.1300268820579475,-0.37038616293313487,0.981527615461918,1.0726368123332393,-0.2899850023700701,1.2921700485494754,1.4585207207313435,-0.5057678427917275,1.0433797808672425,1.1588182851968218,-0.21734315522064418,1.3332549609885311,1.619127885000595,-0.1749791333710907,0.9871917558426891,1.5745940362380828,-0.3792713476924703,1.0149751467420571,1.5955942549452877,-0.09684290717177041,0.01055950157665056,1.5631787551949357,-0.2827226799844904,0.35725641102585565,1.6799407869774774,-0.034762705694760664,-0.0183814576894835,1.4181501600916022,-0.5025903243102773,0.953742145505173,1.5239573906589028,-0.16666974684852623,0.3919615985344575,1.06274071908155,-0.3550640932771545,0.6472350499093137,1.1909509786706882,-0.2783620516393356,1.1556118142525882,1.4803938032775525,-0.33792258157635363,0.39879973390639234,1.616310405415415,-0.2507502289599928,0.216528388936788,1.8334620496295146,-0.057319386868386044,-0.01584718099160013,1.3263600062060827,-0.3937717764977584,1.1234558643094754,1.5696088991417787,-0.27487764088128536,1.0167529338242995,1.6058230498768635,-0.28835758586592997,0.9360582682470616,1.1991364225646512,-0.08395925391194035,0.9212859111116422,1.062844314322566,-0.3007126091331837,0.7549942479228342,-40.14861297607422,-8.598105430603027,-28.137527465820312,8.452213287353516,0.778675377368927,-14.583152770996094,-139.42169189453125,-85.5656509399414,-186.56646728515625,-2.735898971557617,29.781339645385742,-14.554718971252441,-1322.0645751953125,692.2459106445312,-2678.2568359375,-642.8868408203125,78.55276489257812,329.3060302734375
1.0463633805710748,-0.2501999687970869,1.1202408499670344,1.1239084427719874,-0.11256413794560542,1.0927946751086128,0.25245531549714256,-0.3153428492561871,0.18060064409544924,1.1141094823941489,-0.08648098633926832,0.5605780859261948,0.9663070681079333,-0.15654063493704165,1.3117329600631007,0.6373530969714487,-0.29285156657758943,0.997248910219464,1.0576062638633297,-0.09110384848930976,1.3561588196170251,0.7488302516424102,-0.2878427363882791,1.2844400808511192,0.6910512754261888,-0.2879385418745856,1.1452907892252435,0.33070472997940137,-0.3612528186266786,0.193281676373537,0.7020705790314453,-0.18489387981741637,0.2502962816136562,0.28822983273409847,-0.3804683149946447,0.09248492475722403,0.619179668805457,-0.20525041126356236,0.9725710672653274,0.7312189917888072,-0.3115016105060546,0.1885998894688704,1.0070616223954207,-0.2583612067908641,0.6517579096634656,0.9462222313841446,-0.21593347598878757,1.072204548594178,0.7657150069609383,-0.1658744357822352,0.306694906920392,0.5836243345247989,-0.19219921403471998,0.21940240394694124,0.16477356717878616,-0.2893166032847979,0.02678370812833802,0.7775731880143778,-0.28581650362701616,1.0073443274229568,0.7466069002025174,-0.21599016313916014,1.2419891055451324,0.6661574483312518,-0.23515793461574627,1.2745017979713464,1.6886768256196913,-0.15892034926951326,-0.01794859041947107,1.2700435420535259,-0.3364182146179755,0.6187542118378823,1.1314098799465508,-0.37063267629667623,0.9804892364321955,1.0754106232267342,-0.2906257724821173,1.2917902418319753,1.4595435488697708,-0.508484408950174,1.0393178642585579,1.1620314484400465,-0.21860714118606994,1.3330324880334716,1.6205632878060372,-0.17748589638546597,0.9853135295064245,1.5756460619683297,-0.3820300341540614,1.0113164028584563,1.5957252077314237,-0.09700075665254466,0.010967097578212511,1.5632686885382165,-0.2840894129102593,0.35774091848277095,1.6800322278051187,-0.03505509567527186,-0.01793366912999099,1.4184977939192034,-0.5043117524377557,0.9500476782092986,1.5246061643227835,-0.16769234192193735,0.39345379978023615,1.0634165481226334,-0.3542218855674693,0.6475500149640027,1.1936684969245204,-0.2800303111901346,1.1546527368343429,1.4804005076158915,-0.3382604762615747,0.3981344671734911,1.6163928410075359,-0.25204052647810105,0.2167788396114545,1.8334833130931223,-0.057593001478308474,-0.015557873853796865,1.328530307637145,-0.3964955825481983,1.1211591325453576,1.5710653670576233,-0.2775580373327463,1.0141742628141746,1.606526608696047,-0.2902723686979306,0.9332247133681317,1.2032150008425806,-0.0847707168748047,0.921464309984485,1.064297608587126,-0.29963065190425775,0.7548440548757843,-29.040008544921875,26.421323776245117,-24.22467041015625,5.317172050476074,0.6761153340339661,-7.368664741516113,-144.842041015625,-94.37825012207031,-183.71937561035156,-2.8889379501342773,29.698408126831055,-15.332906723022461,-1264.416748046875,766.6331176757812,-2567.5283203125,-611.9966430664062,80.75794219970703,317.1097717285156
1.0488716758639605,-0.25012865090212283,1.1198887730276348,1.1278916131581689,-0.11326128747684272,1.092977279069408,0.25324498936040507,-0.3143979342568,0.1810550217004801,1.1168608397048039,-0.08589629315777335,0.5606403291620166,0.9698697296988883,-0.1566806871764707,1.3119705078617627,0.6386083553958412,-0.2861245167965925,0.9962547441192021,1.0616013751124702,-0.09188845442817695,1.3564490103563724,0.7511880563584383,-0.2874388000033549,1.282967030607312,0.6929698468044103,-0.284383983012067,1.1440329125385411,0.3316337568870443,-0.3599643657933798,0.1940440518769207,0.7030208892380164,-0.1836721926730201,0.2509500240253296,0.2893732695390056,-0.3797060932149951,0.09322237470094726,0.6216835209865442,-0.19788604767512064,0.9729957414778653,0.7320294431503245,-0.3103462526735092,0.18917887751629806,1.0086390064252133,-0.25702191603104807,0.6519004264414705,0.9489738862246075,-0.21428539391779752,1.0718719896101794,0.766899254937835,-0.16463425716027527,0.30718106070891116,0.5844569419393476,-0.1910681594286534,0.2200786247356048,0.16574146139700674,-0.2892419034676836,0.02702399754020945,0.7789298445973174,-0.28108253660581,1.0061559140287488,0.7501407609080635,-0.21482442151631748,1.2416322681288057,0.6694428518118446,-0.23300342705865584,1.2741681282093984,1.688771202074771,-0.15912568450763523,-0.017790457665525537,1.2708807512624374,-0.33682888509421943,0.6181636350044352,1.1327928778351537,-0.37087918966021755,0.9794508574024732,1.0781844341202285,-0.29126654259416435,1.2914104351144753,1.460566377008198,-0.5112009751086202,1.035255947649874,1.1652446116832706,-0.21987112715149548,1.332810015078412,1.6219986906114792,-0.17999265939984083,0.98343530317016,1.5766980876985763,-0.38478872061565206,1.0076576589748563,1.5958561605175599,-0.09715860613331888,0.011374693579774395,1.5633586218814977,-0.28545614583602796,0.3582254259396862,1.6801236686327599,-0.03534748565578301,-0.017485880570498553,1.4188454277468043,-0.5060331805652339,0.9463532109134247,1.5252549379866644,-0.1687149369953483,0.3949460010260145,1.0640923771637165,-0.3533796778577843,0.6478649800186915,1.1963860151783519,-0.28169857074093335,1.1536936594160978,1.4804072119542304,-0.33859837094679573,0.39746920044059,1.6164752765996566,-0.25333082399620904,0.21702929028612097,1.83350457655673,-0.057866616088230856,-0.015268566715993649,1.3307006090682072,-0.39921938859863765,1.11886240078124,1.5725218349734678,-0.28023843378420676,1.0115955918040498,1.6072301675152305,-0.29218715152993097,0.9303911584892023,1.2072935791205093,-0.08558217983766891,0.9216427088573279,1.0657509028516856,-0.29854869467533196,0.7546938618287345,-13.852750778198242,63.807220458984375,-19.782556533813477,3.172187566757202,0.0017978986725211143,0.8667371273040771,-159.6460418701172,-109.91395568847656,-179.2000732421875,-2.9276490211486816,29.30608367919922,-16.633190155029297,-1199.628662109375,840.0829467773438,-2423.115234375,-574.6522827148438,82.73119354248047,292.2088623046875
1.0519957287816808,-0.24995320009079994,1.1194197008546616,1.132733342071242,-0.11404856041517863,1.0931727866463314,0.25424655877201746,-0.3132317396781304,0.1816394633508675,1.1202440703941492,-0.08530917595948612,0.5607255162387494,0.9742839381789523,-0.15695122333354503,1.3122133419213706,0.6403502893961026,-0.2776678363909797,0.9951366721004842,1.066514405193707,-0.09290588069830494,1.356790301618197,0.753959400863047,-0.28678115062563636,1.2810537522991765,0.6953430733341252,-0.27982333213683064,1.1425220845945625,0.33277338072164153,-0.35838169032177414,0.1949384416521384,0.7042161387126176,-0.18216305361776974,0.251742604207124,0.2907992276233551,-0.3787038605043432,0.09411684770309754,0.6250526404736052,-0.1887427287928724,0.973627653639048,0.7330521342178052,-0.3088402119989429,0.18984290002691026,1.0104424882408796,-0.2554256771968692,0.6521218792097457,0.9524398929630679,-0.21219876327163367,1.0714551074220646,0.7683379409328989,-0.16310242561019042,0.30776462945717054,0.5854815617697127,-0.18963169706183575,0.22086534994524826,0.16690203799119832,-0.28910105655722274,0.027337596538963848,0.7806208204749402,-0.2751786539590131,1.0048343529369659,0.7544263169070736,-0.21337200119005945,1.2410892368547175,0.6734642111110366,-0.23027940289370313,1.2736688039160724,1.688885989370725,-0.15938980645493953,-0.01765057386904463,1.2718872125969816,-0.3373004301691686,0.6174873399813444,1.134455882358235,-0.3711888398851779,0.9781832143368312,1.081609299443415,-0.2920820575873582,1.2909436987725316,1.461704768684526,-0.5143463708312301,1.0301773435627395,1.169224704930324,-0.22148105576140967,1.3325124148106733,1.6237542425954576,-0.1830130134098573,0.9811844505024275,1.577942162554785,-0.38805729264257716,1.003197587681133,1.5960608823409932,-0.09743837230154216,0.011935721068266715,1.5633769337309906,-0.28703657310727393,0.35874553306015905,1.6802672011568056,-0.03577855337312475,-0.01682312499935324,1.419238031502591,-0.5080298980734993,0.9417654664705928,1.526050331971503,-0.1699353676313989,0.3967477789284375,1.064899022808138,-0.35234926182110593,0.6482687377377061,1.1996837189260692,-0.2837558752357562,1.152489303160977,1.480359934023674,-0.33913504648090187,0.39679421469667897,1.6167060945997174,-0.2547322614796902,0.217387567835533,1.8336019768620169,-0.05828036422168965,-0.014943667227982137,1.333282357809559,-0.4025592321887706,1.115992697066819,1.5742306117190428,-0.28339767737301724,1.0084159940678556,1.6081117705398835,-0.2944488819466518,0.9269276391591462,1.2123032918828995,-0.08665279577800754,0.9218271281940258,1.0674531653227393,-0.29724343422035526,0.7545481290643579,-4.800160884857178,79.98042297363281,-14.461960792541504,2.0682029724121094,-1.2895513772964478,4.950092315673828,-162.3266143798828,-107.64498138427734,-174.12379455566406,-2.7013373374938965,28.60495948791504,-16.09636116027832,-1146.839599609375,859.9273681640625,-2261.286376953125,-536.2237548828125,84.41310119628906,262.428955078125
1.0558348550701773,-0.24965682073144724,1.118814763249151,1.1385721066929646,-0.11494049279401634,1.093383279067791,0.2554942004333269,-0.3118085752654549,0.18237494711844338,1.124361089523265,-0.08471924377395618,0.5608373477758951,0.9796870398205637,-0.1573732892014333,1.3124623148646575,0.6426573950328575,-0.2672025526793587,0.9938747093377523,1.0724934055315738,-0.09419367896602643,1.357190935422253,0.7572109851221375,-0.2858288668046724,1.2786292414002072,0.6982442864913814,-0.274094316343598,1.140717506803424,0.33415756872947644,-0.35645733694761794,0.19598613832367967,0.7056958337888023,-0.18032009944023675,0.25269641534776877,0.2925532749354445,-0.37742290542220436,0.09519367006342143,0.6294265865095404,-0.17753352634362035,0.974500229224464,0.7343212972018892,-0.30692692673364225,0.19060567223670466,1.0125085352272387,-0.2535310470505266,0.6524349995796254,0.9567354696475907,-0.20960285040913829,1.0709403015130403,0.7700721033361574,-0.16123190033712134,0.30846132525545084,0.586729163760381,-0.18784056761801637,0.22178040286957823,0.16828637476393718,-0.2888833936673916,0.027736329251517918,0.7827000381141309,-0.26791615961797977,1.0033581687125148,0.7595848093759145,-0.2115866636598347,1.240329980455487,0.6783402287802159,-0.22689400460349013,1.2729771066185653,1.6890244795786624,-0.15972219683871364,-0.017531882410264567,1.2730902247870994,-0.33784266832648524,0.6167115012541512,1.136444055876195,-0.37157181033630243,0.9766493291649597,1.085790227975277,-0.29310050211994854,1.2903760118989756,1.4629773631790617,-0.5179897621767411,1.0239180701457902,1.1740954265689219,-0.223492724216537,1.3321275699217587,1.625881580722253,-0.18662979567287774,0.9785008704820216,1.5794092622024334,-0.3919179898421496,0.9978069426208143,1.5963512714335462,-0.09785971913906123,0.012674927057710705,1.563312072232859,-0.2888651615539134,0.35930698172540854,1.6804712272637727,-0.03637066620420541,-0.015910730317901103,1.419682858400787,-0.5103463064755825,0.9361403679216145,1.5270159947161643,-0.1713855427918055,0.3989090652063193,1.0658575845080496,-0.3511002812756608,0.6487756095185185,1.203655186473139,-0.28626497385912386,1.1510001069662588,1.480249967006658,-0.339902564291133,0.39610794235933694,1.6171092276541603,-0.2562627647294114,0.21787106369110132,1.8337877941447378,-0.05885684805990055,-0.01457743468811575,1.3363419163306027,-0.406614474212097,1.1124576065713996,1.5762323922668862,-0.28711300150842856,1.004538545940096,1.6092001345773406,-0.29711351923595203,0.9227325482084262,1.218394322111117,-0.0880243635631555,0.922018539037136,1.0694445521626252,-0.2956788538899643,0.7544075759830854,-9.316985130310059,62.95418167114258,-10.869569778442383,2.0728015899658203,-1.7588707208633423,1.4659603834152222,-145.71572875976562,-83.73131561279297,-169.72787475585938,-2.439565420150757,27.776329040527344,-13.464434623718262,-1110.583984375,797.0947875976562,-2115.6015625,-501.66192626953125,86.1109390258789,245.41445922851562
1.0596739813586733,-0.24936044137209457,1.1182098256436406,1.1444108713146863,-0.1158324251728539,1.0935937714892507,0.2567418420946361,-0.3103854108527797,0.1831104308860191,1.1284781086523799,-0.08412931158842633,0.5609491793130407,0.9850901414621742,-0.1577953550693215,1.3127112878079445,0.6449645006696119,-0.2567372689677395,0.9926127465750209,1.0784724058694395,-0.09548147723374771,1.3575915692263092,0.7604625693812274,-0.2848765829837086,1.2762047305012383,0.7011454996486371,-0.26836530055036634,1.1389129290122861,0.33554175673731107,-0.3545329835734621,0.19703383499522079,0.7071755288649868,-0.17847714526270408,0.25365022648841334,0.29430732224753353,-0.3761419503400658,0.09627049242374512,0.6338005325454747,-0.16632432389437024,0.9753728048098798,0.735590460185973,-0.30501364146834187,0.19136844444649895,1.0145745822135974,-0.2516364169041843,0.652748119949505,0.9610310463321128,-0.20700693754664332,1.0704254956040162,0.7718062657394156,-0.1593613750640526,0.309158021053731,0.5879767657510492,-0.1860494381741973,0.22269545579390806,0.16967071153667582,-0.28866573077756047,0.028135061964071922,0.7847792557533213,-0.2606536652769478,1.0018819844880642,0.7647433018447545,-0.20980132612961025,1.2395707240562566,0.6832162464493945,-0.2235086063132777,1.2722854093210587,1.6891629697865997,-0.1600545872224877,-0.017413190951484525,1.274293236977217,-0.33838490648380176,0.6159356625269581,1.1384322293941547,-0.3719547807874269,0.9751154439930885,1.0899711565071382,-0.2941189466525387,1.2898083250254195,1.464249957673597,-0.5216331535222513,1.0176587967288417,1.1789661482075189,-0.22550439267166394,1.3317427250328444,1.628008918849048,-0.19024657793589758,0.9758172904616161,1.5808763618500816,-0.3957786870417214,0.9924162975604963,1.5966416605260987,-0.09828106597658022,0.013414133047154568,1.5632472107347273,-0.29069375000055253,0.35986843039065797,1.6806752533707399,-0.03696277903528598,-0.01499833563644912,1.4201276852989828,-0.5126627148776653,0.9305152693726372,1.5279816574608254,-0.1728357179522119,0.4010703514842007,1.066816146207961,-0.34985130073021586,0.6492824812993309,1.2076266540202083,-0.28877407248249104,1.1495109107715404,1.4801399999896423,-0.34067008210136396,0.395421670021995,1.617512360708603,-0.2577932679791323,0.21835455954666957,1.8339736114274587,-0.059433331898111355,-0.014211202148249428,1.339401474851646,-0.41066971623542275,1.1089225160759808,1.578234172814729,-0.29082832564383926,1.000661097812337,1.6102884986147974,-0.29977815652525175,0.9185374572577067,1.2244853523393338,-0.08939593134830323,0.9222099498802463,1.0714359390025106,-0.29411427355957354,0.7542670229018129,-20.326967239379883,34.34355926513672,-10.206151962280273,2.4349544048309326,-0.8616195321083069,-5.1425886154174805,-129.38760375976562,-64.6361083984375,-167.97096252441406,-2.337404727935791,27.18749237060547,-11.636503219604492,-1064.621337890625,676.933837890625,-1949.33251953125,-460.8905334472656,88.0457534790039,241.21214294433594
1.0635694146945773,-0.24902607836075968,1.1175774880592397,1.150238033162047,-0.1167868109827009,1.093735827515457,0.2579652886122267,-0.3089649837143375,0.18381920920697262,1.1325857402473092,-0.08366251248397577,0.5611214215392308,0.9905136160503155,-0.15818129845012888,1.3129436464499165,0.6475504723605727,-0.24608905998286928,0.9915169359042946,1.0844497356983205,-0.09681360640667908,1.3579608628291957,0.7636156117679265,-0.2837592773879602,1.2736612503102287,0.7041532803844929,-0.2624922714486033,1.1371025589128205,0.3369616064804278,-0.35258402196776806,0.19805915683310543,0.708634723890696,-0.17661303508755405,0.2545697195640462,0.2960620550130375,-0.3748747587993446,0.0973557365552478,0.6385304331779474,-0.15503358199501782,0.9763996391896379,0.7368506895785298,-0.3031410158469979,0.19211348338632386,1.0165690878369158,-0.24976477895351454,0.6531182101230747,0.9653606414794917,-0.204390415687435,1.0699842647211442,0.7735473280710888,-0.15748478284734782,0.3098375986743446,0.5892067547665525,-0.18424143568174747,0.2235729563117816,0.17110146394628548,-0.28847839579676954,0.028565167504923977,0.7869777967598263,-0.2532717295435098,1.0005412567530247,0.7698095350076026,-0.20789445226160916,1.2387402349749939,0.6880699664551686,-0.22010353414822922,1.2715304687323161,1.6893290233927847,-0.16042474109605445,-0.017331864364099822,1.275387430033147,-0.33905324083290345,0.6151800242480854,1.1404009560086077,-0.37233293944636714,0.9735368273116107,1.094139955691154,-0.29516364722851873,1.289217723126443,1.4654405156508186,-0.525171838454063,1.0113774889352312,1.1838254486488187,-0.2275381318188659,1.3313436626598536,1.6301308641370555,-0.19383221973251788,0.9731806844275521,1.5822622602349083,-0.39952606653535566,0.9870679962713992,1.5969896095477982,-0.09879541885576494,0.014188971407464718,1.5632327731871447,-0.29257078320774793,0.36040996913088863,1.680929612639724,-0.03761460178143134,-0.01394502069825775,1.4205415533078427,-0.5148295491736454,0.924879757379065,1.5289936768298116,-0.17431502034332563,0.40317289758202235,1.0676811594047293,-0.3485886519713119,0.6497974877325904,1.211562332728051,-0.29128122369185167,1.1479813499955942,1.4800013437965849,-0.34160963510045933,0.39490378771396667,1.6178855335475593,-0.2592725483392247,0.21878917031730244,1.8342342203026576,-0.06004083023363385,-0.013936414087302259,1.342367684604316,-0.41464086992061655,1.1052715794140144,1.5801623964941263,-0.2944638148838318,0.9968372239971797,1.6113939308962284,-0.3024229383626518,0.9143865440065502,1.2305366716637511,-0.090871570027427,0.922341204242201,1.073430031340643,-0.2925626351343876,0.7541883603626529,-29.426542282104492,17.44763946533203,-12.836325645446777,2.5559375286102295,0.8080495595932007,-9.417366027832031,-126.91313934326172,-64.61991882324219,-165.21194458007812,-2.353393077850342,26.629257202148438,-11.801849365234375,-1015.2784423828125,594.8474731445312,-1807.6375732421875,-427.5536804199219,88.993896484375,245.7876434326172
1.0675315596409982,-0.24864671297914145,1.116912687456371,1.1560514482441329,-0.11781519053146147,1.0937968012907646,0.25916006914432477,-0.3075477996508017,0.18449634737921078,1.1366822496549973,-0.08334159931254308,0.5613652372991802,0.9959612281511953,-0.15852444453646017,1.3131563207566344,0.6504668397027137,-0.23522412431555845,0.9906179793425743,1.0904250863372096,-0.09819825806513136,1.3582930251067837,0.7666519034579891,-0.28244645686339065,1.2709768173710398,0.7072873205341251,-0.25644861788347056,1.1352853261871843,0.3384237076273028,-0.3506059049573165,0.19905796935720163,0.710069630813125,-0.17472385965435705,0.25544855319308923,0.2978175998918268,-0.37362387406312864,0.09845095865477792,0.6436820626258851,-0.14364623357325965,0.9776092367061716,0.7381003346072128,-0.30131656306468885,0.19283751225629392,1.018478832497502,-0.247920381756413,0.6535557971292774,0.9697305411100389,-0.20174947664733747,1.0696302042496915,0.7752965653179498,-0.15560100262133486,0.31049689497576644,0.5904158762353935,-0.1824134422947239,0.22440596539157118,0.17258720879523173,-0.2883269927951674,0.02903244302712925,0.789317710016737,-0.24574828172558963,0.9993610155108749,0.7747664609492221,-0.2058435842542853,1.2378253506508883,0.6928972685771274,-0.21667515271842866,1.2707005985920004,1.68952773363385,-0.16083963649557126,-0.01729480702652047,1.2763526960713973,-0.33987097175705516,0.6144483191090704,1.1423466422699935,-0.372705397177611,0.9719052135154901,1.0982943842347885,-0.29623945550808056,1.2885999719038703,1.4665338781890491,-0.5285864690479065,1.0050700751953565,1.1886712174541905,-0.22959801993820056,1.3309277556589898,1.6322464200834566,-0.19738096684612194,0.9705997323555662,1.5835519527757405,-0.4031391891817384,0.9817698631460302,1.5974057545725084,-0.09941996367561898,0.015006026381083986,1.5632780770592343,-0.2945052129247331,0.3609279189382168,1.681243605763707,-0.03833716779651233,-0.012724745890668363,1.420918741763033,-0.5168191706700042,0.9192319077174393,1.5300606187210968,-0.1758288321708212,0.4052058493360779,1.0684353379619043,-0.34730980935080946,0.6503221319605973,1.2154556094415931,-0.2937860676389657,1.1464039659658014,1.4798286971666954,-0.3427530123994051,0.3945854109841467,1.6182232100442546,-0.2606911407105181,0.21916586288947934,1.834583440955901,-0.0606850740061888,-0.013769967854639745,1.3452232963596749,-0.4185123972051981,1.1014833902286376,1.582003471275039,-0.2980047171281664,0.9930768240958648,1.612519585336281,-0.3050441958059539,0.9102879717255269,1.2365409421999725,-0.09247051009180533,0.9224011862514824,1.0754273291060468,-0.29102633005341155,0.7541830246614305,-28.489330291748047,27.18539047241211,-14.778800964355469,1.8611832857131958,1.1463534832000732,-7.225228786468506,-136.74267578125,-80.57905578613281,-159.33702087402344,-2.525144338607788,26.069726943969727,-13.297988891601562,-963.3999633789062,572.4617309570312,-1673.904296875,-398.17486572265625,89.24897766113281,247.87925720214844
1.0714937045874184,-0.24826734759752325,1.1162478868535024,1.1618648633262179,-0.11884357008022185,1.0938577750660725,0.2603548496764227,-0.3061306155872661,0.18517348555144883,1.1407787590626848,-0.08302068614111043,0.5616090530591296,1.001408840252074,-0.15886759062279138,1.3133689950633523,0.653383207044854,-0.22435918864824944,0.9897190227808542,1.096400436976098,-0.0995829097235834,1.3586251873843718,0.7696881951480511,-0.2811336363388213,1.2682923844318517,0.7104213606837568,-0.25040496431833875,1.1334680934615482,0.33988580877417757,-0.34862778794686533,0.20005678188129764,0.7115045377355538,-0.17283468422116038,0.2563273868221321,0.2995731447706159,-0.3723729893269129,0.09954618075430785,0.6488336920738219,-0.1322588851515034,0.9788188342227051,0.7393499796358954,-0.2994921102823801,0.19356154112626384,1.0203885771580878,-0.24607598455931182,0.6539933841354799,0.9741004407405852,-0.19910853760724043,1.069276143778239,0.7770458025648104,-0.15371722239532223,0.3111561912771882,0.5916249977042343,-0.18058544890770065,0.22523897447136063,0.17407295364417774,-0.2881755897935653,0.029499718549334437,0.7916576232736473,-0.23822483390767074,0.9981807742687251,0.7797233868908408,-0.20379271624696182,1.2369104663267831,0.6977245706990853,-0.2132467712886287,1.2698707284516846,1.6897264438749149,-0.16125453189508804,-0.017257749688941122,1.2773179621096478,-0.3406887026812067,0.6137166139700555,1.1442923285313789,-0.37307785490885476,0.9702735997193697,1.1024488127784222,-0.29731526378764217,1.2879822206812979,1.4676272407272792,-0.5320010996417494,0.998762661455483,1.1935169862595614,-0.2316579080575349,1.330511848658126,1.634361976029857,-0.2009297139597254,0.9680187802835806,1.5848416453165723,-0.40675231182812055,0.9764717300206621,1.5978218995972184,-0.1000445084954729,0.015823081354703117,1.5633233809313238,-0.29643964264171796,0.36144586874554485,1.6815575988876899,-0.039059733811593195,-0.011504471083079183,1.4212959302182229,-0.5188087921663624,0.9135840580558147,1.5311275606123818,-0.17734264399831653,0.40723880109013305,1.0691895165190792,-0.3460309667303073,0.6508467761886041,1.2193488861551347,-0.2962909115860793,1.1448265819360088,1.4796560505368062,-0.3438963896983506,0.39426703425432674,1.6185608865409498,-0.2621097330818113,0.21954255546165616,1.8349326616091444,-0.06132931777874364,-0.013603521621977262,1.3480789081150333,-0.4223839244897791,1.0976952010432617,1.5838445460559516,-0.3015456193725004,0.9893164241945508,1.6136452397763335,-0.3076654532492555,0.9061893994445044,1.2425452127361927,-0.09406945015618338,0.9224611682607639,1.07742462687145,-0.2894900249724357,0.754177688960208,-18.316944122314453,55.05619812011719,-13.850611686706543,0.34348052740097046,-0.34492015838623047,-0.14502984285354614,-140.82135009765625,-86.51437377929688,-154.29364013671875,-2.49367094039917,25.613861083984375,-13.540980339050293,-915.340087890625,601.5230712890625,-1540.7431640625,-367.9249572753906,89.56806182861328,237.814208984375
1.0754987029050356,-0.24780294449617535,1.1155600610947767,1.1676822117227588,-0.11994884457957261,1.0938410164899384,0.26160361899050644,-0.30467892073045516,0.18587157670531837,1.1448692337961384,-0.08289736252746834,0.5618298795839018,1.0068315772820777,-0.15922926504485652,1.3135924455740593,0.6567209060026318,-0.213300281309135,0.9889568252279269,1.1023426687480593,-0.10098710559949958,1.3589625940812344,0.7724765533248319,-0.27964090708865247,1.265499668602912,0.7136182081423056,-0.24412585518612817,1.1317037359768194,0.34136079197490443,-0.346634781814569,0.20104369343511308,0.712965783496566,-0.17094160241401762,0.2571738424482724,0.301354548048894,-0.3710529168710015,0.10060952325036976,0.6543881360268746,-0.12082397101434739,0.9802257709747907,0.7406183303586693,-0.2976095827407396,0.19423106709951593,1.0223056496373863,-0.24424590848830377,0.6544399962125235,0.978469864422122,-0.1965220139072038,1.0690202365647878,0.778841027262195,-0.1518372183307908,0.31178252586465793,0.5928549172467742,-0.17870297956446954,0.2260298822691898,0.17556049452712194,-0.2879656181232819,0.0299729810386205,0.7939631065588122,-0.23071940480083877,0.9971757361430996,0.7846256415575542,-0.20169505930894274,1.2358929925407007,0.7024363159935992,-0.20980491511375726,1.2690233829005666,1.6899555789319094,-0.16164022378179407,-0.017244022552368062,1.278193839535808,-0.3416042905177501,0.6130161328820993,1.146181367880461,-0.3734518841698469,0.9686752574530659,1.1066027563928764,-0.29841526464515955,1.2873519690620978,1.4685971798091535,-0.5353103120200678,0.9924841099819605,1.1983196322886356,-0.23370230313859222,1.330084033951854,1.6364635947524315,-0.20444280306333712,0.9654530855204098,1.5861154788772,-0.4102735224346449,0.9711761382834015,1.5982639793528626,-0.10059011200849975,0.016627171909473527,1.5633791916023028,-0.29829590895910124,0.3619578871505939,1.68190427983044,-0.039721164513157256,-0.010271806447205557,1.4216216443390246,-0.5206636392714961,0.9079677736917083,1.5321799546282813,-0.178767087419104,0.4092252131132099,1.069892795472745,-0.3447326326508397,0.6513783800483539,1.2232280819621304,-0.2987825187626262,1.1431884739967373,1.4794083656064723,-0.3452201112611403,0.3940385849467966,1.6187493664934145,-0.26346381191188917,0.2199113948751759,1.8352982261717714,-0.06194307387417906,-0.01349565388005696,1.350814401116592,-0.42618614282236955,1.093836912650936,1.5856370560775528,-0.3051093312486115,0.9856139553698485,1.614744851723412,-0.31025423390778467,0.9021264245573262,1.2484968774366059,-0.09575102349977606,0.9224652487118513,1.0793852137019302,-0.28796120037306233,0.7541854104261525,-8.914320945739746,70.4461669921875,-10.759491920471191,-0.679140567779541,-1.862388253211975,4.26566743850708,-131.9272003173828,-72.48854064941406,-151.08502197265625,-2.038022041320801,25.11394691467285,-11.791754722595215,-892.523681640625,624.7172241210938,-1449.4700927734375,-344.5619812011719,90.65694427490234,219.144287109375
1.079555502001023,-0.24723574854680253,1.1148444027300703,1.1735043146752357,-0.12114706901919747,1.0937302957307424,0.2629176494696281,-0.30318550953012446,0.186594995639182,1.14895241386843,-0.08301288343423248,0.5620229169232955,1.0122242455450898,-0.15961333635627034,1.3138289222654127,0.6605679069133779,-0.20200690271838753,0.9883599407625515,1.1082448667248346,-0.10241492635366914,1.3593063401860117,0.7749652116503933,-0.277930705752594,1.2625760613687784,0.716890976523721,-0.23756212943437166,1.1300032936184614,0.3428513468890788,-0.34462377784267983,0.2020162192006773,0.714458867414108,-0.1690437986163906,0.25798115982914593,0.3031672087331479,-0.36964921090776576,0.10163432996201976,0.6604294986124852,-0.10933155985857623,0.9818712496599612,0.7419092923600151,-0.29565685494056626,0.19483471045036183,1.0242315799195243,-0.24243314366861707,0.6548975177158582,0.9828387127806804,-0.1940012669918556,1.0688829761467233,0.7806918411854874,-0.14996177885706086,0.3123690166220759,0.5941099773179614,-0.17675466016428384,0.22676989840750653,0.17705020644017383,-0.287684849161186,0.03045348052108124,0.7962269711968122,-0.22323575655356243,0.9963824820044815,0.7894618100677888,-0.19954084432283012,1.2347515095148656,0.7070083772109828,-0.20634677078550268,1.2681549132265004,1.6902214912389288,-0.1619906147189487,-0.01725849675767074,1.2789616647935071,-0.3426381669297122,0.6123533951525657,1.148001932939946,-0.3738278130821834,0.9671171335195076,1.1107561138292017,-0.2995445092782278,1.2867066070733482,1.4694179257020255,-0.5384920957862143,0.986240446962269,1.2030701518848237,-0.23572797037118293,1.329641825315968,1.6385483662813702,-0.20791278907794783,0.962905833658004,1.5873701422419768,-0.41368363057540697,0.9658836185537434,1.598737408783262,-0.10104029196382353,0.017415591188712526,1.5634477027994118,-0.3000576920461968,0.3624627357287122,1.6822904735211504,-0.040308695385195485,-0.009024165095823253,1.4218851367369392,-0.5223555722773467,0.902389645181745,1.5332147633003081,-0.1800835030955193,0.41115536831862065,1.0705345474331582,-0.3434107374671281,0.6519183966497711,1.2270902568930817,-0.30125812544727926,1.1414769635295239,1.479069975038238,-0.34676183138462074,0.3939188391167597,1.6187574989748317,-0.264739907340498,0.2202707414595496,1.8356835471083786,-0.06251997673353604,-0.01345859530277008,1.353404695624547,-0.42990458110310337,1.0898938889535064,1.5873708614450415,-0.30870061520709063,0.9819815131212707,1.6158129837339286,-0.3128037569143911,0.8981064794868828,1.254384952665164,-0.09753248322483697,0.9224017558508362,1.0813014246770085,-0.28644141811408763,0.75420891528098,-5.92072868347168,64.90550994873047,-7.3809309005737305,-0.6978515982627869,-2.146912097930908,3.4088950157165527,-120.47520446777344,-57.66153335571289,-148.0502166748047,-1.8166770935058594,24.57201385498047,-10.300823211669922,-884.255859375,595.5660400390625,-1362.910400390625,-322.804443359375,93.35778045654297,197.77191162109375
1.083612301097011,-0.2466685525974296,1.1141287443653638,1.1793264176277134,-0.12234529345882254,1.0936195749715465,0.2642316799487499,-0.30169209832979355,0.18731841457304574,1.1530355939407222,-0.08312840434099665,0.5622159542626892,1.0176169138081026,-0.15999740766768425,1.314065398956766,0.6644149078241247,-0.19071352412763817,0.987763056297176,1.1141470647016107,-0.10384274710783895,1.359650086290789,0.7774538699759552,-0.27622050441653523,1.2596524541346443,0.720163744905137,-0.23099840368261404,1.1283028512601032,0.34434190180325347,-0.34261277387079025,0.2029887449662417,0.7159519513316501,-0.16714599481876324,0.2587884772100196,0.3049798694174021,-0.3682455049445298,0.10265913667366994,0.6664708611980968,-0.09783914870280311,0.983516728345132,0.7432002543613611,-0.29370412714039257,0.19543835380120783,1.0261575102016627,-0.2406203788489301,0.6553550392191931,0.9872075611392394,-0.19148052007650698,1.0687457157286586,0.7825426551087803,-0.14808633938333057,0.31295550737949396,0.5953650373891489,-0.17480634076409785,0.2275099145458234,0.178539918353226,-0.2874040801990901,0.030933980003542062,0.7984908358348126,-0.21575210830628483,0.9955892278658633,0.7942979785780243,-0.19738662933671713,1.2336100264890304,0.7115804384283672,-0.20288862645724753,1.267286443552434,1.690487403545948,-0.16234100565610343,-0.017272970962973422,1.2797294900512064,-0.34367204334167456,0.6116906574230321,1.1498224979994314,-0.3742037419945199,0.965559009585949,1.1149094712655276,-0.30067375391129625,1.2860612450845983,1.4702386715948976,-0.5416738795523611,0.9799967839425763,1.2078206714810125,-0.23775363760377397,1.3291996166800821,1.6406331378103092,-0.21138277509255912,0.9603585817955977,1.5886248056067536,-0.41709373871616967,0.9605910988240842,1.5992108382136616,-0.10149047191914738,0.018204010467951656,1.5635162139965209,-0.3018194751332927,0.3629675843068306,1.682676667211861,-0.04089622625723382,-0.007776523744440737,1.422148629134854,-0.5240475052831978,0.8968115166717807,1.5342495719723355,-0.18139991877193481,0.4130855235240317,1.0711762993935718,-0.3420888422834163,0.6524584132511884,1.2309524318240337,-0.3037337321319327,1.13976545306231,1.4787315844700037,-0.3483035515081014,0.3937990932867227,1.6187656314562489,-0.26601600276910703,0.2206300880439234,1.836068868044986,-0.06309687959289313,-0.013421536725483194,1.3559949901325024,-0.43362301938383785,1.0859508652560759,1.5891046668125304,-0.3122918991655703,0.9783490708726921,1.6168811157444456,-0.315353279920998,0.8940865344164387,1.2602730278937233,-0.09931394294989819,0.922338262989821,1.0832176356520873,-0.28492163585511265,0.7542324201358075,-12.53249740600586,40.788665771484375,-4.505651473999023,0.23637403547763824,-0.9680722951889038,-2.642040967941284,-116.25479125976562,-58.277896881103516,-142.51712036132812,-2.183514356613159,23.889842987060547,-10.521220207214355,-882.2643432617188,519.2991943359375,-1296.3223876953125,-309.347412109375,96.31021118164062,190.04461669921875
1.08703155154424,-0.24625808602532015,1.1135459530432492,1.1842537107846594,-0.12346576825277689,1.093463452051807,0.2653563438069741,-0.30041442288468223,0.1879225085113222,1.1564854529519744,-0.083237001018611,0.5624065669561853,1.0222045108182538,-0.1603323865607874,1.3142576813697815,0.6678355973682655,-0.1810254409711886,0.98735115543896,1.1191923235425885,-0.10508715183726994,1.3599331896036666,0.779601594667561,-0.27461298639016446,1.2571108929368835,0.7229948458292625,-0.2253439379054192,1.126871322559205,0.3456279871282198,-0.3408766963229275,0.2038159207595105,0.7172460366558554,-0.16552542219098837,0.25943181125928233,0.3065203702607691,-0.36706372513281593,0.10355269610388386,0.6718124958458324,-0.08806965939256571,0.9850168437357769,0.7442875638702847,-0.2920345855469736,0.19595080204554738,1.027753564300916,-0.2390730949920535,0.6557430275623372,0.9909508153302778,-0.18934142619174057,1.068657605458569,0.7841171215701577,-0.14648242916492443,0.31342236450965827,0.5964451144073183,-0.17314869022329918,0.22808838310028542,0.17982509628629048,-0.28713483496612274,0.03134938124073852,0.8012068480845317,-0.20906127041933584,0.9950915851340388,0.7983647083604571,-0.19552892944868044,1.2325707693763126,0.7154640423146303,-0.19988336246337335,1.2665203063693269,1.6907070788326641,-0.16259386010517346,-0.017301251994606276,1.2803292065266743,-0.3446078548170872,0.6111714800462028,1.1513570969467921,-0.3744984630322614,0.9642297704488237,1.1184449791908262,-0.30160529664810126,1.2855065097871996,1.4709047375135864,-0.5443121962594669,0.9746886434539267,1.2118452716347397,-0.2395060370299989,1.328798476039179,1.6423855285770845,-0.21430732013768694,0.9582009518778088,1.589645193112607,-0.4199317680881512,0.9561070697197064,1.5996252235197863,-0.10181493664912829,0.018874096147567992,1.5635858797869144,-0.3033154353203362,0.3633285172727724,1.6830676391424721,-0.04136924367916108,-0.006761227083694699,1.4223734337762493,-0.5254172001848157,0.8920868546362747,1.5351297184331527,-0.18252089955159365,0.4146807178953625,1.0717108873342047,-0.34092600120613914,0.6529181056859478,1.234222318162981,-0.30580822422804416,1.13830328145564,1.4784245988391094,-0.3497076085861155,0.39375341905663347,1.6187250401010576,-0.26706414595739725,0.2209337477060343,1.836422286680992,-0.06360602780979198,-0.013398334516570071,1.358130197256606,-0.4367595426491553,1.0825548523309216,1.5905419015726505,-0.3153013658049879,0.9752735511356633,1.6177803041129712,-0.3174290644214642,0.8907340863682578,1.265255457912849,-0.1008464623711361,0.9222419352720905,1.0848553232009837,-0.28362815387991097,0.7542953410290725,-22.509296417236328,21.801816940307617,-3.609473705291748,1.1879616975784302,0.1588306725025177,-7.811110973358154,-119.049072265625,-67.82157897949219,-137.4084930419922,-2.548906087875366,23.362998962402344,-11.169078826904297,-875.8880004882812,429.8670959472656,-1235.72705078125,-298.34698486328125,98.5435562133789,196.37208557128906
1.0896644919913334,-0.24604091901850228,1.113127031073665,1.1880774051937832,-0.12449035181707094,1.0932513331340639,0.26624745549942475,-0.2994028215376748,0.1883794349550411,1.1591542159879442,-0.0833370578136073,0.5625941892530745,1.0257991866165435,-0.16060681813797412,1.3143954575061798,0.6707305028935928,-0.17331722218370677,0.9871674010295742,1.1231806907827486,-0.10610534346952333,1.360141500139868,0.7813288345439543,-0.2731321111124084,1.2550405218506493,0.7252812235560636,-0.22081089276351723,1.1257714540358412,0.3466618932931627,-0.33947969469803074,0.20446383158694822,0.7182946903816121,-0.16424676800603122,0.25987289919955836,0.3077252073003755,-0.3661556542413125,0.10428438388699325,0.6762911327035217,-0.0804251070251536,0.9863376777298402,0.7451237019718877,-0.29071430694188516,0.1963507763251958,1.028942771107945,-0.2378532376559761,0.656045258341246,0.9939225033813751,-0.1876730377113584,1.068630113704315,0.785350759495173,-0.14521340502808439,0.31374167349954313,0.5973093789934322,-0.1718495312757446,0.2284676096346599,0.18085801564403706,-0.28687980233241395,0.03168449464210904,0.8044805090553709,-0.20334823197679075,0.9949585298039266,0.801482463711934,-0.1940369315149375,1.231657590889773,0.7184985488258447,-0.19743665088190174,1.2658803792584021,1.6908697284610066,-0.16272641955227252,-0.017346561445379688,1.28072158883739,-0.34542271953742226,0.610829360437709,1.1525390043558663,-0.37469302769133583,0.9631828225606326,1.1212184727191923,-0.30229300704618156,1.2850635474091334,1.4713800314641157,-0.5462802369270892,0.9705343140868955,1.2149745711427646,-0.24092140616170604,1.328447985925422,1.643727983070525,-0.2165591546537858,0.9565238556917142,1.590376640392455,-0.42206423364530316,0.9526201790531743,1.5999667877393053,-0.10198435260118631,0.01939823705431636,1.5636569695756926,-0.30448354726398213,0.3635119543170297,1.6834645042356275,-0.04170102784595146,-0.006032488874733426,1.422550523517937,-0.526389468091213,0.8884148012525992,1.535819114833478,-0.18340084395858616,0.41586279390466124,1.0721133063171082,-0.33995932686013114,0.6532787316484956,1.2367617152384571,-0.3073880083316208,1.1371486277769733,1.4781563459642675,-0.35094188124138775,0.39379909979981303,1.6186243560140496,-0.2678311480492945,0.22116872683068772,1.836736359146257,-0.06403161196765911,-0.013392221828651251,1.3597041299406265,-0.43917837072879246,1.0798334860249075,1.5916133659170162,-0.3175932577508962,0.9728849024962118,1.6184711286563747,-0.31892057143102404,0.8882048846475339,1.2691209255070082,-0.10207195541765898,0.9221051112310776,1.0861494985242552,-0.28261377558802936,0.7544068750364101,-29.707855224609375,16.87651824951172,-5.140868663787842,1.854756474494934,0.2835291922092438,-9.050819396972656,-119.55607604980469,-68.42050170898438,-133.8844757080078,-2.444789171218872,22.90523910522461,-10.557927131652832,-860.9453735351562,364.37066650390625,-1175.011962890625,-284.93096923828125,99.76448059082031,213.26968383789062
1.0922974324384274,-0.24582375201168438,1.1127081091040807,1.1919010996029078,-0.12551493538136516,1.0930392142163208,0.26713856719187556,-0.29839122019066716,0.18883636139876006,1.1618229790239145,-0.0834371146086036,0.5627818115499635,1.0293938624148338,-0.16088124971516085,1.3145332336425781,0.6736254084189207,-0.1656090033962236,0.9869836466201883,1.1271690580229097,-0.1071235351017769,1.3603498106760694,0.783056074420348,-0.2716512358346522,1.2529701507644149,0.727567601282865,-0.2162778476216145,1.124671585512477,0.34769579945810586,-0.3380826930731337,0.20511174241438607,0.7193433441073689,-0.16296811382107385,0.2603139871398345,0.3089300443399821,-0.36524758334980895,0.10501607167010277,0.6807697695612118,-0.07278055465774019,0.9876585117239036,0.7459598400734908,-0.2893940283367965,0.19675075060484426,1.0301319779149745,-0.23663338031989847,0.656347489120155,0.9968941914324729,-0.18600464923097595,1.068602621950061,0.7865843974201885,-0.14394438089124412,0.314060982489428,0.5981736435795462,-0.17055037232818981,0.22884683616903445,0.18189093500178383,-0.2866247696987051,0.03201960804347961,0.8077541700262109,-0.19763519353424466,0.9948254744738143,0.8046002190634115,-0.19254493358119432,1.230744412403233,0.7215330553370596,-0.1949899393004297,1.2652404521474776,1.691032378089349,-0.16285897899937157,-0.017391870896153103,1.2811139711481057,-0.3462375842577574,0.6104872408292151,1.1537209117649407,-0.3748875923504103,0.9621358746724413,1.1239919662475586,-0.30298071744426197,1.2846205850310672,1.471855325414645,-0.5482482775947116,0.9663799847198637,1.2181038706507905,-0.2423367752934134,1.3280974958116645,1.6450704375639658,-0.21881098916988503,0.9548467595056193,1.5911080876723032,-0.42419669920245545,0.9491332883866417,1.6003083519588244,-0.10215376855324436,0.019922377961064816,1.5637280593644705,-0.30565165920762827,0.3636953913612871,1.6838613693287832,-0.0420328120127419,-0.005303750665772029,1.422727613259625,-0.5273617359976106,0.8847427478689232,1.5365085112338035,-0.18428078836557882,0.41704486991396017,1.0725157253000122,-0.33899265251412297,0.6536393576110435,1.2393011123139337,-0.3089677924351977,1.1359939740983065,1.4778880930894258,-0.35217615389666024,0.3938447805429926,1.6185236719270415,-0.2685981501411918,0.22140370595534117,1.8370504316115221,-0.0644571961255263,-0.013386109140732431,1.3612780626246472,-0.44159719880843007,1.0771121197188926,1.592684830261382,-0.31988514969680487,0.97049625385676,1.6191619531997783,-0.3204120784405841,0.8856756829268095,1.272986393101168,-0.10329744846418205,0.9219682871900647,1.0874436738475268,-0.28159939729614764,0.7545184090437479,-27.861482620239258,25.81197166442871,-7.827502250671387,1.719598650932312,-0.6011951565742493,-5.998345375061035,-113.47054290771484,-54.73050308227539,-131.0369873046875,-1.9600461721420288,22.357717514038086,-9.14223861694336,-846.9781494140625,362.32928466796875,-1131.21484375,-273.20111083984375,100.7166519165039,224.52459716796875
1.095550228033634,-0.24555568865790273,1.112231712467623,1.1965658528520569,-0.12673463771082702,1.0927472069168722,0.26820799614617363,-0.29710865617785237,0.18940398410357384,1.1650325519754396,-0.08362039395712857,0.563021647614359,1.033759545411495,-0.16126053479333585,1.3146432034227231,0.6774821890308366,-0.15610465296352977,0.9868979697787998,1.1320230056907954,-0.10838978933725525,1.3606275229264568,0.7850278451150615,-0.26971794516835,1.2503549296729612,0.730501631731229,-0.21060448497632506,1.123339833408002,0.3489483447363044,-0.33634311380173204,0.20588940599106792,0.7206555082900634,-0.16142750812682102,0.2607853625783857,0.3103940311745302,-0.36407212000216876,0.10587164199608837,0.686564219708474,-0.06346623103646291,0.9894174670936255,0.7470010654223675,-0.28779543585927286,0.1972165498019054,1.0315783979087476,-0.23514990493753893,0.6567393308443739,1.0004679758027688,-0.1839432039402969,1.0686360125904841,0.7881090798914827,-0.14241010949805089,0.31440739960267844,0.5992715131762801,-0.16897877300811925,0.229274449364239,0.18319506733524082,-0.2863012663279938,0.032420997304336105,0.8112824093427088,-0.19080400099324102,0.994642699692423,0.8083048413526142,-0.19067006249794904,1.2295961709606726,0.725232736263054,-0.19193785541401018,1.2643442076957778,1.6912397848849265,-0.16297432634708106,-0.01747069195751717,1.2815165063798033,-0.34724395361957167,0.6101469041298557,1.155077122694609,-0.37508656158549897,0.9608736953987981,1.127355892531919,-0.3038488924996742,1.2840751273347841,1.472381629888585,-0.5505681134612354,0.9613423160961924,1.2219205475011408,-0.2440752440089026,1.327676462219251,1.6467029002328581,-0.2215364495452665,0.9528411688986205,1.5919556611815824,-0.42666907243381264,0.94497814054126,1.6007362687035112,-0.10237719216044769,0.020528732222313693,1.5638578182814138,-0.30713130158699103,0.3639586596990263,1.6844143224078298,-0.0423631662293183,-0.004435681631373869,1.4229188608807444,-0.5284612315972119,0.8802650830406229,1.5372894771446455,-0.18538178935252272,0.4184258895994022,1.0729788685871275,-0.33777540478090584,0.6540642122164467,1.2423441329144482,-0.310891836092172,1.1345591314186325,1.477483794586548,-0.35371934849497494,0.3939381387356101,1.6183812343916357,-0.2695431050085863,0.221689842715366,1.8374732176199653,-0.06494050196661852,-0.01334748031812048,1.363119554638073,-0.44448310516725303,1.0737882530847134,1.5939898820507605,-0.32262429713413404,0.9675918087264561,1.6200071969963856,-0.3221924079471076,0.8826316947376492,1.2776007352285825,-0.10498375765091134,0.9217337281103956,1.0889904426028396,-0.2803478481753773,0.754671775544716,-19.009719848632812,38.95588302612305,-9.75189208984375,0.5855600237846375,-1.6344501972198486,-1.6461750268936157,-107.24624633789062,-45.450443267822266,-128.14747619628906,-1.835206389427185,21.894094467163086,-8.965862274169922,-838.8800048828125,395.7520751953125,-1086.593994140625,-262.18902587890625,102.65057373046875,222.7145233154297
1.0995830660624217,-0.24522357596861608,1.1116829881604935,1.2022890172257323,-0.12819988275600572,1.0923546659235923,0.2695018243513359,-0.2954851054395273,0.19011090996841715,1.1689226947083375,-0.08390840281121775,0.5633271908917964,1.0390954846577924,-0.16177177034466467,1.314718180934325,0.6825494191899201,-0.1443400020334904,0.9869357163937676,1.137966223110426,-0.10996821224196054,1.3609925721654828,0.7873073399856388,-0.26721532277713567,1.2470540546423554,0.7342506858292002,-0.20349611603463783,1.1217162727520167,0.3504760313705102,-0.3341724255819196,0.20683035392634908,0.7222992811376684,-0.15955725558940953,0.2612948526215079,0.312184139099342,-0.3625601627771429,0.10688310945468224,0.6940145247819401,-0.0520506222417822,0.9917277662169852,0.7483003780936562,-0.28584660569958353,0.1977651848500927,1.0333485019128053,-0.23333468549693673,0.6572439413986458,1.0047994544174494,-0.18138712536025542,1.068746019278141,0.7900000206682065,-0.1405420438047278,0.31478793030937774,0.6006633576178392,-0.16706432737656793,0.22976295363824095,0.18484050139094016,-0.2858915975354365,0.03290578989398397,0.8151310169144179,-0.182565693182267,0.9943973566127929,0.8127479928218762,-0.18831337351870084,1.22815211995548,0.7297694906098949,-0.18812395469439772,1.2631254065905186,1.6915035153066875,-0.16306801352477232,-0.017591684933332408,1.281931818321051,-0.34849131758639346,0.6098088110914294,1.156652681874913,-0.37529107365781894,0.9593406631457096,1.131462835318205,-0.3049441691463356,1.2834006867661383,1.47297212738075,-0.553330657892669,0.9551930295315805,1.2266022385350912,-0.24622030995342098,1.3271666548110002,1.6487003170101846,-0.22485793347390254,0.9504221920540793,1.5929493710694722,-0.4295691946484393,0.9399820398415955,1.6012728537944767,-0.10266858045727209,0.02123854598585535,1.564061408011329,-0.30900298226748063,0.3643223898892371,1.6851637008174365,-0.04269172095798496,-0.0033922749290101807,1.423127925159126,-0.5297208339568005,0.8747736150460532,1.538185676596812,-0.1867609739007538,0.4200572653716762,1.0735184289761726,-0.3362428287401895,0.6545698938780272,1.2460209269397302,-0.3132491052545457,1.132771691344432,1.4769082925967034,-0.3556512987968936,0.3940914955162844,1.61818625319083,-0.27071200044739313,0.22204035762327393,1.8380328116827453,-0.06549644633042097,-0.013267932314771105,1.3652977505267059,-0.4479567954279726,1.0697061837903714,1.5955888865799301,-0.32592628294268955,0.9640382713829447,1.6210467661453398,-0.3243361994722819,0.8789398853747263,1.2831574812630149,-0.10724997029497904,0.9213761766225297,1.0908550817445413,-0.27879783688791554,0.754877785183736,-12.157958984375,43.366825103759766,-9.19761848449707,-0.5450538396835327,-1.675896167755127,-0.41956132650375366,-106.29717254638672,-50.753570556640625,-123.97518920898438,-2.228285551071167,21.40627670288086,-9.632845878601074,-841.5989990234375,411.32391357421875,-1051.48974609375,-255.2228240966797,104.38665771484375,209.57040405273438
1.1036159040912092,-0.24489146327932942,1.1111342638533637,1.2080121815994078,-0.12966512780118442,1.0919621249303124,0.2707956525564981,-0.2938615547012022,0.19081783583326045,1.1728128374412354,-0.08419641166530693,0.5636327341692337,1.0444314239040897,-0.1622830058959935,1.3147931584459267,0.6876166493490036,-0.13257535110345106,0.9869734630087353,1.1439094405300563,-0.11154663514666584,1.3613576214045089,0.7895868348562162,-0.2647127003859214,1.2437531796117496,0.7379997399271714,-0.1963877470929506,1.1200927120960313,0.35200371800471597,-0.3320017373621072,0.20777130186163023,0.7239430539852734,-0.15768700305199806,0.26180434266463015,0.3139742470241538,-0.36104820555211714,0.10789457691327611,0.7014648298554064,-0.04063501344710149,0.994038065340345,0.7495996907649449,-0.28389777553989426,0.19831381989828,1.035118605916863,-0.2315194660563345,0.6577485519529178,1.00913093303213,-0.17883104678021394,1.068856025965798,0.7918909614449303,-0.1386739781114047,0.31516846101607704,0.6020552020593982,-0.1651498817450166,0.2302514579122429,0.1864859354466395,-0.2854819287428793,0.033390582483631824,0.8189796244861269,-0.17432738537129297,0.9941520135331627,0.8171911442911383,-0.1859566845394526,1.226708068950287,0.7343062449567359,-0.18431005397478528,1.2619066054852595,1.6917672457284485,-0.16316170070246355,-0.017712677909147646,1.282347130262299,-0.3497386815532152,0.609470718053003,1.1582282410552167,-0.37549558573013897,0.9578076308926212,1.1355697781044911,-0.30603944579299697,1.2827262461974922,1.473562624872915,-0.5560932023241026,0.9490437429669685,1.2312839295690416,-0.24836537589793933,1.3266568474027496,1.650697733787511,-0.22817941740253858,0.9480032152095381,1.593943080957362,-0.43246931686306594,0.934985939141931,1.6018094388854425,-0.10295996875409649,0.021948359749397007,1.5642649977412444,-0.3108746629479703,0.36468612007944784,1.6859130792270431,-0.04302027568665162,-0.0023488682266464924,1.4233369894375074,-0.5309804363163889,0.8692821470514835,1.5390818760489784,-0.1881401584489849,0.4216886411439502,1.0740579893652176,-0.33471025269947324,0.6550755755396078,1.2496977209650124,-0.3156063744169194,1.1309842512702313,1.4763327906068588,-0.35758324909881223,0.39424485229695866,1.6179912719900245,-0.2718808958862,0.2223908725311819,1.8385924057455252,-0.06605239069422342,-0.01318838431142173,1.3674759464153388,-0.4514304856886922,1.0656241144960295,1.5971878911091,-0.329228268751245,0.9604847340394335,1.6220863352942938,-0.3264799909974563,0.8752480760118034,1.2887142272974474,-0.10951618293904675,0.9210186251346639,1.092719720886243,-0.27724782560045375,0.755083794822756,-11.91067886352539,37.5594367980957,-7.282533645629883,-0.5778281688690186,-1.0067570209503174,-2.4750657081604004,-110.48234558105469,-60.99188232421875,-120.21913146972656,-2.5573325157165527,20.99202537536621,-9.664517402648926,-851.5538940429688,380.317138671875,-1024.185791015625,-250.1199493408203,105.20236206054688,192.2970733642578
1.1076382169660353,-0.24451685267568424,1.1106223775851016,1.2137010089609006,-0.13115584988467738,1.0915253991322802,0.2721251942069325,-0.2921261177552457,0.19149452141973355,1.176663658476823,-0.08452142681309718,0.5639454418460265,1.0498022385780383,-0.16276721212248138,1.3149589544889944,0.6930356558585008,-0.1207382159912035,0.987148731354846,1.1498271787403433,-0.11316377294576718,1.361724667991234,0.7917996617342462,-0.26193072720868704,1.2404046982329413,0.7418666114870286,-0.18910775822124742,1.1185375649408,0.3535436970113918,-0.329761584862968,0.20869234796391417,0.7256162746852597,-0.15584905544258904,0.2622480678637296,0.3157650149421186,-0.3594925107545411,0.10893987119197844,0.709308178219574,-0.02929932089400683,0.9965188511160036,0.7509310825771054,-0.28197030831646447,0.19878021632598725,1.0368403220018803,-0.229717066548518,0.6582841387647667,1.0135279420195826,-0.17629194348458427,1.0690287320029657,0.7938142158337776,-0.13682866698464025,0.3154937954533179,0.6034775451319107,-0.16323867963244587,0.23066932120860018,0.18811953304619186,-0.2849847891472823,0.033865325917668686,0.822849907622432,-0.1660744317912109,0.9939984616064867,0.8215024621281403,-0.18354732854082098,1.22512486359931,0.7388112414751621,-0.1803991624851101,1.2606228992639,1.6920372460851607,-0.16326607151931485,-0.01778868144217706,1.2826797693770453,-0.3510774502296321,0.609215792835943,1.1597289778538886,-0.375653598679612,0.9563065822550793,1.1396746019653927,-0.3071669492105774,1.2820660302181117,1.4740922293126189,-0.5587863432650534,0.9429500087207517,1.2359449350281266,-0.2505216486998741,1.3261506004838755,1.6526691676765088,-0.23147035276652958,0.9456286142203982,1.5948905392198374,-0.43533799387761296,0.9300137545099322,1.602395141361565,-0.10313389889451842,0.0226978976649559,1.5644335036246193,-0.31257173201895705,0.36492106910572936,1.6867146318321986,-0.04329271580012429,-0.0013145078505568384,1.4234594904034343,-0.5321181396774898,0.8638629483071385,1.5399191450599012,-0.18956308925388662,0.42316502707683484,1.0745530870576567,-0.33314442950368717,0.6555770801392612,1.2533214723827033,-0.31799865361081053,1.1291599557889218,1.4757357346301048,-0.3595442087050305,0.39444407860174874,1.617859215925861,-0.27314684939700246,0.22276443292368325,1.839239674688175,-0.06659842104903908,-0.013084291727189593,1.3695734494569285,-0.45482746042952626,1.0614862931485207,1.5987522633659919,-0.33247138924946057,0.9569583432563883,1.6230377779891159,-0.3285258907750742,0.8715860966025599,1.2942187470316098,-0.11176558312596072,0.9206287947711566,1.094620868070236,-0.27565861419336685,0.7552898218300169,-19.833608627319336,22.77153205871582,-5.162261009216309,1.1637029647827148,-0.38868728280067444,-6.754117965698242,-112.42543029785156,-61.860050201416016,-116.79561614990234,-2.465970277786255,20.585309982299805,-9.063105583190918,-854.7125854492188,315.7884216308594,-1005.357666015625,-246.03565979003906,105.5620346069336,186.82736206054688
1.111647014586341,-0.24408767088655606,1.1101577947076584,1.2193457444772022,-0.13267928680145968,1.0910319360281457,0.2735005951677726,-0.29024700874721776,0.19213237573966283,1.1804639868783633,-0.08489396140620802,0.5642673492629007,1.0552178364715825,-0.16321671023866197,1.3152413697826941,0.6989063751815956,-0.10880800459953407,0.9875005901057199,1.15571219932954,-0.11483062418880831,1.3620942793539819,0.7939268808491181,-0.2587900422266779,1.2369950859751924,0.7458847713786243,-0.1816073937575948,1.1170702669399464,0.3550994605418072,-0.32743223391423965,0.20958783830337172,0.7273273091047804,-0.1540525902975475,0.26260734502448146,0.31755663035129067,-0.35788065293766813,0.11002860218286507,0.717656229900208,-0.018066248060225987,0.9992185572519996,0.7523036669224302,-0.2800702730452779,0.19914101088875963,1.0384999035999474,-0.22793112899984755,0.6588595019073675,1.0180090979629792,-0.17377463799734794,1.069281949704846,0.7957789638381919,-0.13501257478993473,0.31574825286273134,0.6049390512191696,-0.16133164249311233,0.23099647506775445,0.18973793156000943,-0.2843753290886911,0.034327165322341244,0.8267480241541828,-0.15780267171216378,0.9939627778648541,0.825644493596443,-0.18107034330139113,1.2233629714179515,0.7432754580548264,-0.17636372602933315,1.2592558489730028,1.692315297608344,-0.16338416110008758,-0.01780691444072009,1.2829062490668517,-0.35253359086268776,0.6090676626622282,1.16113363591251,-0.3757519025281565,0.9548466034875012,1.1437767049334695,-0.308335834731724,1.2814240799044931,1.4745436415372306,-0.5613903638148148,0.9369276087015673,1.2405793783285757,-0.25269231212553583,1.3256489255570418,1.6546072371748108,-0.23472206099637277,0.9433109958637631,1.5957786061905868,-0.4381662923966021,0.9250722802830061,1.6030439150254459,-0.10315700208410522,0.023498445002991187,1.564556958659595,-0.31404458390955886,0.364990651410147,1.6875831808475468,-0.04349309964635908,-0.00029176377979674823,1.4234708362067772,-0.5330993136428049,0.8585365498500158,1.5406807420269542,-0.19104219422928537,0.42444239196595757,1.0749910906055904,-0.3315359139383235,0.656073221011667,1.2568771122701907,-0.32043588886789914,1.1272883346143938,1.4751110013747057,-0.3615424188951782,0.39470220554546015,1.6178079614576124,-0.27453743429570787,0.22316758581344653,1.8399995261470212,-0.06713172091504198,-0.01294868166977849,1.3715673355472007,-0.4581259254686878,1.057276881096379,1.6002721646368898,-0.33563892133780643,0.9534668111248524,1.623876058305336,-0.33044608864957914,0.8679624215656561,1.2996562034483774,-0.11399339458948321,0.9201975153968824,1.0965688948994439,-0.27401906626903466,0.755495871139678,-28.186431884765625,10.858059883117676,-4.313136577606201,3.031552314758301,-0.4889781177043915,-9.459443092346191,-106.0145492553711,-48.861412048339844,-113.36617279052734,-2.056626796722412,20.17740249633789,-8.332256317138672,-845.99951171875,253.06146240234375,-987.5279541015625,-242.44607543945312,106.3836669921875,194.07366943359375
1.115655812206647,-0.2436584890974279,1.109693211830215,1.2249904799935039,-0.13420272371824196,1.0905384729240115,0.27487599612861263,-0.28836789973918986,0.19277023005959207,1.1842643152799033,-0.08526649599931883,0.5645892566797749,1.0606334343651267,-0.16366620835484252,1.315523785076394,0.7047770945046905,-0.09687779320786465,0.9878524488565937,1.1615972199187368,-0.11649747543184943,1.3624638907167295,0.79605409996399,-0.25564935724466875,1.2335854737174436,0.74990293127022,-0.17410702929394217,1.115602968939093,0.3566552240722225,-0.3251028829655113,0.21048332864282926,0.7290383435243011,-0.152256125152506,0.26296662218523337,0.3193482457604627,-0.35626879512079523,0.1111173331737517,0.726004281580842,-0.006833175226445148,1.0019182633879955,0.7536762512677551,-0.2781702377740913,0.19950180545153204,1.0401594851980145,-0.2261451914511771,0.6594348650499684,1.0224902539063758,-0.17125733251011163,1.0695351674067264,0.7977437118426062,-0.1331964825952292,0.31600271027214477,0.6064005573064285,-0.15942460535377878,0.2313236289269087,0.19135633007382696,-0.2837658690300999,0.0347890047270138,0.8306461406859337,-0.14953091163311666,0.9939270941232214,0.8297865250647458,-0.17859335806196128,1.2216010792365928,0.7477396746344909,-0.1723282895735562,1.2578887986821057,1.6925933491315273,-0.1635022506808603,-0.01782514743926312,1.2831327287566583,-0.3539897314957434,0.6089195324885135,1.162538293971131,-0.37585020637670097,0.9533866247199231,1.1478788079015463,-0.30950472025287057,1.2807821295908746,1.4749950537618421,-0.5639943843645763,0.930905208682383,1.2452138216290247,-0.25486297555119763,1.3251472506302082,1.6565453066731128,-0.23797376922621596,0.940993377507128,1.596666673161336,-0.4409945909155912,0.92013080605608,1.6036926886893266,-0.10318010527369202,0.024298992341026476,1.5646804136945711,-0.3155174358001606,0.36506023371456475,1.6884517298628952,-0.04369348349259387,0.000730980290963342,1.4234821820101202,-0.53408048760812,0.8532101513928931,1.541442338994007,-0.19252129920468408,0.4257197568550803,1.0754290941535243,-0.3299273983729598,0.6565693618840729,1.2604327521576784,-0.32287312412498775,1.1254167134398658,1.4744862681193067,-0.3635406290853258,0.39496033248917156,1.6177567069893641,-0.27592801919441334,0.2235707387032098,1.8407593776058677,-0.06766502078104487,-0.012813071612367385,1.373561221637473,-0.4614243905078493,1.0530674690442374,1.6017920659077876,-0.3388064534261523,0.9499752789933165,1.6247143386215563,-0.332366286524084,0.8643387465287522,1.305093659865145,-0.11622120605300569,0.9197662360226082,1.098516921728652,-0.2723795183447025,0.7557019204493389,-31.18218231201172,6.663262844085693,-4.836446762084961,3.499612331390381,-0.8914846181869507,-9.485637664794922,-97.50048065185547,-37.98999786376953,-110.74095916748047,-1.877001166343689,19.889968872070312,-7.775599002838135,-826.2949829101562,224.5861358642578,-967.5613403320312,-239.20407104492188,107.54752349853516,210.5526580810547
1.1196806130819763,-0.24326786450696308,1.1092774114071928,1.2305929579876906,-0.1357680962032435,1.0899872469980985,0.27625065874184995,-0.2863845678157364,0.19337471063859415,1.1879339904974628,-0.08578642645221674,0.5648604413334107,1.0660658597156702,-0.16419295823534594,1.3157910556587953,0.7110109263105898,-0.08493243120240641,0.9884223605425942,1.1674392274673413,-0.1181407038443136,1.362842070345847,0.7980026818861236,-0.2522260439613007,1.2301147331465159,0.753993835571586,-0.16647794766240556,1.1142100036538989,0.35819010781926036,-0.32264056076474534,0.21136537848028128,0.7307862695676601,-0.15047422305538952,0.26325340391389584,0.321150618722502,-0.35449259486419477,0.11218023165715058,0.7347274739418599,0.004251494191154175,1.0047864329735965,0.7550446201633934,-0.2762974269244055,0.19980774765575168,1.04180402511003,-0.22432276150150013,0.6600094297469057,1.0271431357655305,-0.1685850212461506,1.0696417114987278,0.799705549383795,-0.1314129206222414,0.3162075996596292,0.6078849950965667,-0.1574957805210786,0.231583148857813,0.19299893522795464,-0.2831113955240376,0.03521771239277149,0.8349564526452135,-0.14123920436381102,0.9940012782220019,0.8338772499600784,-0.1759070555698003,1.219789734936708,0.7521683732602771,-0.16812609817018567,1.2564568768273916,1.6929032869686353,-0.16349441336085466,-0.017818768940471262,1.2832698168738788,-0.3555417156574742,0.6088945346557542,1.163902360082462,-0.37586398230285833,0.9519665510646554,1.1519663156263087,-0.31065158412748617,1.2801366420771112,1.4753776279506305,-0.5664553200172273,0.9249147207334341,1.2498129100989033,-0.2570052104477851,1.3246521349774292,1.6584498414535396,-0.24119107560902245,0.9387150117695726,1.597531336230158,-0.4437098578605431,0.9152607626670243,1.6043502538409453,-0.10315131486103629,0.025108589534801964,1.5648186528524817,-0.3171237311418483,0.3651090306754144,1.689349932978485,-0.043824733105420274,0.0017752640667473315,1.423531750180074,-0.5349796363060049,0.8479207218285427,1.5421188542779707,-0.19401564547755074,0.4267814684387864,1.0758731418492777,-0.3283367491025009,0.6570576728377121,1.2638916513382994,-0.3252492782888034,1.1235406278379705,1.473840689422279,-0.3655351217811471,0.3952056070333285,1.6178946583871021,-0.27728983429291393,0.22379476503031143,1.841507518528313,-0.0681677640027163,-0.012661787766087429,1.3754835395228784,-0.4646516221741967,1.0488338460590665,1.6033047382405263,-0.3419798150263875,0.9465559074618168,1.625655884576949,-0.3343236893908867,0.8608563706180118,1.310511610168495,-0.11844696667020686,0.9192722056875166,1.1003858079973436,-0.27075806422936205,0.7559660759982684,-26.494977951049805,12.100128173828125,-6.345753192901611,2.1573750972747803,-0.9482482075691223,-7.357449531555176,-93.55541229248047,-38.44635772705078,-107.52412414550781,-1.963178277015686,19.501432418823242,-7.306822776794434,-812.4141235351562,241.29327392578125,-951.7266235351562,-236.15283203125,107.84527587890625,220.5352020263672
1.123726383739749,-0.24292776314233314,1.1089255328209984,1.2361400640563458,-0.1373884187431524,1.0893603318574414,0.27762435386512446,-0.2842646679341399,0.1939354601087949,1.191432464991184,-0.08649949630759407,0.5650651616765964,1.0715203348374522,-0.16482093456565147,1.316038481447081,0.7177205606801618,-0.07296721666853997,0.9892779967642777,1.1732248731006847,-0.11975297820291765,1.3632314773584833,0.7997171874867369,-0.2484323901451188,1.2265638934065966,0.7581800601340286,-0.15868020215571355,1.1129144398581903,0.3596976318501478,-0.3200040003716552,0.2122298166254498,0.7325825363594964,-0.14871140357279627,0.2634451916280961,0.3229670877882976,-0.35250104934174503,0.11320928064797883,0.7439422299530328,0.015141703959959516,1.0078753477690234,0.7564074653663382,-0.2744602894546181,0.20004181435566074,1.0434288552265294,-0.2224525139229188,0.6605829482046973,1.0320210377901593,-0.1657095989644134,1.0695560625846812,0.8016635732145498,-0.12967198445702238,0.31634753784596525,0.60939948132496,-0.15553840629707116,0.23175404502066554,0.19467325942800529,-0.28239793887990994,0.035603006055812944,0.8398068827509089,-0.13292135939692853,0.994219427077186,0.8379007455528965,-0.17294647529819956,1.217913591309099,0.7565505311189107,-0.16370540028376313,1.254939950854573,1.6932550068722656,-0.16332156837776007,-0.01778014089344748,1.2832897712063316,-0.35721928789126156,0.6090308826490743,1.1652132367456196,-0.3757669975031291,0.9505987668668987,1.1560346985494852,-0.3117695920514744,1.2794865196114344,1.4756700005752361,-0.5687287651150431,0.9189660486006581,1.2543656715494116,-0.25911019416834336,1.32416561423548,1.6603104341898531,-0.2443633037095037,0.9364880804983986,1.5983653321171438,-0.44627701446710033,0.9104843183069041,1.6050193388730485,-0.10305452593509724,0.025930045160236705,1.5649762643094094,-0.318904883419441,0.36513059166883,1.690286993190942,-0.0438653930330908,0.002847772283596714,1.4236314028304144,-0.5357713036189805,0.8426797342616204,1.5426838832185759,-0.19552996310571955,0.4275605998291874,1.0763251094628643,-0.32676951083915917,0.657535723897795,1.26722378683406,-0.3275453951579845,1.121658692296767,1.4731677960086342,-0.36752474327750545,0.39543404050220715,1.618280534712684,-0.2786139510325248,0.223784073792546,1.842240314609957,-0.06863046748353943,-0.01248996585163455,1.3773120783812163,-0.46778551355892445,1.0445684984030315,1.6048079381715383,-0.34516081529737297,0.9432310911993319,1.6267327441284987,-0.33632984362690643,0.8575591452863833,1.3159040007370195,-0.12067003997153784,0.9186959499554919,1.10215099284191,-0.2691603192430459,0.7563063707572735,-18.968276977539062,21.93039321899414,-7.580455303192139,0.47578108310699463,-0.796197235584259,-4.781479835510254,-94.88695526123047,-45.53694152832031,-104.28666687011719,-2.063948392868042,19.06753921508789,-7.467241287231445,-811.7465209960938,272.9946594238281,-934.2708129882812,-231.38470458984375,107.40481567382812,217.47119140625
1.127772154397522,-0.24258766177770322,1.1085736542348041,1.2416871701250007,-0.13900874128306134,1.0887334167167841,0.27899804898839903,-0.2821447680525434,0.19449620957899563,1.1949309394849055,-0.0872125661629714,0.5652698820197819,1.0769748099592342,-0.165448910895957,1.3162859072353665,0.7244301950497337,-0.06100200213467354,0.9901336329859612,1.1790105187340283,-0.1213652525615217,1.3636208843711195,0.8014316930873503,-0.2446387363289369,1.2230130536666772,0.7623662846964713,-0.1508824566490215,1.1116188760624817,0.36120515588103524,-0.31736743997856504,0.21309425477061833,0.7343788031513326,-0.146948584090203,0.2636369793422964,0.32478355685409316,-0.3505095038192953,0.11423832963880709,0.7531569859642059,0.026031913728764858,1.0109642625644504,0.757770310569283,-0.2726231519848307,0.2002758810555698,1.0450536853430286,-0.22058226634433745,0.661156466662489,1.036898939814788,-0.16283417668267616,1.0694704136706346,0.8036215970453046,-0.12793104829180335,0.31648747603230126,0.6109139675533534,-0.15358103207306376,0.23192494118351809,0.1963475836280559,-0.28168448223578224,0.03598829971885441,0.8446573128566043,-0.12460351443004605,0.9944375759323701,0.8419242411457146,-0.1699858950265988,1.2160374476814904,0.7609326889775443,-0.15928470239734058,1.2534230248817546,1.6936067267758956,-0.16314872339466552,-0.0177415128464237,1.2833097255387842,-0.3588968601250489,0.6091672306423945,1.166524113408777,-0.3756700127033998,0.9492309826691421,1.1601030814726618,-0.31288759997546267,1.2788363971457577,1.475962373199842,-0.5710022102128589,0.9130173764678822,1.25891843299992,-0.26121517788890164,1.3236790934935312,1.6621710269261667,-0.24753553180998494,0.9342611492272246,1.5991993280041297,-0.44884417107365754,0.905707873946784,1.6056884239051514,-0.10295773700915821,0.026751500785671446,1.5651338757663373,-0.3206860356970337,0.36515215266224565,1.6912240534033995,-0.04390605296076133,0.003920280500446096,1.423731055480755,-0.5365629709319563,0.837438746694698,1.5432489121591808,-0.19704428073388838,0.42833973121958846,1.0767770770764509,-0.3252022725758175,0.6580137749578778,1.2705559223298202,-0.32984151202716555,1.1197767567555639,1.4724949025949896,-0.3695143647738638,0.39566247397108584,1.618666411038266,-0.2799380677721357,0.22377338255478058,1.842973110691601,-0.06909317096436256,-0.012318143937181673,1.379140617239554,-0.4709194049436522,1.0403031507469964,1.6063111381025503,-0.3483418155683584,0.9399062749368469,1.6278096036800485,-0.3383359978629262,0.854261919954755,1.321296391305544,-0.12289311327286884,0.9181196942234672,1.1039161776864763,-0.26756257425672975,0.7566466655162786,-15.406255722045898,28.0753231048584,-7.398579120635986,0.2185271829366684,-0.9436634182929993,-3.7902369499206543,-96.7174301147461,-49.72984313964844,-101.28829956054688,-2.0633492469787598,18.66203498840332,-8.054168701171875,-822.7357788085938,278.4832763671875,-918.696044921875,-227.1974639892578,107.21759033203125,204.05496215820312
1.13180923461914,-0.24224325762876617,1.108309308029958,1.2472264514064149,-0.14062008908055454,1.0880641356998721,0.2803457873743889,-0.27992870900409933,0.19505061732222695,1.198323940599201,-0.08792105847537902,0.5655300293537164,1.08239611884616,-0.16608929273900597,1.3165037821460244,0.7315235325437497,-0.04903753814811906,0.9911753158300916,1.1848027331150122,-0.12301219424960605,1.3639703357456536,0.8031232929387627,-0.2405205702544844,1.2194172850507778,0.7667620387298375,-0.14291697681345011,1.1103848242601813,0.36270397250225983,-0.3146431180617671,0.2139562487306183,0.7361678986359903,-0.14520593337862722,0.2637556706438001,0.32658205521817213,-0.3485261777181502,0.11528436168534852,0.7627302394402724,0.03674952246692649,1.0142175827594777,0.7591578097927647,-0.270805033330886,0.20043040140969864,1.0467012429868936,-0.21870378024925485,0.6617848774455241,1.0418790053847602,-0.15992889800016494,1.069443730723779,0.8056373223168958,-0.1262358981647241,0.31654934881144015,0.6125140681566779,-0.15161796960214932,0.23201635465124584,0.19807388919670826,-0.2808592974744887,0.03638322107395189,0.8496818402350336,-0.11626813370759241,0.9947863189589897,0.8458866405960734,-0.16690503623311928,1.2141086692052174,0.7652522145912342,-0.15471796656878645,1.2518915016919574,1.6939328336557804,-0.16292918853412405,-0.017697844463123003,1.283230333928241,-0.360650367590765,0.6093579362954524,1.1677767539655923,-0.3754679109679153,0.9479577154513228,1.1641638263171865,-0.31400009999606765,1.2782041138371096,1.476210920226495,-0.5731666514415612,0.9071653854373283,1.2634548489621138,-0.263346186240777,1.3231781113226684,1.664010266989272,-0.25071149196056297,0.9320345234791967,1.5999567563960093,-0.4512953901330364,0.9009933574310208,1.6064176460765054,-0.10276594099323486,0.027581794304612734,1.565241958526586,-0.3223235836092208,0.3651203319726401,1.6921764576671927,-0.0439287352912276,0.004979942805004092,1.4238203542911454,-0.5372140806242329,0.8322849265786992,1.5437456057561154,-0.19856533260140177,0.4289352050088099,1.0771835726617978,-0.32361049061974173,0.6584703715037036,1.2738335898380402,-0.33216475256231415,1.1179191103044728,1.4717939689459392,-0.3714997174329313,0.3958683623778109,1.619149223068692,-0.2812515845559289,0.22371161166603204,1.8437534156224584,-0.06957040588982051,-0.012158286489472307,1.3808724580221616,-0.4739257743619132,1.0360457636662672,1.6077277391951603,-0.3514136889122965,0.9366171285016652,1.628844046434819,-0.3402381639014804,0.850975982006023,1.3265152277535943,-0.12528984571825552,0.9174038823077222,1.1056857077491202,-0.26593325854532,0.757003416091401,-19.101581573486328,23.78687286376953,-6.568536758422852,1.5503764152526855,-1.2846176624298096,-5.412188529968262,-96.09517669677734,-45.98442459106445,-97.7381591796875,-1.906412124633789,18.121410369873047,-8.057390213012695,-833.9054565429688,251.8101806640625,-905.071044921875,-224.76039123535156,107.622802734375,190.06692504882812
1.1358346939086914,-0.24189309975662768,1.1081620109397055,1.2527552693095427,-0.14221943576900373,1.0873382026391314,0.281658816169824,-0.2775840650232423,0.19559654484916206,1.2015759017293817,-0.08862342965474586,0.5658642941752806,1.0877730775353134,-0.1667462633490957,1.3166821413482261,0.7391299614251053,-0.037074077800409916,0.9924657819484243,1.1906037312864466,-0.12470549341315856,1.3642663580692367,0.8047842630092671,-0.23596846336955274,1.2157614371239744,0.7714379775208352,-0.1347272010729804,1.1092330268676707,0.3641911454942842,-0.31180144061908033,0.21481497430347446,0.7379474045819794,-0.14349025253527214,0.26377661674227937,0.3283565229927467,-0.346553842703633,0.11635310363197167,0.7727828790612566,0.04723632750132206,1.0176907473842038,0.7605782766018482,-0.26901234681440506,0.20047855165028414,1.0483791920917713,-0.21681427753326912,0.6624866907565009,1.0469956849979247,-0.15698369506080426,1.0694958976167717,0.8077302064919314,-0.12460197355376178,0.316506831801885,0.6142286530985737,-0.14964730075455662,0.2320014831196788,0.19986970473500273,-0.2798847088355892,0.036791016668426664,0.8549391721060733,-0.1079093040096643,0.9953096937264828,0.8497673417164,-0.16366333988131282,1.212109506919684,0.7694879877843603,-0.1499559474455206,1.2503404589678278,1.6942246905620524,-0.16264721953513608,-0.017647436095265957,1.2830180959985746,-0.3625054163549909,0.6096213295167645,1.1689515206592762,-0.37512524588810686,0.9468108372183036,1.1682143574518873,-0.31510523479703245,1.2775956852151857,1.476400863255886,-0.5751853316824956,0.9014426772760241,1.267969407585283,-0.2655119949717395,1.3226577911945367,1.6658209540591333,-0.2538924426432476,0.9298083062795615,1.6006117980211776,-0.4535915764258397,0.8963616514048041,1.6072272841898811,-0.10244710061279749,0.028423905936964085,1.5652838110529035,-0.3237691024281331,0.36501712879992476,1.6931493801391677,-0.04392737781147886,0.0060224274361493565,1.4238958078504398,-0.5376772353585982,0.8272476675889351,1.5441509206958164,-0.20009538955641107,0.4292850901452911,1.0775292626279869,-0.3219858886094283,0.6588982788734878,1.2770384222466424,-0.3345242631159081,1.1160939434506245,1.4710555396332645,-0.3734793617630636,0.39604410331770284,1.6197616584253627,-0.28255092698019857,0.2235815365928293,1.844597249828427,-0.07006707239822045,-0.012014428037989714,1.382474993238386,-0.4767616202203643,1.031799021540888,1.6090285395154889,-0.35433963671425317,0.9333756800913654,1.6298217690543624,-0.34200127595505175,0.8477051376506983,1.3315019860172903,-0.12791879678650797,0.9165014545649093,1.107461048277798,-0.2642617261666336,0.757382171536913,-26.22731590270996,10.332119941711426,-6.590004920959473,3.22240948677063,-1.134647011756897,-8.802656173706055,-93.47532653808594,-39.5555305480957,-94.76541900634766,-1.7838674783706665,17.618112564086914,-7.15836238861084,-833.9285888671875,200.4995574951172,-894.6570434570312,-224.2672576904297,108.03324890136719,185.02023315429688
1.139860153198242,-0.24154294188448927,1.108014713849453,1.2582840872126695,-0.14381878245745264,1.0866122695783906,0.2829718449652589,-0.27523942104238563,0.19614247237609708,1.2048278628595614,-0.08932580083411257,0.5661985589968448,1.093150036224466,-0.16740323395918533,1.316860500550428,0.7467363903064597,-0.02511061745270281,0.9937562480667568,1.1964047294578801,-0.1263987925767108,1.3645623803928197,0.8064452330797712,-0.2314163564846219,1.2121055891971717,0.7761139163118321,-0.12653742533251205,1.1080812294751603,0.36567831848630833,-0.308959763176394,0.21567369987633048,0.7397269105279681,-0.14177457169191737,0.26379756284075856,0.33013099076732094,-0.34458150768911616,0.11742184557859464,0.7828355186822392,0.05772313253571583,1.0211639120089295,0.7619987434109314,-0.26721966029792443,0.20052670189086963,1.0500571411966486,-0.2149247748172837,0.6631885040674778,1.0521123646110886,-0.15403849212144405,1.0695480645097644,0.8098230906669666,-0.12296804894279971,0.3164643147923299,0.6159432380404692,-0.14767663190696426,0.2319866115881118,0.20166552027329693,-0.2789101201966899,0.03719881226290138,0.860196503977112,-0.09955047431173761,0.9958330684939757,0.8536480428367258,-0.16042164352950694,1.210110344634151,0.7737237609774859,-0.14519392832225556,1.2487894162436985,1.6945165474683244,-0.16236525053614814,-0.01759702772740892,1.2828058580689083,-0.3643604651192165,0.6098847227380765,1.1701262873529599,-0.3747825808082985,0.9456639589852845,1.1722648885865872,-0.31621036959799703,1.276987256593262,1.476590806285277,-0.5772040119234298,0.8957199691147208,1.2724839662084513,-0.26767780370270167,1.3221374710664056,1.6676316411289946,-0.25707339332593176,0.9275820890799265,1.6012668396463456,-0.4558877627186426,0.8917299453785881,1.6080369223032565,-0.10212826023236019,0.029266017569315295,1.5653256635792208,-0.32521462124704514,0.3649139256272095,1.6941223026111425,-0.04392602033173012,0.007064912067294444,1.4239712614097342,-0.5381403900929633,0.8222104085991717,1.5445562356355174,-0.2016254465114201,0.4296349752817722,1.077874952594176,-0.32036128659911517,0.659326186243272,1.280243254655244,-0.3368837736695016,1.114268776596777,1.4703171103205903,-0.3754590060931956,0.3962198442575947,1.6203740937820332,-0.28385026940446806,0.2234514615196266,1.8454410840343956,-0.07056373890662032,-0.011870569586507148,1.3840775284546099,-0.47959746607881487,1.0275522794155099,1.6103293398358174,-0.35726558451620927,0.930134231681066,1.6307994916739053,-0.3437643880086228,0.8444342932953742,1.3364887442809854,-0.13054774785475998,0.9155990268220965,1.1092363888064756,-0.2625901937879475,0.7577609269824249,-29.38341522216797,-1.0266534090042114,-7.133141040802002,3.6501240730285645,-0.485129714012146,-10.935372352600098,-88.41812133789062,-35.025962829589844,-92.28646087646484,-1.8024102449417114,17.195308685302734,-6.310950756072998,-820.5433349609375,165.339599609375,-888.4346923828125,-224.0571746826172,107.66140747070312,192.9801025390625
1.1432847917474656,-0.24125625235059406,1.1079144738367852,1.2629694007090382,-0.14518653660617906,1.0859662245046224,0.2841035110863628,-0.2731596010410235,0.19659579769763721,1.2075713391335592,-0.08990949129574737,0.5664982398022089,1.0977476760251628,-0.1679633013805411,1.3170451675819246,0.7534919500548312,-0.014861693076901338,0.994952658746416,1.2013719030563401,-0.12786948177593419,1.364815841644805,0.8078541500086814,-0.22733715645327515,1.2089610612945054,0.7803034644253203,-0.11940247361973884,1.1071292862592155,0.36694936863831323,-0.30646475631472314,0.2164059396315094,0.741279015872652,-0.14032768657961442,0.26379732906028924,0.33163870111206495,-0.3428567801386317,0.11836684460671523,0.7916520837916435,0.0666201538375466,1.0242124389338965,0.7632451158090932,-0.265715984763294,0.20051182206991494,1.051536896962993,-0.2133226935437185,0.663776625465873,1.0565331195363932,-0.15155004270818873,1.0696386823196284,0.8116126118708918,-0.12157944290103119,0.31638205929702484,0.6174573984169801,-0.14597520545519757,0.23191921605377008,0.20320308178860605,-0.2780469419150953,0.037518335993568214,0.8650086138224755,-0.09235490647619594,0.9963315474671244,0.8569266398418816,-0.15753320868540313,1.2083693000654512,0.7773561215163853,-0.14099871840895448,1.24744280758283,1.6947449905588137,-0.16213747476603813,-0.017555382010212405,1.2825831853790788,-0.3660068396503561,0.6101616794699865,1.1711149227540223,-0.37444269217994836,0.9447165071372166,1.1757333882597105,-0.3171776548422724,1.2764806927039924,1.4766997373261987,-0.5788654274498388,0.8908291143297364,1.2763564012303255,-0.26955455951145924,1.3216992030475314,1.669180351969422,-0.25973193076075285,0.9257281931820296,1.6018249151722483,-0.4578309034965684,0.8877836957277845,1.6087517416635095,-0.10181485532184709,0.02997787845080453,1.5653425699827688,-0.3265161085010363,0.3647994446932085,1.694968615541395,-0.04389438401315584,0.007939282064603577,1.4240037848223124,-0.5384978886866412,0.8179443404571903,1.5448792971522602,-0.2029730901862216,0.4298259568036787,1.078189455712868,-0.31896578796849356,0.6597055434588565,1.2829685913805928,-0.3389308579414094,1.1127140579239423,1.469679555948207,-0.3771316679996369,0.3963295668856987,1.620901675413776,-0.28484146346319583,0.22329207013873079,1.8461837245533796,-0.07096120913741207,-0.011772887727295034,1.3854087599065918,-0.48197926566103416,1.0239052508051036,1.6114616741407786,-0.359766521349253,0.9273518036730245,1.6316300372019508,-0.34525924955574866,0.8416554009085462,1.340758523798936,-0.13276182179222024,0.9148145772960803,1.1107923980580259,-0.26114148212387084,0.7581027665280348,-28.090373992919922,-4.343337059020996,-7.012905120849609,3.066182851791382,-0.1918254792690277,-10.794526100158691,-83.7293701171875,-34.803585052490234,-90.72476196289062,-1.8082385063171387,16.95148277282715,-6.486205101013184,-799.9713745117188,156.2445526123047,-880.0108642578125,-221.97312927246094,106.905029296875,208.0417022705078
1.1458894866981253,-0.2410561784312425,1.1078784528947034,1.2665035787797132,-0.14623823505363717,1.085429203036605,0.28498767049896795,-0.2714411878822655,0.1969227482447561,1.2096208831332378,-0.09033121748377156,0.5667507235972297,1.1012817747545558,-0.16839112445021306,1.3172384429451645,0.7590863236923091,-0.006952606027464777,0.9960207114156509,1.205201151355213,-0.12903637384736774,1.3650112195520212,0.8089190885325931,-0.22390333518681935,1.206514334836543,0.7838292323200908,-0.11370704646240795,1.1064500852136423,0.3679254746792332,-0.3044428528342026,0.21696556344727017,0.7425207862790847,-0.13924762858262915,0.2637681909744313,0.3327823660231584,-0.3414699639508266,0.11914297094605616,0.7987817707440711,0.07334758792787989,1.0266814602921341,0.7642539005405855,-0.26460672421565906,0.20041092475321118,1.0527461771143982,-0.21211285800333843,0.6642095908423923,1.060004141946502,-0.1496849275187941,1.0697817743219287,0.8129881318436554,-0.12052562455369147,0.3162455724564609,0.6186980382101426,-0.14464121568479285,0.23178014070387706,0.2043882025196063,-0.2773358060034695,0.03771739459245015,0.8692131265504471,-0.08674684894696764,0.9967960510032856,0.8593835418192756,-0.155126871898869,1.2069805102632536,0.7801650012565764,-0.13757703635866278,1.2463751912906469,1.6948868924418823,-0.16198365681416152,-0.017525694733917317,1.2823462723106738,-0.3673684352281078,0.6104571464045948,1.1718495436851553,-0.3741065925912352,0.9440412136497877,1.178407586173506,-0.31795681598565434,1.2761131442145797,1.4766981108299155,-0.5800392817187783,0.8870734947406693,1.2793525263963157,-0.27103684309697307,1.32137291202482,1.6703715423085042,-0.2616775277631962,0.92438240635474,1.602250660492095,-0.459292240983603,0.8847728924246023,1.6093371613136191,-0.10150886822911288,0.03051198536641156,1.5653254322658312,-0.3276210350311355,0.3646695729320412,1.6956421436852966,-0.04382142598512551,0.008584225032207194,1.4239777212111366,-0.5387111977236161,0.8147307210015935,1.5450901069388485,-0.20407179338450462,0.4298000816280479,1.078461397957328,-0.31788294806780404,0.6600186439934156,1.2850395575264433,-0.3405515722288991,1.1115284214746084,1.469179666200221,-0.3783853891866886,0.3963491939353627,1.6213134566679697,-0.2854121256348313,0.22309267062027724,1.8467882654524796,-0.07122330562464449,-0.011738223335181442,1.386369741515608,-0.4837414256192201,1.021076654756306,1.6123641018835915,-0.3616874432129576,0.9251958035080639,1.6322597292874823,-0.3463880280587847,0.8395478782669598,1.344049838205047,-0.1344097104688354,0.9141911333365156,1.1120490846254967,-0.25999685519973176,0.7583942267278961,-24.263675689697266,3.7820358276367188,-6.370067119598389,1.990222692489624,-0.9104279279708862,-8.26798152923584,-81.53971099853516,-35.99126052856445,-88.63261413574219,-1.7039133310317993,16.701509475708008,-6.887515068054199,-790.3175659179688,172.16668701171875,-872.3194580078125,-219.229248046875,106.89212799072266,215.9815216064453
1.1484941816487848,-0.240856104511891,1.1078424319526217,1.2700377568503878,-0.14728993350109512,1.084892181568588,0.285871829911573,-0.2697227747235078,0.19724969879187493,1.211670427132916,-0.09075294367179569,0.5670032073922504,1.1048158734839482,-0.16881894751988497,1.3174317183084046,0.7646806973297862,0.000956481021970431,0.9970887640848854,1.209030399654085,-0.1302032659188011,1.3652065974592373,0.8099840270565045,-0.22046951392036415,1.204067608378581,0.7873550002148607,-0.10801161930507804,1.1057708841680691,0.36890158072015306,-0.30242094935368236,0.21752518726303086,0.743762556685517,-0.13816757058564405,0.2637390528885734,0.33392603093425166,-0.3400831477630218,0.11991909728539697,0.8059114576964975,0.08007502201821204,1.0291504816503714,0.7652626852720779,-0.26349746366802435,0.20031002743650747,1.0539554572658032,-0.21090302246295858,0.6646425562189114,1.0634751643566105,-0.14781981232939975,1.069924866324229,0.8143636518164186,-0.11947180620635192,0.316109085615897,0.6199386780033048,-0.14330722591438835,0.23164106535398407,0.20557332325060632,-0.27662467009184377,0.037916453191332064,0.873417639278418,-0.0811387914177403,0.9972605545394467,0.8618404437966692,-0.1527205351123353,1.205591720461056,0.7829738809967671,-0.13415535430837167,1.2453075749984641,1.6950287943249507,-0.1618298388622849,-0.017496007457622236,1.2821093592422688,-0.36873003080585925,0.610752613339203,1.172584164616288,-0.3737704930025221,0.9433659201623589,1.181081784087301,-0.3187359771290362,1.2757455957251669,1.476696484333632,-0.5812131359877175,0.8833178751516029,1.2823486515623053,-0.2725191266824867,1.3210466210021088,1.6715627326475864,-0.2636231247656392,0.9230366195274505,1.6026764058119414,-0.4607535784706374,0.8817620891214208,1.6099225809637283,-0.10120288113637872,0.031046092282018493,1.5653082945488936,-0.3287259615612345,0.364539701170874,1.6963156718291983,-0.0437484679570952,0.0092291679998107,1.4239516575999607,-0.5389245067605909,0.8115171015459972,1.5453009167254366,-0.2051704965827875,0.42977420645241704,1.0787333402017885,-0.3168001081671147,0.6603317445279746,1.2871105236722933,-0.3421722865163884,1.1103427850252745,1.468679776452235,-0.3796391103737401,0.3963688209850267,1.6217252379221632,-0.2859827878064667,0.22289327110182372,1.8473928063515797,-0.07148540211187687,-0.011703558943067858,1.3873307231246241,-0.48550358557740575,1.018248058707509,1.6132665296264042,-0.36360836507666183,0.9230398033431035,1.6328894213730136,-0.3475168065618205,0.8374403556253738,1.3473411526111576,-0.13605759914545026,0.9135676893769511,1.1133057711929675,-0.2588522282755928,0.7586856869277575,-21.93003273010254,14.89354419708252,-6.459832668304443,1.4810028076171875,-1.7364176511764526,-5.973635196685791,-81.87373352050781,-35.71037673950195,-85.2589340209961,-1.5449044704437256,16.324398040771484,-6.483280181884766,-794.491943359375,191.37913513183594,-865.2191162109375,-217.24127197265625,107.56742858886719,213.73587036132812
1.1516540003138658,-0.24062849117430632,1.1078195745581823,1.2742504710393232,-0.14856320935369313,1.0842538140467461,0.2869519172914769,-0.2675523909906681,0.19761381273632803,1.2140751382373023,-0.09128020827146549,0.5673285880625643,1.1090541888546466,-0.16936513890099045,1.317673038962661,0.7718088480810447,0.010430961168857255,0.9985110388686324,1.2136176129840062,-0.13162580063406187,1.3654354147563708,0.8112765590086677,-0.21602062811914716,1.201112560089061,0.7917261198656443,-0.10106305639870204,1.1049812684785452,0.3700722304006285,-0.2999079784020686,0.21819989886504917,0.7452753237541146,-0.1368547714506555,0.26363366072541045,0.33531883753688113,-0.33833137055895995,0.12086314796809318,0.8148051512162406,0.08798678165042544,1.0322411241910312,0.7664903678641413,-0.26215914247051786,0.20013248644127754,1.0553652411265086,-0.20947143751264424,0.6651972595429577,1.0676832956983549,-0.14564514446337518,1.070140623098967,0.8160114035701118,-0.11821912959316723,0.3159236043494269,0.6214631464307669,-0.14167923850334263,0.23141534310697723,0.20712616743630902,-0.2757606405690807,0.03808089219872524,0.8780138670213959,-0.07438447010635621,0.9978976431271886,0.8647528724954614,-0.14958566891041852,1.2039618752650079,0.7863706026645682,-0.12985916465323546,1.2439820924342075,1.6952621281541735,-0.16156188640373437,-0.017526693864176594,1.2816838128677268,-0.37027368206062045,0.6110880517012236,1.173375567853056,-0.37329355671705794,0.9425807839987295,1.1843208042991078,-0.3196635431801245,1.2753171036575015,1.4766122292209145,-0.5824194349200519,0.8788121571603995,1.2859565335393737,-0.27428104861682595,1.3206359274339992,1.6729270717166116,-0.26597003589402735,0.9214090598340068,1.603182309510692,-0.46243754818739463,0.8781809262092544,1.610636867434773,-0.10080457202448756,0.031642965404995164,1.5652289366880001,-0.32994384757730333,0.3642515186837178,1.6971622989667172,-0.04359387085828563,0.009939389377338919,1.4239663777761902,-0.5390874328992225,0.8076959197094903,1.5455211432564337,-0.2064682134729346,0.42955236186254897,1.079043595996124,-0.3155097766033073,0.6607090712383092,1.2895315838175891,-0.3440533497475628,1.1089278972701522,1.4680688089092837,-0.38113979314336693,0.3963682467969048,1.6221928399130208,-0.2865763867138237,0.22257877136303103,1.8481314198070804,-0.0718258457468045,-0.011671329170021397,1.3884185157864297,-0.4875578304000246,1.014874418839714,1.614309528805562,-0.36582402855355195,0.9204628597821624,1.6336437195342106,-0.3488172085474657,0.8349825234602621,1.3513183143754663,-0.13796140608803303,0.9128839815689239,1.1147694106133568,-0.2574890723686346,0.7591070667007901,-21.703805923461914,19.974645614624023,-7.096755027770996,1.9146888256072998,-1.6371421813964844,-5.709078788757324,-80.46163177490234,-32.870452880859375,-82.76301574707031,-1.4605956077575684,15.980574607849121,-5.5940937995910645,-812.6103515625,196.59947204589844,-860.0604248046875,-217.11903381347656,108.38069152832031,200.7723846435547
1.1555870270097492,-0.24036251936132544,1.1078150521051016,1.279408289107266,-0.15014511087773655,1.0834742859499344,0.2883049043401188,-0.26475247681535624,0.19802968998421108,1.2169745463803905,-0.09195447280164193,0.567755503666322,1.1142733774043079,-0.1700762004301643,1.3179812798436903,0.7810733312407868,0.022085810272911507,1.0004266944547364,1.219260563321461,-0.13340440903179698,1.3657108083466032,0.8128860960930389,-0.21015790243022475,1.197449492105585,0.7972746937480195,-0.09236905441329553,1.1040378609635182,0.3715138515790567,-0.2967110206157166,0.21903491131221223,0.7471655504592997,-0.13521779715916174,0.26342205752600106,0.3370586629241508,-0.33607125479653965,0.12204109327189183,0.8261558538833204,0.09754813757311848,1.0361975962357806,0.7680229439048578,-0.26050177251068957,0.19984819175095747,1.057054298010883,-0.2077309873127779,0.6659215264367742,1.0729181144805935,-0.143039313940615,1.0704575915210295,0.8180383353043866,-0.11668947182398359,0.31566988084687303,0.6233829475988616,-0.1396417543785461,0.23106893411041884,0.20919119786249096,-0.27468365208794737,0.03819711106083054,0.883155697820992,-0.06603356709839472,0.9987751180367754,0.8682997848419165,-0.14543606530850287,1.2019962743418107,0.7905861041601131,-0.12434491083420651,1.2422974389909909,1.6956228136226832,-0.16113496088231635,-0.017641472186128434,1.280995527245351,-0.3720709108655027,0.6114791645514255,1.1742460607298162,-0.37262045503254754,0.9416426526789633,1.1883465412831464,-0.32079781606694724,1.2748037258915554,1.4764128842495925,-0.5836709246335441,0.8732616592519329,1.2904165053604455,-0.27643246682274425,1.320107673177656,1.6745325822309154,-0.2688759202692683,0.9193890307912763,1.6037998623800593,-0.46443161279555195,0.8738053338417153,1.6115306469778352,-0.10027767152877042,0.032327262888236966,1.5650629150551676,-0.33131907002025884,0.36374283197107693,1.6982500282739172,-0.04332556219660485,0.010740534254405297,1.4240379039420197,-0.5391801828580187,0.8030284902709998,1.5457544859671435,-0.2080431280053215,0.4290575598742788,1.0794072170920719,-0.3139304387944423,0.6611758558363314,1.292440274890685,-0.34629704186458465,1.1071936951962527,1.4673031258662015,-0.38298445811729565,0.3963395351704383,1.6227381922156605,-0.2872019332173644,0.2221039534601944,1.8490567771804254,-0.07227541576602207,-0.011642490473532715,1.389682938128907,-0.49001890771239015,1.0107416107954568,1.6155483239139152,-0.36845022499166585,0.9172996022053901,1.6345715761579425,-0.3503566575267457,0.8320367601730965,1.3562507635315524,-0.14022167061535734,0.9121163348291094,1.1165213057931687,-0.25582153680703495,0.7597094058793112,-23.340559005737305,13.092486381530762,-7.028547286987305,2.884563446044922,-0.7509117722511292,-7.859153747558594,-74.58740997314453,-28.39124298095703,-81.87667083740234,-1.4482873678207397,15.6519775390625,-5.067082405090332,-826.8924560546875,178.48243713378906,-857.5091552734375,-217.95278930664062,108.61163330078125,189.93679809570312
1.1595200537056323,-0.2400965475483446,1.1078105296520209,1.284566107175208,-0.15172701240177972,1.0826947578531227,0.28965789138876047,-0.26195256264004496,0.19844556723209406,1.219873954523478,-0.09262873733181826,0.5681824192700796,1.1194925659539683,-0.17078726195933802,1.3182895207247196,0.7903378144005274,0.03374065937696377,1.00234235004084,1.224903513658915,-0.13518301742953176,1.3659862019368354,0.8144956331774098,-0.20429517674130335,1.1937864241221094,0.8028232676303938,-0.08367505242789051,1.1030944534484914,0.3729554727574847,-0.2935140628293651,0.21986992375937517,0.7490557771644845,-0.13358082286766826,0.26321045432659174,0.3387984883114202,-0.33381113903411974,0.12321903857569028,0.8375065565503983,0.10710949349580987,1.0401540682805295,0.769555519945574,-0.25884440255086155,0.19956389706063746,1.058743354895257,-0.20599053711291185,0.6666457933305905,1.0781529332628312,-0.14043348341785525,1.0707745599430918,0.8200652670386611,-0.11515981405480022,0.31541615734431916,0.6253027487669559,-0.13760427025374994,0.23072252511386052,0.21125622828867258,-0.27360666360681424,0.03831332992293582,0.8882975286205872,-0.05768266409043467,0.999652592946362,0.8718466971883709,-0.14128646170658793,1.2000306734186135,0.7948016056556574,-0.11883065701517852,1.2406127855477744,1.6959834990911926,-0.16070803536089842,-0.017756250508080253,1.2803072416229753,-0.37386813967038457,0.6118702774016272,1.1751165536065764,-0.3719473533480373,0.9407045213591974,1.1923722782671846,-0.32193208895376973,1.2742903481256094,1.4762135392782705,-0.584922414347036,0.8677111613434673,1.2948764771815167,-0.2785838850286622,1.3195794189213128,1.6761380927452187,-0.2717818046445088,0.9173690017485461,1.6044174152494266,-0.4664256774037089,0.869429741474177,1.6124244265208971,-0.09975077103305338,0.03301156037147864,1.5648968934223353,-0.33269429246321414,0.36323414525843617,1.699337757581117,-0.04305725353492412,0.011541679131471538,1.4241094301078494,-0.5392729328168149,0.79836106083251,1.5459878286778532,-0.2096180425377081,0.4285627578860087,1.0797708381880198,-0.3123511009855776,0.6616426404343535,1.2953489659637805,-0.3485407339816061,1.1054594931223536,1.4665374428231195,-0.38482912309122397,0.39631082354397174,1.6232835445183003,-0.2878274797209051,0.22162913555735786,1.8499821345537704,-0.07272498578523957,-0.011613651777044038,1.3909473604713845,-0.4924799850247553,1.0066088027512001,1.6167871190222682,-0.3710764214297793,0.9141363446286184,1.635499432781674,-0.35189610650602554,0.8290909968859314,1.3611832126876375,-0.14248193514268123,0.9113486880892949,1.11827320097298,-0.2541540012454355,0.7603117450578323,-25.848249435424805,0.5685504078865051,-6.3819580078125,3.5864365100860596,-0.19288766384124756,-10.560833930969238,-70.31273651123047,-26.200870513916016,-82.01594543457031,-1.4913448095321655,15.425788879394531,-5.160794734954834,-828.22314453125,146.7954559326172,-856.1480712890625,-218.42735290527344,108.53260040283203,188.6749725341797
1.1635086625222335,-0.2398200609184654,1.1078452570548911,1.28966347784396,-0.1533454260387956,1.0819475994204844,0.29097421274872004,-0.259070135307628,0.19883958963270215,1.2226936015861711,-0.09329771066688934,0.5686154942836192,1.1247477772220078,-0.17150553949917383,1.3185419829081226,0.7999079009357659,0.045220451497330116,1.0044512571088524,1.2305147332071464,-0.1369182683330102,1.3662005256343361,0.816108913413736,-0.1980411360496722,1.190195303286938,0.8085387353076046,-0.07486981709197922,1.1022656666521995,0.37437572848323153,-0.2902374832045956,0.22068030266276253,0.7510112346402855,-0.13194443625922248,0.26291535508553715,0.34050004672727824,-0.33150717023982135,0.12443386559800192,0.8491635424214474,0.1163221465559386,1.0442005234048852,0.771102880207908,-0.25720504804557537,0.19921626774779222,1.06040245018258,-0.204249859620996,0.6673952548314404,1.0834013486145344,-0.1378589045281049,1.071122096074338,0.8221053284722447,-0.11365614539098672,0.31512322084398464,0.6272963645639796,-0.13554248021335807,0.23031091196647546,0.21335988198191108,-0.2724556393477302,0.038355466422458365,0.8943404925382684,-0.04920175079786784,1.000621639932228,0.8753333095683165,-0.1369209132521164,1.1980321786261554,0.7990015775754749,-0.11309510674204304,1.2389415157157067,1.6963753911438366,-0.1601544528804868,-0.017888607105721294,1.2794927700071146,-0.3756501542416628,0.6122883622417387,1.175961720825031,-0.37119899956595825,0.9398459135893955,1.19637817736493,-0.3230578721753808,1.2737917791533944,1.4760080021343485,-0.586083183817516,0.8622773318298609,1.299293136557206,-0.28069208907765253,1.3190759333553694,1.6777541528869149,-0.27467451017621314,0.9154063158280014,1.6049753725528717,-0.4683448912588175,0.8651293070111057,1.6133117517888151,-0.09916865392680599,0.03366464922290957,1.5646017371423986,-0.333973761475244,0.36262517565528296,1.7004741396730307,-0.0427722680869679,0.012269770603207516,1.424156122057643,-0.5392631351553052,0.7937914202150134,1.546160560175283,-0.21116633523280245,0.4278285170331697,1.0800706700773428,-0.3108082240977825,0.6620968850637903,1.2981887076864178,-0.3507267758250235,1.1037324333427758,1.4657747575778834,-0.38650062838137533,0.39618642401221577,1.6237535423395648,-0.28833930648320555,0.22106668121175266,1.8508845088102959,-0.07315775155034283,-0.011543623819355153,1.3921252889743703,-0.4948157896071868,1.0025134999428367,1.6179908087711459,-0.37365493568166186,0.9110118946097547,1.636390742481939,-0.3533837738514735,0.8262047882111659,1.3658851098935332,-0.1449385124277198,0.9104721950774162,1.1200025880968332,-0.25251711325238885,0.7609266078235297,-27.961458206176758,-8.5381441116333,-6.183933734893799,3.396467447280884,-0.6607276201248169,-11.742971420288086,-70.95333099365234,-26.539705276489258,-80.58995056152344,-1.5027339458465576,15.167917251586914,-5.24732780456543,-816.48486328125,130.6938934326172,-855.3394775390625,-218.08197021484375,108.60853576660156,198.70375061035156
1.16757629170323,-0.23952862551275472,1.1079357854577878,1.2946749112463938,-0.15501574846292943,1.0812464605104055,0.2922384069850112,-0.25607040011330195,0.19920254128658213,1.2253998533779418,-0.09395916158000357,0.5690573260484152,1.130054201511357,-0.1722340759457341,1.3187151452563457,0.8099124597397849,0.05645136742402245,1.0068349072475304,1.2360808415128688,-0.13859187846152177,1.3663280270747002,0.8177275152395891,-0.1912307680047909,1.186706468758994,0.8144914736810891,-0.06590644277583008,1.1015998346126632,0.3757656092280582,-0.28684770626737627,0.2214556603834328,0.7530594298381676,-0.130308885151977,0.26250155062864955,0.34214720149703354,-0.3291408561712862,0.1257011268707299,0.8612559670644075,0.12503905337772514,1.0483749062809717,0.7726712590021801,-0.25559130587325213,0.19877859644147738,1.0620189494644567,-0.20250885899098525,0.6681805351712056,1.0886690940288513,-0.1353287556708257,1.0715130899126166,0.824164056225328,-0.11218942509384364,0.3147745357443955,0.6293949216406863,-0.13344613477489042,0.22980659894201147,0.21551844586204982,-0.2711993594043304,0.03829228100891146,0.901664585467205,-0.040536003606703404,1.0017208737253351,0.8787341942850323,-0.13224835886268485,1.1959869190557115,0.8031794713032951,-0.10704494223294744,1.2372892731862355,1.6968116491835639,-0.15942080388006005,-0.01804595450494461,1.2784989014366606,-0.37741053893866106,0.6127447928024443,1.1767708828907137,-0.37034366087408266,0.939100363396651,1.2003558732026456,-0.3241715857524744,1.2733142636469659,1.475793661660706,-0.5871149775208225,0.8570093682270183,1.3036482192033167,-0.28273885613245653,1.3186076611083075,1.6793852112940604,-0.2775484795207216,0.9135251538642987,1.605448603630066,-0.4701576907903151,0.8609357235447466,1.6141899010992997,-0.098508036097154,0.034273369176103505,1.5641229918460973,-0.33511709910354853,0.3618736351957385,1.7016796907841762,-0.04246357347298146,0.012894003016763097,1.4241675075316271,-0.5391075469010713,0.789360804668326,1.546247121514074,-0.21267678001463788,0.426753869119859,1.0802798136970064,-0.30931718321825513,0.6625333017860816,1.3009304250312954,-0.35283085703849765,1.1020155276683785,1.4650163342621154,-0.3879259548439883,0.39592598625366265,1.6241164096933327,-0.28868945939651386,0.2203796352969101,1.8517542082742349,-0.07356662693007887,-0.011415037634899695,1.3931802503320554,-0.49697349560971266,0.998471517831285,1.6191445896957093,-0.3761656608013125,0.907942616781652,1.6372300939054678,-0.35479782393436543,0.8234032475395712,1.3702592344473523,-0.14767418495866602,0.9094409567630845,1.1216999758158297,-0.2509237965013809,0.7615592752071405,-27.67935562133789,-5.66526460647583,-6.620523452758789,2.603957414627075,-1.4012775421142578,-10.425117492675781,-73.950439453125,-27.353853225708008,-76.33350372314453,-1.352818489074707,14.691641807556152,-5.173120975494385,-804.3192749023438,136.5246124267578,-855.40625,-217.8115997314453,109.16875457763672,212.8732452392578
1.171643920884227,-0.239237190107044,1.1080263138606847,1.2996863446488285,-0.15668607088706352,1.0805453216003267,0.2935026012213025,-0.25307066491897534,0.1995654929404622,1.228106105169713,-0.09462061249311791,0.5694991578132111,1.1353606258007074,-0.1729626123922945,1.3188883076045688,0.8199170185438055,0.06768228335071672,1.009218557386209,1.2416469498185922,-0.14026548859003363,1.3664555285150641,0.8193461170654424,-0.18442039995990844,1.1832176342310494,0.8204442120545747,-0.05694306845967939,1.100934002573127,0.37715548997288506,-0.28345792933015634,0.22223101810410323,0.7551076250360501,-0.12867333404473122,0.26208774617176184,0.34379435626678906,-0.3267745421027506,0.12696838814345812,0.8733483917073698,0.13375596019951314,1.052549289157059,0.7742396377964526,-0.2539775637009286,0.1983409251351625,1.0636354487463338,-0.20076785836097422,0.6689658155109709,1.0939368394431688,-0.13279860681354605,1.0719040837508953,0.8262227839784116,-0.1107227047967003,0.3144258506448064,0.6314934787173935,-0.13134978933642244,0.22930228591754737,0.21767700974218893,-0.2699430794609304,0.03822909559536454,0.9089886783961428,-0.03187025641553749,1.0028201075184424,0.8821350790017488,-0.1275758044732525,1.1939416594852674,0.807357365031116,-0.10099477772385082,1.2356370306567641,1.6972479072232909,-0.15868715487963317,-0.018203301904167954,1.2775050328662063,-0.37917092363565963,0.6132012233631501,1.1775800449563967,-0.3694883221822069,0.9383548132039063,1.2043335690403616,-0.32528529932956823,1.2728367481405372,1.4755793211870636,-0.5881467712241293,0.8517414046241748,1.3080033018494284,-0.2847856231872609,1.3181393888612456,1.681016269701206,-0.2804224488652305,0.9116439919005956,1.6059218347072601,-0.47197049032181304,0.8567421400783868,1.6150680504097843,-0.0978474182675019,0.03488208912929754,1.5636442465497957,-0.33626043673185324,0.361122094736194,1.702885241895322,-0.042154878858994965,0.013518235430318786,1.4241788930056112,-0.5389519586468374,0.7849301891216379,1.546333682852865,-0.2141872247964736,0.4256792212065482,1.0804889573166703,-0.3078261423387275,0.662969718508373,1.3036721423761735,-0.3549349382519722,1.1002986219939808,1.4642579109463472,-0.3893512813066015,0.3956655484951095,1.6244792770471004,-0.28903961230982217,0.21969258938206743,1.852623907738174,-0.07397550230981498,-0.011286451450444216,1.3942352116897405,-0.49913120161223884,0.9944295357197326,1.6202983706202727,-0.37867638592096353,0.9048733389535487,1.6380694453289966,-0.35621187401725757,0.820601706867976,1.3746333590011723,-0.15040985748961272,0.9084097184487526,1.1233973635348262,-0.24933047975037273,0.7621919425907514,-25.005651473999023,7.1780619621276855,-6.7396559715271,1.926849603652954,-1.5269958972930908,-7.58366060256958,-70.7290267944336,-24.92041778564453,-72.05393981933594,-1.1654884815216064,14.09250545501709,-4.915163040161133,-806.0170288085938,160.87655639648438,-858.0499267578125,-218.51370239257812,110.42102813720703,222.83389282226562
1.175639676731943,-0.23899140988556755,1.1081537742488432,1.304607276884925,-0.15845158987290012,1.0798454935977002,0.2948057990003105,-0.24992950142219386,0.19984481962311346,1.230714524423839,-0.09527400173000149,0.5699543656892334,1.1406541352240451,-0.17367859609079672,1.31901113758024,0.830416444911072,0.07868962128036011,1.011717535012605,1.2471672410996542,-0.141956583553592,1.3665548535372247,0.8210898620008632,-0.17724442023117853,1.179776154211815,0.8266115103731089,-0.04791188856821236,1.1003976914266878,0.3784899727398196,-0.27996550105660184,0.22301631282694287,0.7571710008659109,-0.12703443081765783,0.26160872811513236,0.34542253120056043,-0.3243560264047409,0.12827886586749784,0.8857483778963019,0.14211521485191264,1.056777775287628,0.7758732949266369,-0.25233868973342005,0.19785044327476958,1.0652953536305205,-0.19907723865564306,0.6697822339487391,1.0991969945414963,-0.13034012898901454,1.0723278179073965,0.8282705227665552,-0.10926683488863201,0.3140112560316427,0.6336093365356621,-0.1292452325193299,0.22873710673179062,0.2199487769544518,-0.26877136923224726,0.038050508348653665,0.9167540616152298,-0.023240568188007227,1.0040298945066943,0.8856010154777803,-0.1226743096053998,1.1919711378236482,0.8115337860110577,-0.09471726281852158,1.2339871024453877,1.697587158111547,-0.15801196466415926,-0.01832436265682937,1.276428399101788,-0.3808920903513762,0.6136360239508926,1.1784303468584225,-0.3686014165151988,0.9376770984258084,1.208316265747247,-0.3264050697846128,1.2723800776810046,1.4753262522994288,-0.5890512288800928,0.8465944005558825,1.3123415530912133,-0.28681443809278745,1.3176699837312005,1.682618310119932,-0.2832614485396453,0.9097796856172828,1.6063857923280325,-0.47372862015733647,0.8526331020506804,1.6159280088563628,-0.09716395463868487,0.03543709879679393,1.5631882236493344,-0.337432938004961,0.3602818090789366,1.7041423068141306,-0.04182988438533239,0.014063132402567256,1.4242498033883555,-0.5386964420214394,0.7806162119701211,1.546396922986239,-0.2157219092281448,0.4244101908033258,1.0807404060237455,-0.3063220368907942,0.6634140411354847,1.306325608136638,-0.3570113852126708,1.098628035049565,1.4635310465136901,-0.39062220795659824,0.39524308419385495,1.6247765504761247,-0.2893378306303593,0.21889400102247472,1.853498397678729,-0.07438121977823457,-0.011181573750488217,1.3952096250673003,-0.5011921351319116,0.990456708022301,1.6214425382235191,-0.38117021894612835,0.9018751819007446,1.638903342730162,-0.35757730319010494,0.8178691021259259,1.3788922046194012,-0.15315751025810923,0.9073540017699564,1.125117586937961,-0.24776077754055437,0.762846935861158,-23.20798683166504,16.08690071105957,-6.5008039474487305,2.185802698135376,-1.0753644704818726,-6.346260070800781,-59.159183502197266,-19.104671478271484,-69.72335052490234,-1.1497139930725098,13.619247436523438,-3.9983134269714355,-824.8026123046875,178.1821746826172,-862.8427734375,-220.01107788085938,111.7728500366211,220.60658264160156
1.179531128595996,-0.23881188535828465,1.108334831054637,1.3093968720625564,-0.16035525996657377,1.079147568009547,0.2961655994815541,-0.24658309441331241,0.20000278811581085,1.2331809671904075,-0.09591569170503815,0.5704289852388646,1.1459289023418295,-0.1743763629963855,1.3190609242347693,0.8416340327420759,0.08937249845818857,1.0143838781394703,1.2526210418205381,-0.14367305285093782,1.3666132883915048,0.8230152170587057,-0.1695378576929609,1.17640339597961,0.8330901822704346,-0.038782307902808386,1.1000493435275476,0.3797440608803009,-0.27632410316080486,0.22381602832122346,0.7592564071251064,-0.12539066292888298,0.261035070810097,0.34702316222601365,-0.32186175468346956,0.129652060148929,0.8985947034019495,0.1499554376975187,1.061084777116775,0.777601685251621,-0.2506633440143622,0.19728332170784874,1.067018249571718,-0.19745973273124934,0.6706438406019021,1.1044461344251564,-0.12798566156566563,1.0727990654525377,0.8303023141543595,-0.10782671127690399,0.31350101224634036,0.635750301527661,-0.12712875918935487,0.2280835973851334,0.2223848270511388,-0.26772238822370187,0.03770444770991214,0.9251598539139253,-0.014663209432092407,1.0054001184488763,0.8891613563362333,-0.11744057184813093,1.1901090772736154,0.8157080697105416,-0.08810981258207273,1.232340532817588,1.6977856303287657,-0.15742161097806817,-0.018392763519968016,1.2752316548729576,-0.382556343167428,0.6140394346998227,1.1793403516936776,-0.3676687002379374,0.9370978277250631,1.2123062198130496,-0.3275336300991228,1.2719536579602602,1.4750169799817319,-0.5897708939795462,0.8416229353243158,1.3166553782706225,-0.2888172004889966,1.3171989345392645,1.6841782390676585,-0.28604969954648524,0.9079398406262431,1.6068362921278998,-0.4754074122633364,0.8486467580132141,1.616761568366297,-0.09644733674034779,0.03591416304968046,1.56276517593308,-0.33864776212845404,0.35931273465914454,1.7054741295757672,-0.04148123523726175,0.01449289623438222,1.424407097480155,-0.538295907393986,0.7764715027335468,1.5464263189312637,-0.21729177071262654,0.4228590687379144,1.0810532486991378,-0.3047989718862718,0.6638698369659335,1.3088510014758201,-0.3590477288065365,1.0970246667498786,1.4628499809479871,-0.391669066585847,0.39458548381233854,1.62497863272168,-0.28956068045650885,0.2179335400906226,1.8543798396524214,-0.07478235442413396,-0.011111102265842413,1.3960671456444342,-0.5031126305362245,0.9865842385599949,1.6225727547872935,-0.38363953783417354,0.8989802367047761,1.639729325147654,-0.358872172749595,0.8152365385499224,1.3829837551969562,-0.15592254898109945,0.9062627616110228,1.126870949931492,-0.2462253452136818,0.7635343288941099,-23.947265625,15.325845718383789,-6.81767463684082,2.9575963020324707,-0.8627623319625854,-7.465189456939697,-50.25244903564453,-15.512133598327637,-69.64877319335938,-1.2002679109573364,13.403372764587402,-2.9360008239746094,-854.3080444335938,175.92636108398438,-869.7520141601562,-222.29122924804688,113.38310241699219,209.68292236328125
1.1834225804600496,-0.23863236083100173,1.1085158878604309,1.3141864672401884,-0.16225893006024775,1.078449642421394,0.29752539996279787,-0.2432366874044304,0.2001607566085083,1.2356474099569763,-0.09655738168007491,0.570903604788496,1.1512036694596146,-0.1750741299019744,1.3191107108892983,0.852851620573082,0.10005537563601885,1.0170502212663362,1.2580748425414232,-0.14538952214828393,1.366671723245785,0.8249405721165487,-0.16183129515474193,1.1730306377474045,0.8395688541677615,-0.029652727237402844,1.0997009956284074,0.3809981490207824,-0.2726827052650072,0.22461574381550417,0.7613418133843024,-0.12374689504010786,0.2604614135050616,0.3486237932514671,-0.31936748296219775,0.13102525443036037,0.9114410289075993,0.1577956605431261,1.0653917789459229,0.7793300755766054,-0.24898799829530396,0.1967162001409278,1.0687411455129157,-0.19584222680685534,0.6715054472550651,1.1096952743088173,-0.1256311941423163,1.073270312997679,0.832334105542164,-0.10638658766517574,0.31299076846103796,0.6378912665196602,-0.1250122858593795,0.22743008803847609,0.22482087714782617,-0.2666734072151563,0.03735838707117055,0.9335656462126222,-0.006085850676176122,1.0067703423910583,0.8927216971946869,-0.11220683409086117,1.1882470167235823,0.8198823534100261,-0.08150236234562275,1.2306939631897882,1.6979841025459845,-0.15683125729197697,-0.018461164383106674,1.274034910644127,-0.38422059598348,0.6144428454487529,1.1802503565289326,-0.36673598396067586,0.9365185570243179,1.216296173878853,-0.3286621904136329,1.2715272382395157,1.474707707664035,-0.5904905590789997,0.8366514700927481,1.3209692034500324,-0.2908199628852061,1.3167278853473285,1.6857381680153853,-0.2888379505533257,0.9060999956352032,1.6072867919277671,-0.4770862043693366,0.8446604139757472,1.6175951278762313,-0.0957307188420106,0.03639122730256707,1.5623421282168255,-0.33986258625194726,0.35834366023935227,1.706805952337404,-0.04113258608919105,0.014922660066197257,1.4245643915719544,-0.5378953727665327,0.7723267934969719,1.5464557148762885,-0.21886163219710852,0.4213079466725027,1.08136609137453,-0.3032759068817492,0.6643256327963822,1.3113763948150028,-0.3610840724004026,1.095421298450192,1.462168915382284,-0.3927159252150959,0.39392788343082197,1.625180714967235,-0.28978353028265846,0.21697307915877032,1.855261281626114,-0.0751834890700334,-0.0110406307811966,1.3969246662215682,-0.5050331259405376,0.9827117690976881,1.6237029713510678,-0.3861088567222191,0.8960852915088072,1.640555307565146,-0.3601670423090853,0.8126039749739186,1.387075305774512,-0.15868758770409014,0.905171521452089,1.128624312925023,-0.24468991288680902,0.7642217219270618,-26.973058700561523,4.1201653480529785,-8.0806884765625,3.5316762924194336,-1.1359367370605469,-10.464286804199219,-49.01654052734375,-15.452139854431152,-68.43254089355469,-1.080313801765442,12.94639778137207,-2.5271522998809814,-871.8779296875,156.73284912109375,-875.3014526367188,-224.3553466796875,114.68048858642578,201.9214324951172
1.1868133456107006,-0.2384751656937678,1.1086781763083098,1.3183207685584264,-0.16386140318007655,1.0778446154089163,0.2986845876404781,-0.24032089351028804,0.20024633543282155,1.2377421145407568,-0.09712300804869227,0.5713098733038302,1.1557339370645434,-0.17569637375063452,1.3191423366796102,0.8627266073661132,0.1091903828528541,1.019413984571861,1.262793320101618,-0.14684948122856628,1.3666891522754896,0.8266697386834795,-0.1549731075566338,1.1701479191022204,0.8453863491088348,-0.02172140578356968,1.0994628918486715,0.38205869446527085,-0.2694792303916635,0.22530686781303771,0.7631490354901117,-0.12232615527333017,0.259926399993186,0.34998139882127177,-0.3172160015496987,0.13223551850247853,0.9226907570630506,0.16437039208530574,1.0691277526861784,0.7808069794975369,-0.2475595268242012,0.19623493102212616,1.0702260478048136,-0.19449885441175363,0.6722652427605446,1.1142381068491776,-0.12363110337135023,1.0736936005140771,0.8340938836336136,-0.10514845770617198,0.3125197839559309,0.6397694105541468,-0.12318120567461123,0.22683237019358882,0.22693844267864097,-0.2657532988005127,0.037013387048481325,0.9410010552564202,0.0012434118412686132,1.008094348852208,0.8957986968834668,-0.10754260968490954,1.186638824592363,0.8235150484849285,-0.0756277123725179,1.229287257652409,1.6981700252223488,-0.15633511109067905,-0.01857331778163349,1.2729843166095531,-0.38568103866071884,0.6147947631134892,1.1810601249041146,-0.36591504252706936,0.9360495863963437,1.2197323015194064,-0.3296331420836859,1.2711630546494035,1.47443677139598,-0.5910713079551987,0.8324229136997502,1.324705222189821,-0.29255501639764037,1.316304364543877,1.6870944426943923,-0.2912314105902286,0.9045187191457938,1.607658333533647,-0.47848866677639496,0.8412481275023215,1.6182966374403593,-0.09510709144273738,0.036785596975476925,1.561970701478175,-0.3409436818286283,0.35742464010289177,1.707891516338121,-0.040815601051347156,0.015285360790320373,1.4246790172248487,-0.5375142539573821,0.7687760372430285,1.5464605392999207,-0.22020814182939905,0.4198997295060695,1.0816263538717434,-0.30195924985093,0.6647226456182682,1.3135436066728554,-0.3628150185212394,1.0940574425340488,1.4615977102557556,-0.3935515438977456,0.3932851226815325,1.6253233267771487,-0.2899708856908691,0.21609301921843696,1.856004774570465,-0.07550772980151586,-0.010995248136795218,1.3976086993880619,-0.5066247993944496,0.9794194641097492,1.6246642087469036,-0.3881847035411177,0.8936113953985126,1.6412730441977645,-0.3612656314542751,0.810364835507033,1.3905529999575077,-0.1610418327942194,0.9042872048371675,1.1301132403067404,-0.2433964169232656,0.764823690155484,-28.65199089050293,-6.278229236602783,-8.814403533935547,3.4263205528259277,-1.2136422395706177,-12.29448413848877,-50.65680694580078,-15.507015228271484,-64.34271240234375,-0.930319607257843,12.301581382751465,-2.9465060234069824,-874.8941040039062,136.4873046875,-880.6865844726562,-226.34255981445312,115.75093841552734,203.3024139404297
1.189462352667423,-0.23835105113438423,1.1088126597815002,1.3214842641590445,-0.16501765856087594,1.0773772159159578,0.2995465711647311,-0.23804304497131468,0.20022467030397315,1.2392860958907777,-0.09757594759298473,0.5716148810276133,1.1591612424282045,-0.1762067315890299,1.3191470574858963,0.87061255558437,0.11603224938673633,1.0213294814754004,1.266422430016347,-0.14792942517245833,1.366645831935453,0.8281082556342446,-0.1493717717216509,1.1679911850304006,0.8502243226332377,-0.015565283161693373,1.0993881126902751,0.38283250998977,-0.26692453036639885,0.2258371155190941,0.7645441329242376,-0.1212358275391409,0.2594486365452508,0.3509789666790046,-0.3155723576316772,0.13320440448672557,0.9315751558108039,0.16907032169648314,1.072017758887335,0.78191131096802,-0.2464967949796987,0.19588085071535302,1.071358366912564,-0.19356160576375123,0.6728742069361225,1.117734558140205,-0.12215601504835874,1.074045836136041,0.8354506790637969,-0.10420957760305602,0.31210696134740945,0.6412581902071339,-0.12177293014940849,0.2263173064253978,0.22858417922297836,-0.26502411274720505,0.036669958308832566,0.9469988594781479,0.0067236428943131255,1.009349884971088,0.8981596355801384,-0.10372210876239088,1.185406733822349,0.8263453900419321,-0.07083869241918199,1.2282359063230603,1.6983373559863362,-0.1559785315335192,-0.018750289751105736,1.2721502413812853,-0.3868395403915682,0.615070394727568,1.181721394819929,-0.365259693454433,0.9357440232835859,1.222347945566998,-0.33037059946565434,1.2708910727343024,1.474222629275543,-0.5914462550191689,0.829294962993521,1.3275852313894307,-0.2938934641563339,1.3159512561678097,1.6881490073456669,-0.29303999511611367,0.9033205071032443,1.6079129000373233,-0.47948175185168807,0.8386862966793265,1.6188025174551453,-0.09462122774578093,0.037057456159532445,1.5616757502619005,-0.3418266610396618,0.3565797744602558,1.708612252544883,-0.04054552580643176,0.015548708762307413,1.4247304303756614,-0.537161899323495,0.7661052113337234,1.5464289614696376,-0.22122375982881373,0.4187032233010855,1.081808719808692,-0.30094838241078214,0.6650325725015426,1.315180179299108,-0.3640935239412926,1.0930484197787103,1.461189261335411,-0.3940742145113597,0.3926643465725792,1.625377834237964,-0.29010565677620714,0.21533207185813139,1.8565438985824585,-0.07571805362275102,-0.0109870341446078,1.3980357141684223,-0.5077293292181381,0.976986662046799,1.625375106634683,-0.38967762877609546,0.8917612757114387,1.6418304167046451,-0.36207343480050164,0.8087085465721738,1.3931212772596748,-0.1627874947245546,0.9037094416207826,1.1312104112265124,-0.24246134520169133,0.7652991031179365,-27.931745529174805,-9.118231773376465,-8.06959056854248,3.0480382442474365,-0.851346492767334,-11.745800018310547,-47.501155853271484,-12.95718002319336,-59.55387878417969,-0.8447908163070679,11.721059799194336,-3.18734073638916,-867.7479858398438,130.4283905029297,-888.8282470703125,-228.55206298828125,116.80852508544922,216.42843627929688
1.1921113597241455,-0.23822693657500066,1.1089471432546907,1.3246477597596626,-0.1661739139416753,1.0769098164229993,0.3004085546889841,-0.2357651964323413,0.20020300517512474,1.2408300772407985,-0.09802888713727717,0.5719198887513962,1.1625885477918658,-0.1767170894274253,1.3191517782921822,0.8784985038026268,0.12287411592061856,1.02324497837894,1.2700515399310757,-0.14900936911635038,1.3666025115954166,0.8295467725850098,-0.143770435886668,1.1658344509585807,0.8550622961576405,-0.009409160539817066,1.0993133335318785,0.3836063255142691,-0.2643698303411342,0.22636736322515053,0.7659392303583636,-0.12014549980495164,0.2589708730973156,0.35197653453673733,-0.3139287137136556,0.13417329047097262,0.940459554558557,0.17377025130766055,1.0749077650884915,0.7830156424385032,-0.2454340631351962,0.19552677040857988,1.072490686020314,-0.19262435711574882,0.6734831711117004,1.121231009431232,-0.12068092672536725,1.074398071758005,0.8368074744939802,-0.10327069749994006,0.31169413873888807,0.6427469698601209,-0.12036465462420574,0.22580224265720678,0.23022991576731577,-0.2642949266938975,0.0363265295691838,0.9529966636998756,0.012203873947357637,1.010605421089968,0.9005205742768101,-0.09990160783987222,1.184174643052335,0.8291757315989358,-0.06604967246584609,1.2271845549937117,1.6985046867503235,-0.15562195197635934,-0.018927261720577983,1.2713161661530175,-0.38799804212241756,0.6153460263416467,1.1823826647357434,-0.3646043443817967,0.935438460170828,1.2249635896145898,-0.33110805684762273,1.270619090819201,1.474008487155106,-0.5918212020831392,0.8261670122872918,1.3304652405890405,-0.29523191191502735,1.3155981477917424,1.6892035719969414,-0.29484857964199873,0.9021222950606947,1.6081674665409997,-0.4804748369269812,0.8361244658563314,1.619308397469931,-0.09413536404882447,0.037329315343587965,1.5613807990456259,-0.34270964025069534,0.35573490881761977,1.709332988751645,-0.040275450561516365,0.015812056734294453,1.4247818435264739,-0.536809544689608,0.7634343854244185,1.5463973836393545,-0.22223937782822842,0.41750671709610154,1.081991085745641,-0.2999375149706343,0.6653424993848168,1.3168167519253609,-0.3653720293613457,1.0920393970233717,1.4607808124150663,-0.3945968851249738,0.39204357046362587,1.6254323416987793,-0.29024042786154525,0.21457112449782584,1.857083022594452,-0.0759283774439862,-0.010978820152420379,1.3984627289487825,-0.5088338590418264,0.9745538599838487,1.6260860045224625,-0.39117055401107315,0.8899111560243647,1.6423877892115257,-0.3628812381467281,0.8070522576373147,1.395689554561842,-0.16453315665488977,0.9031316784043976,1.1323075821462845,-0.24152627348011704,0.7657745160803889,-26.702917098999023,-2.3119494915008545,-6.7127156257629395,2.899315595626831,-0.7938454151153564,-9.619688034057617,-39.497802734375,-9.47536849975586,-56.01949691772461,-0.7086056470870972,11.042886734008789,-2.6998581886291504,-865.4723510742188,143.9659423828125,-898.0880737304688,-230.43408203125,117.97476196289062,230.9969482421875
1.1952798666543518,-0.23809340369227705,1.1091334788215081,1.328378438949585,-0.1675803292271317,1.076302997323851,0.3014136090973355,-0.23300334436214526,0.2001318425334842,1.2426123982233717,-0.09855063155984246,0.5722838142849752,1.1666737463300592,-0.17733350011291882,1.319128394126892,0.8882979032219639,0.13078363387789937,1.0256309335594935,1.27436075857933,-0.15030530884565896,1.3665366125422598,0.8313778907257989,-0.13675508248490223,1.163346599269387,0.860972798028529,-0.0020271376429114377,1.0992868696616975,0.3844842912740265,-0.2612718833203348,0.22699448821560436,0.7676470271798949,-0.1188296119108895,0.25833770731427025,0.3531956224646789,-0.3118604123592377,0.1353356803687203,0.9512562992556993,0.1791208860100499,1.078420880614527,0.7843591977428916,-0.24421797169754839,0.1951120374415884,1.0738574448010778,-0.19158135561753584,0.6741900447978089,1.1255455048668463,-0.11896488070487979,1.0748953637697838,0.8384662010022347,-0.10214970053623845,0.311151974051204,0.6445463015543704,-0.11867244980785234,0.2251498947869863,0.23228918223191566,-0.26344719450205367,0.03583381882566491,0.9609898498516208,0.018075150542503877,1.012112528283075,0.9033422134569938,-0.09503368653406377,1.1827784066168678,0.8325807566674339,-0.06006533909120316,1.2259560791861932,1.698717711777087,-0.1552045816025197,-0.019175841664241636,1.2703550817161207,-0.38938893486332415,0.6156422393211466,1.1831653860231108,-0.3638343530774906,0.9351318628582733,1.2281089492191541,-0.3319909653521531,1.2702880095172402,1.4737250457536306,-0.5922401144804544,0.8225437588249611,1.3338955072377692,-0.2967975994214317,1.3151752348767212,1.6904549661851087,-0.2969956474983139,0.9007319271169751,1.6084751956510228,-0.4815924878152001,0.8331207475125395,1.6198767399945795,-0.09351372708942718,0.03759320487348449,1.560999622408128,-0.34360697194440476,0.3546519403820796,1.7101740868675788,-0.0399582807394053,0.01612051945204371,1.424847624949272,-0.5363092836954736,0.7602937801784238,1.546344127086614,-0.22338287542197877,0.4160746383351206,1.0821988093142478,-0.29874214154995044,0.6657117861785636,1.318732984808107,-0.36684236700171663,1.090837571005158,1.4603016115971748,-0.3951881800266291,0.3912760919293031,1.6254431759284822,-0.2903742713249282,0.21361378180664897,1.8577243665985714,-0.07619283096679788,-0.010966518702639256,1.3989495536349468,-0.5101107765507225,0.9716980228360915,1.6269296905062847,-0.392879188850226,0.8877578105358099,1.6430491816918582,-0.3638138204615637,0.8051143663608475,1.3986913115772979,-0.16668469463752592,0.9023677513299398,1.1336337138485435,-0.24042886989006146,0.7663560884677811,-26.928865432739258,8.773690223693848,-6.3311967849731445,2.9807798862457275,-1.4228038787841797,-7.781377792358398,-34.240413665771484,-8.77829360961914,-53.40254592895508,-0.614892303943634,10.275810241699219,-2.061563491821289,-879.6510009765625,167.27703857421875,-908.24560546875,-232.58152770996094,119.95769500732422,240.40841674804688
1.1992341171432013,-0.23794562559550173,1.1093982406799368,1.3329669833183286,-0.1693651113683813,1.0754853060703404,0.3026350582178854,-0.22950943695097592,0.1999858149037456,1.2447552079001798,-0.09917644336079522,0.5727368530058703,1.1717540082947304,-0.17811031572964803,1.319062501192093,0.9009913975829312,0.14030797461306754,1.0287284568840303,1.2796986416870393,-0.15192794220040956,1.3664365631855087,0.8338028181664989,-0.12760102751337984,1.1603579321839164,0.868505499023475,0.007209059419973331,1.099333482664942,0.3855197842646118,-0.25735227521879017,0.2277681400987091,0.769827781824876,-0.11717256427502011,0.257469495499371,0.3547497594988108,-0.309149816632271,0.1367907449356372,0.9649454672012889,0.18545571216289533,1.0828764489944405,0.7860645790960614,-0.2427699238752688,0.1946055673260168,1.075578793587274,-0.19037840293337974,0.6750450066185945,1.1310972920711464,-0.11688438616693032,1.0756120535711577,0.8405815982660709,-0.10075325182090146,0.3104141794687865,0.6468153432110286,-0.11655080193863418,0.22428990471244653,0.23497391270091186,-0.26242016127567425,0.0351153190512926,0.9720010511725148,0.024537883520076607,1.01400013672595,0.9068606621184884,-0.08858154189853124,1.1811338998624032,0.8368549905470662,-0.052273094166835496,1.2244597026054433,1.6989998493762994,-0.15469526511845214,-0.019532728668869705,1.2692018958511733,-0.39113131900694187,0.6159695816158459,1.184131802509952,-0.3628909653977843,0.9348237013185261,1.2320555036036382,-0.33309386867955815,1.2698675403926547,1.473336789189585,-0.5927255244444537,0.818171359944028,1.338158038278289,-0.298706987046248,1.3146467425965316,1.692004065047826,-0.29965467139190377,0.8990509233727362,1.6088633332031452,-0.4828985444954688,0.8294486742935435,1.6205395570653953,-0.09268673307058832,0.03784504030146542,1.5604880298210295,-0.344526011768161,0.35320884147227216,1.7111972323711344,-0.039569880369285895,0.01649721822275821,1.4249351383834485,-0.5355853143314653,0.756442633685687,1.5462580814661568,-0.22471979090216135,0.4142862560831949,1.0824448863007374,-0.2972677028337063,0.6661708548368996,1.321072203828799,-0.3686028508753175,1.0893441300518467,1.4597153985342444,-0.3958832691639464,0.3902867259766093,1.6253879543961278,-0.29050671176010406,0.2123593911775296,1.8585203183407815,-0.07653915566324396,-0.010948034973247657,1.399526840803639,-0.5116484304334943,0.9682023451225649,1.6279742184853712,-0.39491408446569304,0.8851458360225162,1.6438679043820361,-0.36493513096642016,0.8027505515426991,1.402348706659102,-0.16945012014926647,0.9013222514201474,1.1353061487343137,-0.23908593934892827,0.7670982269853945,-28.084619522094727,13.088701248168945,-7.464603424072266,3.1251962184906006,-1.8305103778839111,-8.171326637268066,-30.580066680908203,-9.01600456237793,-48.018089294433594,-0.6032695174217224,9.09251594543457,-1.6069594621658325,-905.51171875,179.21762084960938,-915.4970703125,-234.7190399169922,122.13741302490234,238.79669189453125
1.2031883676320507,-0.2377978474987264,1.1096630025383651,1.3375555276870723,-0.17114989350963092,1.07466761481683,0.30385650733843533,-0.22601552953980655,0.199839787274007,1.246898017576988,-0.09980225516174795,0.5731898917267654,1.176834270259402,-0.17888713134637724,1.3189966082572937,0.9136848919438986,0.1498323153482357,1.0318259802085672,1.2850365247947484,-0.15355057555516016,1.3663365138287575,0.836227745607199,-0.11844697254185746,1.1573692650984457,0.8760382000184209,0.0164452564828581,1.0993800956681865,0.3865552772551971,-0.2534326671172456,0.22854179198181385,0.7720085364698572,-0.11551551663915072,0.25660128368447166,0.35630389653294275,-0.30643922090530423,0.1382458095025541,0.9786346351468784,0.19179053831574072,1.087332017374354,0.7877699604492312,-0.24132187605298924,0.19409909721044522,1.07730014237347,-0.18917545024922366,0.6758999684393799,1.1366490792754465,-0.11480389162898087,1.076328743372532,0.8426969955299072,-0.09935680310556447,0.3096763848863691,0.6490843848676868,-0.11442915406941602,0.22342991463790676,0.23765864316990803,-0.2613931280492948,0.034396819276920294,0.9830122524934087,0.031000616497649333,1.0158877451688246,0.9103791107799829,-0.08212939726299869,1.1794893931079387,0.8411292244266986,-0.044480849242467826,1.2229633260246935,1.699281986975512,-0.15418594863438453,-0.019889615673497774,1.2680487099862259,-0.39287370315055953,0.6162969239105451,1.1850982189967931,-0.361947577718078,0.9345155397787789,1.2360020579881221,-0.3341967720069631,1.269447071268069,1.4729485326255394,-0.5932109344084531,0.813798961063095,1.3424205693188087,-0.3006163746710643,1.314118250316342,1.6935531639105434,-0.3023136952854937,0.8973699196284972,1.6092514707552676,-0.48420460117573755,0.8257766010745475,1.621202374136211,-0.09185973905174946,0.03809687572944635,1.5599764372339313,-0.3454450515919173,0.3517657425624647,1.71222037787469,-0.03918147999916649,0.01687391699347271,1.425022651817625,-0.534861344967457,0.7525914871929501,1.5461720358456996,-0.22605670638234396,0.4124978738312692,1.0826909632872272,-0.2957932641174621,0.6666299234952358,1.3234114228494906,-0.37036333474891847,1.087850689098535,1.4591291854713138,-0.3965783583012637,0.38929736002391546,1.6253327328637737,-0.29063915219527997,0.21110500054841025,1.8593162700829915,-0.07688548035969003,-0.010929551243856058,1.4001041279723312,-0.5131860843162661,0.9647066674090383,1.6290187464644577,-0.3969489800811601,0.8825338615092223,1.6446866270722142,-0.3660564414712766,0.8003867367245506,1.4060061017409062,-0.17221554566100702,0.900276751510355,1.1369785836200839,-0.2377430088077951,0.7678403655030079,-28.62002944946289,8.987635612487793,-8.59479808807373,3.2480740547180176,-1.4342604875564575,-10.07954216003418,-26.370849609375,-7.643143177032471,-41.14948272705078,-0.5315325260162354,7.833629131317139,-1.5375500917434692,-934.2045288085938,173.2783203125,-922.2503662109375,-237.08299255371094,124.09605407714844,228.77328491210938
1.2071240481161913,-0.23768165283250492,1.109895800912617,1.3421148059778656,-0.17287659761033314,1.0738837113048856,0.3050998553436324,-0.22248031712130992,0.1995858575482637,1.2489580808096374,-0.10042924220544219,0.5736456200579144,1.1818919083140544,-0.1796560398987587,1.3189330541140196,0.9266719748050173,0.1590087335581417,1.034961282812207,1.2903383905129717,-0.15515947630567267,1.366184402972657,0.8388387862814973,-0.10890873695495497,1.154515156485387,0.8838382794564924,0.02566440290284186,1.0995670049790516,0.3875366506098912,-0.24949904185849306,0.22926446990362856,0.7742452661920067,-0.11385461779323633,0.2556534711000146,0.35782647157544334,-0.3037178238594769,0.13967422548903535,0.9924930458432003,0.19774589164564946,1.0917625295010625,0.7894869655962812,-0.23986453348338999,0.19359834933813833,1.078974902432486,-0.18807736118108231,0.6766792235784973,1.1422565297180454,-0.11273409316427263,1.0770277051341455,0.8448380727246897,-0.09795690857071354,0.3088620923311505,0.6513650503182253,-0.11229166478560064,0.22254187660600175,0.24034227440688785,-0.2603555312811934,0.03370084255218308,0.9936463392728213,0.03784161733327725,1.0179794677440694,0.913982933128117,-0.0754570198362532,1.1779834987311963,0.8455724593819373,-0.03639630178785227,1.2215354136678556,1.6995243807107407,-0.153575888705372,-0.02031539105162617,1.2667309355656833,-0.3943947323702819,0.6164945100514304,1.186076953119,-0.36102456870852717,0.9342732464043509,1.239943357887647,-0.33528901044501375,1.2690215191699021,1.472525350108052,-0.5935932192581379,0.8095163795726977,1.346676115168641,-0.3025072819448465,1.3136037284175293,1.6950790463693883,-0.30492251312101126,0.8957117658774584,1.6095310727886807,-0.4854696471466134,0.8222363343499354,1.6217889466033077,-0.09107151927290767,0.03824920337400492,1.5594677759322109,-0.3463039260036898,0.3502686760382147,1.7131942216528961,-0.038783350256302494,0.01718020547082685,1.4250879311403692,-0.53407004179544,0.7488698239950154,1.5461345903131345,-0.2272774891693466,0.4107497538754482,1.0829337971494688,-0.2943298450072869,0.6670967413494918,1.3256858417529933,-0.3720508795108227,1.086348922047394,1.458550815155964,-0.39724787275325385,0.3883148935062206,1.625244035428723,-0.29073740339634435,0.20982683220545187,1.860062764180417,-0.07721607960661911,-0.010888791743308207,1.4006096142412021,-0.5146560457763293,0.9613024208522001,1.6300142689651211,-0.39894610031551087,0.8799778152972657,1.645504928779918,-0.3671570614671076,0.7980542928967255,1.409629787040862,-0.17491202749657317,0.8992039890873511,1.1386546982045205,-0.23647556861011396,0.768600481531478,-28.228790283203125,-1.2276345491409302,-8.475150108337402,3.3087708950042725,-0.5434384346008301,-12.077460289001465,-20.59579086303711,-4.913481712341309,-34.08769989013672,-0.40966784954071045,6.628720760345459,-1.534083604812622,-947.1769409179688,158.96377563476562,-931.5302734375,-239.76254272460938,125.1858901977539,222.63417053222656
1.2110310508715394,-0.23761423257802497,1.1100792379568745,1.3466288885533413,-0.17451361157246767,1.0731519863305503,0.3063770218795498,-0.21888131722314483,0.1991652942059056,1.250890358394345,-0.10105804418096477,0.5741055019643923,1.186914608178549,-0.1804127375416408,1.3188731117753794,0.9401124475018072,0.16764785369105653,1.03815492810003,1.2955846344398345,-0.15674716974331046,1.3659518933454098,0.8417372423291994,-0.0987772097848113,1.1518688470322567,0.8920512724396406,0.0348572179502403,1.099970574410546,0.38843444680536027,-0.2455437698506363,0.22990842854345078,0.7765684384383902,-0.11218777150902534,0.2545827307448482,0.3593003053144113,-0.30097974629591645,0.1410614879715521,1.0066128187621661,0.20311522365405837,1.096154347160794,0.7912219214123605,-0.23839283700020902,0.19310643834783545,1.0805777153431975,-0.18714121339336928,0.6773415646016203,1.1479499411109266,-0.11068081268608973,1.0776992894166353,0.8470188075343503,-0.09655169264370247,0.3079296636660368,0.6536636664377932,-0.11012971154506641,0.22161052400702677,0.24302420809568936,-0.2593016211954964,0.0330396482585282,1.0036980466337388,0.04526677865855712,1.0203864045490492,0.9177185983847307,-0.0684445360737134,1.1766916639757472,0.8502766833400093,-0.02786035042576871,1.2202132308719964,1.6997053978458936,-0.1528102502917612,-0.02084755100655238,1.2651589864137158,-0.39557392234044353,0.6164917132712358,1.187074709412278,-0.3601330305566851,0.934132673487758,1.243876543266094,-0.3363647790539343,1.2685881174163314,1.4720482313080339,-0.5938162476021722,0.8053725034195858,1.3509208737619665,-0.3043696499423475,1.3131107810317286,1.6965690756475689,-0.30745379755039076,0.8940888994576915,1.6096430630083904,-0.4866713601232364,0.8188996168951327,1.6222577742393443,-0.09034317870013764,0.03824786077074657,1.5589636414256318,-0.3470698867412592,0.3486882671220414,1.714091928589423,-0.038370195406162204,0.01737775906476358,1.4251188742403953,-0.5331747547680179,0.745348122340954,1.5461721980808587,-0.22831892779726062,0.4090638111363974,1.0831716226426182,-0.29288344351661133,0.6675755263164344,1.3278601895894435,-0.37362578412554903,1.084834296971757,1.4579845564254863,-0.39787789212157393,0.38734308181219546,1.6251036410300148,-0.2907828560333378,0.20851194384871735,1.8607328806491876,-0.077522393982142,-0.01081363168477223,1.4010042181078173,-0.516021469570943,0.958039371777844,1.6309341121193588,-0.40088488388535193,0.877508139373451,1.6463225803627872,-0.36822572903127854,0.795770295408388,1.4132014141966964,-0.1775020393512106,0.8980891250616668,1.1403364953615807,-0.23532470843649864,0.7693883602982325,-28.11794090270996,-7.222539901733398,-7.808862209320068,3.3080739974975586,-0.38724589347839355,-12.157441139221191,-15.320878028869629,-2.0284712314605713,-27.94628143310547,-0.3485201895236969,5.533278942108154,-1.1108978986740112,-946.7597045898438,150.21522521972656,-943.3795776367188,-242.94932556152344,126.01844024658203,225.77174377441406
1.2149380536268874,-0.237546812323545,1.1102626750011317,1.351142971128817,-0.1761506255346022,1.0724202613562148,0.3076541884154672,-0.21528231732497974,0.19874473086354752,1.2528226359790522,-0.10168684615648735,0.5745653838708701,1.1919373080430438,-0.18116943518452291,1.318813169436739,0.9535529201985973,0.17628697382397132,1.0413485733878531,1.3008308783666973,-0.15833486318094828,1.3657193837181623,0.8446356983769017,-0.08864568261466764,1.149222537579126,0.9002642654227887,0.044050032997638745,1.1003741438420402,0.38933224300082936,-0.24158849784277958,0.230552387183273,0.7788916106847735,-0.11052092522481434,0.2535119903896819,0.36077413905337935,-0.298241668732356,0.14244875045406885,1.0207325916811318,0.2084845556624673,1.1005461648205255,0.7929568772284399,-0.2369211405170281,0.19261452735753254,1.0821805282539088,-0.18620506560565628,0.6780039056247432,1.1536433525038077,-0.10862753220790683,1.078370873699125,0.8491995423440111,-0.09514647671669142,0.3069972350009231,0.655962282557361,-0.10796775830453219,0.22067917140805177,0.24570614178449088,-0.2582477111097994,0.03237845396487332,1.0137497539946565,0.05269193998383699,1.0227933413540289,0.9214542636413444,-0.061432052311173574,1.1753998292202983,0.8549809072980813,-0.019324399063685153,1.2188910480761372,1.6998864149810462,-0.1520446118781504,-0.021379710961478584,1.2635870372617484,-0.3967531123106052,0.6164889164910411,1.1880724657055557,-0.3592414924048431,0.933992100571165,1.2478097286445413,-0.33744054766285486,1.2681547156627604,1.471571112508016,-0.5940392759462065,0.8012286272664737,1.3551656323552916,-0.30623201793984844,1.312617833645928,1.6980591049257492,-0.3099850819797703,0.8924660330379247,1.6097550532281004,-0.4878730730998594,0.8155628994403299,1.622726601875381,-0.0896148381273676,0.038246518167488225,1.5584595069190526,-0.3478358474788286,0.34710785820586804,1.7149896355259497,-0.03795704055602191,0.01757531265870031,1.4251498173404213,-0.5322794677405959,0.7418264206868926,1.5462098058485827,-0.22936036642517466,0.4073778683973465,1.0834094481357674,-0.2914370420259357,0.6680543112833768,1.3300345374258937,-0.3752006887402754,1.08331967189612,1.4574182976950083,-0.398507911489894,0.3863712701181703,1.6249632466313066,-0.2908283086703313,0.20719705549198283,1.8614029971179582,-0.0778287083576649,-0.010738471626236252,1.4013988219744322,-0.5173868933655567,0.9547763227034881,1.6318539552735967,-0.40282366745519305,0.8750384634496363,1.6471402319456567,-0.36929439659544955,0.7934862979200504,1.4167730413525306,-0.180092051205848,0.8969742610359824,1.1420182925186408,-0.2341738482628833,0.7701762390649871,-28.81732749938965,-4.949758052825928,-7.838636875152588,3.352684259414673,-1.1164833307266235,-10.510797500610352,-13.588739395141602,-0.39191973209381104,-23.81760597229004,-0.2735931873321533,4.606485843658447,-0.4979739487171173,-941.182373046875,157.424560546875,-956.2128295898438,-246.4768524169922,127.48126220703125,240.22506713867188
1.2189147938166227,-0.23742542060597846,1.1103661526117894,1.3556525276986173,-0.17781505146563423,1.0716620577092204,0.30898303839544566,-0.21163183603657845,0.19825547306940264,1.2546817277440958,-0.10227971045386705,0.575034594891087,1.1969669354672456,-0.18193350875417116,1.318680426142863,0.9673127610951839,0.1845121587941178,1.0445378312211948,1.3060705642037036,-0.15990601514546265,1.3654353638358463,0.8478123344332962,-0.07815062693807617,1.1468192469205292,0.9087082155492909,0.05322660123374161,1.1008970366408493,0.39027364818465615,-0.23761762150668206,0.23111899961896284,0.7812981676581676,-0.10885791315246915,0.2523212262139417,0.3622372620153109,-0.29545191927066744,0.1437287492961282,1.034912003191889,0.21347323943250165,1.10489353833609,0.7946904706244434,-0.23550746619504037,0.19217727673764265,1.0837337860208471,-0.18526610830761753,0.6786269212005943,1.1593623342892974,-0.10666710412166791,1.0790305117897638,0.8513663758505257,-0.0937289104901799,0.30601689456314457,0.6582825665442356,-0.10581550268542718,0.21969291020110757,0.2481658701470353,-0.25724738954708287,0.03157593456670558,1.0235661090604504,0.05992068671035355,1.0251319108419856,0.9253109995497767,-0.05413731763645226,1.1742276873020148,0.8599172122036377,-0.010429838844977205,1.2177168379556265,1.7000333023387075,-0.151314494526939,-0.021940147387024104,1.262032745689746,-0.39789978508522955,0.6164548225355464,1.1890915588827322,-0.3583758671749508,0.9339367674281266,1.25173138348472,-0.33850509747369384,1.267704672371315,1.4710579703975197,-0.5942072301905676,0.7972138500371522,1.3593816338785432,-0.30812509042143005,1.312083505636809,1.6995444234633286,-0.31251983403764777,0.8908824381844099,1.609886702322802,-0.48897163471244015,0.8123033011196469,1.6231703209561228,-0.08885816479755565,0.03813176756317651,1.5579024612508863,-0.3485148173096953,0.34548407506863826,1.7158018563756878,-0.037532031400412974,0.017703132426353872,1.4251276799385122,-0.5313346255694006,0.7384733666252621,1.5461985666230815,-0.23030638176676443,0.40574268542772907,1.0836392376596564,-0.2900694030404882,0.6685212963069511,1.3321893957277005,-0.37675696976532186,1.0819072668126088,1.4568435411579563,-0.39912391409573955,0.38542976649786476,1.6246811451501404,-0.29078342208009683,0.20580493254180007,1.8619769898471452,-0.07813807085945902,-0.010674595672464536,1.401653119665108,-0.5186465718098822,0.9516038553209498,1.632705030851806,-0.4047521828420902,0.8726159180236971,1.6479766649126215,-0.37032736413526207,0.791275532435108,1.4202873237085654,-0.1826227054197264,0.895864885177044,1.1436828015655869,-0.2330977691719865,0.7709894265165391,-29.377765655517578,2.8670053482055664,-8.475252151489258,3.4642655849456787,-1.6916579008102417,-9.012818336486816,-11.287332534790039,1.0097967386245728,-17.671430587768555,-0.1555178016424179,3.3596158027648926,-0.17503991723060608,-944.9502563476562,174.86422729492188,-965.5437622070312,-248.95767211914062,129.3927764892578,254.7310028076172
1.2230015045759692,-0.23721892004277534,1.1103435403463857,1.3601549471056225,-0.17952270396300496,1.070862099232263,0.3103933891910591,-0.2079001725558809,0.1976578894089784,1.2564254111012085,-0.10281590379725228,0.5755185172060467,1.2020074871202178,-0.18270921359295086,1.3184328813426542,0.9815762210760682,0.192084599853746,1.0477201703763166,1.3112999084374761,-0.1614510824792827,1.365070116243615,0.8514276389649371,-0.06708231477054559,1.1447991782071576,0.91751636732493,0.06237754949818762,1.101608093211193,0.39128382138858564,-0.2336221383452811,0.23156364304044388,0.7838362159318482,-0.10720094733729665,0.25094119370575774,0.3636834949057623,-0.2925806872003916,0.14483960162823561,1.0491854601743202,0.2178616702112535,1.1091708268550846,0.7964219155887894,-0.23418528835801103,0.19182622131725022,1.0852088991379896,-0.18432272062791105,0.6791879235711319,1.1651216386169787,-0.10485309711503275,1.079671311654792,0.8535112880713103,-0.0922918687913789,0.3049610009453944,0.6606370190910945,-0.10367853946934477,0.2186200623431348,0.2502751978027899,-0.25633157296291254,0.03055055634988264,1.0330113316608578,0.06683970272343667,1.0273626703300223,0.9293586545630006,-0.04639749498482783,1.1732442917808001,0.8652194909109974,-0.0009697800446673479,1.2167759693616274,1.7001263696626323,-0.15064039115874184,-0.022545173631623276,1.260506298763073,-0.3989951807438143,0.6163713753420785,1.190144298684518,-0.3575511046296714,0.9340158508510779,1.2556348555530144,-0.33955195610294275,1.2672283866547591,1.4704880222974235,-0.594288336816213,0.7934026518799612,1.3635522877143706,-0.31006658151252375,1.3114839235678415,1.701022313525345,-0.3150600542789263,0.8893607715699847,1.6100493519511443,-0.4899075345586467,0.8091653137412292,1.623574445776592,-0.08805681288933123,0.037838181264895875,1.5572619787509867,-0.34905660917229997,0.3437918941212806,1.7164792722424134,-0.037088328916949555,0.01772098731409931,1.4250218386681663,-0.5303116387484089,0.7353862568440027,1.5461102994467248,-0.23110192192607368,0.40418754670991014,1.083856355078173,-0.2888259664671311,0.6689696737275218,1.33431352053257,-0.37828388282202724,1.0806560547936042,1.4562553842336137,-0.39971781334537543,0.3845360563784246,1.624175582500483,-0.2905960774776951,0.20429101657887172,1.8623994028331428,-0.07845224002191167,-0.010628513883897999,1.4016861653091102,-0.519739497971061,0.9485742282985852,1.633447665252433,-0.4066645060943452,0.8702676937674845,1.6488427146775833,-0.3713040354828171,0.7891802481862883,1.423711177726455,-0.1850597572001005,0.8947641637348971,1.145320048592738,-0.23213961409614578,0.771842523817195,-29.17333221435547,10.07660961151123,-8.68039608001709,3.5527873039245605,-1.5590468645095825,-8.78869342803955,-6.513546466827393,2.0140485763549805,-11.40315055847168,-0.16152887046337128,2.2916512489318848,-0.09822041541337967,-967.5694580078125,192.24728393554688,-978.0715942382812,-251.9993896484375,131.96424865722656,263.1238098144531
1.227088215335315,-0.23701241947957224,1.110320928080982,1.3646573665126267,-0.18123035646037539,1.0700621407553061,0.3118037399866722,-0.204168509075184,0.1970603057485543,1.258169094458321,-0.10335209714063742,0.5760024395210064,1.207048038773189,-0.1834849184317304,1.3181853365424454,0.9958396810569501,0.1996570409133729,1.0509025095314377,1.3165292526712478,-0.16299614981310245,1.3647048686513839,0.8550429434965775,-0.05601400260301691,1.1427791094937862,0.9263245191005676,0.07152849776263207,1.1023191497815366,0.39229399459251496,-0.2296266551838808,0.23200828646192484,0.7863742642055283,-0.10554398152212445,0.24956116119757402,0.36512972779621344,-0.28970945513011626,0.14595045396034284,1.063458917156749,0.22225010099000458,1.1134481153740785,0.798153360553135,-0.23286311052098188,0.19147516589685784,1.0866840122551318,-0.18337933294820477,0.6797489259416694,1.170880942944659,-0.1030390901083979,1.0803121115198198,0.8556562002920945,-0.09085482709257818,0.3039051073276445,0.662991471637953,-0.10154157625326272,0.2175472144851622,0.2523845254585442,-0.2554157563787423,0.02952517813305988,1.0424565542612638,0.07375871873651862,1.0295934298180585,0.9334063095762237,-0.03865767233320472,1.1722608962595857,0.8705217696183561,0.008490278755640894,1.2158351007676282,1.7002194369865569,-0.14996628779054483,-0.023150199876222348,1.2589798518364004,-0.40009057640239887,0.6162879281486107,1.1911970384863038,-0.3567263420843921,0.9340949342740292,1.2595383276213081,-0.3405988147321915,1.2667521009382035,1.469918074197327,-0.5943694434418584,0.789591453722771,1.3677229415501977,-0.3120080726036171,1.310884341498874,1.7025002035873613,-0.3176002745202044,0.8878391049555596,1.6102120015794867,-0.4908434344048531,0.8060273263628122,1.6239785705970613,-0.08725546098110697,0.037544594966615295,1.5566214962510874,-0.3495984010349046,0.34209971317392324,1.717156688109139,-0.03664462643348621,0.017738842201844744,1.4249159973978207,-0.5292886519274176,0.7322991470627439,1.5460220322703684,-0.23189746208538278,0.4026324079920915,1.0840734724966896,-0.28758252989377414,0.6694180511480925,1.3364376453374394,-0.37981079587873234,1.0794048427745997,1.4556672273092712,-0.4003117125950112,0.3836423462589846,1.6236700198508256,-0.29040873287529345,0.20277710061594362,1.8628218158191403,-0.07876640918436427,-0.01058243209533147,1.4017192109531125,-0.5208324241322396,0.9455446012762211,1.6341902996530595,-0.40857682934659983,0.8679194695112723,1.6497087644425448,-0.372280706830372,0.7870849639374691,1.427135031744344,-0.18749680898047424,0.8936634422927503,1.1469572956198888,-0.2311814590203052,0.7726956211178507,-28.802753448486328,9.992095947265625,-8.12460708618164,3.6207115650177,-0.9494860768318176,-10.302589416503906,-1.7464357614517212,2.1275599002838135,-7.1684370040893555,-0.22593416273593903,1.555192232131958,0.2373599261045456,-996.7564697265625,194.6402587890625,-992.138671875,-255.58958435058594,134.1267547607422,260.1140441894531
1.2311414618365808,-0.236805664363089,1.1103016895963655,1.3690996505566775,-0.18289468930849156,1.0692524408662556,0.3133122343693346,-0.2004439502905146,0.19639945989906402,1.2598479465143568,-0.10388185541509391,0.5764783453072932,1.2120436522739606,-0.1842471186491037,1.3178985069524374,1.0102607665077723,0.20685128798547883,1.054028938148195,1.3217238560812357,-0.1645091282364152,1.364309621765124,0.8589853072008544,-0.04467561356075839,1.140992804276233,0.9354029228750432,0.08062478355964577,1.1030940498342576,0.3934407071364635,-0.22563782650113942,0.2323133549005385,0.7888743422481395,-0.10387139012482012,0.24816411161264854,0.3665749880651763,-0.286845551914727,0.14696532830793327,1.077842751480884,0.22619553497492834,1.1175540857362427,0.7998894786597875,-0.23152809104086564,0.19109269974148832,1.0880930327027047,-0.18243702617011334,0.6803109465253273,1.176598242181815,-0.10131674697807706,1.0810108127578204,0.857816355315265,-0.0894289287485628,0.30278556399195417,0.6653981721953838,-0.09940207415315909,0.21643423839219372,0.25454248038940847,-0.25460709532759845,0.028458771721416885,1.052051363007121,0.0805345779741237,1.0318484592516688,0.9376679717112846,-0.030709134394748015,1.1713920117214027,0.8760864813596201,0.018245212954239615,1.215080443596998,1.7003244797125556,-0.14928642467947204,-0.023778381683425713,1.2574809878472462,-0.40112921427812,0.6161518302184856,1.1923390467040584,-0.3558608206198706,0.9342522377407314,1.2634230463315315,-0.3416421590064534,1.266268186221849,1.4693266068468032,-0.5943853616319745,0.7858795693378579,1.371872197713283,-0.3138971941064523,1.3102740605935357,1.703946574634274,-0.3201073154511038,0.8863538508581011,1.6103763532954336,-0.4917520172647292,0.8029535623970414,1.6242963144716047,-0.08648639269765253,0.037188512988585956,1.555930422236588,-0.3500192155013021,0.34035062247159487,1.717734121526314,-0.036215425888384854,0.017669312415385507,1.4247584248220684,-0.5281967761500783,0.7293184253553684,1.5459513178724327,-0.23259964197972746,0.40112835849752504,1.0842859243715046,-0.2863466995243996,0.6699063440427084,1.3384956014866858,-0.38125814013923226,1.0781950735493213,1.4550751495045542,-0.40088443073215857,0.38278611246126387,1.623132163128316,-0.29028952876660996,0.20129557750773763,1.8631976037625446,-0.07903606571651844,-0.01053646737277903,1.401717591759385,-0.5218286200469692,0.9425960969648617,1.6349034970564558,-0.41045877717386,0.8655972172882386,1.650587686245015,-0.3731898265761254,0.78500238455684,1.4305033399569274,-0.18983481673906155,0.892552531120793,1.148523039770442,-0.23027270817697454,0.7735617576253334,-29.369760513305664,2.556898832321167,-8.110564231872559,3.732706308364868,-0.7227983474731445,-11.975065231323242,0.8097020387649536,1.3851083517074585,-4.6636552810668945,-0.1771354377269745,0.8456705808639526,0.7455541491508484,-1021.4207153320312,184.91700744628906,-1007.4500732421875,-260.010009765625,136.05213928222656,251.80502319335938
1.235140817844315,-0.23659849931664814,1.110287884213277,1.3734450932370117,-0.18448926064352328,1.0684270535083795,0.3149787781649078,-0.19673083283451218,0.19563673727757094,1.2614223949167114,-0.10440125072140567,0.5769413413590943,1.2169668978413208,-0.1849875711644722,1.3175484135450906,1.0249356903777218,0.21343649538936996,1.0570653290148602,1.326862513229547,-0.16597043101163889,1.363866064327442,0.8634543635987288,-0.03290229552542626,1.1395829493636327,0.9449165376606367,0.08963304148703224,1.1039717627676906,0.39480730121498864,-0.22165971412169222,0.2323936532368723,0.7913132734251338,-0.10217363545239366,0.24673965790413863,0.36801868203459986,-0.2839934510111019,0.14782564070643178,1.0924043363293277,0.2294275715256369,1.1213841671185778,0.8016331223462592,-0.2301723915121413,0.1906596500648568,1.0893956182018811,-0.1814964600647522,0.6808746068288158,1.1822478968576091,-0.09974201840182013,1.0818027577652836,0.860001057189032,-0.08802097554731843,0.30156351981178814,0.6678890124062039,-0.09725848346060474,0.21525664020650434,0.25677874417889196,-0.25397099643353593,0.027326293931102117,1.0618870637274735,0.08707989902784495,1.0341425727534768,0.9422742686919029,-0.022424483526843442,1.1707075344805686,0.8820738125321091,0.028475011430606774,1.2146256593678961,1.700448807501635,-0.1485972861383135,-0.024443852968069894,1.2560265431340956,-0.4020764500100092,0.6159309440890685,1.1936248118514257,-0.3549296614152706,0.934535505953214,1.267277564828759,-0.34267984379995736,1.2657719858434815,1.4687004851189671,-0.5942963010427967,0.7823276188199884,1.3759869952864994,-0.3157019801684563,1.3096465503932624,1.7053421877867339,-0.32256092476529,0.8849272350996535,1.6105434460355745,-0.492616609133632,0.7999832231477396,1.6244749513682941,-0.08576931362811303,0.03673178861719488,1.5551578761726026,-0.35024520922575564,0.33850988489113104,1.7181505442455114,-0.035809579114152106,0.017459059257479693,1.4245175446895575,-0.5269939623131658,0.7265090298968435,1.5459088702864994,-0.23315147547335024,0.39970658255728664,1.084490862903216,-0.28512311810689256,0.670458916402021,1.340447000320384,-0.3825773476370123,1.0770520433684847,1.4544767575548185,-0.4014230390258183,0.38199023014267547,1.622542300366408,-0.2902800574010571,0.1998662195162268,1.8634983072217726,-0.07923403957130894,-0.010490691172119402,1.4016601486711313,-0.5226690425778067,0.9397782318244706,1.635569289425351,-0.41229180873229804,0.863316790157596,1.6514873370429537,-0.3739901619241727,0.7829402649639458,1.433782197781746,-0.19201332503399313,0.891425210513816,1.14997363643141,-0.22944351739638688,0.774448892336018,-30.681804656982422,-6.8805131912231445,-9.720710754394531,4.095566749572754,-0.8943688273429871,-12.58576774597168,1.8034782409667969,1.356793761253357,-3.1558008193969727,-0.15070974826812744,0.38840335607528687,0.7653494477272034,-1032.1378173828125,170.16139221191406,-1023.556396484375,-265.02459716796875,137.80157470703125,245.77560424804688
1.2391401738520487,-0.2363913342702073,1.1102740788301886,1.377790535917345,-0.1860838319785547,1.0676016661505037,0.31664532196048073,-0.19301771537851042,0.19487401465607798,1.2629968433190655,-0.10492064602771735,0.5774043374108953,1.2218901434086804,-0.18572802367984062,1.317198320137744,1.0396106142476689,0.22002170279325997,1.060101719881525,1.3320011703778574,-0.16743173378686235,1.36342250688976,0.8679234199966024,-0.02112897749009615,1.1381730944510329,0.9544301524462285,0.09864129941441718,1.1048494757011236,0.3961738952935136,-0.21768160174224568,0.2324739515732061,0.7937522046021277,-0.10047588077996748,0.24531520419562897,0.3694623760040232,-0.2811413501074773,0.14868595310493016,1.1069659211777687,0.2326596080763449,1.1252142485009122,0.8033767660327304,-0.22881669198341723,0.19022660038822536,1.090698203701057,-0.18055589395939123,0.6814382671323044,1.187897551533402,-0.09816728982556347,1.0825947027727467,0.8621857590627985,-0.08661302234607428,0.30034147563162233,0.6703798526170237,-0.09511489276805075,0.21407904202081515,0.2590150079683751,-0.2533348975394736,0.026193816140787543,1.0717227644478244,0.0936252200815651,1.0364366862552843,0.9468805656725205,-0.014139832658940286,1.1700230572397345,0.8880611437045972,0.038704809906972185,1.2141708751387943,1.7005731352907143,-0.14790814759715507,-0.02510932425271396,1.2545720984209452,-0.4030236857418982,0.6157100579596513,1.1949105769987927,-0.3539985022106708,0.9348187741656967,1.2711320833259858,-0.3437175285934612,1.2652757854651142,1.468074363391131,-0.5942072404536191,0.7787756683021193,1.3801017928597152,-0.3175067662304599,1.3090190401929893,1.7067378009391936,-0.3250145340794758,0.8835006193412062,1.6107105387757157,-0.4934812010025346,0.7970128838984384,1.6246535882649833,-0.08505223455857365,0.03627506424580388,1.5543853301086175,-0.35047120295020917,0.33666914731066755,1.718566966964709,-0.03540373233991942,0.017248806099573914,1.4242766645570464,-0.5257911484762533,0.7236996344383191,1.545866422700566,-0.23370330896697294,0.39828480661704846,1.0846958014349275,-0.2838995366893857,0.6710114887613334,1.342398399154082,-0.38389655513479215,1.0759090131876485,1.4538783656050827,-0.40196164731947787,0.38119434782408723,1.6219524376045,-0.29027058603550426,0.19843686152471618,1.8637990106810007,-0.07943201342609939,-0.010444914971459782,1.4016027055828777,-0.523509465108644,0.9369603666840801,1.6362350817942461,-0.4141248402907358,0.8610363630269537,1.6523869878408923,-0.37479049727221986,0.7808781453710519,1.437061055606564,-0.19419183332892434,0.8902978899068391,1.1514242330923774,-0.2286143266157994,0.7753360270467026,-31.11313819885254,-9.113730430603027,-11.320738792419434,4.550777435302734,-1.0185801982879639,-11.677773475646973,3.987699031829834,2.9220168590545654,-2.009333610534668,-0.2464783936738968,0.16831046342849731,0.4993452727794647,-1026.710205078125,165.3357696533203,-1035.8953857421875,-268.6047058105469,138.86349487304688,249.43106079101562
1.2426189302608663,-0.2362104883257127,1.1102642334060164,1.3815865642977074,-0.18750961568971333,1.0668718878007093,0.3181571948607235,-0.1897485820662899,0.19418818123687978,1.2643534639813252,-0.10538756062850253,0.5778002241589375,1.226181415532598,-0.18636356540863083,1.3168813763864782,1.0524877467692284,0.22556759160480716,1.0627280150028253,1.3364603945751061,-0.16869778733774518,1.3630152190757903,0.8720008379576218,-0.010672774696291685,1.1370817762336984,0.9628462586181836,0.10648521504654733,1.1056789341351843,0.3974455891066039,-0.2141800025441002,0.23247082827501742,0.7958886339174989,-0.0989933241874178,0.24405825187433644,0.3707408504375558,-0.27864661674625846,0.1494259948762047,1.1197302096726869,0.23525483185881796,1.128489455639921,0.8048975720310841,-0.22765333920914613,0.18985381821133446,1.0918173411034588,-0.17972756606458834,0.6819420105574147,1.1929010279131247,-0.0967937766617498,1.0832722739668081,0.8641160485760264,-0.08538953254357087,0.2992552700421669,0.6725604585464425,-0.09325754129334014,0.2130359380647837,0.2607881365627642,-0.25290298402704153,0.025381942446164766,1.0808818371880127,0.09880399531283887,1.038314614074909,0.9510149075495483,-0.006783554854723168,1.169508123239934,0.8934813007613677,0.047799533714126374,1.2138542094767488,1.700644978624306,-0.14736021009107303,-0.025669827329500586,1.253291156907745,-0.403739897620599,0.6155011267062055,1.196045863707334,-0.35320221035685767,0.9351220296708164,1.2744965119077667,-0.3446054061911753,1.2648195146724879,1.4675157409630075,-0.5940942176130434,0.7757224401101374,1.3836808709908792,-0.3190826509172552,1.3084740141369648,1.707936601133536,-0.3271306356452157,0.8822716265324726,1.610836501942565,-0.4941987118973637,0.7944523703973027,1.6247675458327036,-0.08445006367189209,0.03586278160084166,1.553721607915613,-0.3507034478598083,0.3350913945018062,1.718890270649992,-0.035058519624124325,0.017030679429603752,1.424053304242772,-0.5247198682747141,0.7213014522135655,1.5458345650047656,-0.23416802336443335,0.39707085727066405,1.0848910950667021,-0.28287025575606245,0.6715163091160603,1.3440910356723708,-0.38504043695152984,1.0749171964380126,1.4533555878708695,-0.402407530325138,0.38050584564145834,1.6213943595128344,-0.29018615294765954,0.1971836673305525,1.8640222099443144,-0.0795777803225233,-0.010399694936905086,1.4015443025045837,-0.5241879343197046,0.9345470623464776,1.63678975531597,-0.41571537686499527,0.859111597206419,1.6532190493400523,-0.37545629901601774,0.7790576357715179,1.439933027652715,-0.1960101822354145,0.8893283226632125,1.152662221959095,-0.22790475396920518,0.7761279052456482,-30.569557189941406,-4.330094337463379,-11.439434051513672,4.772494316101074,-0.9722520709037781,-10.411870956420898,5.145864486694336,4.067798614501953,-1.920522928237915,-0.24723929166793823,0.13133519887924194,0.4587172269821167,-1018.2910766601562,174.2346649169922,-1050.7442626953125,-272.4091796875,140.09754943847656,262.3647155761719
1.2452414373293614,-0.23607293037784022,1.1102609010721673,1.3844789507373274,-0.18865778817739692,1.0662993611089442,0.3194146748410154,-0.18720968583265715,0.19362881032145585,1.265351815334219,-0.10576815827940862,0.5780857337626399,1.2294332576508549,-0.18682655650160163,1.3166189550958722,1.062407985625676,0.2294040748368425,1.0646798105429338,1.3398021303660028,-0.16964270729596237,1.3626675852481893,0.8754341137527625,-0.002382879865523527,1.1365143670546298,0.9694572519387621,0.11241409400884987,1.1064290266163301,0.39856119695680803,-0.21146214213098952,0.23233049834110092,0.7975275272762536,-0.09786471180519142,0.24307679525570378,0.37174758221337323,-0.276739658948207,0.14996822311586094,1.1295384186387838,0.2368026662198516,1.1308520406681968,0.8060518686739813,-0.22680634622838336,0.18958016021164842,1.092634754662482,-0.17908384048978235,0.6823472064851924,1.196841711042732,-0.09575120989998065,1.0837617303361955,0.8656278967067893,-0.08446943648899641,0.29839248318743244,0.6742308107235572,-0.09187097800587207,0.21221404172332092,0.261799529638906,-0.25280690173439635,0.025097378119456296,1.0889280349608277,0.10173516228350934,1.0395080259698903,0.954373007479882,-0.0009542064315691112,1.1692720432549912,0.8979686056541285,0.0550273583942878,1.2137647125105195,1.7006304988403194,-0.14704451112952457,-0.026057685327574256,1.2522955824997253,-0.4040761360565558,0.6153118580777124,1.1969336529835959,-0.3526277398036806,0.9354581590125103,1.277054871549669,-0.3452468903747615,1.2644289175406198,1.4670681371199374,-0.5939417831747738,0.7734894789015224,1.3863788316186687,-0.3202820530790365,1.308064652791876,1.708811695804659,-0.3286916257825906,0.8813676714699791,1.610894817784922,-0.49467431329536116,0.7925659124030185,1.6247751229251457,-0.0840368865070162,0.03552359390066362,1.5532368723525118,-0.3509459743239232,0.33394618243571167,1.7190604180294946,-0.03481303397812792,0.016799602904264535,1.4238587594190182,-0.5238649262892491,0.7195796075443561,1.54582012489142,-0.2344894497747847,0.39619872797996014,1.0850705253762125,-0.2821605479875149,0.671942589989561,1.345358076277158,-0.3858959541612902,1.0741740859896933,1.4529571756227126,-0.4027009046334304,0.379993955524552,1.6208885588393307,-0.28997842755341374,0.19622021622413055,1.86411793520119,-0.0796376805111075,-0.010355389649233484,1.4014843204953022,-0.5246000329390266,0.9327991540660924,1.6371616675758993,-0.4169070730047508,0.8577718006459295,1.6539399442293785,-0.37590082838440564,0.7776345110294837,1.4421357796681635,-0.1972361637267054,0.8886182181882544,1.1535505269536908,-0.22739192167457373,0.7767631115502868,-29.95503044128418,3.8297548294067383,-10.02335262298584,4.500993251800537,-0.9988309144973755,-9.995338439941406,3.7100367546081543,3.2561800479888916,-1.9601823091506958,-0.1388004720211029,0.11007267236709595,0.5709935426712036,-1022.3701171875,188.91099548339844,-1064.35693359375,-275.8794860839844,141.6487579345703,274.2127685546875
1.2478639443978568,-0.23593537242996773,1.1102575687383185,1.387371337176948,-0.18980596066508068,1.0657268344171789,0.3206721548213074,-0.18467078959902397,0.19306943940603183,1.2663501666871126,-0.10614875593031478,0.5783712433663425,1.2326850997691121,-0.18728954759457253,1.316356533805266,1.0723282244821255,0.2332405580688785,1.0666316060830425,1.3431438661569002,-0.17058762725417975,1.3623199514205881,0.8788673895479038,0.005907014965246045,1.1359469578755612,0.9760682452593417,0.11834297297115343,1.107179119097476,0.3996768048070124,-0.20874428171787837,0.2321901684071844,0.7991664206350086,-0.09673609942296485,0.24209533863707097,0.37275431398919084,-0.2748327011501553,0.1505104513555173,1.1393466276048823,0.23835050058088553,1.1332146256964728,0.8072061653168785,-0.22595935324762043,0.18930650221196232,1.0934521682215053,-0.17844011491497622,0.6827524024129703,1.20078239417234,-0.09470864313821133,1.084251186705583,0.8671397448375525,-0.08354934043442179,0.2975296963326979,0.675901162900672,-0.09048441471840375,0.21139214538185805,0.2628109227150481,-0.25271081944175117,0.02481281379274778,1.0969742327336443,0.10466632925418032,1.040701437864872,0.957731107410216,0.00487514199158594,1.1690359632700484,0.90245591054689,0.06225518307445047,1.21367521554429,1.7006160190563329,-0.1467288121679761,-0.026445543325647997,1.2513000080917056,-0.4044123744925126,0.6151225894492194,1.1978214422598579,-0.35205326925050345,0.9357942883542042,1.279613231191572,-0.3458883745583477,1.2640383204087517,1.4666205332768674,-0.593789348736504,0.771256517692907,1.3890767922464584,-0.321481455240818,1.307655291446787,1.7096867904757822,-0.33025261591996574,0.8804637164074853,1.6109531336272789,-0.49514991469335873,0.7906794544087341,1.624782700017588,-0.08362370934214025,0.035184406200485525,1.5527521367894104,-0.35118850078803815,0.3328009703696169,1.7192305654089972,-0.034567548332131465,0.01656852637892528,1.4236642145952643,-0.5230099843037839,0.7178577628751465,1.5458056847780746,-0.23481087618513613,0.3953265986892561,1.085249955685723,-0.28145084021896716,0.6723688708630619,1.3466251168819452,-0.3867514713710507,1.0734309755413738,1.452558763374556,-0.4029942789417229,0.3794820654076456,1.6203827581658268,-0.28977070215916795,0.19525676511770845,1.864213660458066,-0.07969758069969171,-0.010311084361561878,1.401424338486021,-0.5250121315583488,0.931051245785707,1.6375335798358286,-0.4180987691445066,0.8564320040854397,1.6546608391187048,-0.37634535775279365,0.7762113862874492,1.4443385316836124,-0.19846214521799652,0.887908113713296,1.1544388319482866,-0.2268790893799422,0.7773983178549255,-30.242103576660156,6.553995132446289,-9.10244369506836,4.160984039306641,-1.1894888877868652,-10.81169319152832,0.6752396821975708,0.8000465035438538,-1.2665380239486694,-0.11874329298734665,0.05845551937818527,0.5536884665489197,-1042.6778564453125,200.47203063964844,-1079.977783203125,-279.9600830078125,143.8507843017578,280.2958679199219
1.2509712326210853,-0.23576946033547258,1.110201287940638,1.390746965313589,-0.1911159963994625,1.0650046102653277,0.32220947194770455,-0.1816654543312183,0.19238279123377333,1.2674895116430243,-0.10657303106804554,0.5786832346031997,1.2364869871676358,-0.18784437326109957,1.3160452939421925,1.0841999924340773,0.23746324165273938,1.06891371891988,1.347112723731047,-0.17171165349566372,1.3618766047701931,0.8831794958635667,0.015969593154993293,1.1354573949283322,0.9841157006506881,0.12529075182727567,1.108157865456398,0.40108359590271436,-0.20555146714512115,0.23195670128164705,0.8011206067753152,-0.0954171003440754,0.24090786112953508,0.37396934623552464,-0.2725569655168927,0.15111379347593573,1.1509149844283288,0.2399709429468539,1.1359384503980343,0.8085940746676842,-0.22496373598642705,0.18900251023422016,1.0943876463451132,-0.17769832847430223,0.6832141068005404,1.2054893571809424,-0.09351623089157599,1.0848235369518102,0.8689318334819464,-0.08245891689119365,0.2964871703887618,0.6779119498682336,-0.08886270666655341,0.21039615894686317,0.2640324258646427,-0.2523483147486946,0.024553439120410508,1.106493262265691,0.10811502323640071,1.042101521957789,0.9618983699983314,0.011970960712429705,1.168922921482301,0.9081192871197954,0.07097805433271258,1.2137091860471183,1.70054721417806,-0.14639845320227132,-0.02687150197695715,1.2501729432715487,-0.40474635184995383,0.6148674275898776,1.198852297486059,-0.35136930476750766,0.936294325534871,1.282633768604291,-0.3466201945645919,1.263552928207726,1.4660551609187726,-0.5935769864660225,0.7686754762139544,1.3922604073751839,-0.32287330441917,1.3071363621594891,1.7107219147366404,-0.3320961372544432,0.8794287594146287,1.6110271845037574,-0.49569205693061774,0.7885053694642934,1.6247325326433244,-0.08317118534041165,0.03473064176960304,1.5521147728755775,-0.3513418682264966,0.3314326849599549,1.719339045665122,-0.03427134615844057,0.016260200577929946,1.4234425516318012,-0.5219944650368976,0.7159099287742022,1.5457843319074998,-0.23514985093316493,0.39431467849687246,1.0855187929623964,-0.2806271570703842,0.672922586269726,1.3481232981808138,-0.3877015801158961,1.0725944022469174,1.452068634972667,-0.40332017799481645,0.3788758761045949,1.6197117322328076,-0.28949907816798487,0.19410468233342212,1.864260877994512,-0.07974149606233795,-0.010278485983684166,1.401338156090667,-0.5254559814929962,0.9290330738618676,1.6379450739219488,-0.41947314636596766,0.8548814054356507,1.65540469265142,-0.376892438688815,0.7746992690476362,1.4468549038005978,-0.1998747322979746,0.8870022464666936,1.1554582276881136,-0.2263086717452435,0.7781942938731995,-31.16669273376465,1.8732476234436035,-9.932302474975586,4.260333061218262,-1.2121659517288208,-12.099759101867676,-0.49084216356277466,-0.4835081696510315,-0.752724826335907,-0.20986038446426392,0.027473025023937225,0.25695696473121643,-1075.788330078125,200.7592010498047,-1095.824951171875,-284.0106201171875,146.20907592773438,276.75830078125
1.2548929531842663,-0.23555591327465136,1.1100560537237205,1.394934439501225,-0.1926979623882974,1.0640308943805317,0.3242169154795587,-0.1778765014860019,0.19148231727003273,1.2688657258520062,-0.10707068438364174,0.579039714983757,1.2412129506370084,-0.18855348101120112,1.3156520388773736,1.0993503292664768,0.24233474182766734,1.0717507648152227,1.3521351459010542,-0.17313657829303597,1.3612724605775037,0.8889680374537076,0.02901027938782612,1.1350986136505936,0.9945764123209252,0.13395028250501537,1.1095207503299838,0.4029795748508527,-0.20156072958415758,0.2315667636741866,0.8036044847886291,-0.09377825161479188,0.23937426852864163,0.37553432327232594,-0.2696616831204753,0.1518198069160347,1.1654403896521242,0.24171336676111263,1.1392691577507166,0.8103744533677762,-0.22371842993411023,0.18864755717334372,1.0955214729372238,-0.17679179977896997,0.6837707454005614,1.2114836703862568,-0.09207207823036541,1.0855351489111287,0.8711947261892404,-0.08108234316702727,0.2951426827749671,0.6804946672837463,-0.08684595541054074,0.2091077011547343,0.26560691393763797,-0.25153822042294693,0.024336383067416856,1.1184866491532468,0.11243316259802519,1.0438488153432377,0.9674250258515206,0.021194449533392695,1.1690165838658415,0.915758464115344,0.08221260384218443,1.213950581897963,1.7003871431413866,-0.14604346542958396,-0.02736146972570192,1.248824974559001,-0.40507653059548887,0.6145015651027099,1.2001235035081572,-0.3505013904824163,0.9370697278850125,1.2864307646719821,-0.34750377875290156,1.2629082802905154,1.4652919374554363,-0.5932639454374251,0.7655096598808343,1.3962599220654817,-0.3245884645853609,1.3064333587292805,1.7120258887082533,-0.33441431100005314,0.878173719178762,1.61112767023756,-0.4963459877778362,0.7858480712435896,1.624585354564995,-0.0826525586527705,0.03408438843113705,1.5512209933325156,-0.3513454485018522,0.3296896363330995,1.7193439251539724,-0.0338899402182229,0.015822095993832302,1.423175330193627,-0.5207091759372233,0.7135824324279434,1.5457513656047797,-0.23551830688849185,0.3930679095896666,1.0859378339439039,-0.2796119952833417,0.6736903916921047,1.3500097958457389,-0.3888106026396845,1.0716008113709508,1.4514244234325082,-0.40370071861917606,0.3781112641688215,1.618763127863802,-0.2891201045339471,0.19263569833032362,1.864226602560637,-0.07975855691740844,-0.010265555214260194,1.4012079570467109,-0.52595317363739,0.9265608590170251,1.63842306547607,-0.4211544278046941,0.8529766592758383,1.656187116705029,-0.37761180625846047,0.7730376444115546,1.4498981576881658,-0.2016008167669471,0.8857674977637287,1.1566978558799288,-0.22564151073923183,0.7792603630103812,-31.82798957824707,-5.0982666015625,-11.845813751220703,4.778094291687012,-0.8938412666320801,-12.565564155578613,-0.15560013055801392,-0.12011478841304779,-1.02634596824646,-0.23215767741203308,0.03461093828082085,-0.23694145679473877,-1098.69921875,192.72535705566406,-1109.787841796875,-287.8170166015625,147.71487426757812,269.3121643066406
1.258814673747448,-0.2353423662138301,1.109910819506803,1.3991219136888617,-0.19427992837713254,1.0630571784957354,0.3262243590114132,-0.17408754864078485,0.19058184330629196,1.2702419400609881,-0.10756833769923804,0.5793961953643142,1.2459389141063817,-0.1892625887613028,1.3152587838125545,1.1145006660988788,0.2472062420025961,1.074587810710566,1.3571575680710621,-0.17456150309040847,1.3606683163848143,0.8947565790438494,0.04205096562066117,1.1347398323728548,1.0050371239911642,0.14260981318275656,1.11088363520357,0.4048755537989913,-0.1975699920231933,0.2311768260667261,0.8060883628019434,-0.09213940288550806,0.23784067592774796,0.3770993003091275,-0.26676640072405733,0.15252582035613377,1.1799657948759217,0.24345579057537167,1.1425998651033995,0.8121548320678685,-0.2224731238817932,0.18829260411246723,1.0966552995293346,-0.17588527108363758,0.6843273840005825,1.2174779835915723,-0.09062792556915457,1.0862467608704471,0.8734576188965348,-0.07970576944286066,0.2937981951611721,0.6830773846992594,-0.08482920415452774,0.20781924336260518,0.26718140201063345,-0.25072812609719913,0.024119327014423167,1.130480036040805,0.11675130195965039,1.0455961087286867,0.9729516817047106,0.030417938354357257,1.169110246249382,0.9233976411108938,0.0934471533516582,1.2141919777488077,1.700227072104713,-0.14568847765689655,-0.027851437474446777,1.247477005846453,-0.4054067093410239,0.6141357026155422,1.2013947095302557,-0.3496334761973248,0.9378451302351541,1.290227760739674,-0.3483873629412114,1.2622636323733045,1.4645287139921,-0.5929509044088275,0.7623438435477137,1.4002594367557804,-0.32630362475155206,1.3057303552990718,1.7133298626798668,-0.33673248474566353,0.8769186789428951,1.6112281559713628,-0.49699991862505477,0.7831907730228853,1.6244381764866658,-0.08213393196512926,0.03343813509267095,1.5503272137894535,-0.35134902877720775,0.32794658770624374,1.7193488046428225,-0.03350853427800517,0.015383991409734584,1.4229081087554527,-0.5194238868375488,0.7112549360816842,1.5457183993020593,-0.23588676284381885,0.39182114068246043,1.0863568749254113,-0.278596833496299,0.6744581971144834,1.3518962935106644,-0.38991962516347306,1.070607220494984,1.450780211892349,-0.40408125924353566,0.377346652233048,1.6178145234947963,-0.2887411308999093,0.19116671432722485,1.864192327126762,-0.07977561777247894,-0.01025262444483622,1.401077758002755,-0.5264503657817841,0.9240886441721822,1.6389010570301914,-0.42283570924342073,0.8510719131160256,1.6569695407586382,-0.37833117382810605,0.7713760197754728,1.4529414115757342,-0.2033269012359199,0.8845327490607634,1.1579374840717442,-0.22497434973322003,0.7803264321475629,-32.03665542602539,-8.854896545410156,-13.168540954589844,5.299109935760498,-0.558984637260437,-12.201631546020508,-0.08204981684684753,0.8056254982948303,-1.2007678747177124,-0.16988712549209595,0.02278781123459339,-0.3992774784564972,-1104.527587890625,186.303955078125,-1126.370361328125,-292.8991394042969,148.6677703857422,264.8583984375
1.2626982165488185,-0.23512765074407818,1.109745196554045,1.4032772566309035,-0.19588987958549656,1.0620902831980725,0.32830223204284303,-0.1703117750831789,0.18965001399351278,1.2715898495636238,-0.10808434690169938,0.5797250574787721,1.2507224363207026,-0.18994278934420336,1.3147833895999075,1.1297167405387416,0.2516966637791385,1.0772918916695953,1.3621734471510576,-0.1759586726987598,1.3600349765739694,0.9009655287723664,0.055310316618210495,1.1346527791970613,1.015609564765399,0.15118420153658865,1.1123111184859118,0.40683168389939306,-0.19360719951770183,0.2307084133688188,0.8086126312514803,-0.09052176442959459,0.23628824455848602,0.3787005710483386,-0.26382920165725116,0.1531518507280097,1.194405073756413,0.24486119596176587,1.1458079479388052,0.8139285508370556,-0.22125552920316235,0.18788095035695085,1.0977486845673314,-0.1749531304994167,0.6849174390960213,1.2234586410175092,-0.0892523922864965,1.086978688540048,0.8757027006701916,-0.0783470778522508,0.2924398399938811,0.6856683247926219,-0.08287998054497299,0.20647221907282515,0.26891365815077384,-0.24985894131542047,0.023912360811519713,1.1425421107683744,0.12079024361754866,1.0472676015847566,0.9786432803861349,0.03995771216388911,1.169397513992739,0.931504298519614,0.10484211536630038,1.2146589641539465,1.6999968235066396,-0.1454459127310096,-0.02826278453803811,1.2461446646033534,-0.4056065082550049,0.6137602226623636,1.202740240965458,-0.34873155025851654,0.9386901770601209,1.2940069385711719,-0.34926322102546686,1.2615941119509817,1.4637766926493867,-0.5925880599495591,0.7592787513669754,1.4042348091965478,-0.3279878914553597,1.3049904447517648,1.7146055903655804,-0.3390047619279646,0.8756854514412533,1.611321207703344,-0.4976623861600231,0.7806133793679295,1.6242559023250807,-0.0816447400543469,0.03272857954910659,1.5493574730607849,-0.3513160524581442,0.32625822426862283,1.719293233574621,-0.0331243392178752,0.0149142602551112,1.4226219736977128,-0.5181225613253007,0.7090222780278188,1.5456870541667307,-0.23619608270214093,0.39067195947991307,1.0867934274357676,-0.27763975258694584,0.6752804284853651,1.353750762165777,-0.39098705963188446,1.0696606434733662,1.4501173788348571,-0.40436416469662395,0.37656966611644294,1.6168671897705027,-0.28849297525077466,0.18972884651446192,1.8640867057225563,-0.07976747111768913,-0.010241836975544495,1.4009249356408782,-0.5268944829505011,0.9217055643236401,1.6394856805043505,-0.4243815136666329,0.8492032853972834,1.6577333286898026,-0.37907778358222627,0.7698104529586061,1.4558222128066005,-0.2051723204207735,0.8832916325291261,1.159138452533065,-0.22431827218129938,0.781388295012594,-31.69110107421875,-6.18504524230957,-12.7546968460083,5.498315811157227,-0.5501248836517334,-11.406227111816406,-0.5634430646896362,1.1724900007247925,-0.7788496613502502,-0.1464577466249466,-0.021503586322069168,-0.2288106083869934,-1092.7724609375,190.6222381591797,-1140.542236328125,-297.2254943847656,149.0551300048828,268.70343017578125
1.266516238056271,-0.23491093003197225,1.109544582122209,1.4073774554082095,-0.19754785948143083,1.0611350935026511,0.3305009773235445,-0.16655862003268823,0.18866437212224837,1.272889182070233,-0.1086318587748617,0.5800065206770865,1.2556047417864888,-0.19057337897798868,1.314167026849772,1.145045634926548,0.2555330726287219,1.0797677760487359,1.3671780968738703,-0.17730820840162934,1.359351530769803,0.9078959897653939,0.06894494363088144,1.1350320701962275,1.0263737568397384,0.15961246725344413,1.1138494666049021,0.4088910463827333,-0.18969236676957474,0.2301053204481176,0.8112062184226432,-0.08894052738878917,0.23470348178945646,0.3803641296281718,-0.2608200645209941,0.15364061286117853,1.2086965412098825,0.2456882048570951,1.1488055805891553,0.8156908397248247,-0.22008549323342505,0.18737198594982266,1.0987726631543493,-0.17397703437615714,0.6855648441227855,1.2294158621734335,-0.08799462469405699,1.0877454823610797,0.8779172150307142,-0.07701907586923117,0.2910576851064008,0.6882733767790508,-0.08104664897731222,0.2050246820100492,0.2709166784061499,-0.24888834453477776,0.023722710972960245,1.1547220686808315,0.12435002164878162,1.0488090043431084,0.9846179566241252,0.05004029939974869,1.1700170503941592,0.9404132533941828,0.11651237992359982,1.2155131127265904,1.699646135039677,-0.14539628971787477,-0.028539201506839064,1.244839143476739,-0.4055825471878052,0.6133682370580585,1.204213330879906,-0.3477712529680588,0.9396547488621527,1.2977555364567708,-0.35012581944465626,1.2608819049320474,1.4630438965677426,-0.59213974203495,0.7563865236099195,1.408168748317175,-0.3296191382980503,1.3041871936115998,1.7158328413173851,-0.34119827068404623,0.8744896593078084,1.6114015010808478,-0.49833950449694064,0.7781731192244602,1.6240133956962863,-0.08120606458493025,0.03191038373463012,1.5482573665135744,-0.3512203371189288,0.324663712439553,1.7191339162801276,-0.03273535742492277,0.014390251067288225,1.422303378779367,-0.5167937138617434,0.7069523829892773,1.545658491305168,-0.2364039122318195,0.38969025987860395,1.0872600335159048,-0.27678235102173515,0.6761960665516505,1.3555502621148594,-0.391983120005257,1.0687947523909689,1.4494225872273478,-0.40447950708550334,0.3757714432300322,1.6159220367472693,-0.2884693315487034,0.18834438081213983,1.8638586392071073,-0.07971606292570664,-0.010234727872695948,1.4007332867739217,-0.5272475119852862,0.9194754594011815,1.6402533074088443,-0.4256948102388949,0.8473966447328102,1.65846513300542,-0.37987114681510725,0.7684097421287702,1.458424210153668,-0.2072225437801798,0.8820395874266594,1.1602730725379968,-0.22368121623302145,0.7824429390051506,-31.041400909423828,-0.28790247440338135,-11.698966026306152,5.354547023773193,-0.8051924705505371,-10.985795021057129,-0.7530277967453003,0.4605770707130432,-0.3776378929615021,-0.16704246401786804,-0.05835942178964615,-0.12189000844955444,-1077.6328125,203.02870178222656,-1154.1778564453125,-300.69366455078125,149.47860717773438,277.9085693359375
1.270334259563724,-0.23469420931986626,1.1093439676903731,1.4114776541855163,-0.19920583937736538,1.0601799038072295,0.33269972260424635,-0.16280546498219692,0.18767873025098383,1.2741885145768426,-0.1091793706480241,0.5802879838754009,1.2604870472522762,-0.19120396861177408,1.3135506640996364,1.1603745293143573,0.2593694814783059,1.0822436604278767,1.3721827465966838,-0.17865774410449908,1.3586680849656363,0.9148264507584226,0.0825795706435547,1.1354113611953938,1.0371379489140797,0.16804073297030103,1.1153878147238927,0.4109504088660739,-0.18577753402144698,0.22950222752741628,0.8137998055938064,-0.08735929034798348,0.23311871902042663,0.3820276882080053,-0.2578109273847365,0.15412937499434742,1.2229880086633547,0.2465152137524245,1.1518032132395057,0.8174531286125941,-0.21891545726368758,0.18686302154269438,1.0997966417413674,-0.17300093825289745,0.6862122491495499,1.2353730833293588,-0.08673685710161724,1.0885122761821115,0.880131729391237,-0.07569107388621132,0.2896755302189201,0.6908784287654801,-0.07921331740965114,0.20357714494727303,0.2729196986615263,-0.24791774775413486,0.02353306113440074,1.1669020265932906,0.12790979968001517,1.0503504071014607,0.9905926328621164,0.060122886635609996,1.1706365867955795,0.9493222082687531,0.12818264448090128,1.2163672612992344,1.6992954465727144,-0.14534666670473995,-0.028815618475640063,1.2435336223501243,-0.40555858612060547,0.6129762514537533,1.2056864207943543,-0.3468109556776009,0.9406193206641847,1.3015041343423706,-0.3509884178638458,1.260169697913113,1.4623111004860985,-0.5916914241203409,0.7534942958528632,1.4121026874378029,-0.3312503851407411,1.3033839424714346,1.71706009226919,-0.3433917794401283,0.8732938671743633,1.6114817944583515,-0.4990166228338583,0.7757328590809903,1.623770889067492,-0.08076738911551355,0.03109218792015352,1.5471572599663639,-0.35112462177971343,0.3230692006104829,1.7189745989856342,-0.03234637563197028,0.01386624187946516,1.4219847838610213,-0.515464866398186,0.7048824879507355,1.5456299284436055,-0.2366117417614981,0.3887085602772946,1.0877266395960423,-0.27592494945652435,0.6771117046179361,1.3573497620639423,-0.39297918037862967,1.0679288613085716,1.4487277956198383,-0.40459484947438273,0.37497322034362135,1.6149768837240357,-0.2884456878466322,0.18695991510981752,1.8636305726916584,-0.07966465473372415,-0.010227618769847398,1.400541637906965,-0.5276005410200713,0.9172453544787224,1.6410209343133384,-0.42700810681115714,0.8455900040683367,1.6591969373210376,-0.3806645100479884,0.7670090312989342,1.4610262075007356,-0.20927276713958642,0.8807875423241924,1.1614076925429289,-0.2230441602847434,0.7834975829977073,-30.294626235961914,4.8258538246154785,-11.37398910522461,5.087522506713867,-1.0535389184951782,-11.023210525512695,-0.30783000588417053,-0.46846604347229004,-0.552247166633606,-0.1615392416715622,-0.04276574030518532,-0.2317441701889038,-1072.8935546875,217.8291015625,-1169.6513671875,-303.9628601074219,150.35540771484375,287.3053283691406
1.2741740223587743,-0.23447374619592895,1.1091315533151689,1.4155204092824694,-0.20083129919127907,1.0591928585870376,0.3349321856107932,-0.15905390919143012,0.18671297286914676,1.2754397396220276,-0.10976058403831837,0.5805356176878442,1.2653292847784938,-0.19178270837230396,1.3129325147890887,1.1756466571858382,0.2628248594947997,1.0846373053970715,1.3771414500198615,-0.17999580223730063,1.357950435174222,0.9222098048159616,0.09633065771237465,1.1360606965639732,1.0481149722014038,0.17633055286198238,1.117002221330112,0.41306516912994,-0.18185496611508326,0.2288216299420556,0.8164225036142677,-0.08585419553942637,0.23149552719285163,0.38377954825660243,-0.25473492390272645,0.15456497434847402,1.2371586527650715,0.2470816747834351,1.154623731477371,0.8192205538615485,-0.21770948477533483,0.1862759923698097,1.1007835491998306,-0.17206447963781707,0.686857514626143,1.2413366006699618,-0.08553143825061277,1.0892496782028123,0.8823755563094915,-0.0743893912518459,0.2882936202631092,0.6934679347947732,-0.07737963555368373,0.20213467580889238,0.27490884425821677,-0.24655429858541653,0.023349734044800338,1.1790311539804694,0.131179883878752,1.0518495231274736,0.996980782573586,0.07040536377751636,1.1715391921681284,0.9586605283598233,0.13996112201091432,1.2174457816888165,1.6990227328231002,-0.14527632895585718,-0.029147505038572056,1.2422393392648128,-0.40551224262114394,0.6126201627467642,1.2071478836583776,-0.34587925055761215,0.9416252859183494,1.3052340309746218,-0.3518205222901919,1.2594423627616553,1.4615842692109924,-0.5912245490298366,0.7506784795727952,1.4159750622629328,-0.3328213715888806,1.3025528987906627,1.7182741889495723,-0.345536233425535,0.8721383302811756,1.6115328977439578,-0.4995993272160852,0.7734121976309265,1.6234833870502496,-0.08033757530991606,0.03020287457458826,1.5461019903224036,-0.3510346659366658,0.32154849966038146,1.718787128956902,-0.031956397678505714,0.013322812176636433,1.4216464359239238,-0.5141271365596759,0.7028974185124139,1.5455951414360904,-0.23674892651422924,0.38777769480320007,1.0882109527951045,-0.27515545674901926,0.6780440916880867,1.3591429802360913,-0.39393295762159963,1.0671021881087726,1.4480047936471092,-0.404651635184588,0.37418550070350537,1.6139742005739781,-0.2882810211339534,0.18557021039112517,1.8633938471213083,-0.07960546816026928,-0.010225636010298765,1.4003770756010978,-0.5279133220184717,0.9150785860044278,1.6418566810374229,-0.4281502933987718,0.8437497213186808,1.6599028365106772,-0.38149128124019166,0.765701704270003,1.4635209391843405,-0.21133191069427698,0.8794852574140031,1.1625495740514717,-0.22242499335317423,0.7845664978619442,-29.983177185058594,4.395627021789551,-11.826864242553711,5.044983863830566,-1.0087436437606812,-11.213531494140625,0.017948530614376068,-0.6013466119766235,-1.0399320125579834,-0.12787987291812897,0.00361552438698709,-0.20214946568012238,-1084.6334228515625,223.9938201904297,-1183.870849609375,-307.36907958984375,151.38140869140625,288.5654296875
1.278051906863585,-0.2342467210348079,1.1088984486283056,1.4194624412138728,-0.2023997374915128,1.0581499571042345,0.33722377010923327,-0.155305157582097,0.1857820814413741,1.2766066118581405,-0.11040089049974809,0.5807239342209519,1.2701012661914948,-0.19227053328657778,1.312311232879462,1.1908192492478717,0.26561212865327344,1.0868867497570465,1.3820195900683367,-0.18131373531573644,1.3571728112681813,0.9303872727400413,0.11028594871526409,1.1371835343885106,1.0594651789854685,0.18437761843007067,1.1187499907632537,0.41527706522815255,-0.17791883519153753,0.228005133766607,0.8190962453156905,-0.08448261039837318,0.22980495290645714,0.3856862382778267,-0.251541675321314,0.15490735677496484,1.2511174422226194,0.2471912847646814,1.1571336929371814,0.8209969853328551,-0.21644050030913584,0.18555208251176297,1.1017054552274035,-0.17119752240694128,0.68749902856271,1.2473111578960288,-0.08441780897363141,1.0899355439160834,0.8846707805892488,-0.07313385761238102,0.2869121397765268,0.6960301821594994,-0.07554533949356221,0.200701092894109,0.27687366168625294,-0.24450201235267516,0.023177493419128156,1.19107115387127,0.13394201176845452,1.0532744925543172,1.0040939268686908,0.08103833280947738,1.172938137654437,0.9687517080085948,0.15192934283554851,1.2189177211546738,1.6988867418655498,-0.1451696694785396,-0.029576653355596835,1.2409647612382246,-0.4054266532130589,0.6123270165446578,1.2085889593654908,-0.3449976796543362,0.9427038314721441,1.308931136368126,-0.35259915779757967,1.258688501569609,1.4608678967747468,-0.5907251353295434,0.7479966450605963,1.4197394887343144,-0.33428669597534144,1.3016731229838947,1.71946522060609,-0.3475946735664707,0.8710533779188498,1.6115328184026756,-0.5000164838421424,0.7713012434788888,1.6231169890094277,-0.07992329976416584,0.02918886199642894,1.5451253388101691,-0.35095480893621384,0.3201572205254575,1.718550295229779,-0.03156467303263631,0.012745330063934602,1.421273452556686,-0.5127738321459058,0.701061084373108,1.5455494408575905,-0.2367622409731347,0.3869359631412077,1.0887263140931034,-0.2745401056002308,0.6790058468746033,1.3609251837856722,-0.39481259458112394,1.0663442805113383,1.4472323269244063,-0.4046057461705429,0.37341619771442675,1.6128706426809956,-0.2878690811971955,0.18417131945194798,1.8631419385505827,-0.079532642780945,-0.01023264190749518,1.4002600075393323,-0.5281555311174582,0.9130228732200649,1.6428118707328443,-0.4289924515201555,0.8418504497073346,1.6605633130136703,-0.3823766307720285,0.7645581187001917,1.4658275886087226,-0.213406695139329,0.8780948807861633,1.1637041880594972,-0.22183719346460132,0.7856604356244699,-30.162012100219727,0.08285565674304962,-12.015464782714844,5.272332191467285,-0.7746220231056213,-11.304818153381348,-0.33871227502822876,0.13513611257076263,-1.2479571104049683,-0.10874708741903305,0.021320046856999397,-0.03853287920355797,-1105.6182861328125,222.47068786621094,-1202.78173828125,-312.8376159667969,152.40126037597656,281.3466491699219
1.2819297913683956,-0.23401969587368684,1.1086653439414422,1.423404473145276,-0.20396817579174653,1.0571070556214315,0.33951535460767335,-0.1515564059727639,0.18485119001360142,1.2777734840942532,-0.11104119696117781,0.5809122507540595,1.2748732476044957,-0.1927583582008516,1.311689950969835,1.2059918413099053,0.26839939781174715,1.0891361941170217,1.386897730116812,-0.18263166839417225,1.3563951873621405,0.9385647406641211,0.12424123971815353,1.1383063722130478,1.070815385769533,0.19242468399815896,1.120497760196395,0.41748896132636515,-0.1739827042679918,0.22718863759115843,0.8217699870171133,-0.08311102525731999,0.22811437862006267,0.387592928299051,-0.24834842673990154,0.15524973920145568,1.2650762316801671,0.24730089474592776,1.1596436543969915,0.8227734168041618,-0.21517151584293687,0.18482817265371623,1.1026273612549762,-0.1703305651760655,0.6881405424992769,1.2532857151220957,-0.08330417969665005,1.0906214096293543,0.886966004869006,-0.07187832397291613,0.2855306592899444,0.6985924295242256,-0.07371104343344068,0.1992675099793256,0.27883847911428905,-0.24244972611993382,0.023005252793455975,1.2031111537620705,0.13670413965815703,1.0546994619811605,1.0112070711637955,0.0916713018414384,1.1743370831407456,0.9788428876573663,0.1638975636601827,1.2203896606205313,1.698750750907999,-0.14506301000122204,-0.030005801672621617,1.2396901832116363,-0.40534106380497387,0.6120338703425515,1.2100300350726043,-0.34411610875106025,0.9437823770259388,1.3126282417616302,-0.35337779330496744,1.2579346403775626,1.4601515243385013,-0.5902257216292502,0.7453148105483974,1.423503915205696,-0.33575202036180224,1.3007933471771267,1.7206562522626079,-0.34965311370740637,0.8699684255565241,1.6115327390613934,-0.5004336404681995,0.7691902893268512,1.6227505909686057,-0.07950902421841563,0.028174849418269615,1.5441486872979349,-0.35087495193576185,0.3187659413905335,1.7183134615026563,-0.031172948386766906,0.012167847951232772,1.420900469189448,-0.5114205277321356,0.699224750233802,1.5455037402790903,-0.23677555543204018,0.3860942314792154,1.0892416753911025,-0.2739247544514423,0.67996760206112,1.3627073873352529,-0.39569223154064825,1.065586372913904,1.4464598602017031,-0.4045598571564978,0.37264689472534807,1.6117670847880132,-0.2874571412604377,0.18277242851277078,1.8628900299798574,-0.07945981740162074,-0.010239647804691597,1.4001429394775669,-0.5283977402164446,0.9109671604357021,1.6437670604282655,-0.42983460964153924,0.8399511780959883,1.6612237895166637,-0.38326198030386527,0.7634145331303807,1.4681342380331048,-0.21548147958438102,0.8767045041583234,1.1648588020675228,-0.2212493935760284,0.7867543733869955,-30.694337844848633,-4.800625801086426,-12.085780143737793,5.730035305023193,-0.46206170320510864,-11.276411056518555,-0.7333865761756897,0.8754034638404846,-1.09102463722229,-0.11378972977399826,-0.0031617230270057917,-0.06983806937932968,-1115.4031982421875,218.62509155273438,-1220.4176025390625,-318.0231628417969,152.7544708251953,272.4400634765625
1.2853426554345138,-0.2338037405977186,1.1084702093869645,1.4268540017652196,-0.20535568399539844,1.0561957564574993,0.34154349999712,-0.1482871835989668,0.18403691250756876,1.2787720059716938,-0.11160680034894817,0.5810554067030648,1.2790700213009158,-0.19319572028340093,1.3111175385532001,1.2193187893621178,0.2706712813961585,1.0910474172491111,1.3911989572032397,-0.18377165555559247,1.3556925232047277,0.9459508254828042,0.1365204778136006,1.1395089018423825,1.0809352721599552,0.1994286171647886,1.1220672035848858,0.41947500832033474,-0.17053634648686217,0.2264356351648735,0.8241194833982859,-0.08191211487086404,0.2266206109760613,0.38929097443226945,-0.24552962164215697,0.1554799715414742,1.277309241673804,0.24729407909295417,1.1617621341288484,0.8243519900650378,-0.21407824093537617,0.18418036470350052,1.103440657356717,-0.1695808009398694,0.688686157693926,1.2585575264810727,-0.08233913414130938,1.0912116679134747,0.8890257134342825,-0.07080352059658,0.28429938961338524,0.7008641812185578,-0.07208953713936522,0.1979861113409333,0.28051756490145296,-0.2405735579942236,0.0228316310965857,1.2136929272026415,0.13900444977330845,1.0559149988439698,1.0176280279033232,0.10103872383864503,1.1756368401824244,0.9879586740045357,0.17449148275599566,1.22178537561404,1.6986353649998343,-0.1449555689530657,-0.030399597453459205,1.2386099179059464,-0.40523680195903145,0.6117736140623787,1.2113099366623834,-0.3433277721436608,0.944731217346444,1.3158589767304476,-0.35404373340259326,1.2572726350746408,1.4595371397915264,-0.5897461171971252,0.7429998027567832,1.426834839858756,-0.33703175364740634,1.2999864990348058,1.7216925328930481,-0.3514563070227768,0.8690223370166804,1.6115264782052956,-0.5007796244116018,0.7673362517198979,1.6224664426007807,-0.07914188449943303,0.02726684271401128,1.5432331830460504,-0.35073457293163074,0.3175332856099337,1.7181068532514256,-0.03087109372957258,0.011690900494523399,1.4205850804878386,-0.5102287740107404,0.6976550951698758,1.545449527683637,-0.2367728299257771,0.38539608503809036,1.0896835406094987,-0.2734077320193613,0.6808110629485933,1.3642732520766605,-0.3964384934365355,1.0649225948662158,1.4457607048236771,-0.40444782948651853,0.3719747942804501,1.6108019217750094,-0.2871382579898203,0.18153807599812943,1.8626861524897695,-0.07939935682822537,-0.010239395306797218,1.400021153570011,-0.5285685847926613,0.9092124447917307,1.6445554486963132,-0.43064615150161134,0.8383330872516759,1.661577193942291,-0.38412239772594525,0.7626721633980605,1.4701299501570644,-0.21728650307813227,0.8754663064779825,1.1658953562477568,-0.22074406184502784,0.7877118488810709,-30.832786560058594,-5.057657718658447,-12.900797843933105,6.066479682922363,-0.3179640769958496,-11.227920532226562,-0.32617247104644775,0.9245027899742126,-0.821990966796875,-0.1289515197277069,-0.02230232208967209,-0.24117223918437958,-1107.8968505859375,218.6275634765625,-1237.7493896484375,-322.5921936035156,152.4514923095703,267.2533874511719
1.287922357881306,-0.2336076188659826,1.108343104653011,1.4294211286187959,-0.20641902577600726,1.0555202447815446,0.3430996503162857,-0.14587711777217355,0.18343156827798746,1.2794689001231794,-0.11203856072974518,0.5811176499388865,1.282236214505126,-0.1935426697924437,1.3106326839781755,1.2293389585633936,0.2720197658270399,1.0923526606812382,1.394466548565997,-0.18459282294902576,1.3551241619302736,0.9519190155709812,0.14579678778320693,1.1408542126219794,1.0888508345117627,0.20456360477880106,1.1233171461433764,0.4210564090025345,-0.1679674989192298,0.22579639237250718,0.8258880402473423,-0.0810225800863955,0.22547945523301505,0.39061520026614327,-0.2433816944526522,0.15550926830989636,1.2864502301279277,0.24707866751200316,1.163179209098121,0.8255760673655579,-0.213299778987043,0.18366890600481572,1.104059360674675,-0.16904100748580816,0.6890599543093056,1.2625702514948431,-0.08164030108724213,1.0916306295537002,0.8906634563444465,-0.07005252560835015,0.28333724763811824,0.702615461503433,-0.07084927917612317,0.19697737619774236,0.2816847148320532,-0.23901293481027852,0.022655534980485583,1.2216620449198787,0.14047733637572116,1.0567553023628842,1.0228088152724384,0.1081387073985784,1.1767588845941404,0.99532688068633,0.1826231112543316,1.2230445217612562,1.6985568964718194,-0.14484672759048986,-0.030730053273627874,1.2378777962252006,-0.40509908532859473,0.6115722855590038,1.2123010679586044,-0.34270648031637374,0.9454476691239716,1.3182541313550329,-0.35450776089106173,1.2567752049064005,1.4591054835461623,-0.5893020043704683,0.7413420261728844,1.4293890737539883,-0.3379789695439749,1.2993103129579533,1.7224515512684322,-0.3528021831090086,0.8683250461587844,1.6115091421351528,-0.5009980906319145,0.7659425229228886,1.622329658230409,-0.0788591964700759,0.026548763200492695,1.5424272343022933,-0.350485758670908,0.3165848300058321,1.7179543989778354,-0.03073025613542129,0.01139407762980078,1.4203728822288135,-0.5093264652798508,0.6965632401160058,1.5453800643911424,-0.2367413661485871,0.38495519545101964,1.0899937253519398,-0.27306688187138134,0.6814425798836133,1.3654515097867574,-0.39694579167673916,1.0644274655951569,1.445192898938198,-0.404217303391324,0.37147684839387607,1.6100847162553018,-0.286986101246038,0.18059852149411548,1.862568330685824,-0.07936104986545266,-0.010226138184365158,1.399890914855414,-0.528611567932249,0.9079970156909615,1.6450449844069828,-0.4314028392268332,0.8372187786149663,1.6613804275626378,-0.38493814511804386,0.7626486387079126,1.4715685662844322,-0.21860820486746868,0.8745007627452447,1.166720386569863,-0.22038648556301138,0.7884248294775059,-30.047943115234375,-0.32379499077796936,-14.329902648925781,6.15550422668457,-0.4001605808734894,-11.066438674926758,0.4276478886604309,0.5914714932441711,-0.7906118035316467,-0.15538756549358368,-0.010439700447022915,-0.26459741592407227,-1081.712890625,226.29734802246094,-1257.3739013671875,-327.2425842285156,151.4436798095703,269.0059814453125
1.290502060328098,-0.23341149713424658,1.1082159999190577,1.4319882554723724,-0.20748236755661606,1.0548447331055901,0.3446558006354513,-0.1434670519453803,0.18282622404840615,1.2801657942746647,-0.1124703211105422,0.5811798931747083,1.285402407709336,-0.19388961930148646,1.310147829403151,1.2393591277646692,0.2733682502579214,1.0936579041133652,1.3977341399287542,-0.18541399034245906,1.3545558006558198,0.9578872056591583,0.15507309775281325,1.142199523401576,1.0967663968635701,0.20969859239281352,1.124567088701867,0.4226378096847343,-0.16539865135159743,0.22515714958014085,0.8276565970963987,-0.08013304530192694,0.22433829948996878,0.3919394261000171,-0.24123376726314746,0.1555385650783185,1.2955912185820513,0.24686325593105218,1.1645962840673938,0.826800144666078,-0.21252131703870983,0.18315744730613095,1.1046780639926328,-0.1685012140317469,0.6894337509246851,1.2665829765086138,-0.08094146803317488,1.0920495911939254,0.8923011992546105,-0.0693015306201203,0.28237510566285123,0.7043667417883082,-0.06960902121288111,0.19596864105455145,0.28285186476265345,-0.23745231162633346,0.02247943886438547,1.229631162637116,0.14195022297813387,1.0575956058817984,1.0279896026415536,0.11523869095851176,1.1778809290058565,1.0026950873681244,0.19075473975266752,1.2243036679084727,1.6984784279438043,-0.14473788622791406,-0.03106050909379654,1.2371456745444545,-0.404961368698158,0.6113709570556287,1.2132921992548253,-0.34208518848908664,0.9461641209014993,1.320649285979618,-0.3549717883795302,1.2562777747381602,1.458673827300798,-0.5888578915438115,0.7396842495889855,1.4319433076492205,-0.33892618544054337,1.2986341268811006,1.7232105696438162,-0.35414805919524045,0.8676277553008882,1.6114918060650099,-0.501216556852227,0.7645487941258792,1.622192873860037,-0.07857650844071877,0.025830683686974113,1.5416212855585365,-0.35023694441018516,0.31563637440173054,1.7178019447042452,-0.030589418541269998,0.011097254765078161,1.4201606839697882,-0.5084241565489612,0.6954713850621357,1.545310601098648,-0.23670990237139708,0.3845143058639489,1.0903039100943812,-0.27272603172340143,0.6820740968186334,1.3666297674968542,-0.3974530899169429,1.0639323363240982,1.444625093052719,-0.4039867772961295,0.37097890250730203,1.609367510735594,-0.2868339445022558,0.17965896699010153,1.8624505088818784,-0.07932274290267995,-0.010212881061933098,1.3997606761408168,-0.5286545510718365,0.9067815865901923,1.6455345201176523,-0.432159526952055,0.8361044699782568,1.6611836611829847,-0.38575389251014247,0.7626251140177644,1.4730071824118,-0.21992990665680512,0.8735352190125069,1.1675454168919694,-0.22002890928099492,0.7891378100739409,-28.682825088500977,4.8007612228393555,-14.83545207977295,5.991859436035156,-0.5855380892753601,-10.64477252960205,0.5567219257354736,0.21004058420658112,-0.9423857927322388,-0.20287202298641205,0.012211745604872704,-0.1140064001083374,-1057.1956787109375,236.56617736816406,-1275.1358642578125,-331.57318115234375,150.46871948242188,274.79327392578125
1.2935147648615553,-0.23320438394582035,1.108074391717153,1.434959069190436,-0.2087373250219601,1.054017292347965,0.3464748210563565,-0.14066168954534242,0.1821151551426641,1.2809725084052181,-0.11298987301473587,0.5812341770194224,1.2891017399876323,-0.1942862186654909,1.3095890561871182,1.2510396287535992,0.2747253982337895,1.0950943233556305,1.4015539420756284,-0.18637072662545356,1.353857202443066,0.9653044883778554,0.16597319707669186,1.1441735420006,1.1062062246515263,0.21564045977710897,1.126089121924331,0.42450720580011014,-0.16238244536597993,0.22439259542337314,0.8297294044731469,-0.0791172497714592,0.22300749864207198,0.3935156549444262,-0.23872533781046895,0.15546782470203394,1.3062349905241406,0.2464760886073507,1.166123249080797,0.8282437007750897,-0.21161919200657217,0.18254584811677205,1.1053575417458616,-0.16791674884541935,0.6898850114732389,1.2713174977839388,-0.08013116671944295,1.092531303104186,0.8941731416429116,-0.06844207841828957,0.2812571670144599,0.706431934573003,-0.06816532058234244,0.19477875619534624,0.28416562583667554,-0.23577408773812236,0.022381629508038032,1.2389275788866132,0.14351106400521388,1.0585317724193168,1.0344204067789167,0.12382117854986377,1.1794997627371984,1.01173791210383,0.20033588827840554,1.2259436737227913,1.6983577662351115,-0.14460017280468088,-0.03143748570702329,1.2362952690250826,-0.40474446803726105,0.6111278837879762,1.2144912976697582,-0.3413414229324322,0.9469903646320696,1.323468376271772,-0.3555061086420192,1.2556642047222086,1.4581856425629547,-0.588307616134353,0.7377952723116274,1.4349133356517514,-0.34003129295560697,1.2978447156631394,1.7240918655663926,-0.3557001998191638,0.8668381817490849,1.6114954334615872,-0.5014755977502722,0.7629755306125476,1.6220503861935722,-0.07825789980541001,0.0250527099305332,1.5406846654730917,-0.34995189600235577,0.3146002393783323,1.7176287371591228,-0.03046178032909304,0.010739379613321047,1.4199264292290668,-0.5073817036799247,0.6942452713353744,1.545238559411851,-0.23664129360128713,0.3839972520506145,1.0906648079291086,-0.2723718411875087,0.6828073342114884,1.368014464907299,-0.39803910975819395,1.0633567723612123,1.443957374388019,-0.4037166013820282,0.3704293011533503,1.608504878172022,-0.28669354817922543,0.17858718745163732,1.8623089350217226,-0.07928149583471926,-0.01022297257421822,1.399614126279654,-0.528696714450192,0.9054153214227285,1.6461277100818836,-0.4329098387565834,0.8348642474176078,1.6612148444778871,-0.38638448246464824,0.762378782428653,1.4746638270008643,-0.22141410859412708,0.8724279476712081,1.1684902444580534,-0.21960385158559345,0.789939303863917,-27.195690155029297,6.796628952026367,-14.225686073303223,5.941288948059082,-0.6987195611000061,-9.912788391113281,-0.05901845544576645,0.14717046916484833,-0.8122240900993347,-0.24018409848213196,0.021534230560064316,-0.04368143156170845,-1042.0203857421875,244.72964477539062,-1298.3287353515625,-337.65167236328125,149.5888671875,278.7346496582031
1.2973202901170742,-0.2329771455550036,1.1079062278697034,1.4386690278716434,-0.21034312810724137,1.0529116715816473,0.34877515293115013,-0.1371325446872523,0.18121050584395204,1.2819803013706839,-0.11367016996176825,0.5812738873311226,1.2937772424015777,-0.19477372621463623,1.3088949389805067,1.265760173860764,0.27609840903850574,1.096770923658712,1.4063848343906022,-0.18757568763581328,1.3529201422306087,0.9753750392932762,0.1798464318379656,1.1472987157619552,1.118436960984539,0.2230597126562861,1.1281093493202663,0.4269039174973569,-0.1585471324178558,0.2233985979233357,0.8323592902808788,-0.07787027259338775,0.22132946027825218,0.3955532977517866,-0.23555683379141712,0.1552139177227652,1.3196303378667258,0.24577443893776826,1.1678514212172553,0.8300891194911981,-0.21049064160972245,0.18175089309941858,1.106148296634093,-0.16725049034649175,0.6904781073923931,1.2773736178480235,-0.07911676859224083,1.093127909875074,0.8964738999770966,-0.06738404258592243,0.2798539668518976,0.709071896723564,-0.06634911929337402,0.19325718875752385,0.28574782984935676,-0.2338805386167489,0.0224271621061674,1.250654260054329,0.14523294834506426,1.0596434627937166,1.0431399740130693,0.13511811014240108,1.1820282107157423,1.0238469389100733,0.21257108755853746,1.2282810282233534,1.6981598494068677,-0.1444095950450329,-0.03189964123711679,1.2352282874631566,-0.40438258253185955,0.6108083764448861,1.2160711809499374,-0.3403734097022884,0.9480176358822955,1.3270636868003187,-0.3561691339837005,1.2548379842808706,1.457593954951558,-0.5875629585310324,0.7354829698208942,1.4386446768084897,-0.34142549780030906,1.2968479908065291,1.7251970499556586,-0.35763000790646526,0.865879639884494,1.6115374446704687,-0.5018089303117714,0.7610735415622889,1.6218974558722894,-0.07787352104652798,0.024165070658882758,1.5395087880014584,-0.3496005033815144,0.3134035645731238,1.717417530666124,-0.03035830999940437,0.010269718583895294,1.4196517893810146,-0.506082648867803,0.692773331869517,1.5451617967214015,-0.23650467287230967,0.3833407426117272,1.0911185607215426,-0.27199322458924047,0.6837268203299566,1.3697771505014784,-0.3987692677422075,1.062633933610474,1.4431067168317884,-0.4033738272079569,0.36978511936617214,1.6073759707394026,-0.286574685020952,0.17727330573741967,1.8621238714811819,-0.07923486547556934,-0.010275815107816496,1.3994377109388643,-0.5287373768572776,0.903772877541599,1.6469106895244674,-0.4336484763401233,0.8333934782356617,1.6616634004163426,-0.38667605175877245,0.761724494545665,1.4767196786324708,-0.2231958460136754,0.8710611750747984,1.1696544190905742,-0.21905523637272667,0.7909028640646019,-26.758270263671875,3.9248876571655273,-13.775511741638184,6.257917404174805,-0.6046481728553772,-9.469807624816895,-0.5958905220031738,0.2846949100494385,-0.5926319360733032,-0.26414668560028076,0.01607668772339821,-0.07071300595998764,-1042.0955810546875,245.07119750976562,-1323.158203125,-344.1475524902344,148.95977783203125,275.5577392578125
1.301125815372593,-0.23274990716418686,1.1077380640222536,1.4423789865528507,-0.21194893119252267,1.0518060508153297,0.35107548480594375,-0.1336033998291622,0.18030585654523995,1.2829880943361496,-0.11435046690880062,0.5813135976428228,1.2984527448155228,-0.19526123376378157,1.3082008217738954,1.280480718967929,0.277471419843222,1.0984475239617935,1.411215726705576,-0.188780648646173,1.3519830820181513,0.9854455902086969,0.1937196665992393,1.15042388952331,1.1306676973175518,0.2304789655354632,1.1301295767162018,0.42930062919460366,-0.15471181946973173,0.2224046004232982,0.8349891760886108,-0.0766232954153163,0.21965142191443238,0.397590940559147,-0.2323883297723653,0.15496001074349647,1.333025685209311,0.24507278926818582,1.1695795933537134,0.8319345382073066,-0.20936209121287275,0.1809559380820651,1.1069390515223243,-0.16658423184756418,0.6910712033115475,1.283429737912108,-0.07810237046503872,1.093724516645962,0.8987746583112816,-0.0663260067535553,0.2784507666893354,0.7117118588741249,-0.06453291800440558,0.19173562131970148,0.28733003386203804,-0.23198698949537547,0.022472694704296768,1.2623809412220446,0.14695483268491463,1.060755153168116,1.0518595412472218,0.14641504173493838,1.184556658694286,1.0359559657163167,0.22480628683866935,1.2306183827239154,1.6979619325786237,-0.1442190172853849,-0.03236179676721029,1.2341613059012306,-0.40402069702645804,0.610488869101796,1.2176510642301166,-0.3394053964721447,0.9490449071325213,1.3306589973288654,-0.3568321593253817,1.2540117638395323,1.4570022673401613,-0.5868183009277117,0.733170667330161,1.442376017965228,-0.34281970264501116,1.2958512659499188,1.7263022343449244,-0.35955981599376674,0.8649210980199031,1.6115794558793504,-0.5021422628732706,0.7591715525120301,1.6217445255510066,-0.07748914228764595,0.023277431387232313,1.5383329105298251,-0.349249110760673,0.31220688976791533,1.7172063241731252,-0.030254839669715695,0.00980005755446954,1.4193771495329623,-0.5047835940556812,0.6913013924036596,1.545085034030952,-0.2363680521433322,0.3826842331728399,1.0915723135139768,-0.2716146079909723,0.6846463064484248,1.371539836095658,-0.39949942572622105,1.061911094859736,1.4422560592755578,-0.4030310530338856,0.36914093757899397,1.6062470633067834,-0.28645582186267865,0.17595942402320203,1.861938807940641,-0.07918823511641941,-0.01032865764141477,1.3992612955980743,-0.5287780392643632,0.9021304336604694,1.6476936689670512,-0.43438711392366325,0.8319227090537155,1.6621119563547981,-0.3869676210528967,0.761070206662677,1.4787755302640775,-0.22497758343322372,0.8696944024783887,1.1708185937230948,-0.2185066211598599,0.7918664242652868,-27.229511260986328,-0.7164324522018433,-14.630318641662598,6.784275531768799,-0.37406468391418457,-9.596905708312988,-0.504058837890625,0.31937187910079956,-0.813576340675354,-0.2560048997402191,-0.0013677590759471059,-0.0837123915553093,-1050.4659423828125,239.17672729492188,-1349.7269287109375,-350.9488525390625,148.2698211669922,265.3766784667969
1.3049160743391273,-0.23254307448271885,1.1075407629770948,1.4460324392413457,-0.21353162760963482,1.0506736000642083,0.35335988724073797,-0.1300913362905684,0.17939494012404764,1.2839724145188236,-0.11504853250372479,0.5813362939863016,1.3031342155886005,-0.19571887188597226,1.3074572307384569,1.2950868981563473,0.278558740355321,1.099984600054507,1.4160453479811048,-0.18995173023828593,1.3510172714460766,0.9959855207939006,0.20761263355711246,1.153765595906617,1.1430918941434627,0.2377758739602477,1.132205633138189,0.4317313964595854,-0.1509428820665314,0.2213855378872513,0.8376088935807837,-0.07539427253288165,0.21799310193156587,0.3997067626541021,-0.22914231997846815,0.15465356286195736,1.3462263148351992,0.24421752342917288,1.1710167250885868,0.8337601314712042,-0.208252786011096,0.18013314453773951,1.1076897962993344,-0.16596044609878244,0.691643893521353,1.2894966065488895,-0.07711461235750602,1.0942707101240852,0.9010709541917633,-0.06529314907280039,0.2770587848314388,0.7143646972068884,-0.06274691081007609,0.1901910042032503,0.28902170960082096,-0.23006952203662218,0.022608689131178167,1.2739960334158875,0.1484775074961168,1.06173600937357,1.0609774826378209,0.1577625878105874,1.1873523012691771,1.0485315468927074,0.2369967665992019,1.2331115638972905,1.697776062993814,-0.14399544085493154,-0.03281207343205705,1.2331052801466937,-0.4036522180039362,0.6102516408392925,1.219179732910055,-0.33840959306979035,0.9500421224445695,1.3342545565390425,-0.3574791792410098,1.2531465003822024,1.456459072646716,-0.586072551888346,0.7309383643384014,1.4461001888016196,-0.3441980125888292,1.2948403938716613,1.7273663171869238,-0.36142531224828656,0.8639912098054066,1.6116244512677982,-0.5024817779364175,0.7573213237800348,1.621652715648247,-0.07712001686558033,0.022529735976201087,1.5371467127705254,-0.34884849990045796,0.31104553120815215,1.7170396040606972,-0.03014420787032868,0.009390724486739273,1.4191120424807466,-0.5035006137478433,0.6899002719399158,1.5449746993203826,-0.23623149358476236,0.3820834076957198,1.0920180670472959,-0.27125914986954625,0.6855549127455578,1.3732986671245648,-0.4002087082689171,1.0612204465645039,1.4413718987774378,-0.4026221260921845,0.36852499842643743,1.6050982060811378,-0.2863152370547617,0.1747423571762661,1.861790148627679,-0.07914901426098994,-0.010392580323217314,1.3991245311617062,-0.5288032626868874,0.9005723757459629,1.6484039781109385,-0.435260001594657,0.8305153191484365,1.6626368437381769,-0.3873228113974956,0.7603292394158068,1.4807717259356514,-0.22675600855161,0.8683107955171574,1.1719803091706027,-0.21794728327863272,0.7928166523674465,-27.948503494262695,-3.5919032096862793,-16.7309513092041,7.308326721191406,-0.08909374475479126,-10.338312149047852,-0.12498141825199127,0.25358209013938904,-1.2461665868759155,-0.22210131585597992,-0.0012767384760081768,-0.08171574771404266,-1049.9898681640625,235.57928466796875,-1373.990478515625,-357.21136474609375,147.17913818359375,256.0025634765625
1.3086777635362763,-0.2323744296287464,1.1072889337476515,1.4495801450006218,-0.21507108154774499,1.0494909389129539,0.3556144788663908,-0.12661123922131715,0.17847229523078498,1.2849128070651301,-0.11577985085398944,0.5813271499035374,1.307826855719484,-0.19612061150914786,1.3066210529662126,1.3094790496968274,0.2791114118912362,1.1012605665535327,1.420872590597102,-0.1910594089191086,1.349997656629575,1.0074038619039862,0.22154252791148124,1.1575125276252922,1.1558781384632286,0.24484382347752703,1.1343861695946447,0.43422589628704333,-0.14729816175454505,0.22031956792667215,0.8402095817966966,-0.0741988498322814,0.21637168349019742,0.40196889170155614,-0.2257512636630741,0.15424878843474074,1.3590625441626996,0.24307477590165394,1.1719091955004939,0.8355486228173932,-0.20717949681724146,0.17925825317865177,1.1083656650110585,-0.16541614506813077,0.6921783959036631,1.2955835903717192,-0.07617670914392599,1.0947225587257485,0.9033588989088867,-0.06430741050434825,0.27568779722941633,0.7170416323949169,-0.061017409707142055,0.18860325125965063,0.2909182538555947,-0.2281072931179148,0.022913976409009943,1.2854022948157706,0.14962737590370587,1.06247201877714,1.0708409528069147,0.1692048552760618,1.1906479794458047,1.0619802512475194,0.24910355697305767,1.2358963635583586,1.6976127389645734,-0.1437101097691138,-0.03324011964908498,1.2320697574031274,-0.4032713996850892,0.61016839199903,1.2206125571238284,-0.337361782345156,0.9509830902151714,1.3378505811391286,-0.3580962461450242,1.252208170709231,1.4560066289854365,-0.5853247603043815,0.7288557746947206,1.449810940895649,-0.345546576360993,1.293803046278606,1.728353481419039,-0.36317045350145816,0.8631149448503722,1.6116750313351487,-0.5028328631097907,0.7555679607865037,1.6216752882430097,-0.07677943697384257,0.02204393550432874,1.5359412013300207,-0.3483557806208434,0.30995026447915086,1.7169561370319089,-0.030020173891934735,0.009094290890181997,1.4188647753750252,-0.5022477157265935,0.6886316841801271,1.5448015369721595,-0.23609505137366965,0.3815867907756212,1.092448850538557,-0.27094703118335334,0.686443158234192,1.3750502846098893,-0.4008789239142904,1.0605900404074333,1.4404250399166385,-0.40208939897106183,0.36796191334724426,1.6039120142428291,-0.2861340017310831,0.17370647243810017,1.861709617226329,-0.07912365976252303,-0.010477238710945014,1.3990619705607559,-0.5287995931525894,0.8991722401404223,1.6489782899815515,-0.4363841287150288,0.8292265390323488,1.663304579968484,-0.3877970639936971,0.7594260579308137,1.4826562797391651,-0.22852823493496469,0.8668956842446169,1.1731374224290152,-0.21736787868947383,0.7937419303995095,-27.764156341552734,-2.100026845932007,-17.87413215637207,7.5544023513793945,0.06434620916843414,-10.8799409866333,0.3407091200351715,0.3152318000793457,-1.427098274230957,-0.21501895785331726,0.028314244002103806,-0.13154944777488708,-1035.2484130859375,237.79666137695312,-1399.5880126953125,-363.88616943359375,145.550537109375,251.43324279785156
1.3124394527334249,-0.23220578477477397,1.1070371045182084,1.4531278507598975,-0.2166105354858549,1.0483082777616994,0.35786907049204325,-0.1231311421520665,0.17754965033752246,1.2858531996114364,-0.11651116920425397,0.5813180058207733,1.312519495850367,-0.1965223511323234,1.3057848751939685,1.3238712012373048,0.27966408342715127,1.102536533052558,1.4256998332130986,-0.1921670875999311,1.3489780418130737,1.01882220301407,0.23547242226584764,1.161259459343967,1.1686643827829921,0.25191177299480516,1.1365667060511,0.43672039611450075,-0.14365344144255934,0.21925359796609317,0.842810270012609,-0.07300342713168133,0.21475026504882924,0.40423102074900985,-0.22236020734768064,0.15384401400752418,1.3718987734901975,0.2419320283741352,1.1728016659124008,0.8373371141635818,-0.20610620762338708,0.17838336181956416,1.1090415337227828,-0.16487184403747915,0.6927128982859732,1.3016705741945478,-0.07523880593034611,1.095174407327412,0.9056468436260096,-0.06332167193589627,0.27431680962739413,0.719718567582945,-0.05928790860420832,0.18701549831605127,0.2928147981103681,-0.22614506419920777,0.023219263686841667,1.2968085562156517,0.15077724431129474,1.0632080281807097,1.0807044229760068,0.18064712274153424,1.1939436576224318,1.075428955602329,0.26121034734691134,1.2386811632194266,1.697449414935333,-0.14342477868329612,-0.03366816586611284,1.2310342346595613,-0.4028905813662422,0.6100851431587674,1.2220453813376015,-0.33631397162052185,0.9519240579857731,1.3414466057392143,-0.3587133130490385,1.2512698410362597,1.4555541853241574,-0.5845769687204172,0.7267731850510403,1.4535216929896775,-0.3468951401331566,1.2927656986855514,1.7293406456511542,-0.3649155947546295,0.8622386798953379,1.611725611402499,-0.5031839482831639,0.7538145977929729,1.6216978608377721,-0.07643885708210486,0.021558135032456474,1.5347356898895164,-0.3478630613412289,0.30885499775014974,1.7168726700031205,-0.02989613991354081,0.008797857293624771,1.4186175082693038,-0.5009948177053439,0.6873630964203387,1.5446283746239367,-0.23595860916257694,0.38109017385552263,1.092879634029818,-0.2706349124971605,0.6873314037228262,1.3768019020952136,-0.40154913955966365,1.059959634250363,1.4394781810558395,-0.40155667184993926,0.3673988282680512,1.6027258224045204,-0.2859527664074045,0.1726705876999344,1.861629085824979,-0.07909830526405613,-0.0105618970986727,1.3989994099598058,-0.5287959236182914,0.8977721045348819,1.6495526018521642,-0.43750825583540043,0.8279377589162613,1.6639723161987912,-0.3882713165898986,0.7585228764458208,1.4845408335426784,-0.23030046131831908,0.8654805729720767,1.1742945356874275,-0.21678847410031507,0.7946672084315722,-26.334774017333984,2.0457561016082764,-17.837312698364258,7.722341060638428,0.020409736782312393,-10.593647003173828,0.5848947167396545,0.5234135389328003,-1.3232383728027344,-0.2605949938297272,0.038459789007902145,-0.19216205179691315,-1006.8162231445312,245.32542419433594,-1430.2296142578125,-371.6330261230469,143.47181701660156,253.77113342285156
1.3161708140215334,-0.2320579571637097,1.1068255581603146,1.456673704433125,-0.21808179588803378,1.047135653282633,0.36012890855997576,-0.11964816141207527,0.17662423923118237,1.2867726608617416,-0.11723889743551505,0.5812797254284486,1.3172225812018308,-0.19688179067625902,1.304912322996468,1.3380212606183723,0.28002121348846826,1.1036034044840477,1.4305258501839158,-0.19326313626983296,1.34794222124365,1.0307748096668152,0.2492858445802256,1.1651785942102895,1.1816100154491433,0.2588397946874819,1.1387781287660659,0.4392022649874747,-0.13998747491185282,0.21819246589940128,0.8453984634568357,-0.0718554368995082,0.2131547928349863,0.40650832736926334,-0.21896179035207333,0.1533917151884923,1.3845627996700474,0.24073440428601212,1.1735522747039795,0.839138576921248,-0.20505182911327355,0.17749509901203078,1.109647744933501,-0.1643704371835223,0.6932179511382879,1.307756931576507,-0.07436113892160118,1.0955887648048779,0.907916144918132,-0.062383264975486706,0.27297802925701975,0.7224081677711559,-0.05754397595486322,0.18542682103171274,0.2947868489173072,-0.22395399030273355,0.023576008698699438,1.3080705455596862,0.1517594359469729,1.0638312918460922,1.0909617474142277,0.19202804496351325,1.197421167070502,1.0894649618903516,0.273122176725342,1.2415040940638407,1.6973262375948446,-0.14312756224381218,-0.03407484713004318,1.2301209359769,-0.40259506114271304,0.610181505810346,1.223501628992573,-0.33527471998472097,0.9528335675301141,1.3450045263925132,-0.3592718247546265,1.25033784386338,1.4551439038570353,-0.5838368238005418,0.7247380891580457,1.4572051949058933,-0.3481988146506397,1.2917102660169666,1.7303228255928746,-0.3666070697718107,0.8613970189891904,1.611771724674086,-0.5034842917461269,0.7521394990532605,1.6217171514271111,-0.07610441818339939,0.021170210413980192,1.533504276480896,-0.34732677378007126,0.30784636030331364,1.7168475028300128,-0.029764244995937262,0.008567894095036874,1.4183984990940979,-0.499750288117011,0.6861393877015209,1.5443138545317365,-0.23577567414436124,0.3806417418138081,1.09327417927862,-0.2703876304409362,0.6881881228938007,1.378555834688098,-0.4021683921975805,1.0593487294699184,1.4384936267966468,-0.40095759646979395,0.3668704187337137,1.6014966512752686,-0.2858231613868909,0.17167115909670375,1.861583853004784,-0.07910474604427419,-0.0106768643511274,1.3989952581607743,-0.5287860918123991,0.8964275178925093,1.6500238097266646,-0.4386361450055576,0.8267195827716235,1.6647182077366784,-0.38877875693389113,0.7576477622354268,1.4863591888882464,-0.2320505188444985,0.8640273441344699,1.175475794155866,-0.21616274693253032,0.7955703567590144,-24.830371856689453,4.379281044006348,-17.75710678100586,7.9263763427734375,-0.17325459420681,-9.625662803649902,0.38167905807495117,0.5716744661331177,-1.2347688674926758,-0.2869761288166046,0.007294151000678539,-0.1738615781068802,-985.0399169921875,250.19761657714844,-1455.990478515625,-377.85040283203125,141.94757080078125,258.98602294921875
1.3198441567010437,-0.23194995384342623,1.1066910746871241,1.4602160149852172,-0.2194225990910404,1.045982229393839,0.3623987833000966,-0.11615966408457976,0.17569353623895456,1.2876520796327402,-0.1179597576130305,0.5811857060091385,1.3219456487144066,-0.19716030832947484,1.303970184941955,1.3517081871727445,0.28000426420707575,1.1042702679602516,1.4353495224422177,-0.19433693622319115,1.346875398364288,1.0437494895316117,0.2628764508181061,1.1694271611851572,1.194860564951865,0.2655001283678788,1.1410486382364438,0.4416599702953503,-0.1362808634409841,0.21714058893405838,0.8479627538595768,-0.07079818704171685,0.21160895688249576,0.40881466934617783,-0.21554929205518683,0.1528485001416396,1.3968973937413551,0.23943179895151528,1.1740314960479736,0.8409648545530458,-0.20403362756335972,0.1765812560422531,1.1101206983162077,-0.16395108875454656,0.6936666657593077,1.313842090549848,-0.07359870639167085,1.0959314001317055,0.9101497805276454,-0.06153540543915814,0.2717008627211021,0.7251219966553695,-0.05577243512977432,0.18383637544335119,0.29690334704143323,-0.22132512601400842,0.02403119459304194,1.3190565361881887,0.15242085462769137,1.0642388680123336,1.1019725321933924,0.2032916110675067,1.2012465276465512,1.1046245023114794,0.28466103724296526,1.2443999715198744,1.6972798626154464,-0.14280760860601008,-0.034440656309787016,1.2294414572368395,-0.4024627198841398,0.6106214730550121,1.2250026867089683,-0.3342518422579923,0.9536828961198693,1.348489552538916,-0.3597183178197469,1.249417961038501,1.4548142805004751,-0.583111307281532,0.7227938508750587,1.4608365660471632,-0.3494166140722123,1.2906202358125851,1.7312954703703622,-0.3681958789462285,0.8606215571330873,1.611809292771169,-0.5036875641109139,0.7506141232338962,1.6217301633973784,-0.07578172727136423,0.020969526558522356,1.5322233114810968,-0.3467071382020483,0.30700344843974964,1.7169338658155984,-0.029617311759845704,0.00846509165778164,1.418233548568574,-0.4985217677046921,0.6850015345393428,1.54372891092932,-0.23550379636469265,0.38028548953943697,1.0935993991940227,-0.27026438367682576,0.6889845308483831,1.3803141961824026,-0.4026901503864503,1.0587751316708445,1.437436959601396,-0.40023159398543123,0.3664083450243173,1.6001852588937773,-0.2857923273811277,0.17074147266465306,1.8616061479050592,-0.07917201257502006,-0.01084981377958166,1.3991028449393266,-0.5287644713130218,0.8951891988318488,1.6502977751738188,-0.43977123114052197,0.8256364750941068,1.6656136137760238,-0.3893496868823538,0.7568263419416567,1.4880509037055716,-0.2337581663830391,0.8625011947376049,1.1767032434608762,-0.21544840265780885,0.7964311699993563,-24.2075252532959,3.3104023933410645,-18.251028060913086,8.143499374389648,-0.33734816312789917,-8.677319526672363,-0.19115222990512848,0.2689761519432068,-1.1259931325912476,-0.23232495784759521,-0.030682973563671112,-0.09598028659820557,-977.719482421875,249.23548889160156,-1484.4097900390625,-384.7972412109375,140.79942321777344,262.0221862792969
1.3235174993805536,-0.2318419505231428,1.1065565912139337,1.4637583255373088,-0.22076340229404678,1.0448288055050452,0.3646686580402171,-0.11267116675708483,0.1747628332467269,1.2885314984037386,-0.11868061779054581,0.5810916865898283,1.3266687162269817,-0.19743882598269064,1.303028046887442,1.3653951137271143,0.27998731492568324,1.1049371314364553,1.4401731947005187,-0.19541073617654917,1.3458085754849265,1.0567241693964062,0.2764670570559843,1.1736757281600243,1.2081111144545846,0.2721604620482745,1.1433191477068212,0.4441176756032254,-0.13257425197011605,0.21608871196871565,0.8505270442623175,-0.0697409371839257,0.21006312093000545,0.41112101132309187,-0.2121367937583009,0.15230528509478697,1.4092319878126607,0.2381291936170187,1.1745107173919678,0.8427911321848433,-0.20301542601344605,0.17566741307247558,1.1105936516989146,-0.1635317403255709,0.6941153803803273,1.3199272495231877,-0.07283627386174063,1.0962740354585332,0.9123834161371583,-0.06068754590282973,0.2704236961851847,0.7278358255395825,-0.05400089430468572,0.1822459298549899,0.2990198451655589,-0.21869626172528372,0.024486380487384364,1.3300425268166898,0.15308227330840973,1.064646444178575,1.1129833169725551,0.21455517717149822,1.2050718882225995,1.1197840427326045,0.29619989776058653,1.2472958489759078,1.6972334876360482,-0.14248765496820806,-0.034806465489530786,1.228761978496779,-0.4023303786255666,0.6110614402996783,1.226503744425363,-0.3332289645312638,0.9545322247096244,1.3519745786853183,-0.36016481088486724,1.2484980782136224,1.454484657143915,-0.5823857907625224,0.7208496125920719,1.4644679371884326,-0.35063441349378477,1.2895302056082039,1.7322681151478496,-0.36978468812064613,0.8598460952769842,1.611846860868252,-0.5038908364757008,0.7490887474145321,1.621743175367646,-0.07545903635932912,0.020768842703064554,1.5309423464812981,-0.34608750262402543,0.30616053657618586,1.7170202288011842,-0.029470378523754174,0.008362289220526424,1.4180685980430503,-0.4972932472923734,0.6838636813771646,1.5431439673269032,-0.23523191858502415,0.37992923726506583,1.0939246191094254,-0.27014113691271535,0.6897809388029654,1.3820725576767068,-0.4032119085753201,1.0582015338717707,1.4363802924061453,-0.3995055915010686,0.36594627131492097,1.598873866512286,-0.2857614933753645,0.16981178623260257,1.8616284428053345,-0.07923927910576593,-0.01102276320803589,1.3992104317178788,-0.5287428508136446,0.8939508797711885,1.650571740620973,-0.4409063172754862,0.8245533674165904,1.6665090198153691,-0.3899206168308163,0.7560049216478866,1.4897426185228966,-0.2354658139215794,0.8609750453407402,1.1779306927658864,-0.21473405838308748,0.7972919832396981,-24.977195739746094,-1.427337884902954,-19.37664222717285,8.489912033081055,-0.22703567147254944,-8.756622314453125,-0.6305594444274902,-0.09466351568698883,-0.9691874980926514,-0.15441294014453888,-0.046242259442806244,-0.05936971306800842,-987.7022094726562,244.3750762939453,-1507.9368896484375,-390.9507141113281,140.1725311279297,259.0718078613281
1.3271878223545501,-0.2317404898981385,1.1064437556740465,1.4672181243138593,-0.2220565713201926,1.0436437619442973,0.36692263235319506,-0.10920329569586099,0.17382392001073102,1.2893819145808945,-0.11939153055481556,0.58097186546452,1.3313639085024394,-0.19767785763108967,1.3020721255548744,1.3788545289576435,0.27983171754325464,1.1054453597163523,1.4449751653418632,-0.19646647158048,1.344716843390307,1.0701925241394534,0.2898829531985391,1.1781042830044066,1.2214952825710461,0.2786347046987894,1.1456042725518838,0.4465232406625682,-0.1289164515224517,0.21502827749347064,0.8530716260537404,-0.06870981113405426,0.20857852460532803,0.4133860974122355,-0.20875098965815392,0.15170348440574502,1.4213936131521554,0.2367597739428086,1.1747645747582645,0.8446145444516313,-0.20202674040731225,0.17473987238296618,1.1110236850005901,-0.163204467750543,0.6945714362409731,1.3260184747493813,-0.07214170418038279,1.0965844337513904,0.9145986852266929,-0.059878201871518336,0.2691756765179288,0.7305426822592878,-0.05224735595729983,0.18065446259959658,0.3012358694281797,-0.21576039068746283,0.02459739817195386,1.3408424364809948,0.15361044412811858,1.064952826657832,1.124534038518437,0.2258151380826295,1.2091610234304764,1.1354325070286413,0.30760923304305066,1.2503145680522283,1.6972239128011741,-0.1421871062935583,-0.03512550739953847,1.2282179033519416,-0.40226593712307757,0.6116436289635714,1.2279681496272812,-0.33222536594662455,0.9553614689024867,1.3554386145231736,-0.3606018589821872,1.247582033769974,1.454182560080724,-0.5816686287621,0.7189854703202154,1.4680766001442407,-0.3518462741611808,1.2884060728628906,1.7332227624804768,-0.37135469124017156,0.8590912479438529,1.611933321352826,-0.5041207090908328,0.7476194508817813,1.6217640922559018,-0.07515514814695777,0.020588543747138515,1.5297039257769554,-0.3454817308495377,0.30535220034075106,1.7171125506723164,-0.02936205872340708,0.008261054199164286,1.417959451675415,-0.49608431134792363,0.6827615010027854,1.5424825916227127,-0.23495053544344494,0.3796098455293289,1.0942498658666546,-0.26999431966945825,0.6905618657339487,1.3838486213557766,-0.4037137199316593,1.0576252518900184,1.4353026885860014,-0.39874834177509844,0.3655055033055363,1.5975970329827822,-0.2858085744823051,0.16904196972089103,1.8616712582821877,-0.07929270364196095,-0.011143647566042986,1.399377030252621,-0.5287192842818254,0.8927613524411688,1.6508455987008201,-0.44201951054547783,0.8235061405510303,1.6674342068615338,-0.3904741096575528,0.7552043842953563,1.4913772541955606,-0.23713128623978177,0.859445654793291,1.1791667448763814,-0.21399247636463475,0.7981562053920417,-26.140506744384766,-5.492293357849121,-20.329715728759766,8.839893341064453,0.13663721084594727,-9.950765609741211,-0.43270471692085266,-0.10608907043933868,-0.9384690523147583,-0.14497849345207214,-0.023108625784516335,-0.10610197484493256,-1003.4627685546875,240.52806091308594,-1530.52734375,-396.98345947265625,139.5243377685547,252.41192626953125
1.3308522391398216,-0.23165182601537138,1.1063732609448844,1.4705165397647195,-0.2232565735004199,1.0423968740251681,0.3691455073013208,-0.10577576718484379,0.17286894850383544,1.2901756050965643,-0.1200829873490609,0.5808015792377738,1.3360045800935347,-0.1978396592994794,1.3010892457519936,1.3918689588047792,0.2794049407867407,1.1056433162152373,1.4497346901735715,-0.19748687485097244,1.3435763918011396,1.0846264488649664,0.3029571369487699,1.1828848729465176,1.23514079297615,0.2847449751879197,1.1479179833503745,0.4488268255299287,-0.12535411969370056,0.21395110553562263,0.8555776601200858,-0.06772978017908467,0.20721370578799048,0.41557049183853384,-0.2054173962663346,0.15098709709300911,1.4332169320014911,0.23525967328062933,1.174577646697594,0.8464323524015626,-0.20109578451474786,0.17378554056515771,1.1113697716731898,-0.16305728471338357,0.695041850702652,1.33212156485248,-0.071579866246968,1.096831780198394,0.9167780315639165,-0.05914418963678438,0.2679846646967315,0.7332359022454706,-0.050529028338361905,0.1790609970836847,0.3036465551087395,-0.21222405056685062,0.024035263328584893,1.3512783936712112,0.15387799780791164,1.0650612861904876,1.1371408128580491,0.23706804766066653,1.2137660707859008,1.15203724890355,0.31876523220381037,1.2535735508858759,1.69728631471956,-0.14192451144389762,-0.03535307803197409,1.2279386617095265,-0.4023342995552827,0.612503985991541,1.2293608668229437,-0.33125947509577747,0.956151430377897,1.3588615957869594,-0.36102043383366217,1.246673496748438,1.453934301208976,-0.5809678072171497,0.7172779864230695,1.471640848560838,-0.3530465193240846,1.287215239559578,1.7341422089283038,-0.37288791192880505,0.8583767201924167,1.6121154095952874,-0.5044026086661989,0.7462598388360827,1.621800470233753,-0.07488803580304648,0.020448115256473148,1.528548716709314,-0.3449030750437289,0.3046114899662158,1.7172165274225324,-0.02932926226061899,0.008162884858887139,1.417959451675415,-0.49491368031857047,0.6817290924045425,1.5416717237194644,-0.23465056093224632,0.3793625486706267,1.0945751651233395,-0.26980140134198777,0.6913125136040693,1.385659308425638,-0.4041765176302549,1.0570437199627327,1.4341841351906985,-0.39792997612069,0.3651064067388213,1.5963877925020182,-0.28600804838321064,0.1685848399651367,1.8617542095926423,-0.07931905486528447,-0.01116269877155786,1.39965904883991,-0.5286919115394946,0.891667255996079,1.651119246782846,-0.4430898839472144,0.8225290923323854,1.6684176420533892,-0.3909934975256193,0.7544446915190742,1.492900249776461,-0.2387142687887938,0.8579099249366106,1.1804196230623105,-0.2131976205238839,0.7990270949752124,-26.78618812561035,-6.339496612548828,-21.2370662689209,9.123702049255371,0.5393702983856201,-11.39571475982666,0.0977926105260849,0.2639369070529938,-1.026423692703247,-0.20288178324699402,0.01333755161613226,-0.151583731174469,-1013.4031982421875,241.7445526123047,-1554.295166015625,-402.8684997558594,138.40406799316406,245.89437866210938
1.3345166559250938,-0.23156316213260422,1.1063027662157223,1.4738149552155804,-0.22445657568064745,1.041149986106039,0.37136838224944685,-0.102348238673826,0.17191397699693972,1.290969295612234,-0.12077444414330632,0.5806312930110274,1.3406452516846308,-0.19800146096786916,1.3001063659491128,1.404883388651917,0.2789781640302267,1.1058412727141222,1.4544942150052809,-0.19850727812146507,1.3424359402119719,1.0990603735904816,0.316031320699003,1.1876654628886292,1.2487863033812563,0.290855245677051,1.1502316941488657,0.45113041039728957,-0.12179178786494882,0.2128739335777744,0.8580836941864316,-0.06674974922411492,0.20584888697065268,0.41775488626483254,-0.2020838028745147,0.15027070978027307,1.4450402508508289,0.2337595726184498,1.1743907186369233,0.8482501603514943,-0.2001648286221833,0.17283120874734906,1.1117158583457896,-0.16291010167622408,0.6955122651643311,1.3382246549555796,-0.07101802831355311,1.0970791266453976,0.9189573779011404,-0.05841017740205031,0.26679365287553397,0.735929122231654,-0.048810700719423686,0.17746753156777254,0.3060572407892997,-0.20868771044623782,0.02347312848521583,1.3617143508614291,0.15414555148770476,1.0651697457231433,1.1497475871976635,0.24832095723870548,1.2183711181413257,1.1686419907784615,0.329921231364572,1.2568325337195239,1.6973487166379462,-0.1416619165942369,-0.03558064866440975,1.2276594200671114,-0.40240266198748786,0.6133643430195107,1.2307535840186061,-0.3302935842449302,0.9569413918533073,1.362284577050746,-0.36143900868513723,1.245764959726902,1.4536860423372282,-0.5802669856721991,0.7155705025259234,1.475205096977436,-0.3542467644869886,1.2860244062562651,1.735061655376131,-0.3744211326174388,0.8576621924409803,1.6122974978377487,-0.504684508241565,0.744900226790384,1.6218368482116043,-0.07462092345913515,0.020307686765807752,1.5273935076416723,-0.34432441923792,0.3038707795916804,1.7173205041727482,-0.029296465797830892,0.008064715518609974,1.417959451675415,-0.4937430492892171,0.6806966838062994,1.5408608558162158,-0.2343505864210476,0.37911525181192435,1.0949004643800242,-0.2696084830145173,0.69206316147419,1.3874699954954994,-0.4046393153288506,1.056462188035447,1.4330655817953957,-0.39711161046628135,0.3647073101721063,1.595178552021254,-0.28620752228411617,0.1681277102093823,1.861837160903097,-0.07934540608860799,-0.011181749977072738,1.3999410674271995,-0.5286645387971638,0.8905731595509889,1.6513928948648717,-0.4441602573489511,0.8215520441137403,1.669401077245245,-0.39151288539368584,0.753684998742792,1.4944232453573618,-0.24029725133780608,0.8563741950799298,1.1816725012482396,-0.21240276468313296,0.7998979845583833,-26.455047607421875,-3.4769322872161865,-21.953655242919922,9.186055183410645,0.5521188378334045,-11.509786605834961,0.33573371171951294,0.6041818857192993,-0.9888013005256653,-0.2253945767879486,0.04174470901489258,-0.14582712948322296,-1008.7886962890625,247.578125,-1571.2412109375,-406.6466369628906,137.18898010253906,245.3746795654297
1.337766752535144,-0.2314969286914693,1.1062444768204593,1.4766871625224485,-0.2255494340711476,1.0399943009907047,0.37332168857980236,-0.09931268337003854,0.17104901321577715,1.291672457725007,-0.1213892828796478,0.5804700583022162,1.3447606972116506,-0.1981326716131722,1.2992324217265805,1.4163299554231146,0.27847162283808985,1.105880044153984,1.45874135383707,-0.19940951577578944,1.3414060771465302,1.1121492387837915,0.32749869472143606,1.191995129877368,1.2609701225694434,0.2961625559440509,1.1522658591633599,0.4531583504270243,-0.11866444874776927,0.2119071765845975,0.8603067112876879,-0.06589682135015533,0.20466945732370123,0.4196938880231995,-0.1991134206486855,0.14961994266667908,1.455474660886044,0.2323669000522586,1.1740434153979977,0.849857541997701,-0.19933552378850272,0.17199120275824278,1.1119862798823426,-0.16282759666048138,0.6958886007007384,1.343675850637701,-0.07055285450885235,1.097259799968328,0.9208807957093447,-0.057777067856086044,0.2657626492791618,0.7383463535679885,-0.04733426442110782,0.17604269437639927,0.3081602740366726,-0.2055407409735075,0.022922917355518112,1.3708919817643446,0.15428863191940137,1.0651719143848546,1.161194272980784,0.25827094246417426,1.2225569922797725,1.1836754975729422,0.3397068710417932,1.2597373767404365,1.6973946420167456,-0.1414484472217544,-0.03575851900860765,1.2274361404756837,-0.40248749765339276,0.6141535044703262,1.2319940452938838,-0.3294549601164875,0.957626345141834,1.3653161545462955,-0.3618036711354129,1.2449570274510922,1.4534911669247987,-0.5796479120949246,0.7140927314758302,1.4783814987599453,-0.3552865286832613,1.2849701192994782,1.7358714257249768,-0.3757504561286888,0.8570377368800688,1.6124578994630978,-0.5048970370892657,0.7436987220846265,1.6218654771909018,-0.07439531073813013,0.02019307890364173,1.5263835460144952,-0.34383189500562406,0.30328506241176306,1.7174093002909856,-0.02926490924919382,0.007987786294115303,1.417972781010811,-0.49270765547523443,0.6797988049636614,1.5400694397506336,-0.23406637437789649,0.3789332594401789,1.0951851012296234,-0.26943345614616443,0.6927291125256494,1.3890909511127219,-0.40505500744707534,1.0559502780832202,1.432049775360436,-0.39637409027246456,0.36436550131696743,1.5941414556755926,-0.28635063081585016,0.16776730739419035,1.8619087002924737,-0.07937436648305284,-0.011176401672157037,1.4002121501411033,-0.5286286765376463,0.8896350546783169,1.6516547872135972,-0.44508649739405964,0.820701611357809,1.6702033101722893,-0.39196090908437375,0.7530271405021087,1.4957677230534963,-0.24169192396548403,0.8550065034470022,1.1827626240174502,-0.21167217032206773,0.800687238574028,-25.674022674560547,0.09066855907440186,-22.408130645751953,9.177029609680176,0.2478383481502533,-10.366415977478027,0.055583734065294266,0.44166696071624756,-0.8799744248390198,-0.18262949585914612,0.031198101118206978,-0.11739490181207657,-994.8290405273438,254.9724578857422,-1585.5250244140625,-409.938232421875,135.75584411621094,250.84976196289062
1.3401882087947514,-0.2314755561335987,1.106210598092995,1.4787069535413322,-0.22642800488219345,1.0390210214829605,0.3747358576746175,-0.09706107448071072,0.17036406488608058,1.292194563031986,-0.12185088550018153,0.5803269266292749,1.3478256906105188,-0.1982027002123018,1.2985763486647448,1.424640796042435,0.2778055527747073,1.1056004454757995,1.4619637206690197,-0.20007542219777763,1.34059739112854,1.1225479849126943,0.33575244928827247,1.195422950959363,1.270230559323796,0.29986394576678954,1.153740932609861,0.4546350007815075,-0.11640709505373306,0.21116124952076296,0.8619636944587655,-0.06529809963821583,0.2038608060175221,0.4211421044457036,-0.1968694607548369,0.1491004159513689,1.4631312532930176,0.23118908367804358,1.1733753618025622,0.8510440710364586,-0.19870952107258988,0.17137984842654103,1.112105371146802,-0.1628744476875722,0.6960767783866023,1.3478232574778672,-0.0702810089615797,1.0973071270431114,0.92229235645951,-0.05734576368766121,0.26505166213244014,0.7402116076046266,-0.046341610764036235,0.17495511383410334,0.3096480024176716,-0.20317251279654122,0.022396553653162902,1.3775529600926575,0.154182765854905,1.064961501304677,1.1703207816509211,0.265615078984506,1.2259045199842638,1.1955665342065658,0.3467517917519365,1.2619339401358798,1.6974076143163719,-0.14133322880362834,-0.03583698877633012,1.2273247849862308,-0.40260527978669725,0.6148002747668335,1.2329299947283914,-0.3288708694328536,0.9581012820565937,1.3675649245053725,-0.3620605087832899,1.244350304666734,1.4534030584310065,-0.5791923344530018,0.7130743861198426,1.4807822072742787,-0.3560053309462717,1.2841889250357421,1.7364618438758597,-0.3766719852851715,0.8565934257002067,1.612574927854222,-0.5049708244816357,0.7428134320587513,1.6218786081730925,-0.07425269726293768,0.020130112298474414,1.5256640792682472,-0.34351163392035383,0.3030093316210817,1.7174677351452656,-0.02923583252885879,0.007953337301185593,1.4180127690169986,-0.4919427360919928,0.6791699856322333,1.5393169273603833,-0.23381368727084031,0.3788818760423471,1.0953884132650513,-0.26929421219604693,0.6932256699397863,1.390332443824667,-0.40537648840455814,1.055577612081111,1.4312394628461624,-0.39579826099983123,0.36413826788498077,1.5934486476001362,-0.2863810086092412,0.1676003584601232,1.861957415839694,-0.07940854521974032,-0.011122254346380178,1.4004613611082368,-0.5285758352437556,0.889008932950481,1.6518931680957212,-0.44572447072591204,0.820104409527305,1.6706431385697118,-0.3922662044203044,0.7525729513326228,1.4967551649800988,-0.24270997675049372,0.8539748882615804,1.1835272359532236,-0.2110700989203738,0.8013132214546203,-24.94317626953125,1.15450119972229,-22.05442237854004,9.190942764282227,-0.1092519611120224,-8.796269416809082,-0.3043433725833893,0.033164747059345245,-0.8363767862319946,-0.13567757606506348,0.001574201276525855,-0.11523944139480591,-987.0673828125,257.6313171386719,-1593.8487548828125,-412.25006103515625,134.7786865234375,257.2225341796875
1.342609665054359,-0.23145418357572808,1.1061767193655305,1.4807267445602164,-0.22730657569323945,1.0380477419752159,0.3761500267694328,-0.09480946559138251,0.16967911655638393,1.292716668338965,-0.12231248812071535,0.5801837949563335,1.3508906840093877,-0.1982727288114314,1.2979202756029091,1.432951636661757,0.2771394827113246,1.1053208467976148,1.4651860875009701,-0.20074132861976593,1.33978870511055,1.1329467310415988,0.3440062038551103,1.1988507720413586,1.2794909960781502,0.30356533558952886,1.1552160060563623,0.45611165113599095,-0.1141497413596965,0.2104153224569283,0.8636206776298434,-0.06469937792627622,0.2030521547113428,0.4225903208682079,-0.19462550086098793,0.1485808892360586,1.4707878456999923,0.23001126730382837,1.1727073082071267,0.8522306000752164,-0.19808351835667692,0.17076849409483916,1.1122244624112616,-0.16292129871466302,0.6962649560724663,1.3519706643180343,-0.07000916341430699,1.097354454117895,0.9237039172096758,-0.05691445951923629,0.2643406749857183,0.7420768616412649,-0.04534895710696448,0.17386753329180724,0.3111357307986708,-0.20080428461957453,0.0218701899508076,1.3842139384209715,0.1540768997904086,1.0647510882244995,1.1794472903210595,0.2729592155048389,1.2292520476887558,1.2074575708401913,0.353796712462081,1.2641305035313233,1.6974205866159982,-0.14121801038550225,-0.03591545854405259,1.2272134294967778,-0.4027230619200018,0.6154470450633409,1.2338659441628992,-0.32828677874921963,0.9585762189713535,1.36981369446445,-0.3623173464311669,1.2437435818823757,1.4533149499372142,-0.5787367568110788,0.712056040763855,1.4831829157886127,-0.3567241332092822,1.2834077307720058,1.7370522620267426,-0.3775935144416544,0.8561491145203445,1.6126919562453466,-0.5050446118740056,0.7419281420328759,1.621891739155283,-0.0741100837877452,0.02006714569330709,1.524944612521999,-0.3431913728350835,0.30273360083040024,1.7175261699995459,-0.029206755808523752,0.007918888308255878,1.418052757023186,-0.49117781670875105,0.6785411663008052,1.5385644149701327,-0.2335610001637841,0.37883049264451524,1.0955917253004794,-0.26915496824592944,0.6937222273539234,1.391573936536612,-0.405697969362041,1.0552049460790016,1.4304291503318887,-0.3952224317271978,0.36391103445299416,1.5927558395246797,-0.28641138640263225,0.167433409526056,1.8620061313869147,-0.07944272395642783,-0.011068107020603308,1.40071057207537,-0.5285229939498649,0.8883828112226448,1.6521315489778456,-0.4463624440577646,0.819507207696801,1.6710829669671343,-0.3925714997562352,0.752118762163137,1.4977426069067015,-0.24372802953550357,0.8529432730761585,1.184291847888997,-0.21046802751867977,0.8019392043352127,-24.966827392578125,-1.4298245906829834,-21.299230575561523,9.168639183044434,-0.13435938954353333,-8.548687934875488,-0.44713282585144043,-0.13821621239185333,-0.8846690654754639,-0.11066045612096786,-0.007240494713187218,-0.12865003943443298,-991.8552856445312,255.84542846679688,-1599.12548828125,-413.85443115234375,133.96885681152344,260.7608337402344
1.3454332004319751,-0.2314658910036087,1.1061458106072533,1.4830391035964157,-0.22835610535563217,1.0369075189363088,0.3778129503229595,-0.09218562544872447,0.16881744040558677,1.2932998273546332,-0.12286016204400564,0.5800060722606861,1.3544807627501074,-0.19835023769479712,1.2971619861015422,1.442335482859453,0.276266934658518,1.104889193512746,1.4689246688457511,-0.20149595798640846,1.338831494580831,1.1454519017642688,0.3534728293584666,1.203070558854286,1.2903333973410895,0.3076491219713196,1.1569023381005847,0.4577834206503747,-0.11152768310233474,0.20955750701443254,0.8655130959899219,-0.06403359825050599,0.20212664065376817,0.4242309795704897,-0.19205515535659365,0.14790620605479807,1.4795641425429584,0.2286315125641445,1.1717917702055924,0.8536051685446934,-0.19737572425248612,0.1700587774448048,1.1124006213731323,-0.16301631078814827,0.6964567680627305,1.356808901622595,-0.06976214251080097,1.0973437495578993,0.9253627148685075,-0.056451698752823284,0.2635282432006685,0.7442465635719677,-0.04420015495887268,0.1726357740973006,0.3129087423054587,-0.19792989651296333,0.021129054856172128,1.391746120737088,0.15388721513827117,1.0644549498494889,1.1905121728284462,0.28133620114515895,1.2332799458345827,1.221682833914724,0.36167210429314695,1.2666557174644721,1.6974112450681775,-0.1411204489552422,-0.0359702959706057,1.227083394464278,-0.4028817202081743,0.6161872456405336,1.2349703481655245,-0.3276215707821562,0.9591353440916301,1.3724312746761649,-0.36259903477517186,1.2430502871014424,1.4532188694208663,-0.5781962810367939,0.71089705824852,1.4859630248404494,-0.35753975907303637,1.282484967977006,1.73772883533642,-0.37864443916358687,0.8556648194789886,1.6128415631142674,-0.5051423478994937,0.7409561888271611,1.621910666787861,-0.07395464929425165,0.020011113697527262,1.5241116095852378,-0.3428100157060371,0.30242232159273513,1.7175943354107686,-0.029188152340962396,0.007878958651586283,1.418142596222707,-0.49031385601751065,0.6778357139486351,1.5376141000267687,-0.23326907168753103,0.3787916046104684,1.0958443674820149,-0.2690027990680657,0.6943008692454028,1.3930322500254144,-0.40609216571643647,1.054782350726475,1.429441864127355,-0.39454372167982016,0.3636691107457837,1.592052831949777,-0.28637351677907225,0.167260618349969,1.8620599271445875,-0.07951039870251093,-0.011017356373197,1.401029473108961,-0.5284832439675237,0.887700983033275,1.6524296027935104,-0.44701251545489223,0.8188294584782708,1.6715652216349217,-0.39294263592224243,0.7516009922059167,1.4988504107424754,-0.24492137889001536,0.8517190918622428,1.1851779029069356,-0.20975346853401491,0.802667820493117,-25.798168182373047,-5.491611957550049,-21.07172966003418,9.151687622070312,0.15796230733394623,-9.926365852355957,-0.3643130660057068,0.170243039727211,-1.027827262878418,-0.10143357515335083,0.02270977571606636,-0.10763291269540787,-1011.3246459960938,250.9407196044922,-1600.7835693359375,-414.25982666015625,133.42152404785156,258.6210021972656
1.3490791703691543,-0.23154526203870773,1.1061209767859503,1.4859498972134872,-0.2297553235775981,1.035425820492751,0.37998468981475997,-0.08880040319698175,0.16759427552981104,1.2940078689562564,-0.12358389090475255,0.5797575952004124,1.3591448796900687,-0.19844304715955494,1.2961946175193155,1.453914113194736,0.2749720452637074,1.1041465194414783,1.4737191435122328,-0.2024320661034804,1.337570483913485,1.1622656682469181,0.36542032723197754,1.208910275571393,1.3044116350988664,0.31251508313298965,1.1590207900037826,0.4598542975372824,-0.10815963823817064,0.20847082897922073,0.867887086327502,-0.06323065455780921,0.2009620891501573,0.42626527020868066,-0.1888172029215377,0.14691415737500263,1.4906307439140916,0.22683870207691054,1.170370014100675,0.8553643631224599,-0.19650062958136308,0.1691478651436355,1.1126935097160717,-0.1632098340928949,0.6966560138574499,1.3630602012406905,-0.06956589928772673,1.0972143439267645,0.927527224385975,-0.055924594945070814,0.26250831101903865,0.7470389998314394,-0.04273195817005768,0.171109104023272,0.315265287478633,-0.19402018127753284,0.019948614640963317,1.4010603112100757,0.15352608337504978,1.063983464280501,1.205541910912026,0.29182583271272816,1.2386995107922327,1.240682651072936,0.37124618705337314,1.2698531711338368,1.6973562615596696,-0.14105900409107178,-0.03597679451749419,1.2269151512755463,-0.40312398881312234,0.6171185536100374,1.2364193183302088,-0.326790441098987,0.9598666723595549,1.3758032394955486,-0.36293155408852934,1.2421799132366056,1.453106482494746,-0.5774821499917682,0.7094504088163377,1.4895191804462706,-0.3585534332110391,1.2812726331862394,1.7385816351072676,-0.37996003663303035,0.8550987392663957,1.6130578077786806,-0.505289069765451,0.7398069700263195,1.6219414512053232,-0.07377298999059675,0.019969266130040027,1.5230463735315185,-0.3423036893965393,0.30203832962260346,1.7176824042339198,-0.029190971435892662,0.007827818546357834,1.4183344037722279,-0.48924731083263634,0.6769735122358563,1.5362591889520356,-0.23289687677428425,0.3787782752750725,1.0961979122351337,-0.26882419192435725,0.6950474112041738,1.3949340605577885,-0.40663509810997156,1.0542576271571862,1.4280925862836524,-0.39365457368410195,0.3633971387483427,1.5913289617623716,-0.2861960501662943,0.16707587713338684,1.862124114241821,-0.07964658801326688,-0.010973553477003187,1.4014909220057608,-0.5284702716678973,0.8869052098089497,1.6528497148823265,-0.44768733289462836,0.8179869532387779,1.6721342573102735,-0.39344844651340644,0.7509531706374213,1.500204409392464,-0.24647328940941782,0.8501010255900442,1.1863123642293032,-0.208808821311455,0.8036063683546141,-26.70979118347168,-6.779956340789795,-21.594594955444336,9.234580039978027,0.41904205083847046,-11.509269714355469,-0.2665179669857025,0.5188297629356384,-1.1732970476150513,-0.09637531638145447,0.05393573269248009,-0.07691525667905807,-1030.5703125,249.35903930664062,-1598.862060546875,-413.6380920410156,132.92587280273438,253.40159606933594
1.3527251403063338,-0.23162463307380676,1.1060961429646472,1.4888606908305593,-0.23115454179956427,1.0339441220491927,0.38215642930656085,-0.08541518094523846,0.16637111065403512,1.2947159105578796,-0.12430761976549959,0.5795091181401385,1.3638089966300309,-0.19853585662431275,1.2952272489370888,1.4654927435300211,0.27367715586889657,1.1034038453702106,1.478513618178715,-0.20336817422055253,1.3363094732461387,1.17907943472957,0.3773678251054905,1.2147499922885012,1.3184898728566457,0.3173810442946606,1.1611392419069808,0.46192517442419045,-0.10479159337400594,0.20738415094400872,0.8702610766650826,-0.06242771086511231,0.19979753764654626,0.42829956084687193,-0.18557925048648122,0.14592210869520703,1.5016973452852265,0.22504589158967628,1.168948257995757,0.8571235577002266,-0.1956255349102399,0.16823695284246606,1.1129863980590113,-0.16340335739764156,0.6968552596521693,1.369311500858787,-0.06936965606465245,1.0970849382956296,0.9296917339034428,-0.055397491137318254,0.2614883788374086,0.7498314360909115,-0.04126376138124242,0.16958243394924313,0.3176218326518078,-0.1901104660421017,0.018768174425754302,1.4103745016830649,0.15316495161182833,1.0635119787115135,1.2205716489956082,0.3023154642802992,1.2441190757498837,1.259682468231151,0.38082026981360095,1.273050624803202,1.6973012780511616,-0.14099755922690133,-0.03598329306438269,1.2267469080868145,-0.4033662574180704,0.6180498615795413,1.2378682884948933,-0.3259593114158175,0.9605980006274798,1.379175204314933,-0.3632640734018869,1.2413095393717684,1.4529940955686254,-0.5767680189467423,0.7080037593841553,1.4930753360520925,-0.35956710734904207,1.2800602983954725,1.7394344348781157,-0.381275634102474,0.8545326590538025,1.6132740524430937,-0.5054357916314081,0.7386577512254778,1.621972235622785,-0.07359133068694183,0.019927418562552784,1.521981137477799,-0.3417973630870415,0.3016543376524717,1.717770473057071,-0.029193790530822925,0.007776678441129377,1.4185262113217487,-0.48818076564776186,0.6761113105230774,1.5349042778773023,-0.23252468186103745,0.37876494593967663,1.0965514569882526,-0.2686455847806488,0.6957939531629449,1.3968358710901627,-0.4071780305035067,1.053732903587897,1.4267433084399495,-0.3927654256883836,0.36312516675090156,1.5906050915749657,-0.2860185835535163,0.16689113591680463,1.8621883013390548,-0.07978277732402284,-0.010929750580809368,1.4019523709025603,-0.528457299368271,0.8861094365846243,1.6532698269711426,-0.44836215033436455,0.8171444479992848,1.6727032929856256,-0.3939542571045705,0.7503053490689259,1.501558408042453,-0.24802519992882055,0.8484829593178452,1.187446825551671,-0.2078641740888949,0.8045449162161113,-27.214801788330078,-4.849344730377197,-22.158309936523438,9.294809341430664,0.45911097526550293,-12.038426399230957,-0.31238019466400146,0.34159111976623535,-1.0952463150024414,-0.09715800732374191,0.039514873176813126,-0.09080913662910461,-1041.236572265625,253.46107482910156,-1593.872314453125,-412.4175720214844,132.00575256347656,249.05409240722656
1.3563293396242406,-0.23169192898747148,1.1060726305112143,1.4917356792269951,-0.2325799340098504,1.0324499668269758,0.3843378705891552,-0.0820065060174032,0.1650542890196605,1.2953856709777125,-0.12498217898834224,0.5792584730102527,1.368468546512111,-0.19861941491037804,1.2942388795858977,1.4767024556532597,0.27225593151833055,1.1024773215615986,1.4832969574344077,-0.20426018168495977,1.3350193668280217,1.1964246220146577,0.3890426721892606,1.2207912240202061,1.3325447493436315,0.3219872764897661,1.163252061960713,0.46395063410136866,-0.10144022757199832,0.20627410041279354,0.8726566194106411,-0.06169345144133104,0.19865479031639385,0.43030070182898184,-0.18233280216917308,0.14492614401985482,1.5125337977283044,0.22326975535379345,1.1672842169044824,0.8589326820231431,-0.19478142503278936,0.16732678300892284,1.113246893645912,-0.16355143302422487,0.6971125301738449,1.3755403243942763,-0.06921842033105181,1.0969139159909937,0.9318437032549586,-0.05490507604245912,0.2605018945817916,0.7526233335401837,-0.03979188152002977,0.1680883041626176,0.31994835198517657,-0.18619062566500638,0.017494538988585055,1.4194036872181668,0.15273352275719707,1.0629379267724144,1.2361190040774688,0.3126160793055759,1.2496522398579197,1.279151204208664,0.3900482760655956,1.2761119262666891,1.6972321315316965,-0.1409884382853445,-0.03596379121284414,1.226578061943812,-0.40365519724934307,0.619042286020241,1.239305853843689,-0.32511977244489243,0.9613599384462597,1.3825446803443477,-0.3635665861186602,1.2404458878056104,1.4529096497999912,-0.5760921434258783,0.7066295414373575,1.4966045639767551,-0.36054932844165144,1.2788473734792496,1.7402937388577997,-0.38257629241769675,0.8539992923176052,1.613514646196997,-0.5055517307575176,0.7375651652252437,1.6219959641923967,-0.07343914077327346,0.01988399966576735,1.52091977572599,-0.34130607535507507,0.3013603590576854,1.7178440196624656,-0.029207584275463164,0.007733399993647507,1.418725703331019,-0.48714878770294573,0.6752809884137665,1.533483336895507,-0.2320965292635343,0.3787624280875092,1.0968597801710596,-0.2684405246219098,0.6965921888288283,1.3987436983364308,-0.4076745193821705,1.0532081030457225,1.4253819715108302,-0.3918389586719456,0.3628591088368403,1.5899401056450724,-0.28577165211865446,0.16678555810589663,1.8622305639926962,-0.07992301653108454,-0.010864456113279856,1.402475975404512,-0.5284428068541533,0.8853209180547702,1.6537237814720103,-0.4490423494616881,0.8163529308821192,1.6732895962449887,-0.3944134574062777,0.7496672773992779,1.5028818356280296,-0.2495536369253073,0.8468702875620483,1.1885641090917272,-0.20691542324936946,0.805488422414325,-26.92647361755371,-0.7469933032989502,-22.13717269897461,9.149457931518555,0.29228106141090393,-10.881153106689453,-0.4095277786254883,-0.044871434569358826,-0.9319526553153992,-0.10782089829444885,0.0030643611680716276,-0.12908191978931427,-1036.056396484375,259.43133544921875,-1587.6083984375,-410.9488220214844,130.72808837890625,249.77601623535156
1.3598461419541312,-0.2317339600316736,1.1060518827659405,1.4945357520848708,-0.23406009025723717,1.0309297481909494,0.3865396110032566,-0.0785487608749743,0.1635415086288327,1.2959753353864152,-0.12555386019956982,0.5790032916116399,1.3731185407038553,-0.19868361688410208,1.2932065701642574,1.4871402773636058,0.27057037556803004,1.1011661275333127,1.48805699798445,-0.2050599170145609,1.3336683831467535,1.2148817051325398,0.40014704992834216,1.2272540871670699,1.3465507468640399,0.32605007577021355,1.1653530984524858,0.46588106700126686,-0.09812375950004118,0.20511514742840214,0.8750972564252005,-0.06110290064174218,0.1975576640260931,0.43223248353067595,-0.17906857785207572,0.14392198587687607,1.522888707798837,0.2215285067822761,1.1651132410725222,0.8608462747359117,-0.19400214487748438,0.16641816664610484,1.113439613620177,-0.16360441812418944,0.6974912062780746,1.3817221210492363,-0.06916135411388827,1.096655818800263,0.9339694347207907,-0.054485240408422966,0.25958539367906314,0.755414103632731,-0.0383122955381082,0.16666225866963544,0.3222120480229521,-0.18224960037611998,0.01602591047162165,1.4278365547293852,0.15215501075746213,1.0621492744281593,1.2527493731865016,0.32252121356544033,1.2554230883421482,1.2996010626388685,0.39855218377729057,1.2788883554224935,1.6971333516354592,-0.1410887950895638,-0.03588988852767361,1.2264079542349506,-0.40404178764646415,0.6201625849237504,1.2407195568084715,-0.3242626386565089,0.9621859208637514,1.3859089490593661,-0.36380631580258044,1.2395963013566884,1.4528836655300974,-0.5754963102324909,0.705406872444595,1.5000774509069932,-0.3614657400854375,1.2776332138389943,1.7411666516436646,-0.38384569342562685,0.8535343722397128,1.6138061857381403,-0.5056032629202534,0.7365910724693577,1.622004929757276,-0.0733486098909615,0.01983729306460414,1.5198665202058705,-0.34084625295455884,0.301254716140545,1.717887181319938,-0.029244340364111967,0.0077065705531430976,1.4189412735945341,-0.4861891350604052,0.6745173682440196,1.5319242410312426,-0.23155129597281782,0.37878253118486593,1.097073485914445,-0.2681801166163375,0.697498583635747,1.4006641143994614,-0.4080738341374113,1.0526831414525872,1.4239954032645321,-0.3908344087813864,0.36260542500492754,1.5893983237001281,-0.28537937890220166,0.16684561449763,1.8622269539643597,-0.08007172936733983,-0.010754194665724876,1.403129628557243,-0.5284251335835615,0.8845475785779637,1.6542485447119404,-0.44973380873534846,0.8156680966055156,1.6739120286032063,-0.39477513464081365,0.7490496055179874,1.5041412991403742,-0.2510329600892318,0.8452689027944149,1.1896454514257164,-0.20595808638050075,0.8064423029785913,-26.096214294433594,1.5570169687271118,-21.445043563842773,8.868078231811523,0.1602674275636673,-9.296642303466797,-0.39277833700180054,-0.09176715463399887,-0.9674618244171143,-0.1556895673274994,-0.026207800954580307,-0.16114938259124756,-1022.7808227539062,262.62939453125,-1580.23388671875,-409.0590515136719,129.25326538085938,254.1842803955078
1.3633629442840218,-0.23177599107587574,1.1060311350206666,1.4973358249427464,-0.23554024650462396,1.029409529554923,0.38874135141735805,-0.07509101573254538,0.16202872823800493,1.2965649997951179,-0.1261255414107974,0.5787481102130271,1.3777685348955995,-0.19874781885782614,1.2921742607426172,1.4975780990739518,0.26888481961772953,1.099854933505027,1.4928170385344923,-0.205859652344162,1.3323173994654853,1.2333387882504219,0.41125142766742373,1.2337169503139336,1.360556744384448,0.33011287505066106,1.1674541349442586,0.467811499901165,-0.09480729142808404,0.20395619444401075,0.87753789343976,-0.06051234984215332,0.19646053773579233,0.4341642652323701,-0.1758043535349784,0.14291782773389736,1.5332436178693696,0.21978725821075873,1.162942265240562,0.8627598674486802,-0.19322286472217937,0.16550955028328687,1.1136323335944422,-0.163657403224154,0.6978698823823044,1.387903917704196,-0.06910428789672474,1.0963977216095324,0.9360951661866229,-0.05406540477438681,0.25866889277633465,0.7582048737252781,-0.03683270955618663,0.16523621317665327,0.32447574406072766,-0.1783085750872336,0.014557281954658243,1.4362694222406036,0.15157649875772716,1.061360622083904,1.2693797422955346,0.33242634782530484,1.2611939368263767,1.3200509210690732,0.4070560914889855,1.2816647845782978,1.6970345717392221,-0.1411891518937831,-0.035815985842503076,1.226237846526089,-0.4044283780435852,0.6212828838272598,1.2421332597732542,-0.3234055048681254,0.9630119032812433,1.3892732177743845,-0.3640460454865007,1.2387467149077662,1.4528576812602036,-0.5749004770391035,0.7041842034518325,1.5035503378372315,-0.3623821517292236,1.276419054198739,1.7420395644295295,-0.38511509443355696,0.8530694521618206,1.6140977252792839,-0.5056547950829892,0.7356169797134716,1.6220138953221555,-0.07325807900864953,0.01979058646344093,1.5188132646857508,-0.34038643055404266,0.30114907322340456,1.7179303429774102,-0.02928109645276077,0.007679741112638688,1.4191568438580493,-0.4852294824178646,0.6737537480742727,1.5303651451669784,-0.23100606268210133,0.37880263428222266,1.0972871916578306,-0.26791970861076525,0.6984049784426657,1.4025845304624922,-0.40847314889265207,1.052158179859452,1.422608835018234,-0.3898298588908273,0.3623517411730148,1.5888565417551836,-0.28498710568574886,0.16690567088936337,1.8622233439360234,-0.08022044220359513,-0.010643933218169898,1.403783281709974,-0.5284074603129696,0.8837742391011574,1.6547733079518703,-0.45042526800900884,0.8149832623289122,1.6745344609614239,-0.3951368118753496,0.748431933636697,1.505400762652719,-0.2525122832531564,0.8436675180267816,1.190726793759706,-0.20500074951163202,0.8073961835428578,-25.433258056640625,0.43307989835739136,-20.570350646972656,8.565359115600586,0.08861494809389114,-8.531049728393555,-0.35346511006355286,0.14984989166259766,-1.1319851875305176,-0.2219432294368744,-0.04868049547076225,-0.16116739809513092,-1010.1300048828125,259.1983947753906,-1569.9884033203125,-406.3243408203125,127.79377746582031,259.20745849609375
1.3668929970027595,-0.23183536509804378,1.105971532941654,1.5001325757298247,-0.23697150799612335,1.0278895509164065,0.39096180532152286,-0.07160798479981773,0.1604160267785685,1.2971043405153893,-0.12667240735316118,0.5784994529572544,1.3824117081054788,-0.1987984672879541,1.2911385787243874,1.507524557461012,0.2671023015154908,1.0984237533531442,1.4975545698443784,-0.20663182111765374,1.3309524959286316,1.2522253405968873,0.4219129563167394,1.2402355434089307,1.3745480262680558,0.33391575702768284,1.1695378916153054,0.46976698412011,-0.09145866526870541,0.2027076008106699,0.8799712484246058,-0.059934079178319076,0.19540678152185403,0.4360857586197506,-0.17255870218308558,0.14186825479892706,1.5433431326948253,0.2180828776777975,1.1605487990853014,0.8646235659422464,-0.19248030102805586,0.1646453050390774,1.113808392688928,-0.16363617540984754,0.6983001705826513,1.3940861690912814,-0.06908817914937505,1.0960846649889915,0.9381956410723806,-0.05365887400231614,0.2577954935317008,0.7610307024014706,-0.035427602143674505,0.16383907948898166,0.3266257507516848,-0.1746093615001401,0.01317423021433173,1.4443253041892652,0.15096636866496888,1.0605437258221455,1.2867296744656087,0.34198130677077937,1.266929038313051,1.3409399875741919,0.41515483919358404,1.2841387031883593,1.6969217709358164,-0.14137251310001145,-0.03568658768045192,1.2260618778254022,-0.40479005290972475,0.6224341992510865,1.2435969832717189,-0.3225316470427229,0.9638564665585954,1.392632509698931,-0.3642575596736756,1.2379250944844935,1.4528656882166073,-0.5742855387807682,0.7029888752280482,1.5070202816401097,-0.3632714847065755,1.275223538575583,1.7428952858148032,-0.3863632272410866,0.8526401464512806,1.614413024573926,-0.5057059040922203,0.7346803328848832,1.6220218630026508,-0.07318917790193431,0.019757039265226053,1.5177557271047932,-0.33995857203243585,0.30109206769640084,1.717950805923007,-0.029324333066281103,0.0076631564671630105,1.4194119884478336,-0.4842847538310171,0.6730320832587235,1.528797864124475,-0.23045833310149363,0.3788302815118373,1.0975416085577958,-0.2676322472016543,0.6993398508488737,1.4044945129495583,-0.4088638268953917,1.0516072732723312,1.421198102812104,-0.3888218795621632,0.3621324811944898,1.5883878201048895,-0.28460816180469184,0.1670412491291564,1.8622028709247411,-0.08036915188198847,-0.010530535125525188,1.4045269086660928,-0.5284075405424005,0.8830357813677251,1.6552842523877984,-0.4510590394601127,0.8143019585419964,1.6751608974886256,-0.3954872471212551,0.7478519603116622,1.5066262980960063,-0.2540076499348444,0.8420458092594778,1.1917934330883404,-0.20404807522596904,0.808360535577433,-25.799711227416992,-2.6979992389678955,-20.42055320739746,8.48215103149414,0.03273427486419678,-9.408904075622559,-0.5238351821899414,0.27665719389915466,-1.1361303329467773,-0.22928333282470703,-0.06259822100400925,-0.12766849994659424,-1009.1697998046875,251.6448516845703,-1559.4227294921875,-403.7237548828125,126.84882354736328,259.6613464355469
1.3704514138351211,-0.23193186393242007,1.1058287583044824,1.5029222152091017,-0.23829810415080044,1.0263700860225602,0.3932223177903534,-0.06807082647223367,0.1585894317816426,1.2975359570901126,-0.12716615311061308,0.5782647614447487,1.387040280151051,-0.19882010266382172,1.2900956772415844,1.5164191912341587,0.2651122238067603,1.0967357279054377,1.5022439173120534,-0.20734498023197348,1.3295577952009163,1.2720312255107793,0.43162651113326916,1.2468734334241471,1.3885078074916302,0.3371622535270569,1.1715846586701095,0.47177609381888863,-0.0880412007034419,0.20126712016317236,0.8823890153145947,-0.05938209568008488,0.19444586437762973,0.43798522858430206,-0.16935280858483553,0.14072146582485043,1.5528959420737836,0.21645741778987143,1.1576790645817259,0.8663804596228314,-0.19181633350864946,0.16387604172063983,1.1139487870876363,-0.16345608557592956,0.6988409409262486,1.4002693938893194,-0.0691597449858457,1.0956539608390126,0.9402420510914151,-0.05328082395039057,0.25701435877392625,0.7639315783582774,-0.034181925418805284,0.16250383513455366,0.32853239118460775,-0.171427776087199,0.011974366261494349,1.4515742014180741,0.15028855609183284,1.0596663699244822,1.3056199213132151,0.3507866716838825,1.272587618883082,1.3627692338646629,0.4223862912579873,1.285965060161439,1.6967789566280036,-0.14173355560429046,-0.03543839451320323,1.2258733629390894,-0.4050983929673567,0.6236519094137166,1.2451677819750955,-0.3216219893255771,0.9647408044890852,1.395981148181372,-0.36440867506313007,1.2371633388348764,1.4529464576418036,-0.5736297037427789,0.7018520733378582,1.510483925310981,-0.36410285241359114,1.274067932801531,1.7437142068581866,-0.38756583280713347,0.8522870777458544,1.6147791845909016,-0.5057561072884806,0.733823843744417,1.6220276945868866,-0.07316657803360595,0.019751661413947477,1.5166890232373547,-0.33959913618911974,0.30113917658265854,1.7179226794384963,-0.029381442053354533,0.007668502086045726,1.419751846829787,-0.4833719720508879,0.6724002291232545,1.5272130616848043,-0.22990525990033783,0.37887407789956656,1.0978831727773148,-0.26728687460059364,0.7003356831160602,1.4063821610630742,-0.4092360168498083,1.0510008281824605,1.4197356446294596,-0.38780655909255646,0.3619869097771234,1.5880754931478311,-0.2842577510322167,0.1673384913249521,1.862146300590591,-0.0805178548005835,-0.010410422651985335,1.405463135795088,-0.5284456243578172,0.8823719923662035,1.6557656159464096,-0.4515693229160561,0.8136282122095689,1.6757959054400589,-0.39581361748524846,0.7473526854586128,1.5077792062664663,-0.2555373597717442,0.8403805944303804,1.1928285987961371,-0.20310538178248128,0.8093473031031374,-26.677410125732422,-5.0787672996521,-20.866012573242188,8.558809280395508,0.024003401398658752,-10.952188491821289,-0.7361657619476318,0.14256758987903595,-1.0479483604431152,-0.15413248538970947,-0.044860485941171646,-0.09139197319746017,-1018.343994140625,243.6029815673828,-1546.41845703125,-400.83984375,125.80245971679688,254.60015869140625
1.3740098306674826,-0.2320283627667964,1.1056859836673105,1.5057118546883788,-0.23962470030547753,1.024850621128714,0.3954828302591839,-0.06453366814464961,0.15676283678471667,1.2979675736648357,-0.12765989886806495,0.5780300699322429,1.3916688521966234,-0.19884173803968935,1.2890527757587813,1.525313825007305,0.26312214609802975,1.0950477024577314,1.5069332647797282,-0.2080581393462932,1.328163094473201,1.291837110424671,0.44134006594979897,1.2535113234393638,1.4024675887152045,0.34040875002643095,1.1736314257249134,0.4737852035176673,-0.08462373613817839,0.19982663951567484,0.8848067822045835,-0.05883011218185068,0.19348494723340545,0.4398846985488536,-0.1661469149865855,0.13957467685077377,1.5624487514527419,0.21483195790194534,1.1548093300781506,0.8681373533034165,-0.19115236598924304,0.16310677840220225,1.1140891814863445,-0.16327599574201157,0.6993817112698459,1.4064526186873574,-0.06923131082231634,1.0952232566890339,0.9422884611104496,-0.052902773898465,0.2562332240161518,0.7668324543150842,-0.032936248693936056,0.1611685907801257,0.33043903161753074,-0.16824619067425794,0.010774502308656968,1.458823098646883,0.1496107435186968,1.0587890140268188,1.3245101681608218,0.3595920365969857,1.2782461994531134,1.384598480155134,0.4296177433223906,1.2877914171345184,1.6966361423201908,-0.14209459810856948,-0.03519020134595453,1.2256848480527764,-0.4054067330249887,0.6248696195763467,1.2467385806784723,-0.3207123316084313,0.965625142419575,1.399329786663813,-0.3645597904525845,1.236401583185259,1.453027227067,-0.5729738687047896,0.7007152714476681,1.5139475689818525,-0.3649342201206067,1.272912327027479,1.74453312790157,-0.38876843837318026,0.8519340090404284,1.6151453446078774,-0.5058063104847409,0.7329673546039507,1.622033526171122,-0.07314397816527758,0.0197462835626689,1.5156223193699163,-0.3392397003458036,0.30118628546891624,1.7178945529539853,-0.029438551040427963,0.007673847704928442,1.4200917052117403,-0.48245919027075873,0.6717683749877854,1.5256282592451338,-0.22935218669918206,0.3789178742872958,1.0982247369968339,-0.266941501999533,0.7013315153832466,1.4082698091765902,-0.40960820680422494,1.0503943830925897,1.4182731864468152,-0.38679123862294973,0.361841338359757,1.5877631661907727,-0.2839073402597415,0.1676357335207478,1.8620897302564405,-0.08066655771917854,-0.01029031017844548,1.4063993629240832,-0.528483708173234,0.8817082033646818,1.656246979505021,-0.4520796063719995,0.8129544658771415,1.676430913391492,-0.3961399878492418,0.7468534106055633,1.5089321144369263,-0.257067069608644,0.838715379601283,1.1938637645039336,-0.2021626883389935,0.8103340706288419,-27.122343063354492,-4.713188171386719,-21.46605110168457,8.689606666564941,0.15364283323287964,-11.832155227661133,-0.6758638024330139,-0.000459134578704834,-1.2007769346237183,-0.08187809586524963,-0.005951721221208572,-0.058788277208805084,-1026.6829833984375,241.11143493652344,-1536.1844482421875,-398.52532958984375,124.72577667236328,248.0118865966797
1.3771791353525704,-0.23212393215357863,1.1055422640399428,1.5081862404646462,-0.24079472339705918,1.023481770264392,0.3975483328104019,-0.06133927586827646,0.15503347008828294,1.2983309395660627,-0.12808349620032786,0.5778279246281315,1.395823163504632,-0.19886453444791946,1.2881228379066416,1.532972100752079,0.2613113833875056,1.0934972601221098,1.5111191811545797,-0.20867610313245002,1.3269069094136852,1.309936417649124,0.4498290005109169,1.259514752010636,1.4149192401904935,0.34318147382594105,1.1754570650738596,0.47560430179960683,-0.08153779915725155,0.19847187165491628,0.8869588203382808,-0.0583480175473536,0.19264523596163616,0.4415643774713112,-0.16329329756908856,0.1385723485901261,1.5708588811735444,0.21347984419950586,1.1521042103798973,0.8697098744231344,-0.19056884076026892,0.16242924907448275,1.114246697615314,-0.16306083402688928,0.699883643759797,1.411949345410265,-0.06933702919508843,1.0948137650821383,0.9441344150841631,-0.052572133056572726,0.2555433865019817,0.7694236719055682,-0.031903204671569804,0.15999068107628664,0.33211948678193504,-0.1654778985886384,0.009700843214754326,1.4650659667735069,0.14902459654883043,1.0580220354708614,1.3416805950221637,0.36721270709045684,1.283289678444136,1.404299795035495,0.4357064007133838,1.2892639001473687,1.6965396947023885,-0.142410234455636,-0.0349732328773729,1.2255141263371272,-0.40562774231102294,0.6259993648292214,1.2481304529486903,-0.3198950187062585,0.9664366912368118,1.4023340508243107,-0.36468732149790456,1.2357277737942753,1.4531194109790373,-0.5723795885873946,0.6997379677382526,1.517047988263187,-0.365675179620847,1.2718778043393268,1.745264600049581,-0.38983455813483686,0.851623912520756,1.6154776839231024,-0.5058534486799051,0.7322458995888564,1.622037517511292,-0.07313479311665558,0.019742387698482203,1.5146616906519756,-0.33889711268295514,0.30125466285162417,1.7178630070970549,-0.029496230829556457,0.007678409005262401,1.4204334411400044,-0.4816510754803948,0.6712016070520641,1.5241965203490477,-0.22884799964380578,0.37895499357324564,1.098522284567751,-0.2665745313988616,0.7022609434380437,1.4099387790983087,-0.4099266348986436,1.049827727063602,1.4169663780967132,-0.38587146474430895,0.3617248875613244,1.5874780698722561,-0.28357276118156927,0.16789158421340367,1.8620353358865573,-0.08081120790432621,-0.010187775319109096,1.407212467777808,-0.5285142569352459,0.8811239054463557,1.6566785570012024,-0.45252345142182926,0.8123760081284883,1.677006834587514,-0.39643140911858604,0.7464329616123477,1.5099421052743267,-0.2584447821244499,0.8372283824626973,1.1948011610286915,-0.2013298344631858,0.8112022543190331,-26.606407165527344,-2.363528251647949,-21.517175674438477,8.717947959899902,0.2637038826942444,-11.103230476379395,-0.33853524923324585,0.018195468932390213,-1.539711356163025,-0.07659724354743958,0.007439219392836094,-0.07032391428947449,-1026.24462890625,242.71160888671875,-1527.0897216796875,-396.2123718261719,123.47112274169922,243.29566955566406
1.3794960991436283,-0.23221746560753576,1.1053964744340505,1.5099700705105106,-0.2416217769218596,1.0224428358456947,0.39918667078018183,-0.05889570446598618,0.15351707966911876,1.2985448039920124,-0.1283534350774146,0.5776970710185979,1.3989386179589276,-0.19888987406989597,1.2874403441978606,1.5379221636727944,0.25989340591114884,1.0922481903177224,1.5142023437070529,-0.20908554381882116,1.3259541396273682,1.3242975070776524,0.4556354335601754,1.2641284078951702,1.4240673693600077,0.34491640980669985,1.1767983294480684,0.4770071845970406,-0.07917806545630204,0.1973048556127296,0.8885287859581953,-0.05801901280485243,0.19207102326762598,0.44276260934918127,-0.16121133273800486,0.1378864580827044,1.576765998309811,0.212726488808133,1.1497596754933035,0.8708785318380949,-0.19016152245319443,0.16195266086928894,1.1144417184867605,-0.16276884819103393,0.7003005028560462,1.415942314444788,-0.06951755788547313,1.0944507390458063,0.945541274863363,-0.0523453409604679,0.25505353342618375,0.7713365902174387,-0.03133592752135355,0.1591574091785002,0.3333044885010119,-0.163614915696201,0.008903632859471253,1.469105152104864,0.1486392409004123,1.0574968358538799,1.3550837971516787,0.37223833266472955,1.286985792071614,1.4193399268270324,0.4392917935816656,1.2899612306759056,1.696544812215085,-0.1426264096964274,-0.034824661367776386,1.2253823801381698,-0.4056574556211762,0.6269364250416787,1.2491303911272262,-0.31927998492259857,0.9670887972345416,1.4045839712319783,-0.3647631915989301,1.2352466085888691,1.453236598052726,-0.5719201430579685,0.6991100409962484,1.5193527731674397,-0.3662181020967218,1.2711085112679084,1.7458045174743955,-0.39060170899163804,0.8514079455508302,1.6157359397963973,-0.5058938730631443,0.7318202336102921,1.622037477840651,-0.07315499291119985,0.01974173809173486,1.5139334170234124,-0.3385914305582741,0.30136962836941344,1.7178239711862526,-0.029555160946996003,0.007681252274489561,1.4207792897887577,-0.48107223123904097,0.6707774088872189,1.523100063500815,-0.22845089652680406,0.37897748682672616,1.0987234147179206,-0.26616025089428125,0.7030449146466539,1.4111287396475178,-0.4101272989187809,1.0493482280251207,1.4160005169988468,-0.38516098339826066,0.36167222478531846,1.5872526216191172,-0.2832728610528226,0.1680567678039437,1.8619857079145925,-0.08094698067335103,-0.010123743805170851,1.4077558762190359,-0.5285283003421809,0.880713730853125,1.657001079313013,-0.4528217647249335,0.8120062777538173,1.6774533276526344,-0.3966462752282225,0.7461851787882925,1.5106390390964533,-0.25948954812738273,0.8361317669319002,1.1955243964858402,-0.200737581545154,0.8118106829409567,-25.646907806396484,-0.07919192314147949,-20.91691017150879,8.585749626159668,0.21342773735523224,-9.413477897644043,-0.03755143657326698,0.11582627147436142,-1.6856733560562134,-0.08771523088216782,0.0019613371696323156,-0.13258220255374908,-1011.8682861328125,244.38523864746094,-1516.1456298828125,-393.3861999511719,121.81687927246094,242.813720703125
1.3818130629346859,-0.23231099906149288,1.1052506848281582,1.5117539005563747,-0.24244883044666005,1.0214039014269976,0.4008250087499617,-0.0564521330636959,0.1520006892499546,1.2987586684179622,-0.12862337395450135,0.5775662174090644,1.402054072413223,-0.19891521369187248,1.2867578504890795,1.5428722265935098,0.25847542843479204,1.0909991205133351,1.5172855062595263,-0.2094949845051923,1.3250013698410514,1.3386585965061806,0.4614418666094339,1.2687420637797042,1.4332154985295218,0.3466513457874587,1.178139593822277,0.47841006739447434,-0.07681833175535255,0.19613783957054293,0.8900987515781098,-0.05769000806235125,0.19149681057361584,0.4439608412270513,-0.15912936790692114,0.13720056757528268,1.5826731154460776,0.2119731334167601,1.14741514060671,0.8720471892530554,-0.18975420414611996,0.1614760726640951,1.1146367393582073,-0.16247686235517858,0.7007173619522953,1.4199352834793113,-0.06969808657585784,1.0940877130094744,0.946948134642563,-0.05211854886436307,0.2545636803503858,0.7732495085293093,-0.030768650371137293,0.1583241372807137,0.3344894902200887,-0.16175193280376363,0.00810642250418818,1.473144337436221,0.1482538852519942,1.0569716362368982,1.3684869992811937,0.3772639582390023,1.2906819056990917,1.4343800586185695,0.44287718644994745,1.2906585612044428,1.6965499297277817,-0.14284258493721877,-0.03467608985817986,1.2252506339392126,-0.4056871689313295,0.6278734852541361,1.2501303293057624,-0.31866495113893856,0.9677409032322712,1.4068338916396461,-0.36483906169995567,1.2347654433834632,1.4533537851264144,-0.5714606975285423,0.6984821142542442,1.521657558071692,-0.3667610245725966,1.27033921819649,1.74634443489921,-0.3913688598484392,0.8511919785809043,1.6159941956696922,-0.5059342974463835,0.7313945676317278,1.6220374381700098,-0.07317519270574414,0.01974108848498752,1.5132051433948492,-0.3382857484335931,0.3014845938872028,1.7177849352754504,-0.029614091064435553,0.007684095543716719,1.421125138437511,-0.4804933869976872,0.6703532107223739,1.522003606652582,-0.2280537934098023,0.37899998008020663,1.0989245448680902,-0.26574597038970094,0.7038288858552642,1.4123187001967272,-0.41032796293891816,1.0488687289866392,1.4150346559009805,-0.38445050205221243,0.36161956200931245,1.5870271733659782,-0.282972960924076,0.16822195139448373,1.8619360799426274,-0.08108275344237585,-0.010059712291232606,1.4082992846602636,-0.5285423437491158,0.8803035562598942,1.6573236016248236,-0.45312007802803783,0.8116365473791464,1.6778998207177547,-0.3968611413378589,0.7459373959642372,1.5113359729185798,-0.26053431413031564,0.8350351514011031,1.1962476319429889,-0.2001453286271222,0.8124191115628804,-25.21626853942871,-0.11372575163841248,-20.158687591552734,8.374119758605957,0.05096730589866638,-8.563520431518555,-0.09707421064376831,0.2066451460123062,-1.3299342393875122,-0.11086307466030121,-0.004902642220258713,-0.17583933472633362,-993.805419921875,241.1107635498047,-1506.707763671875,-391.1246643066406,120.30931091308594,245.79222106933594
1.3844760932669729,-0.2324342279639465,1.1050729084488573,1.5137853772434964,-0.24339796814894818,1.020199869247462,0.402763886562246,-0.05359358176441039,0.15015384327891682,1.2989678339452932,-0.12890509678828002,0.5774289639975062,1.4057004412278429,-0.1989230609295384,1.2859733025759263,1.5481061690690494,0.2568734413543287,1.0895968959820983,1.5208737514666368,-0.20993593932184945,1.3238912358978727,1.3556885502196274,0.467654650377121,1.2739585247260836,1.4436962793994406,0.34842999437392125,1.1797064665137535,0.48006932772942695,-0.07402941439029448,0.1947174195126195,0.8919011903124926,-0.057316303746589824,0.19088055711510965,0.44534166936842784,-0.15669423465105126,0.136447503620031,1.5892574613457473,0.21105104748973802,1.1446045337133854,0.8733841749216544,-0.18930575059147078,0.16095930979346607,1.1149066366896723,-0.16206156102237332,0.7012131723347088,1.424545839527584,-0.0699362494298164,1.0935986732805014,0.9485609750479259,-0.05186586311420072,0.25402433588015333,0.7754239743908505,-0.030115127896532434,0.15741771735892404,0.3359500811194739,-0.15979621702472135,0.007285602793208635,1.4774302638919141,0.14781422153213963,1.0565149255146253,1.384475317617123,0.3826045476837655,1.294757932621911,1.4518933529095903,0.44654407584114525,1.2911148162077595,1.6965530771293387,-0.1430345008902202,-0.03456770830991253,1.2250839519184946,-0.405674787941358,0.6289949344088698,1.2513163634483386,-0.31799510910811024,0.9684828206008632,1.4094428005597444,-0.36491581896282976,1.2342274998197493,1.4534986516497783,-0.5709617947111068,0.6977853437527917,1.5243309250730548,-0.36739753956431576,1.269477623582676,1.7469634382140555,-0.3922200708199809,0.8509748613597542,1.6163009701185669,-0.5060144727987959,0.7309106487706798,1.6220279272818408,-0.07320617992949012,0.019747502522061988,1.5123258564645883,-0.3379413952298512,0.3016409837449623,1.7177438191230723,-0.029689668276846787,0.007696231068512852,1.4215120657390317,-0.4798463536611457,0.6699021835595568,1.5207512295798753,-0.22758709397537039,0.3790387940525219,1.099130814438624,-0.2651754820978406,0.7047739962473608,1.4136579486707976,-0.41054819958494193,1.0483673139913194,1.4139167291439134,-0.38362271343635423,0.36157941739290755,1.5867217704160326,-0.282619436450352,0.16839541312282447,1.8618877980093294,-0.08125039673601551,-0.009985616557078067,1.4089611812143135,-0.5285605782309905,0.879865059789443,1.6577186142371978,-0.4534760384962258,0.811254880088844,1.678442628967841,-0.3971101387052346,0.7456576324851308,1.5121477850225586,-0.26164988482629997,0.8337862866603778,1.197041546666859,-0.19945135954397417,0.813124430495382,-25.42563819885254,-2.403106689453125,-19.578369140625,8.233726501464844,-0.06868365406990051,-9.172514915466309,-0.4415638744831085,0.20388688147068024,-0.9750804305076599,-0.14955134689807892,-0.01074720174074173,-0.14204129576683044,-978.024169921875,230.3565673828125,-1496.24072265625,-388.7548522949219,118.56813049316406,248.42669677734375
1.387914982457824,-0.23262403214609387,1.1048234197872364,1.5163720617231153,-0.2446208107007655,1.018625698539595,0.40537655531175876,-0.04980467230895701,0.14756613728029053,1.2991664648450763,-0.12921323849270674,0.5772773626426987,1.4105370857857709,-0.19889169137012092,1.284959955720712,1.553976551191696,0.25485891661304516,1.0878513084342147,1.525594359399467,-0.21044754678543828,1.3224283016675356,1.3787019254750759,0.47477844623935134,1.280526435730473,1.4571647794041411,0.35030664380220383,1.1817791384971694,0.48230336996301115,-0.07027829493957251,0.19272888400005983,0.8942248187712486,-0.05684238587142222,0.19017005097491063,0.44713186655218234,-0.15346732057186946,0.1355438411285151,1.5973601104407908,0.2097506785876309,1.1407490234501314,0.8750985416750244,-0.18876507446564586,0.16035247791484492,1.1153444022137597,-0.1613697943012446,0.7018859864070716,1.4305409858163618,-0.07030362436017452,1.0928271189825425,0.9506356107280743,-0.05155512546219968,0.25337403489659166,0.7781848129847191,-0.029268248968862553,0.15634730428654628,0.338028525181164,-0.15763260009667734,0.006411852429941656,1.482269368029588,0.14725280261987092,1.0562117624756515,1.4062592997061492,0.38865126580592013,1.299685700642352,1.4749513179655893,0.45039367517888146,1.2910305954367909,1.6965518076688249,-0.14317202908511192,-0.034549430062044535,1.2248389460393134,-0.40556803424626786,0.6305297716761267,1.252919612736102,-0.3172023905231463,0.9694260892686465,1.412856538564164,-0.36499456518533213,1.2335622628398288,1.4537055737135427,-0.5703744311995854,0.6969342299841887,1.5278306293566495,-0.3682438829383313,1.2684090948657485,1.7477597469920354,-0.39325973914553786,0.8507551653495687,1.616716520083661,-0.5061837672595156,0.7302961307053535,1.62199718253502,-0.07326135187354309,0.019769752792866024,1.5111080074547143,-0.33751034396176305,0.301890244300397,1.7176980392032901,-0.02980256720217845,0.007729199230794282,1.4219910887298206,-0.4790464447724898,0.6693910075141895,1.5191492894232668,-0.2269643640873448,0.37911419802351504,1.0993486062580387,-0.26425478602481994,0.7060803702927583,1.4153318910409283,-0.4108123167954533,1.0478167648347008,1.4124578809896053,-0.3825319294897926,0.36156733768270505,1.586237114194213,-0.28214568965482395,0.168587433902041,1.8618425338078808,-0.08148949168967884,-0.009888957490503099,1.409888720472917,-0.5285882088324881,0.8793630674974808,1.6582761454266428,-0.4539612401893597,0.8108464510038199,1.6792013696487376,-0.39743565615044524,0.7453061704406675,1.5132171468229483,-0.2629241950760614,0.8321960890135228,1.1979939197467653,-0.19852934938096845,0.8140469712532119,-25.800642013549805,-4.9418559074401855,-19.497278213500977,8.370539665222168,0.02457190304994583,-10.540631294250488,-0.7721719145774841,0.10214575380086899,-1.0652800798416138,-0.18388447165489197,-0.01575014926493168,-0.09060749411582947,-973.4562377929688,217.99716186523438,-1487.4591064453125,-386.8467712402344,117.11837768554688,246.9278106689453
1.3913538716486746,-0.2328138363282412,1.1045739311256155,1.5189587462027339,-0.2458436532525826,1.0170515278317283,0.407989224061271,-0.04601576285350427,0.14497843128166468,1.2993650957448593,-0.12952138019713344,0.5771257612878913,1.4153737303436984,-0.1988603218107034,1.283946608865498,1.559846933314342,0.25284439187176194,1.0861057208863316,1.5303149673322964,-0.21095915424902703,1.3209653674371986,1.4017153007305205,0.48190224210158045,1.2870943467348612,1.4706332794088393,0.3521832932304861,1.183851810480585,0.484537412196595,-0.06652717548885118,0.19074034848750046,0.8965484472300042,-0.056368467996254695,0.18945954483471175,0.4489220637359365,-0.15024040649268822,0.13464017863699937,1.605462759535833,0.20845030968552403,1.1368935131868783,0.8768129084283941,-0.18822439833982105,0.1597456460362239,1.115782167737847,-0.160678027580116,0.7025588004794341,1.4365361321051384,-0.0706709992905326,1.0920555646845838,0.9527102464082224,-0.051244387810198695,0.2527237339130301,0.7809456515785872,-0.028421370041192818,0.15527689121416868,0.3401069692428537,-0.15546898316863372,0.005538102066674827,1.4871084721672612,0.14669138370760232,1.055908599436678,1.4280432817951718,0.3946979839280737,1.3046134686627922,1.4980092830215843,0.45424327451661695,1.2909463746658225,1.696550538208311,-0.1433095572800036,-0.03453115181417655,1.2245939401601325,-0.4054612805511778,0.6320646089433833,1.254522862023865,-0.31640967193818254,0.9703693579364296,1.416270276568583,-0.3650733114078345,1.2328970258599086,1.4539124957773069,-0.5697870676880641,0.6960831162155859,1.5313303336402435,-0.3690902263123467,1.267340566148821,1.748556055770015,-0.39429940747109465,0.8505354693393834,1.6171320700487553,-0.5063530617202354,0.7296816126400272,1.621966437788199,-0.07331652381759605,0.019792003063670054,1.5098901584448405,-0.337079292693675,0.3021395048558317,1.717652259283508,-0.029915466127510094,0.007762167393075707,1.4224701117206093,-0.4782465358838341,0.6688798314688222,1.5175473492666587,-0.22634163419931932,0.37918960199450813,1.0995663980774533,-0.26333408995179947,0.7073867443381555,1.4170058334110587,-0.41107643400596466,1.0472662156780825,1.4109990328352973,-0.38144114554323116,0.36155525797250254,1.585752457972394,-0.28167194285929603,0.16877945468125752,1.8617972696064324,-0.08172858664334214,-0.009792298423928147,1.4108162597315201,-0.5286158394339858,0.8788610752055187,1.6588336766160876,-0.45444644188249345,0.8104380219187958,1.6799601103296342,-0.3977611735956558,0.7449547083962043,1.514286508623338,-0.26419850532582256,0.8306058913666682,1.1989462928266714,-0.19760733921796286,0.8149695120110416,-25.875123977661133,-6.466316223144531,-19.813175201416016,8.67712688446045,0.2425009310245514,-11.494997024536133,-0.7898967266082764,0.0548156313598156,-1.313743233680725,-0.17712073028087616,-0.01699870079755783,-0.0769752785563469,-978.0656127929688,207.939453125,-1479.1048583984375,-385.0104675292969,115.90242004394531,240.79052734375
1.394797985916895,-0.23300818987930844,1.1043091043336501,1.521480646946572,-0.24708246299071804,1.0154561678700103,0.41063141028415256,-0.04223603904494035,0.14232735015106548,1.2995232744327445,-0.12980485628574887,0.5769979316272483,1.4201456152445429,-0.1988287235036591,1.2828951333927003,1.5651846585289528,0.2509186272293529,1.0845859554034987,1.53502321085393,-0.21149240996663926,1.319452698657055,1.4253201932701816,0.4883035265452019,1.293424950135464,1.484036610418596,0.35377560032914007,1.1859844384209206,0.48680265741237716,-0.06271529908828631,0.18868766280989008,0.8988566352239505,-0.05592465940369482,0.1887728841296885,0.4507433675870988,-0.14697149314529098,0.13376490944466063,1.6132720578585231,0.2072341364641854,1.1329659714998792,0.8785179988635294,-0.18770932238425644,0.15916616906294764,1.1162384016229616,-0.15987887588755195,0.7032380074459985,1.4425096918415543,-0.07104413805911867,1.0912541166836063,0.9547818120544318,-0.0509412703135156,0.2520924821890743,0.7836779087584537,-0.02756395499030792,0.1542599042569171,0.34224427067088736,-0.1533701951239285,0.004514346943493005,1.4915474726269573,0.14619422481944233,1.055947052919312,1.4503513608152476,0.4000343624132354,1.3091130090865075,1.5211407723805734,0.45752281068966066,1.2902266568695475,1.6965320043216479,-0.1434231572691968,-0.034534606848232785,1.2243297917163924,-0.4053266617833384,0.6336396877339342,1.2561047896249402,-0.3156496943622236,0.971312229305703,1.41965474691612,-0.36515546777587854,1.232282281908768,1.4541251726497877,-0.5692612433078273,0.6952663988664451,1.5348172280567367,-0.3698918705941825,1.2663507627335606,1.7493416374882325,-0.39529764237782805,0.8503265184479833,1.6175505214969053,-0.5064671377077797,0.7290906676196105,1.6219231961973455,-0.07338516327817707,0.0198118076536385,1.5087104741705966,-0.3366503152034141,0.3024242483819557,1.7176059496323794,-0.030038565767324506,0.0078042236647093656,1.4229473167697324,-0.4774857669180593,0.6683980916312199,1.5159870532174775,-0.2257116280298755,0.37928565645849466,1.0998189956541882,-0.26231604671438813,0.7086900242709164,1.41865994697375,-0.4113748633604965,1.0467395525894418,1.4095957221969075,-0.38037631843263753,0.3616019934909233,1.585252246911952,-0.2812537847469185,0.16896835275438446,1.8617565322001248,-0.08196562587820139,-0.009698476693253752,1.4117657587622963,-0.5286372998692342,0.8783604553993175,1.6593712947226518,-0.45487749961433027,0.8100291533975412,1.6807082082262101,-0.3980618147364515,0.7446151833660556,1.5153039326730942,-0.2655066310964671,0.829028912924773,1.1998974619716998,-0.19669480251752788,0.8158948519174625,-25.601924896240234,-6.267201900482178,-20.58548927307129,8.90728759765625,0.3699440360069275,-11.213879585266113,-0.5375899076461792,0.16164933145046234,-1.2897037267684937,-0.16439051926136017,-0.012885712087154388,-0.09854474663734436,-981.1632690429688,204.708740234375,-1472.184814453125,-383.2947998046875,114.90086364746094,234.25144958496094
1.3982540921659659,-0.23321298460494605,1.10400907527532,1.5238538637066519,-0.24835791873024,1.013812176833879,0.413341341527882,-0.03847739704890754,0.13953081789790397,1.2995886119785687,-0.13003172276430572,0.5769246599532121,1.424768871424214,-0.19879660020206147,1.281756149617252,1.5692998924792207,0.2491965742892777,1.083584470069961,1.5397030770383924,-0.21207535020168256,1.3178258850085025,1.4502826664621469,0.4930465880608717,1.299210913133937,1.4972903732432437,0.35471531847454857,1.188254670196811,0.48913951602992634,-0.058763980507751945,0.18648774724527697,0.9011293860855482,-0.05554995408269348,0.18814095065293723,0.4526360637896898,-0.14360618803477443,0.13295480520125255,1.6204080921135202,0.2062111992314951,1.1288731117911686,0.8802017993879634,-0.18725300091781363,0.15864947383964298,1.1167370219104338,-0.15883326688349642,0.7039318866287636,1.448433708670913,-0.07143050530888387,1.0903840601838977,0.9568463317211101,-0.05065564169788992,0.2515049500773285,0.7863445692504478,-0.026682358673027408,0.15336553461306932,0.3445166545790552,-0.1514201946803276,0.003146318600833754,1.4950682023503132,0.1458445479538267,1.0567695443203906,1.4738622852508596,0.40374045320694024,1.3126297320751166,1.5444410060415206,0.4594940051732474,1.2880484213102732,1.6964738471618552,-0.1434818400649835,-0.03458794154572171,1.2240217095179273,-0.40512809038951697,0.6353071241189313,1.2576377822073879,-0.31496486008561997,0.9722541888423314,1.4229720455921249,-0.3652454507074609,1.2317834235974494,1.4543510572799783,-0.5688766562780797,0.6945286241193481,1.5382747227782445,-0.3705909267956058,1.2655416403385187,1.7501025997250286,-0.39620078419218,0.8501422284849433,1.6179756320864949,-0.5064544827732819,0.7285538246694779,1.6218512733251054,-0.07348471179308481,0.019825999205623637,1.50761838109288,-0.33622609720324836,0.3027904282342519,1.7175584242043906,-0.030185076883001045,0.007867137892233417,1.4234203494937214,-0.4768148272834866,0.6679839103032421,1.5145223338082927,-0.2250649221981598,0.37942910549656444,1.1001514752969046,-0.2610745837554237,0.7099862029615617,1.4202685517980562,-0.4117520418980264,1.0462677099846847,1.4083198747098051,-0.37937106438819934,0.36178371477995486,1.5847163362218843,-0.2809632072188207,0.1691500839610763,1.8617261841597146,-0.08219794706990387,-0.00961116688103964,1.4127656572701914,-0.5286445992671891,0.8778629855604361,1.6598632106717848,-0.455184292516961,0.8096192763341183,1.6814318800604107,-0.39830536271957373,0.7443030547622024,1.5162021553279548,-0.26689236625930335,0.827482273641801,1.2008458679875,-0.19580400819020555,0.8168266160993387,-25.330598831176758,-5.100362300872803,-21.187150955200195,8.898771286010742,0.277007520198822,-10.1100435256958,-0.1388688087463379,0.26985251903533936,-1.125082015991211,-0.19217607378959656,-0.0068072061985731125,-0.156614750623703,-976.1771240234375,204.5084228515625,-1465.5494384765625,-381.514892578125,113.67887878417969,230.05482482910156
1.4017101984150362,-0.23341777933058358,1.10370904621699,1.5262270804667315,-0.24963337446976175,1.0121681857977483,0.416051272771611,-0.034718755052875375,0.13673428564474294,1.299653949524393,-0.13025858924286254,0.5768513882791759,1.4293921276038843,-0.19876447690046387,1.2806171658418037,1.5734151264294882,0.24747452134920278,1.0825829847364237,1.5443829432228542,-0.2126582904367257,1.3161990713599503,1.475245139654108,0.4977896495765406,1.3049968761324091,1.5105441360678888,0.3556550366199569,1.190524901972701,0.4914763746474751,-0.054812661927218245,0.18428783168066426,0.9034021369471454,-0.055175248761692205,0.18750901717618604,0.4545287599922805,-0.14024088292425846,0.1321447009578446,1.627544126368516,0.20518826199880502,1.1247802520824586,0.881885599912397,-0.18679667945137088,0.1581327786163384,1.1172356421979057,-0.15778765787944105,0.7046257658115286,1.4543577255002709,-0.07181687255864899,1.0895140036841893,0.9589108513877881,-0.05037001308226429,0.2509174179655827,0.7890112297424416,-0.025800762355747048,0.1524711649692217,0.3467890384872227,-0.14947019423672703,0.001778290258174736,1.4985889320736687,0.14549487108821113,1.0575920357214694,1.4973732096864678,0.4074465440006444,1.316146455063725,1.5677412397024637,0.4614651996568338,1.2858701857509993,1.6964156900020624,-0.14354052286077018,-0.034641276243210624,1.2237136273194622,-0.40492951899569557,0.636974560503928,1.2591707747898353,-0.3142800258090165,0.9731961483789595,1.4262893442681293,-0.3653354336390432,1.231284565286131,1.454576941910169,-0.5684920692483321,0.6937908493722512,1.5417322174997519,-0.371289982997029,1.264732517943477,1.7508635619618245,-0.3971039260065318,0.849957938521903,1.6184007426760845,-0.506441827838784,0.7280169817193455,1.6217793504528653,-0.07358426030799253,0.019840190757608768,1.5065262880151635,-0.33580187920308274,0.3031566080865481,1.7175108987764018,-0.030331587998677557,0.007930052119757459,1.4238933822177104,-0.4761438876489141,0.6675697289752645,1.513057614399108,-0.22441821636644424,0.37957255453463423,1.1004839549396213,-0.2598331207964595,0.7112823816522067,1.4218771566223625,-0.41212922043555617,1.0457958673799275,1.407044027222703,-0.3783658103437614,0.3619654360689864,1.5841804255318168,-0.28067262969072293,0.1693318151677681,1.8616958361193043,-0.08243026826160632,-0.009523857068825541,1.4137655557780866,-0.528651898665144,0.8773655157215549,1.660355126620918,-0.45549108541959166,0.8092093992706956,1.682155551894611,-0.3985489107026959,0.7439909261583493,1.5171003779828154,-0.2682781014221393,0.8259356343588293,1.2017942740033003,-0.19491321386288338,0.8177583802812146,-25.096786499023438,-4.417799472808838,-21.18889617919922,8.847296714782715,0.14767800271511078,-9.150506019592285,-0.0064680371433496475,0.1128762885928154,-1.1393450498580933,-0.2193327397108078,-0.017295261844992638,-0.19482353329658508,-959.7090454101562,201.6659393310547,-1458.270263671875,-379.621826171875,111.90445709228516,229.98414611816406
1.405147262756398,-0.23362378045817872,1.1034061513989177,1.5285601292224906,-0.2508589236546825,1.010527072363342,0.4187974789679442,-0.031002715328671625,0.1339098906872291,1.2996873492436694,-0.1304722755950018,0.5768014985993998,1.4340551491604732,-0.19872093792782713,1.2794845530528898,1.5771195975360488,0.2459694919799338,1.0819356220447465,1.549056864732148,-0.2131544393024697,1.3145441330031844,1.500662842333709,0.5015967208028628,1.310291681068622,1.5237625150491059,0.35625882140848025,1.1928325662549755,0.4938517078658601,-0.050880171358585725,0.1820724578882687,0.9056874639940575,-0.05484168433787809,0.18689525374118862,0.4564107569637676,-0.1368797432310537,0.13135215097310535,1.6344767272077643,0.2041397075976758,1.1206338547712924,0.8835745280152123,-0.18637727832557352,0.15766736657808952,1.1177770475678095,-0.15667478345482566,0.7053222147044755,1.4602579873129227,-0.07222411500302367,1.0886461261092433,0.9609736125200787,-0.05009281891860712,0.2503597750174289,0.7916471958160398,-0.02491923301967967,0.1515984927976369,0.34896752731689534,-0.14743777507583058,0.0004211467789450295,1.501880815487034,0.14513907783868302,1.058930292824246,1.521088728052099,0.4101977447010823,1.3191137574366385,1.5904326770479296,0.46253990870437883,1.2830272123513637,1.6963500250254246,-0.14360603996065277,-0.034692847965568895,1.2233519127826817,-0.4046830704670079,0.6386424468842562,1.2607297842076282,-0.3136222889486528,0.9741264554049005,1.4296243585498125,-0.3654122542071816,1.2308042752032249,1.4548257289343323,-0.5681033197617689,0.6931018931976218,1.5452008673686852,-0.3719290684390541,1.2638373635462579,1.751584900925491,-0.39794040634142636,0.8498024719440385,1.6188359307927012,-0.5064348215298937,0.7275314559999682,1.6216894277673684,-0.07368261130242947,0.019858558273670685,1.5054339580977991,-0.33537350466709265,0.30349372179302947,1.7174594181262894,-0.030475989761238054,0.00801072728554933,1.4244060382148287,-0.47549380766634913,0.6671578745968295,1.511611629006089,-0.22375920671500912,0.37970648261884976,1.1008078846710407,-0.2585438310310542,0.7125442363568488,1.4234484355181256,-0.412478203212978,1.0453244747705017,1.4058989389053245,-0.3775804204656589,0.362361053165221,1.5836366399234494,-0.280428677007852,0.16954472631413414,1.8616662341237857,-0.08265980954793903,-0.009441990775383078,1.4147856567079657,-0.5286658591782021,0.8768742273974893,1.6608454320604438,-0.455814519267998,0.8088198430490809,1.6828692883055731,-0.39883562567218245,0.743717236629385,1.5180033492726206,-0.2695858127233997,0.8244312531900723,1.202753870692474,-0.19400388091210508,0.8186745781772183,-25.0210018157959,-5.267683506011963,-20.65419578552246,8.879046440124512,0.15634126961231232,-9.31245231628418,-0.21980732679367065,-0.14578966796398163,-1.1087243556976318,-0.18651796877384186,-0.029377710074186325,-0.18441364169120789,-941.7410278320312,193.08433532714844,-1451.5335693359375,-378.08599853515625,110.29608917236328,232.4484100341797
1.4085395786146448,-0.23383261663037416,1.1030965220454514,1.5307987831680976,-0.25196719243629073,1.0088927212929886,0.4216289313028976,-0.02738679094326469,0.1310200183744861,1.2996456950705573,-0.13065498865005984,0.5768065566061348,1.43881161935282,-0.19865057212824855,1.2783669120823313,1.5798587759598988,0.24497446800205896,1.0821204475614408,1.5537168162547983,-0.21344662845036047,1.3128231015821168,1.5271503343092647,0.5032042148492192,1.3144322645585262,1.5368977419982663,0.3560731628083236,1.1952281969272534,0.49631745639620994,-0.046991926617920954,0.1798207572605834,0.9080023450764596,-0.054604801022453846,0.18632418990431251,0.4582676107421613,-0.13352839226853028,0.1306008534962374,1.6409312595200056,0.2030309528507146,1.116361644094354,0.8852755059272246,-0.18604464000029283,0.15732247002472155,1.1184189978814283,-0.15540383529189425,0.7060247024163504,1.4661024248363157,-0.07268041415473082,1.0877833690074896,0.9630322410965595,-0.04983544571707584,0.24987237160371636,0.7942110300064084,-0.0240378610894628,0.15077680968586984,0.3509253627121051,-0.14521167192928872,-0.000910417271225787,1.504634910071922,0.14476891108696038,1.0614805993260135,1.5452850421532855,0.4107049536823436,1.3207899213626682,1.6116934430520236,0.46150787697722595,1.2786221050268773,1.6962667166792005,-0.14368761767516072,-0.03474027669637013,1.2228641622508598,-0.4043241106713845,0.6403113907536132,1.2623499331884824,-0.31302823101645283,0.9750293790307265,1.4330010045048411,-0.3654581432212267,1.2303676204570873,1.455128336584331,-0.567704788501689,0.6925276606682911,1.5486957318340702,-0.3724272225964937,1.2627400339439216,1.7522131251973032,-0.39862023219959614,0.8497147403213362,1.6192948010978319,-0.506441089491181,0.7271665257728653,1.6215572055207184,-0.07377814812376009,0.019886739305313057,1.5043410716072614,-0.3349353622719153,0.303762530056846,1.717398642704187,-0.03061543454397591,0.008133140656270611,1.4250118089038015,-0.4748927478660022,0.6667514885498199,1.51020966855106,-0.22307128308723315,0.379818036461508,1.1011117221109123,-0.25714214827051246,0.713725429694384,1.4249319984818134,-0.41276092595414604,1.044854139650105,1.405061134636797,-0.37731171137844494,0.3632593254083828,1.5830743482570775,-0.28029429271126427,0.1698309103187346,1.8616383853337624,-0.08288281805665285,-0.009372916751053959,1.4158532333295075,-0.5286954733117527,0.8763974656332408,1.6613319528023927,-0.45617705933897695,0.8084780408057156,1.683559676471925,-0.39922378305962536,0.7435338789264098,1.5189174798545457,-0.2707101679499574,0.82302617858972,1.2037397654640751,-0.19305098219620484,0.819554195301422,-25.165401458740234,-7.257369041442871,-20.095890045166016,9.02073860168457,0.18657317757606506,-10.3114652633667,-0.526801586151123,-0.12191013246774673,-1.0558632612228394,-0.11785959452390671,-0.019057555124163628,-0.15841573476791382,-926.988037109375,177.757080078125,-1443.160400390625,-376.4861755371094,108.7659683227539,233.96783447265625
1.4119318944728927,-0.23404145280256966,1.1027868926919848,1.533037437113705,-0.25307546121789914,1.0072583702226348,0.4244603836378514,-0.02377086655785714,0.1281301460617426,1.2996040408974452,-0.13083770170511788,0.5768116146128699,1.4435680895451677,-0.19858020632866993,1.2772492711117727,1.582597954383749,0.24397944402418392,1.0823052730781353,1.5583767677774492,-0.2137388175982513,1.311102070161049,1.5536378262848247,0.5048117088955759,1.3185728480484311,1.5500329689474293,0.3558875042081669,1.1976238275995317,0.4987832049265602,-0.04310368187725553,0.17756905663289776,0.910317226158862,-0.05436791770702956,0.1857531260674363,0.46012446452055544,-0.13017704130600627,0.12984955601936934,1.6473857918322479,0.20192219810375317,1.1120894334174152,0.8869764838392371,-0.18571200167501212,0.15697757347135355,1.1190609481950469,-0.15413288712896261,0.7067271901282254,1.47194686235971,-0.07313671330643805,1.086920611905736,0.9650908696730405,-0.04957807251554452,0.24938496819000372,0.7967748641967772,-0.02315648915924578,0.14995512657410265,0.35288319810731517,-0.14298556878274646,-0.002241981321396831,1.5073890046568106,0.14439874433523772,1.0640309058277813,1.569481356254476,0.41121216266360505,1.3224660852886982,1.632954209056121,0.4604758452500729,1.2742169977023903,1.6961834083329763,-0.14376919538966867,-0.03478770542717138,1.222376411719038,-0.403965150875761,0.6419803346229704,1.263970082169337,-0.31243417308425275,0.9759323026565526,1.4363776504598704,-0.3655040322352719,1.2299309657109494,1.45543094423433,-0.5673062572416091,0.6919534281389603,1.5521905962994555,-0.3729253767539334,1.2616427043415852,1.7528413494691153,-0.3993000580577661,0.849627008698634,1.6197536714029628,-0.5064473574524684,0.7268015955457624,1.6214249832740684,-0.07387368494509071,0.01991492033695543,1.5032481851167236,-0.3344972198767378,0.30403133832066265,1.7173378672820843,-0.030754879326713794,0.008255554026991916,1.4256175795927741,-0.4742916880656552,0.6663451025028102,1.5088077080960305,-0.22238335945945703,0.3799295903041663,1.1014155595507842,-0.2557404655099705,0.7149066230319193,1.4264155614455014,-0.4130436486953142,1.044383804529708,1.4042233303682694,-0.377043002291231,0.36415759765154476,1.5825120565907056,-0.2801599084146765,0.1701170943233351,1.8616105365437388,-0.0831058265653667,-0.009303842726724828,1.4169208099510495,-0.5287250874453033,0.8759207038689923,1.6618184735443418,-0.45653959940995603,0.8081362385623503,1.6842500646382768,-0.3996119404470684,0.7433505212234346,1.519831610436471,-0.2718345231765153,0.8216211039893675,1.2047256602356766,-0.19209808348030447,0.820433812425626,-25.369056701660156,-10.032414436340332,-20.1649112701416,9.398815155029297,0.17565570771694183,-11.383766174316406,-0.7403501272201538,0.12712663412094116,-1.2896946668624878,-0.07118676602840424,-0.02398664318025112,-0.14402468502521515,-923.40185546875,165.06961059570312,-1435.738525390625,-375.155029296875,107.76075744628906,231.63002014160156
1.4153104114611414,-0.23424178694948455,1.102470229990435,1.5352186248791926,-0.2541460189104869,1.0056409271347604,0.42733664154414286,-0.02023283864945099,0.12521738334503416,1.2995449198002846,-0.13101713680076282,0.5768353040052565,1.4482829418798153,-0.19851554930210114,1.276106733952137,1.5854289971834774,0.24306016536244499,1.082961391139504,1.5630335519645384,-0.21400957191918069,1.3093327368726795,1.5801946270150045,0.5053960021757923,1.322163479612363,1.5631471540754196,0.35529550382041,1.2001309321810865,0.5012473057437415,-0.03926699913248743,0.1752849985284128,0.9126113914693427,-0.0541342046383201,0.18519943454210336,0.46201728560671884,-0.12683212253826368,0.1290835659482227,1.6536961870872418,0.20079241463581465,1.1077733691164993,0.8886351626835121,-0.18539721454610888,0.15669565245706515,1.1197428977647363,-0.1528097041296644,0.7074112560575371,1.4777361975600383,-0.07362390635226732,1.0860969457800025,0.967142959797619,-0.04935335955082976,0.24891755858201858,0.7993020527804923,-0.02228603150929941,0.14911543506364167,0.35491262751304536,-0.14093406646456952,-0.0034186437083037593,1.5103157888974572,0.14394910599024885,1.067052213758822,1.5937015651077606,0.41090928481904104,1.323572501441501,1.6533856920848606,0.458920326898035,1.2695444601261068,1.6960959777926767,-0.1438559971700441,-0.03483539980077585,1.2218457041986732,-0.40359487251335424,0.6436673101802534,1.2655877624915923,-0.31183262475279,0.9768432319559008,1.4397814749487186,-0.36554283550046135,1.2294825964810834,1.455750855783753,-0.5668974787194209,0.6914030728948037,1.5557067587675635,-0.3733974353268446,1.260563377315635,1.7534563338124989,-0.3999455119205626,0.8495485461902934,1.6202204484023794,-0.5064618872688306,0.72645051658943,1.6212912588719501,-0.07397533300647277,0.019939614897778887,1.5021802181044952,-0.3340149443867981,0.30434220402643375,1.7172546177510395,-0.030896041144475035,0.008384287785985404,1.4261765622145293,-0.4737229682751839,0.6659818888697403,1.5074509986189029,-0.22167643909620138,0.3800311123101127,1.101685103596441,-0.2543010279930981,0.7160408012322242,1.4278724116600112,-0.4133184647421963,1.0439134926985432,1.4034528552696406,-0.3768622682781409,0.3651034090396583,1.5819128980699755,-0.27995744095930203,0.17038501956999694,1.861575398224079,-0.08333176005607013,-0.009225369222918594,1.4179910299004308,-0.5287450773037032,0.8754504048666417,1.6623146360283656,-0.45691427317084066,0.8078380279391018,1.6849567203332256,-0.3999672803953783,0.7431791050742004,1.5207458574645567,-0.27286042026336615,0.8202463577914713,1.2056887548490864,-0.19114594748675434,0.8212990135151819,-25.267650604248047,-11.742514610290527,-20.802812576293945,9.736069679260254,0.2119491845369339,-11.484431266784668,-0.7179446816444397,0.3336245119571686,-1.6018753051757812,-0.09860360622406006,-0.05973721295595169,-0.13332916796207428,-925.732666015625,157.53253173828125,-1429.092529296875,-373.815673828125,106.88077545166016,226.11741638183594
1.4186557176097336,-0.2344216585948767,1.102136639569769,1.5372615042111728,-0.2551258143210252,1.0040641778352246,0.4303207365882314,-0.016882290397555243,0.1222495284696292,1.299443759665584,-0.1311886825703627,0.5769038350376862,1.452897629201017,-0.19846463203430176,1.2749042771509942,1.5884811372946426,0.2423231889869994,1.084751806511784,1.5676827130728204,-0.2142287373345419,1.3074471516324986,1.606918238646144,0.5035176766629252,1.324430498066327,1.5762106961761864,0.3537255282828352,1.2029063299002234,0.5037074408783815,-0.03555441475072489,0.17292306310688452,0.9148556984813005,-0.05390812165492421,0.18468755434285733,0.46399667207768397,-0.12350268464609528,0.12828221403999843,1.6596596762044533,0.1996120196699308,1.1033517588053323,0.8901920369918771,-0.18512539131357184,0.15656529968937502,1.120521116730393,-0.15136080338860208,0.7080509848152564,1.4833929136099397,-0.07418545419411937,1.0853673630202845,0.9691793133091451,-0.04920725257980904,0.2484982696590045,0.8017410434634478,-0.021441842127122728,0.14823240130547666,0.3571143679271468,-0.13930278986889816,-0.0042224919226093605,1.513658199089252,0.14330819703095804,1.0712071183501486,1.6179792833644004,0.40865670647842234,1.3233076602417901,1.6718212737152887,0.4561048915844093,1.2642282768590567,1.6959986260395177,-0.14395537212589718,-0.034883733518076256,1.2212116086719842,-0.4031973528546214,0.6453976840372905,1.2671995012965422,-0.3112130486807287,0.9777734291474549,1.4432507121799794,-0.365564584929422,1.22900603307004,1.4561124140063657,-0.5664640372952089,0.6909101850149648,1.5592741808354456,-0.3738066875776707,1.2595273785243761,1.7540394525654268,-0.40050823996398616,0.8494923923978742,1.6207062550727893,-0.5064963015499494,0.726132774589867,1.6211539191126034,-0.07409168947611422,0.019955918291546648,1.501172226785824,-0.3334264502620066,0.3047542927280956,1.7171172779916928,-0.031041335487207812,0.008528233326922171,1.4266229362677265,-0.4732320837627184,0.6657225817244574,1.5062031982750295,-0.2209237977763676,0.3801084898954985,1.1018721109983936,-0.25277072309658244,0.7170618243564831,1.4292649701731093,-0.4135742511180852,1.0434432369194284,1.402844426647717,-0.3768932708841286,0.366163636674944,1.5812250091540103,-0.2795911123421019,0.17060900000941673,1.8615227156127525,-0.08356473333393498,-0.009124273243082688,1.419067611757493,-0.5287419036524186,0.8749956603081811,1.6628340040611116,-0.4573181500498032,0.8076447327405412,1.685702528385137,-0.40024363599865637,0.7430364296136313,1.5216603847528924,-0.2736493503021088,0.8189446053757574,1.2065969745054939,-0.19019564719784351,0.8221295183857544,-24.784067153930664,-11.964322090148926,-21.360097885131836,9.775771141052246,0.3806963860988617,-10.696077346801758,-0.5294732451438904,0.269282728433609,-1.4453506469726562,-0.15684491395950317,-0.06462407112121582,-0.119845449924469,-926.630859375,155.02960205078125,-1422.4365234375,-372.1532287597656,105.76409912109375,219.23358154296875
1.422001023758326,-0.2346015302402689,1.1018030491491027,1.5393043835431535,-0.25610560973156365,1.0024874285356888,0.4333048316323205,-0.013531742145658925,0.11928167359422374,1.2993425995308832,-0.1313602283399626,0.5769723660701158,1.4575123165222192,-0.19841371476650238,1.2737018203498511,1.5915332774058082,0.2415862126115537,1.0865422218840644,1.5723318741811032,-0.21444790274990316,1.3055615663923175,1.633641850277288,0.501639351150058,1.3266975165202917,1.5892742382769554,0.35215555274526017,1.2056817276193605,0.5061675760130219,-0.031841830368961724,0.17056112768535583,0.9171000054932588,-0.053682038671528265,0.1841756741436112,0.46597605854864943,-0.12017324675392631,0.12748086213177404,1.6656231653216658,0.19843162470404677,1.0989301484941647,0.8917489113002424,-0.18485356808103473,0.1564349469216849,1.12129933569605,-0.14991190264753948,0.7086907135729759,1.4890496296598421,-0.07474700203597151,1.084637780260566,0.9712156668206714,-0.0490611456087883,0.24807898073599038,0.8041800341464036,-0.020597652744945905,0.14734936754731154,0.3593161083412486,-0.13767151327322652,-0.005026340136915099,1.5170006092810473,0.14266728807166712,1.0753620229414758,1.6422570016210443,0.40640412813780324,1.3230428190420795,1.6902568553457198,0.45328945627078315,1.258912093592006,1.6959012742863586,-0.14405474708175028,-0.03493206723537666,1.2205775131452952,-0.40279983319588847,0.6471280578943278,1.2688112401014922,-0.3105934726086673,0.9787036263390093,1.4467199494112406,-0.3655863343583827,1.2285294696589968,1.4564739722289786,-0.5660305958709969,0.6904172971351257,1.5628416029033283,-0.3742159398284969,1.2584913797331172,1.7546225713183548,-0.4010709680074098,0.849436238605455,1.6211920617431994,-0.5065307158310681,0.725815032590304,1.6210165793532567,-0.0742080459457557,0.019972221685314415,1.500164235467153,-0.33283795613721506,0.3051663814297575,1.716979938232346,-0.031186629829940613,0.008672178867858964,1.4270693103209238,-0.4727411992502528,0.6654632745791744,1.5049553979311558,-0.22017115645653365,0.38018586748088434,1.1020591184003463,-0.25124041820006654,0.7180828474807424,1.4306575286862075,-0.4138300374939742,1.0429729811403134,1.402235998025793,-0.3769242734901163,0.36722386431022985,1.5805371202380452,-0.27922478372490167,0.17083298044883652,1.861470033001426,-0.08379770661179987,-0.009023177263246763,1.4201441936145556,-0.5287387300011338,0.8745409157497204,1.6633533720938576,-0.4577220269287659,0.8074514375419806,1.6864483364370484,-0.4005199916019345,0.7428937541530621,1.5225749120412284,-0.27443828034085155,0.8176428529600434,1.2075051941619015,-0.1892453469089325,0.8229600232563271,-24.391523361206055,-10.955866813659668,-21.319652557373047,9.5505952835083,0.5290693044662476,-9.943268775939941,-0.2856566309928894,0.07694019377231598,-1.0947307348251343,-0.1823192685842514,-0.031084073707461357,-0.12324036657810211,-920.0887451171875,154.10975646972656,-1417.074951171875,-370.64337158203125,104.69585418701172,215.98806762695312
1.424983944324468,-0.23473742870700282,1.101496554368379,1.5411339662722403,-0.2569494289870293,1.0010772081005652,0.43598983579913503,-0.010527143327346711,0.11659678042132343,1.299243465559372,-0.13151398222178023,0.5770404678306832,1.4616405873109173,-0.19834162724136517,1.2725962874115697,1.594531581101828,0.2408786284805134,1.0883432717512773,1.5765250112047258,-0.21463418880243174,1.303837707895317,1.657670733549736,0.4994176510746117,1.3284712157502079,1.6012025108400556,0.35042852952780323,1.208256649655222,0.508390340978736,-0.028492129525009496,0.16842373435860447,0.9191133299016004,-0.05348595857176165,0.18372086134572693,0.46778240267014654,-0.11718250793830459,0.12675048030962222,1.670985834093283,0.19741458628351327,1.0948495288558355,0.8931462166719878,-0.18461625544440669,0.15633853954195187,1.122002483598444,-0.14861135110752477,0.7092747629083545,1.4940983135968642,-0.07526217206128384,1.084009665921824,0.973054160345469,-0.04892972510135332,0.24771495484161063,0.8063752785423732,-0.019865501709035713,0.1465437043186845,0.3612361119085589,-0.13619732156099867,-0.00572563677452601,1.5202524144917922,0.14204786559998597,1.0792995786035295,1.6640730689692962,0.4039158938538951,1.322525142439154,1.7064899174582875,0.4505494211288479,1.2541369187910827,1.695814270846891,-0.1441423413867982,-0.03497481219075768,1.219995033267318,-0.40243539322685723,0.6486950451569841,1.2702840092955836,-0.31004022476294185,0.9795373117686896,1.4498697854825202,-0.36558243050085787,1.2281038922979342,1.4568018297485958,-0.5656486556230002,0.6899855948047133,1.566060902661835,-0.37456229230426,1.2575499924602889,1.7551365143415945,-0.4015781024828652,0.8493828264293292,1.6216391538152632,-0.5065859297648171,0.725541820391914,1.6208936287867313,-0.0743124708039871,0.01998618304334729,1.4993018073751436,-0.33233909111543997,0.30551076823512446,1.7168455060744128,-0.03132724743459792,0.008807952414013883,1.4275038937069722,-0.4723001417537399,0.6652311374809569,1.5038578541863044,-0.21948664344304447,0.38025973076062486,1.1022229794634888,-0.2498514124297149,0.7189887169970581,1.4319108771962046,-0.41402204838020124,1.0425470376646282,1.401693723059648,-0.37696380429709986,0.3682020981580216,1.5799327504555911,-0.27892543582726786,0.1710419063240487,1.8614185637985634,-0.08400788913104706,-0.008924669613876687,1.4211069440210102,-0.5287322652655722,0.8741418048246018,1.6638018473094662,-0.45806306126891383,0.8072706312927979,1.6871186498774597,-0.4007723280136159,0.7427739045083128,1.5233612415806348,-0.27517003709117305,0.816466848581832,1.2083236330392344,-0.18838595209137496,0.8237084914122196,-24.426795959472656,-10.235858917236328,-21.01546287536621,9.420470237731934,0.5231127142906189,-9.824788093566895,-0.14442026615142822,0.017002297565340996,-1.0818520784378052,-0.19728976488113403,-0.02123764529824257,-0.13791115581989288,-903.6758422851562,148.0688018798828,-1409.753173828125,-368.80560302734375,103.29206085205078,216.44082641601562
1.4270733969890517,-0.2347649105435965,1.1012568643551,1.542437662549366,-0.25745799668774694,1.0000775674518372,0.43793742625129123,-0.008375488802180257,0.11460953420459849,1.2991493271281387,-0.13162386989751398,0.5771075112140731,1.4645695897522348,-0.1982173440817571,1.2717297219282744,1.5973971501880921,0.24024351143481723,1.0901705411491014,1.5795938129851357,-0.2147394102190109,1.3025125894720193,1.6750557175929954,0.49634935509487527,1.3290286279277295,1.6103317567844255,0.3483143025478782,1.2103372954374905,0.5100278657003742,-0.026037124300141455,0.1668399534379411,0.9205571627182675,-0.05336385109887416,0.18340674920982086,0.4691621078955415,-0.11502683753554811,0.1261950764583042,1.674867169943866,0.1968003062420334,1.0916096276005376,0.8941501020793092,-0.1844640292770026,0.15632582510149243,1.1225205425000349,-0.1476765570804379,0.7097215336679622,1.4976478838762697,-0.07566299678029995,1.0836317237244537,0.9744048266616088,-0.048834514323103914,0.24748718089713959,0.807969562265257,-0.019409583147541227,0.14592879946460793,0.3624614884225737,-0.13511042533726103,-0.006167159697182728,1.523280831559604,0.1414814184339631,1.0827012567330667,1.6798198935606605,0.40084664577877316,1.3213840957903704,1.7172926297250952,0.4479952864102183,1.2506956096911277,1.6957527813532494,-0.14420089029417132,-0.0350037779572685,1.2195398126611647,-0.40215251180312495,0.6498591999541844,1.2714141465180755,-0.30965051030283736,0.9801330457854744,1.4522321324869494,-0.36551527802320505,1.2278040219221684,1.4570465976039306,-0.5653936924129133,0.6897047465013353,1.5684219008644682,-0.3747535643001266,1.2568418715173835,1.7554799034106021,-0.4019481700579851,0.8493361737554437,1.621990794377611,-0.5066924256007402,0.7253783971860709,1.6208061550231958,-0.07438747806856963,0.019994370071895865,1.4987982679281804,-0.33206120819248114,0.3056882348479024,1.716718242657895,-0.031456334460896754,0.008923577766137692,1.4279094069998786,-0.4719819336241445,0.6650659886022278,1.503130770676973,-0.218970101943474,0.38032492945920554,1.10232977282922,-0.24881078209111243,0.719610673307583,1.4328210010433828,-0.4140568196970895,1.0422303469370533,1.401314551072405,-0.3770243615306766,0.3689781749090611,1.5795342985367933,-0.2787912300485649,0.17121371491164558,1.8613700862751892,-0.0841618806419783,-0.008832543537896505,1.4217890410233807,-0.528717686304983,0.8738798595816885,1.664075535062133,-0.4582491562461221,0.8071206167636328,1.6876028300515862,-0.4009654446942917,0.7427103323060156,1.5238314973597495,-0.27576083211314595,0.8156008781581526,1.2089207158578152,-0.18775068628077482,0.824254696633642,-24.898420333862305,-11.312909126281738,-20.91626739501953,9.649975776672363,0.37406590580940247,-10.53225040435791,-0.1346699744462967,0.09292319416999817,-1.1678489446640015,-0.2191322147846222,-0.030590150505304337,-0.16208486258983612,-887.8267211914062,137.44314575195312,-1402.75439453125,-367.42437744140625,102.01823425292969,218.747802734375
1.4291628496536353,-0.2347923923801902,1.1010171743418207,1.5437413588264919,-0.25796656438846455,0.999077926803109,0.4398850167034475,-0.006223834277013801,0.11262228798787355,1.2990551886969055,-0.13173375757324773,0.577174554597463,1.4674985921935526,-0.198093060922149,1.2708631564449793,1.6002627192743561,0.23960839438912104,1.0919978105469252,1.5826626147655458,-0.2148446316355901,1.3011874710487217,1.692440701636255,0.49328105911513875,1.3295860401052513,1.6194610027287957,0.3462000755679532,1.212417941219759,0.5116653904220124,-0.023582119075273415,0.16525617251727778,0.9220009955349345,-0.05324174362598667,0.1830926370739148,0.4705418131209365,-0.11287116713279163,0.12563967260698616,1.6787485057944487,0.19618602620055353,1.0883697263452397,0.8951539874866308,-0.1843118031095985,0.15631311066103298,1.1230386014016258,-0.14674176305335104,0.71016830442757,1.5011974541556752,-0.07606382149931605,1.0832537815270835,0.9757554929777484,-0.0487393035448545,0.24725940695266854,0.8095638459881408,-0.01895366458604674,0.14531389461053137,0.3636868649365884,-0.1340235291135234,-0.006608682619839446,1.526309248627416,0.14091497126794028,1.0861029348626037,1.6955667181520249,0.3977773977036512,1.320243049141587,1.728095341991903,0.4454411516915887,1.2472543005911725,1.6956912918596079,-0.14425943920154444,-0.03503274372377932,1.2190845920550113,-0.40186963037939266,0.6510233547513846,1.2725442837405676,-0.30926079584273286,0.9807287798022591,1.4545944794913788,-0.3654481255455522,1.2275041515464025,1.4572913654592652,-0.5651387292028264,0.6894238981979572,1.5707828990671016,-0.37494483629599307,1.2561337505744783,1.7558232924796098,-0.4023182376331051,0.8492895210815581,1.622342434939959,-0.5067989214366635,0.7252149739802278,1.6207186812596606,-0.07446248533315215,0.020002557100444438,1.498294728481217,-0.3317833252695223,0.3058657014606804,1.7165909792413774,-0.031585421487195585,0.0090392031182615,1.4283149202927847,-0.47166372549454905,0.6649008397234987,1.5024036871676414,-0.21845356044390352,0.38039012815778617,1.1024365661949511,-0.24777015175250997,0.7202326296181077,1.433731124890561,-0.41409159101397786,1.0419136562094784,1.400935379085162,-0.3770849187642533,0.36975425166010056,1.5791358466179957,-0.2786570242698619,0.1713855234992425,1.861321608751815,-0.08431587215290952,-0.008740417461916325,1.422471138025751,-0.5287031073443937,0.8736179143387751,1.6643492228147998,-0.45843525122333045,0.8069706022344678,1.6880870102257128,-0.4011585613749674,0.7426467601037183,1.5243017531388643,-0.2763516271351188,0.8147349077344731,1.2095177986763959,-0.18711542047017468,0.8248009018550645,-25.13894271850586,-13.763484954833984,-21.27440071105957,10.038536071777344,0.2990618348121643,-11.284109115600586,-0.23487162590026855,0.22778302431106567,-1.0575904846191406,-0.20120391249656677,-0.02183450758457184,-0.18153733015060425,-875.58349609375,123.70771789550781,-1394.265625,-365.92156982421875,100.62623596191406,219.4781494140625
1.4315326606595753,-0.2348060045169284,1.1007209199153825,1.5452016084794176,-0.2585299049584281,0.9979581430258341,0.44205070864285845,-0.0038052301727458265,0.11040949778298281,1.298941014223541,-0.13186027257647734,0.5772681308305816,1.470826447996872,-0.19793728090181256,1.269858059898907,1.6038969253862139,0.2387304401752965,1.0941773812897158,1.5861412497940441,-0.2149590231132823,1.2996576609990456,1.7120152054638256,0.4890107046689421,1.329884378720593,1.6302619700794974,0.3432008258949054,1.2147992626325972,0.5135244140956575,-0.020847368979246907,0.16350839361055014,0.9236638354544607,-0.05314516108359722,0.1827396397164326,0.4721383204720667,-0.1104277872930695,0.12499397859865469,1.6829986353188948,0.19571633669023483,1.084384599071465,0.8962944633518622,-0.18416073708640818,0.156335095079332,1.1236318207734468,-0.14566438941174,0.710673574580262,1.5051719662764214,-0.0765148080416665,1.0828640157023803,0.9772866355464948,-0.04865319708621265,0.24700888855666514,0.8114063021363012,-0.018456927053507016,0.1445943377171921,0.3651575170309338,-0.13295682502404746,-0.006990187415168521,1.5302048966979347,0.14016576834171027,1.0901589174539046,1.713330151821603,0.3935745354519777,1.3184662265888114,1.7399254835994034,0.44226491811457075,1.2436332858556154,1.6956238961772414,-0.1443290144007727,-0.03506164304566699,1.2185516010057058,-0.4015073472794318,0.6523470441434557,1.273849187899899,-0.3088205075323187,0.9814143385121364,1.4572640833080999,-0.3653794290214185,1.2271670553068452,1.4575816278426064,-0.5648719986148228,0.6891372899543371,1.573489358685664,-0.37514003450112626,1.2553007559271048,1.7562128398197376,-0.4026976032367605,0.8492357247317863,1.6227419437556867,-0.5069361407038392,0.7250475514408768,1.6206292500164334,-0.07453623823574837,0.02000082296239126,1.4976944737876488,-0.33143801617109225,0.30608119830390473,1.7164666070448642,-0.03172673010544863,0.009147922184614351,1.4287683805882536,-0.47133183188193684,0.6647341271109929,1.5015941420138277,-0.21786600405609374,0.380472893549117,1.1025251122499933,-0.24658287074786941,0.7209466437235573,1.4347968908729931,-0.4141303672893158,1.041548388485877,1.4005179237450984,-0.3771593386665085,0.37068895176546457,1.578671819129527,-0.27852169350283035,0.17155865254189004,1.8612705887548182,-0.08449187898231263,-0.008631971145098083,1.4232484090407163,-0.5286830159409946,0.873348313550286,1.6646804987200048,-0.45864657687627713,0.8068235407996651,1.6886786267852152,-0.4014608075484535,0.7425624656164094,1.5245922582828446,-0.27686289673214715,0.8137330218458808,1.2101783983360064,-0.18639519835347373,0.8254276112412775,-24.777591705322266,-16.64126205444336,-21.792131423950195,10.309850692749023,0.3659277558326721,-11.548014640808105,-0.3533773720264435,0.30598583817481995,-0.8942583799362183,-0.16555604338645935,-0.007696236949414015,-0.156692773103714,-871.7286987304688,111.75608825683594,-1385.8497314453125,-364.3043212890625,99.36127471923828,216.51361083984375
1.434610745369993,-0.23478457741192635,1.100281765918858,1.547057361397522,-0.2592316190928023,0.9965348397659152,0.4447673938132278,-0.000712227131801575,0.10762691223956913,1.2987762223805812,-0.13202879345969648,0.5774287374209094,1.4751619333462995,-0.19770192986489923,1.2685029901416098,1.609472951352201,0.2372390025893585,1.097246976482947,1.5906552530282376,-0.21509658106115478,1.2976107352616773,1.7371211276938563,0.4817035709390583,1.3295282157051642,1.645286233614611,0.33796572941818026,1.2179401856384529,0.5159430140691086,-0.017405894998189904,0.16134630400218727,0.9258799564759461,-0.05311306257615026,0.1822884060097057,0.47428253845663243,-0.10725756255996173,0.12412018314102634,1.6881804541246777,0.19561192852179737,1.078516795540488,0.897780009847603,-0.18401260195386332,0.15644473977238926,1.1244149192279538,-0.14422681463870002,0.7113266326733771,1.5102200156805528,-0.07709251919033507,1.0824443796612568,0.9792737181218253,-0.048590091013947866,0.24670091049363285,0.813875720200949,-0.017857067909905894,0.1436103967246631,0.3672478126966399,-0.1319411326421808,-0.007220067467774857,1.5362914441437117,0.13895486665285195,1.095867879738081,1.7361881768466603,0.38650780580691213,1.3150832333312132,1.7543512361728582,0.4375170663689939,1.239558277935382,1.6955415795970437,-0.14442644549521388,-0.03509037450745406,1.2178221372579108,-0.4009444704711043,0.6540737683015152,1.2755956085312443,-0.308252453705333,0.9823268227624576,1.4607099148611355,-0.3653068317482803,1.2267359147798147,1.4579868237703841,-0.5645755399141881,0.6888361302827368,1.5770685629339405,-0.3753451515507224,1.2541522908684435,1.756718997529011,-0.40310045859671584,0.8491638812008283,1.623262382895741,-0.5071509770604948,0.7248700253221373,1.6205348735613538,-0.0746068222238528,0.01997402482450206,1.4968498858395003,-0.3309223672609456,0.306392771518783,1.7163495389830987,-0.03189891432442806,0.009239193792177344,1.4293429701533538,-0.470965364417493,0.6645634640131566,1.500576272705533,-0.2170990416348376,0.3806000379537115,1.1025675598359266,-0.2450251038500806,0.7218932248898688,1.4362558580392242,-0.4141792613544211,1.0410603999302088,1.4000037525663314,-0.37726878004753034,0.3720243845554376,1.5780421270439957,-0.2783835206600215,0.17173511747098125,1.8612131456665646,-0.08472350345838148,-0.00848229474616269,1.4242661196664468,-0.5286489983662864,0.8730593724361319,1.6651572604842533,-0.4589216431837208,0.8066839398137781,1.6895416615814562,-0.4020387492827232,0.7424258200932813,1.5244286565591167,-0.27717325999247316,0.8123877705722456,1.2109994615940067,-0.1854603497792554,0.826257699570119,-24.174541473388672,-17.828927993774414,-21.903854370117188,10.299921989440918,0.4952974021434784,-11.188737869262695,-0.4223957657814026,0.18651853501796722,-0.8864452838897705,-0.14375993609428406,-0.01105201244354248,-0.11257680505514145,-873.02734375,106.84022521972656,-1379.3399658203125,-362.6542053222656,98.39608001708984,210.9276123046875
1.437688830080411,-0.2347631503069243,1.0998426119223337,1.5489131143156265,-0.25993333322717643,0.9951115365059962,0.44748407898359704,0.002380775909142676,0.10484432669615544,1.2986114305376217,-0.1321973143429156,0.5775893440112373,1.4794974186957273,-0.1974665788279859,1.2671479203843126,1.6150489773181882,0.23574756500342053,1.100316571676178,1.5951692562624313,-0.21523413900902727,1.295563809524309,1.7622270499238872,0.47439643720917446,1.3291720526897355,1.6603104971497245,0.3327306329414551,1.2210811086443083,0.5183616140425596,-0.013964421017132897,0.1591842143938244,0.9280960774974315,-0.05308096406870331,0.18183717230297877,0.47642675644119814,-0.10408733782685396,0.123246387683398,1.6933622729304605,0.19550752035335991,1.072648992009511,0.8992655563433437,-0.18386446682131846,0.15655438446544653,1.1251980176824607,-0.14278923986566006,0.7119796907664924,1.5152680650846841,-0.07767023033900364,1.0820247436201336,0.9812608006971559,-0.048526984941683074,0.24639293243060054,0.8163451382655967,-0.017257208766304773,0.14262645573213414,0.36933810836234604,-0.13092544026031414,-0.007449947520381192,1.5423779915894886,0.13774396496399366,1.1015768420222571,1.7590462018717175,0.3794410761618465,1.311700240073615,1.7687769887463127,0.4327692146234171,1.2354832700151486,1.695459263016846,-0.14452387658965507,-0.03511910596924112,1.2170926735101157,-0.40038159366277676,0.6558004924595748,1.2773420291625899,-0.3076843998783472,0.983239307012779,1.4641557464141715,-0.36523423447514214,1.2263047742527842,1.458392019698162,-0.5642790812135533,0.6885349706111366,1.580647767182217,-0.3755502686003186,1.253003825809782,1.757225155238284,-0.40350331395667116,0.8490920376698703,1.6237828220357957,-0.5073658134171505,0.7246924992033977,1.6204404971062742,-0.07467740621195723,0.019947226686612862,1.4960052978913516,-0.33040671835079893,0.3067043447336613,1.7162324709213332,-0.032071098543407485,0.009330465399740338,1.4299175597184541,-0.47059889695304913,0.6643928009153202,1.4995584033972382,-0.21633207921358144,0.38072718235830594,1.1026100074218599,-0.24346733695229178,0.7228398060561804,1.4377148252054555,-0.4142281554195265,1.0405724113745405,1.399489581387564,-0.3773782214285522,0.3733598173454106,1.5774124349584644,-0.27824534781721255,0.17191158240007245,1.861155702578311,-0.08495512793445031,-0.008332618347227297,1.4252838302921773,-0.5286149807915782,0.8727704313219778,1.6656340222485018,-0.4591967094911644,0.8065443388278911,1.6904046963776973,-0.40261669101699293,0.7422891745701531,1.524265054835389,-0.2774836232527991,0.8110425192986105,1.2118205248520073,-0.18452550120503708,0.8270877878989604,-23.80729866027832,-17.511045455932617,-21.823301315307617,10.241150856018066,0.5795238614082336,-10.696953773498535,-0.3002489507198334,-0.09970223903656006,-0.9654371738433838,-0.16458216309547424,-0.020324362441897392,-0.10782933980226517,-871.877197265625,105.35368347167969,-1372.4100341796875,-360.68017578125,97.34146118164062,204.56793212890625
1.4407130558759171,-0.23470477878257928,1.099423197721014,1.5508215877394014,-0.26052221497952543,0.9937493812958926,0.4501810547531835,0.005390239407659937,0.10217371696470591,1.2984334309369523,-0.13233680855359461,0.5777718290587924,1.4838882329448169,-0.19720298999192698,1.2657731992519454,1.6211033783211612,0.23404137701388228,1.1033476599004883,1.5996804853148807,-0.21533181533118748,1.2935024602523704,1.7872595723891098,0.46607403309139994,1.328373656367624,1.6758340581363398,0.32677136726726763,1.2239126717017976,0.520787154996632,-0.010601482400362287,0.15708450380934785,0.9302901100638686,-0.053046667491955475,0.18141813457801642,0.47857017311828814,-0.10096635896441165,0.12237252521988573,1.6980952821819988,0.19570315762466153,1.0667721696247328,0.9007058869923977,-0.18374495770757562,0.15673814595535102,1.125976916180541,-0.14133105905640206,0.7126351859395867,1.5202637587162042,-0.07831160882056154,1.0816003328917043,0.9832239324683385,-0.04848301215775755,0.2461092740494684,0.8188175957723959,-0.016690219289913086,0.14163991187187222,0.3712537411032923,-0.12987633888295155,-0.007668037084702228,1.5490575176201118,0.1363159048044129,1.1072527904384184,1.781597232187031,0.3716124854735192,1.3075616746548786,1.782893292951268,0.42775344710476354,1.231987413981103,1.6953746917231982,-0.14460711210768742,-0.035146433761380366,1.216353748807844,-0.39984574302142817,0.6575436793415752,1.2791100574644985,-0.307138627925456,0.9841438500296991,1.4676394438901483,-0.36511893856604366,1.2258402109146118,1.4588008519040039,-0.5640064904231898,0.688264288254921,1.584248501733439,-0.3757555072276008,1.25181674325703,1.7577306940066104,-0.40387275479487234,0.849011490281844,1.624273552010391,-0.5075280674245973,0.7245418417532712,1.6203548079294874,-0.07473493717758861,0.019903487458035645,1.4952084347112289,-0.32989799384249757,0.30706640860892287,1.716140481020441,-0.03222910618249154,0.009402837376079417,1.4304299125608229,-0.4702841967146918,0.6642517143527403,1.498573979005119,-0.21554359063407444,0.3808529534876741,1.102666414336653,-0.241942561817485,0.7237813859585894,1.4392048278391756,-0.4142411094627633,1.040128047103124,1.3989979462907804,-0.37746838998320875,0.37472896031196545,1.5767489111186652,-0.2780926381515351,0.17208516676694352,1.8611017189278507,-0.0851793700200043,-0.008189720940461618,1.4263031103753097,-0.5285508174769926,0.8725045899681697,1.666135165865058,-0.4594866110394333,0.8064150829978337,1.6912039581513563,-0.40313367259423466,0.7421423994152752,1.524200682608497,-0.277854543253286,0.8097093871097691,1.2126248214418525,-0.18360275513683724,0.8279096586814779,-23.91938018798828,-16.43953514099121,-21.971450805664062,10.275849342346191,0.5336251258850098,-10.534918785095215,-0.0367952436208725,-0.2335892617702484,-0.9323676228523254,-0.24831603467464447,-0.02146405167877674,-0.1310153752565384,-863.8585815429688,102.92835998535156,-1365.777587890625,-359.06396484375,96.33920288085938,201.8595428466797
1.443597825552454,-0.234550747601007,1.099054895489421,1.5528665696153576,-0.26081894145698736,0.9925455558576332,0.4528269972528841,0.008183395162391137,0.09979304460352238,1.298221232677927,-0.13240114441573225,0.5780109636830968,1.4884223095233864,-0.19686628542593776,1.264347595094845,1.6283964289734691,0.2317791388721657,1.1062790425802695,1.6041845312181684,-0.21532622672962826,1.29140376432842,1.8121020418918672,0.4551228038621271,1.326430191662138,1.692650442881299,0.3189370206353685,1.2259432134644084,0.5232306681326682,-0.0074418942804067734,0.15514631034029253,0.9324269493091973,-0.053006679485767885,0.18108246144869472,0.4807115149813771,-0.0979728917313729,0.12149848925899596,1.701666195266294,0.19667569826671613,1.0608719948506518,0.9020291408955655,-0.18369956953537386,0.15711381700852056,1.1267449397914457,-0.1398195233319375,0.7132969914090554,1.5251238882936387,-0.07911784021763607,1.0811635591336435,0.985125048764494,-0.04848858092399622,0.24588858627325652,0.821297923263335,-0.016208338773260476,0.1406466284433738,0.3727171216283412,-0.12874073207082345,-0.007855597706141543,1.5572724346293514,0.13432555931885523,1.112843256517751,1.80335336548603,0.36181121886960776,1.301466717033197,1.7962083469163495,0.4220439691022535,1.2299911476523673,1.6952842823322245,-0.14465359122251834,-0.035170127051752924,1.2155903269913024,-0.39937987084815046,0.6593294929194923,1.2809340341991147,-0.3066505501108454,0.9850278309244194,1.4712211870594527,-0.3648930836888339,1.2252891063690186,1.4592190994726901,-0.5637957004719223,0.6880725203760413,1.5879049843904987,-0.3759610606542486,1.250529668978508,1.7582346301599843,-0.4041556758892457,0.8489084061210519,1.6246873564672786,-0.5075541707064142,0.7244607549629464,1.6202916125982803,-0.07475867013860223,0.019815882905355554,1.4945351445911736,-0.32940719858897444,0.3075592072298195,1.7161134256432389,-0.032350406605774984,0.009426272807285089,1.4307811167461193,-0.47010353661530857,0.6641872098903783,1.497676153056669,-0.21469936468052553,0.380975168815117,1.1027589659422439,-0.24050321178325762,0.7247100161598218,1.4407751901655006,-0.4141610045208047,1.0397966385677162,1.3985646635491327,-0.37750865568388375,0.37618538855716877,1.575997787200852,-0.27790228849807325,0.1722512925352087,1.8610566927502488,-0.08538449698726072,-0.008064376281278327,1.4273264542320705,-0.5284085982287956,0.8722985604938293,1.666699441063483,-0.45981492526483847,0.8063126137319779,1.6918380933486863,-0.4034928109077428,0.7419693957496163,1.524393243900198,-0.2783822619559749,0.8084076346940553,1.2133857043373664,-0.18271134591457866,0.828710251888692,-24.267072677612305,-16.31422996520996,-22.201953887939453,10.412249565124512,0.4442618787288666,-10.852127075195312,0.16098660230636597,0.03227813541889191,-0.8689619898796082,-0.32672005891799927,-0.013363718055188656,-0.15582767128944397,-850.2612915039062,96.12181091308594,-1359.0635986328125,-357.7225036621094,95.20698547363281,202.46957397460938
1.4464825952289906,-0.23439671641943471,1.0986865932578282,1.554911551491314,-0.2611156679344493,0.9913417304193738,0.4554729397525848,0.010976550917122336,0.09741237224233887,1.298009034418902,-0.13246548027786986,0.5782500983074012,1.492956386101956,-0.1965295808599485,1.2629219909377447,1.6356894796257768,0.22951690073044909,1.109210425260051,1.6086885771214563,-0.21532063812806906,1.2893050684044696,1.8369445113946243,0.4441715746328542,1.3244867269566518,1.7094668276262581,0.3111026740034693,1.2279737552270191,0.5256741812687044,-0.004282306160451259,0.15320811687123717,0.934563788554526,-0.052966691479580295,0.18074678831937302,0.48285285684446605,-0.09497942449833416,0.1206244532981062,1.7052371083505893,0.19764823890877076,1.0549718200765705,0.9033523947987334,-0.1836541813631721,0.15748948806169014,1.1275129634023502,-0.13830798760747295,0.7139587968785241,1.529984017871073,-0.07992407161471062,1.0807267853755824,0.9870261650606494,-0.0484941496902349,0.24566789849704468,0.823778250754274,-0.015726458256607866,0.13965334501487542,0.37418050215339016,-0.12760512525869533,-0.00804315832758086,1.565487351638591,0.13233521383329755,1.1184337225970837,1.8251094987850291,0.3520099522656963,1.2953717594115157,1.8095234008814312,0.41633449109974346,1.2279948813236314,1.6951938729412508,-0.14470007033734922,-0.03519382034212548,1.2148269051747607,-0.39891399867487276,0.6611153064974095,1.2827580109337307,-0.30616247229623483,0.9859118118191396,1.474802930228757,-0.36466722881162406,1.2247380018234253,1.4596373470413764,-0.5635849105206546,0.6878807524971615,1.5915614670475584,-0.3761666140808964,1.249242594699986,1.7587385663133583,-0.40443859698361906,0.8488053219602597,1.6251011609241661,-0.5075802739882311,0.7243796681726216,1.6202284172670731,-0.07478240309961584,0.019728278352675464,1.4938618544711184,-0.32891640333545136,0.30805200585071607,1.7160863702660365,-0.03247170702905843,0.009449708238490763,1.4311323209314157,-0.46992287651592535,0.6641227054280161,1.4967783271082191,-0.21385513872697662,0.3810973841425599,1.1028515175478348,-0.23906386174903027,0.7256386463610541,1.4423455524918258,-0.4140808995788461,1.0394652300323082,1.3981313808074851,-0.37754892138455876,0.3776418168023721,1.5752466632830386,-0.2777119388446113,0.17241741830347387,1.8610116665726466,-0.08558962395451714,-0.007939031622095034,1.4283497980888316,-0.5282663789805987,0.8720925310194887,1.667263716261908,-0.4601432394902437,0.8062101444661223,1.692472228546016,-0.403851949221251,0.7417963920839575,1.524585805191899,-0.27890998065866374,0.8071058822783415,1.2141465872328803,-0.18181993669232005,0.829510845095906,-24.61227798461914,-17.99297332763672,-22.005552291870117,10.667510986328125,0.40704524517059326,-11.381067276000977,0.042121969163417816,0.3215869069099426,-0.9492243528366089,-0.2853143811225891,-0.010356370359659195,-0.14844350516796112,-833.8839111328125,83.88526916503906,-1351.56982421875,-356.2833557128906,93.77938842773438,204.76473999023438
1.4493795335292816,-0.23422246887687814,1.0983207768557088,1.556916955488407,-0.26141363189907263,0.9901327650673342,0.45809294387007393,0.013691872995137118,0.09512873203647844,1.297815061957631,-0.13249607968902746,0.5785261838641388,1.497514300591109,-0.19620528915860005,1.2614926200434071,1.6433844530819268,0.22703083481220215,1.1120488118651688,1.613203087389864,-0.21531486227516308,1.287197047906206,1.861911142109246,0.4320563014769394,1.3217224608983424,1.726580404682665,0.3026806078111098,1.229230270480478,0.5281224869537038,-0.0012213784259965646,0.1513231000708823,0.9366857670987679,-0.052959696007337395,0.18040506615741364,0.4849850532432266,-0.09208425404565615,0.11974458608603634,1.7084015937435706,0.1986811070499436,1.0496728361047656,0.9046502476496412,-0.18362236484293118,0.15791614982762084,1.1282622293131241,-0.1367932387584487,0.7146265075498859,1.5348064800761394,-0.08079647872325602,1.0802766272169075,0.9889202255089552,-0.048511073283160365,0.24546557220796875,0.8262744918959031,-0.015252216288893915,0.13864207867261588,0.37565840958364755,-0.12643988931317202,-0.008238896524027881,1.5741827067555183,0.1300347373752996,1.123795959136344,1.8465155968997655,0.34160295469279306,1.2883543636625174,1.8231033856505592,0.41006833655352615,1.2264195234570283,1.695107110880858,-0.1447439496436261,-0.03521627512766628,1.2140590761671004,-0.3984209452046464,0.6628501768538494,1.284558507977732,-0.3056981156993386,0.9867983816672635,1.4783592614906513,-0.36443286892396726,1.224171233295605,1.4600427855324272,-0.5633852688089901,0.6877385655183665,1.5952113389179408,-0.37636094870946263,1.2479546737197218,1.759263279224863,-0.40476848831437284,0.8487174458653721,1.625528773132539,-0.507635984693142,0.7243137460275991,1.6201714962128773,-0.07479390501976013,0.019634881898736124,1.4931633152709103,-0.3284109861941527,0.3085438410770025,1.7160725256070395,-0.03258451363626892,0.009456629763104464,1.4315021851204879,-0.4697404361718538,0.6640629012458372,1.4959025588256634,-0.2130088543655067,0.3812327776227566,1.1029471628713292,-0.23761053028090898,0.726588650353697,1.443955156187348,-0.4139516343738859,1.0391722595849573,1.3977249754185708,-0.3775792003467383,0.3790794846336573,1.5745432586069927,-0.27752340200128933,0.17258634605747186,1.8609623851760333,-0.08578485780895151,-0.007819726709307275,1.4293554263399137,-0.5281241217393748,0.8719164943260862,1.6678200454901386,-0.4604589943064759,0.8061231546449346,1.693055159998256,-0.40415499897192647,0.7416462493653329,1.5247990021247737,-0.27930659628072324,0.8058418460831737,1.2148672735059498,-0.1809245775521591,0.8303102768020125,-24.593856811523438,-20.587495803833008,-21.65958023071289,10.872902870178223,0.4083718955516815,-11.582300186157227,-0.2921334207057953,0.3364647924900055,-0.9477340579032898,-0.18393221497535706,-0.011276699602603912,-0.11744581162929535,-824.3106689453125,73.63268280029297,-1344.8408203125,-354.8512878417969,92.64391326904297,205.14723205566406
1.4523087739944458,-0.2339945560851634,1.0979615592009184,1.5588172982070618,-0.2617148808296153,0.9889101555805333,0.4606440933729638,0.01620058204041205,0.09310266809747716,1.2976694707049439,-0.1324371241575835,0.5789003573506084,1.5021354938974443,-0.19591394797066192,1.2600532501738593,1.6521463488900896,0.2239506078871671,1.1146403361629964,1.6177453757911326,-0.2153085893550456,1.285064274901586,1.8872073644044374,0.41685102080667313,1.3167793403398125,1.7444828922385405,0.29269841333098795,1.2284320971823686,0.5305835146777677,0.001577650830581288,0.1495792431547153,0.9387682972364867,-0.053040280716111325,0.18004728656336172,0.48709297259122325,-0.08945001686448302,0.11884923955265263,1.7104871983559715,0.19987411727968427,1.0459697404444614,0.9058806722527307,-0.18362657488971357,0.15847816875833548,1.1289617020562783,-0.13526996052423065,0.7153098938480907,1.5395289525290987,-0.08184455226588719,1.0797909395584209,0.9907955558884222,-0.048558138779654404,0.2453119873211084,0.8288129765466348,-0.014798251196544708,0.13758307586837293,0.3771748793440938,-0.12519600148627305,-0.008456342465040692,1.5841534066673932,0.12691100415409806,1.1285523499874088,1.8669925107071723,0.3295880167294816,1.2788883139755556,1.8373866412813296,0.40232445881856227,1.2259614862353596,1.6950300308252801,-0.14478092763992334,-0.0352354422458355,1.2132795480702887,-0.3978557377461566,0.6644498161132761,1.2862966771157371,-0.30529672815310244,0.9876918240098763,1.4818481356892363,-0.3641759320994876,1.2235628840149633,1.4604142217446636,-0.5632152206060902,0.6877279932925243,1.5988436621545954,-0.37652550252857586,1.2466645051311973,1.7598431449852243,-0.40522306427260896,0.8486699402727038,1.6259930386448538,-0.5077702896484476,0.7242880791228339,1.6201312305122022,-0.07477293908596039,0.01952611057963593,1.4923977512397513,-0.32786675458712294,0.3090331189285051,1.7160937494000061,-0.032674773022631144,0.009419714372037659,1.4319215831377647,-0.4695532700873369,0.6640155741710536,1.4950853436198457,-0.21215710586664696,0.3814031531084452,1.103051020609622,-0.23612008446099747,0.7275953920471747,1.445668927881102,-0.41369187101623084,1.0389813247895399,1.3973899171841855,-0.37758296905763894,0.38046735209345023,1.5739665268272753,-0.2773396773448843,0.17276271180996042,1.860901808107136,-0.08595382994571268,-0.007716454577860457,1.4303140277104662,-0.5279817636439342,0.8718200748329921,1.6683552817793081,-0.46074140960017573,0.8060772557132292,1.69350216878171,-0.4043091590830822,0.7415567920697446,1.525066977305128,-0.2793551928160206,0.8046779293098197,1.2154812560176218,-0.1800187331753851,0.8311066252506332,-24.185396194458008,-22.671463012695312,-21.710851669311523,10.908740043640137,0.40885984897613525,-11.424286842346191,-0.3731594681739807,0.13678181171417236,-0.8676499724388123,-0.13573114573955536,-0.004237337503582239,-0.10202398151159286,-820.4530029296875,66.99011993408203,-1336.2757568359375,-352.7559509277344,91.57042694091797,201.70806884765625
1.4552380144596098,-0.23376664329344865,1.0976023415461282,1.5607176409257166,-0.262016129760158,0.9876875460937324,0.4631952428758537,0.018709291085686985,0.09107660415847588,1.297523879452257,-0.1323781686261395,0.5792745308370779,1.5067566872037794,-0.19562260678272375,1.2586138803043114,1.6609082446982522,0.2208703809621321,1.1172318604608242,1.6222876641924013,-0.21530231643492811,1.2829315018969658,1.912503586699629,0.4016457401364068,1.3118362197812823,1.762385379794416,0.2827162188508661,1.2276339238842593,0.5330445424018314,0.004376680087159141,0.14783538623854828,0.9408508273742056,-0.053120865424885255,0.17968950696930983,0.4892008919392199,-0.0868157796833099,0.11795389301926892,1.7125728029683724,0.2010671275094249,1.042266644784157,0.9071110968558203,-0.18363078493649596,0.1590401876890501,1.1296611747994327,-0.1337466822900126,0.7159932801462956,1.5442514249820578,-0.08289262580851836,1.079305251899934,0.9926708862678892,-0.04860520427614845,0.24515840243424802,0.8313514611973666,-0.0143442861041955,0.13652407306412997,0.3786913491045401,-0.12395211365937409,-0.008673788406053502,1.5941241065792682,0.12378727093289651,1.1333087408384737,1.8874694245145793,0.3175730787661702,1.2694222642885937,1.8516698969121,0.3945805810835984,1.2255034490136911,1.6949529507697023,-0.14481790563622057,-0.035254609364004715,1.212500019973477,-0.39729053028766687,0.6660494553727029,1.2880348462537423,-0.30489534060686635,0.9885852663524892,1.4853370098878214,-0.363918995275008,1.2229545347343218,1.4607856579569,-0.5630451724031903,0.6877174210666821,1.6024759853912502,-0.3766900563476891,1.2453743365426728,1.7604230107455854,-0.4056776402308451,0.8486224346800356,1.6264573041571686,-0.5079045946037533,0.7242624122180686,1.6200909648115271,-0.07475197315216064,0.01941733926053573,1.4916321872085925,-0.32732252298009323,0.3095223967800077,1.7161149731929728,-0.03276503240899336,0.009382798980970851,1.4323409811550418,-0.46936610400282,0.6639682470962701,1.4942681284140278,-0.21130535736778722,0.38157352859413385,1.1031548783479148,-0.23462963864108596,0.7286021337406524,1.4473826995748555,-0.41343210765857574,1.0387903899941224,1.3970548589498002,-0.3775867377685395,0.38185521955324314,1.573389795047558,-0.27715595268847926,0.17293907756244897,1.8608412310382387,-0.08612280208247386,-0.007613182446413639,1.4312726290810187,-0.5278394055484936,0.8717236553398978,1.6688905180684777,-0.4610238248938756,0.8060313567815237,1.693949177565164,-0.4044633191942379,0.7414673347741563,1.5253349524854825,-0.27940378935131804,0.8035140125364658,1.2160952385292938,-0.17911288879861112,0.8319029736992538,-23.427688598632812,-22.903419494628906,-22.113218307495117,10.715472221374512,0.4598144590854645,-11.025522232055664,-0.17238318920135498,-0.019599080085754395,-0.9310443997383118,-0.1457887887954712,0.0019529304699972272,-0.10351745039224625,-820.4180908203125,66.12177276611328,-1328.7994384765625,-350.7138366699219,90.69161987304688,196.32215881347656
1.457888639131129,-0.23355317579594673,1.0972776444542487,1.5624277208814557,-0.2623050822722201,0.9865851244389617,0.4655108260397877,0.02095585802434275,0.08928650555922511,1.2973927721282503,-0.1322922342463045,0.5796346307195575,1.5109612890426682,-0.19534853253735615,1.2573092994311,1.669077269288877,0.2179664577672027,1.119493835414482,1.6264493204899966,-0.21533699871491122,1.2809952904057031,1.9353234515284838,0.3873923301499427,1.3066903881679315,1.778713712629102,0.27346477267758046,1.226405144132526,0.5352883111956891,0.006895502230509976,0.14627448084535993,0.9427305878392906,-0.05318335255003528,0.179380976995885,0.49113796434260343,-0.08444974697287531,0.1171608378999676,1.7144023969473428,0.2022403888651076,1.0392600033456918,0.9082376933255731,-0.18362841779822545,0.15956248505818127,1.1302847321459788,-0.13237823767969953,0.7166136629534083,1.5485495684162667,-0.08387661609329913,1.078827163241557,0.9943577284055038,-0.04865686927262125,0.24502744135872417,0.8336720634375184,-0.013934734662908434,0.13554273353309831,0.38012469614183647,-0.1228218051722114,-0.008858209121232186,1.6034622776587268,0.12079100347808691,1.1374506251701453,1.9059308554163024,0.3065654692665642,1.2601633699524493,1.8649751729523094,0.38712432763434496,1.225222736004962,1.6948832778741192,-0.14485176756287252,-0.035272044259191344,1.2118093777966026,-0.39673205055543137,0.6674785167965667,1.2896211739407468,-0.30452582516417603,0.9894099126983161,1.4885101045993776,-0.36366377968267105,1.2224057624671634,1.461130534970997,-0.5629018432651924,0.6877319852247933,1.6057755832640537,-0.37682042532409266,1.2441944333891206,1.7609502057366024,-0.4060433515847124,0.8485413357516788,1.6268733538539204,-0.5080419423564381,0.7242401078442074,1.6200526494853544,-0.07473062353813095,0.01931540191247567,1.490952087948654,-0.3268564955288212,0.30996094890777637,1.716130431124706,-0.03284579337827417,0.009348213314911391,1.4327260397917387,-0.4691993795483318,0.6639448041158007,1.4935500519165141,-0.21051829628991772,0.3817439946709879,1.1032764812968425,-0.2332761906432791,0.7295091079165603,1.4489634194910919,-0.41317143572482057,1.0386419051530345,1.3967520298547302,-0.37756378208564606,0.38309335313885406,1.5728926875733382,-0.2770054829831155,0.17315857803189988,1.8607901500550328,-0.08626511177381142,-0.007525307982111516,1.4321444974040354,-0.5276950704340904,0.8716582499987242,1.6693767178927035,-0.461264970582842,0.8060070025605082,1.6943709274001468,-0.40469346131315287,0.7414235727281759,1.5255796190918676,-0.2794485597421002,0.8024569400493673,1.2166407767510572,-0.17829384008385496,0.8326306114133619,-22.974403381347656,-21.452768325805664,-22.11969757080078,10.543593406677246,0.5363655686378479,-10.831768035888672,-0.02921484038233757,0.004128679633140564,-1.1044577360153198,-0.19356422126293182,-0.01126450952142477,-0.13322842121124268,-818.16748046875,66.5844955444336,-1322.190673828125,-348.8694763183594,89.6584243774414,191.30355834960938
1.4597808096977258,-0.23337903159935744,1.0970469200058488,1.5636198633159233,-0.26256056120064086,0.9858098807713843,0.4671851452810085,0.022488815894979492,0.08813875705151765,1.2973010932767628,-0.1321328574458495,0.5799564191245086,1.5140318363312852,-0.19512146274676387,1.2563716441590265,1.675632366676204,0.2155424725042274,1.1208587038201212,1.6295748116164808,-0.21548317015072369,1.2795941630341359,1.9514021210323105,0.37573012369160635,1.300992732016456,1.7907568465005481,0.2662025857840154,1.2240041579237049,0.5369406529017632,0.00865153834340931,0.14521161015361353,0.9440583641955395,-0.053196574030875764,0.17920651543416724,0.49260995339676245,-0.08281382643278469,0.116646242741224,1.7155350730908627,0.2033598893969659,1.0381492650666775,0.9090816465434649,-0.18360814610064424,0.15997665150966864,1.1307016309128692,-0.13143128460112788,0.7170625362569922,1.5516925939660988,-0.08468615750948719,1.0783697607501452,0.9955314636625201,-0.04872105513014738,0.24495806732517206,0.8353995413377585,-0.013646087049512777,0.134772810690253,0.3813317646550027,-0.12200068488766422,-0.008952727832751261,1.6110785646943855,0.1181417261651218,1.139919686199024,1.9189056939636633,0.29830003169593444,1.251468398515752,1.8756181712182152,0.38045105140730257,1.225424738909235,1.6948337689140776,-0.1448771468554901,-0.035284763658480926,1.2113607028462239,-0.3961918851891101,0.6684432274458424,1.290794155455583,-0.30424307267002715,0.9900472810528925,1.4908235773740226,-0.3634132496667224,1.2220191720700422,1.4614031119457145,-0.5628312493594277,0.6878149762058889,1.6081694287574844,-0.37685773556200874,1.2433146972529936,1.7613340191888494,-0.40616715373779766,0.8483687882983921,1.6271581493860838,-0.508187573279766,0.7242269570266964,1.6200196435119931,-0.07470822946125308,0.019232068152247084,1.490504642788148,-0.3266033571682229,0.3102614143431581,1.7161301931008597,-0.03290069754549999,0.009319969678038597,1.4330176190035233,-0.46908830175336624,0.6639863789476306,1.493101853013828,-0.2099073287469662,0.38191470735712557,1.1034463906524987,-0.23229568116120156,0.7301444927390838,1.4501819429018639,-0.41290829044501515,1.0386089785209556,1.3965369356389077,-0.37746807666409093,0.3839238778447473,1.5726123351529735,-0.2769455406444752,0.17349550078641499,1.860764919527319,-0.08633484036371802,-0.007479349389481082,1.4327802590976488,-0.5275453534347332,0.8716772720711121,1.6697294295623601,-0.4613937712367007,0.8060412978297038,1.694723916764291,-0.40513044334207937,0.7415042033061287,1.5257608345802256,-0.2794829145172574,0.8016907214526309,1.2169999944058476,-0.1777110684490362,0.8331712032390746,-23.09718894958496,-19.967626571655273,-21.77373504638672,10.650545120239258,0.566398024559021,-11.004195213317871,-0.002375984564423561,0.1748393028974533,-1.179274082183838,-0.22929096221923828,-0.019109277054667473,-0.17818430066108704,-808.268310546875,63.92922592163086,-1315.066162109375,-347.174560546875,88.25106811523438,188.66949462890625
1.4616729802643225,-0.23320488740276818,1.0968161955574491,1.5648120057503907,-0.26281604012906157,0.9850346371038071,0.46885946452222904,0.02402177376561597,0.08699100854381038,1.2972094144252753,-0.1319734806453945,0.5802782075294596,1.517102383619902,-0.1948943929561716,1.2554339888869532,1.6821874640635304,0.2131184872412525,1.12222357222576,1.6327003027429643,-0.21562934158653613,1.278193035662569,1.9674807905361342,0.3640679172332721,1.2952950758649817,1.8027999803719923,0.25894039889045156,1.2216031717148839,0.5385929946078369,0.010407574456308343,0.1441487394618673,0.945386140551788,-0.05320979551171625,0.17903205387244953,0.4940819424509212,-0.08117790589269434,0.11613164758248049,1.7166677492343827,0.204479389928824,1.0370385267876632,0.9099255997613566,-0.18358787440306304,0.16039081796115595,1.1311185296797595,-0.1304843315225564,0.7175114095605761,1.5548356195159303,-0.08549569892567509,1.0779123582587338,0.9967051989195362,-0.0487852409876735,0.2448886932916199,0.8371270192379981,-0.013357439436117169,0.13400288784740783,0.38253883316816867,-0.12117956460311718,-0.00904724654427032,1.618694851730043,0.11549244885215713,1.1423887472279022,1.9318805325110218,0.29003459412530613,1.242773427079056,1.886261169484119,0.3737777751802613,1.225626741813508,1.6947842599540357,-0.14490252614810767,-0.03529748305777051,1.2109120278958454,-0.3956517198227889,0.669407938095118,1.2919671369704189,-0.30396032017587826,0.9906846494074688,1.493137050148667,-0.36316271965077385,1.2216325816729212,1.4616756889204316,-0.562760655453663,0.6878979671869846,1.6105632742509146,-0.37689504579992483,1.2424349611168666,1.7617178326410963,-0.4062909558908829,0.8481962408451055,1.6274429449182473,-0.508333204203094,0.7242138062091853,1.619986637538632,-0.07468583538437522,0.019148734392018512,1.4900571976276422,-0.32635021880762466,0.3105618797785399,1.7161299550770135,-0.0329556017127258,0.009291726041165805,1.4333091982153077,-0.4689772239584007,0.6640279537794606,1.4926536541111421,-0.20929636120401474,0.3820854200432632,1.103616300008155,-0.2313151716791242,0.7307798775616071,1.4514004663126356,-0.4126451451652098,1.0385760518888765,1.3963218414230851,-0.3773723712425358,0.3847544025506404,1.5723319827326085,-0.27688559830583487,0.17383242354093006,1.8607396889996055,-0.08640456895362462,-0.007433390796850655,1.433416020791262,-0.5273956364353761,0.8716962941434999,1.6700821412320168,-0.4615225718905594,0.8060755930988994,1.695076906128435,-0.4055674253710058,0.7415848338840813,1.5259420500685836,-0.2795172692924146,0.8009245028558947,1.2173592120606378,-0.17712829681421752,0.8337117950647872,-23.53973960876465,-20.4104061126709,-21.794334411621094,10.942878723144531,0.5214343070983887,-11.297350883483887,-0.0027432842180132866,0.40607932209968567,-1.0420923233032227,-0.2160681039094925,0.004663502331823111,-0.17830467224121094,-794.6630859375,57.4356575012207,-1308.650634765625,-345.9981994628906,87.0248031616211,189.4539031982422
1.463779693999827,-0.23299854081000718,1.0965519350096091,1.5661805108288265,-0.26306726166744104,0.9841594702952746,0.47073850983025983,0.025711809192469334,0.08575312849997702,1.2971275892873473,-0.13174266834428774,0.5806629153474276,1.5204172444264616,-0.19462896219843276,1.2544302969973609,1.6897132777615087,0.21024602594853284,1.1235565049758809,1.636223415270546,-0.21578935084753476,1.2766315291654198,1.984867012263921,0.3506548329694403,1.288148212511809,1.8161422667519127,0.2506283129386567,1.2182064687968885,0.5404550729208432,0.012316454843377168,0.14299882240346742,0.9468857815723544,-0.05325079626644288,0.17882523170074094,0.4957564556539451,-0.07935589975029848,0.11557771733018349,1.7182619285504546,0.2055643501611339,1.036564911635506,0.9108814114569037,-0.18356593034618737,0.16087558700252835,1.1315574371656834,-0.12943440870634781,0.7180355194191269,1.5583927730061355,-0.08641922163055418,1.077338102440171,0.9980254741693962,-0.04884807614375226,0.2448162425876848,0.8390933189368402,-0.013035518949888447,0.1331331791565909,0.38393010963864654,-0.12026810618919266,-0.009137560576447185,1.6273784361138235,0.11235458372987316,1.1448302241350639,1.945797697795146,0.28092904902057275,1.2324480112420029,1.8987465506752574,0.3654447104658527,1.2253450131574215,1.6947245625470648,-0.1449276203943404,-0.035309906623369414,1.210442453030719,-0.3950182030729901,0.670463774673986,1.2932994515690581,-0.3036397689620391,0.9914123800811387,1.4957724527412688,-0.3628819851784517,1.221190906715709,1.4619857874137676,-0.5626903178281342,0.6880121772849797,1.6132780349017763,-0.37691712828464063,1.241405463179216,1.7621439061812216,-0.4064086596203956,0.8480073594494372,1.6277534416969248,-0.5084980352232787,0.7242215343855865,1.6199473448541781,-0.07465208063999944,0.01905525320931185,1.489573622184084,-0.32604465021795,0.3109234811257052,1.7161260872881934,-0.03301158395676028,0.009259424334243932,1.4336371378393362,-0.46886659596140023,0.6640890634415165,1.4921521907610609,-0.20859761637271645,0.3822690199641202,1.1038011363799998,-0.23017928707382554,0.7315205883308751,1.4527816073783975,-0.4123334400109108,1.0385503115638202,1.3960900209992138,-0.37723138267236045,0.38567006721204466,1.571944201821523,-0.2767568944108408,0.17413451441175098,1.8607118433674439,-0.08647427008493451,-0.007368491656480013,1.4341403822235712,-0.5271854948326452,0.8717680628726024,1.6704820712275852,-0.4616549369317806,0.8060879162605236,1.6954455442775953,-0.4060023231616872,0.7416282044538599,1.5261564250813415,-0.27951262501493984,0.8000769074389478,1.2177562336653274,-0.17646519309341524,0.8343278692652847,-23.78849983215332,-22.862056732177734,-22.161787033081055,11.139762878417969,0.4647901654243469,-11.419334411621094,-0.02386237122118473,0.3818557560443878,-0.8504389524459839,-0.1639784574508667,0.018147606402635574,-0.14840741455554962,-779.0934448242188,47.490509033203125,-1300.3748779296875,-344.40545654296875,85.63701629638672,191.13290405273438
1.4664855094145466,-0.23270227054491738,1.0961940264859735,1.5680415002715509,-0.2633065946449507,0.98300527282898,0.4731892430229692,0.027840476285740254,0.08426356039299869,1.2970732801797373,-0.13131237577720983,0.5812233226583493,1.5244143392076557,-0.1942564102494164,1.2532422009682813,1.6999497709684814,0.20612121649727913,1.1248002589143664,1.6408568668049692,-0.2159880015826383,1.2746221715251342,2.0059045119001375,0.3323525050223267,1.276954506406721,1.8331123752309788,0.23938443339028886,1.2120292739362906,0.5429028308154732,0.014652145656430185,0.14160583247214753,0.9488653465612046,-0.05336936933315353,0.17852804405207665,0.4979965079896498,-0.0770142583410866,0.11491394568456718,1.721144833706862,0.20655285823621497,1.0378704327621207,0.9121495826749613,-0.18353931630486683,0.16155751044584427,1.1320578029613622,-0.12809694775485045,0.7187697238085285,1.5631063592354983,-0.08766103170762789,1.0764375392174879,0.9997549554370098,-0.04890713952975163,0.24473520042683114,0.8417265172431011,-0.01262068553574827,0.1319848231921922,0.38583577814086384,-0.1191043828102137,-0.009216133239894909,1.6390423979980266,0.10785236019665828,1.1471946736834697,1.9623462660423179,0.2694775432545617,1.2175696563247023,1.9163766992802653,0.3524767646923759,1.2237124869365565,1.6946364143826314,-0.14495191866198912,-0.03532150408734154,1.2099145161395042,-0.39412400698819694,0.6717740761128482,1.2950766962885067,-0.30321366660642307,0.9923924432685044,1.4993068291651492,-0.3625169061864449,1.2205954107227703,1.4624006629779638,-0.5626206958530754,0.6882135652943163,1.6168889359922598,-0.37689668798683496,1.2399577624750453,1.7626879890233476,-0.40650933378974335,0.8477728662901367,1.6281357079941705,-0.5087164816082708,0.7242875661676293,1.6198904968255403,-0.07458660176751629,0.018933435827987084,1.4889891546293599,-0.32559267268670317,0.31145580162275704,1.7161120835518995,-0.03307057667943026,0.00921579065812838,1.4340666121994423,-0.4687572240040002,0.6642047231955244,1.491501988954102,-0.20765375760414742,0.3824886068800427,1.1040276557404474,-0.2286095247659462,0.7325554168382228,1.4546168505750745,-0.4118861336976487,1.0385446386621489,1.3958114934283377,-0.37696394304566033,0.3868234811831784,1.571256431917481,-0.2764361771131983,0.17433933889036937,1.8606766951794655,-0.08654389453940833,-0.007250701929966838,1.4351121542469556,-0.5268066203752101,0.8719871241525309,1.6710138561709826,-0.4617972553565802,0.8060388833481744,1.6958578809207638,-0.4064314008153827,0.74156752820836,1.526463396501857,-0.2793990777225684,0.7990020710900919,1.2182588210169054,-0.1755777658117528,0.83515472443688,-23.488304138183594,-25.1115665435791,-22.260265350341797,11.070405006408691,0.48871687054634094,-11.262439727783203,-0.15717001259326935,0.15871299803256989,-0.6954910755157471,-0.10108835250139236,-0.005936350207775831,-0.1464983969926834,-770.1950073242188,40.13385772705078,-1293.7926025390625,-342.80859375,84.40457153320312,190.6692352294922
1.4691913248292656,-0.23240600027982763,1.0958361179623384,1.569902489714275,-0.2635459276224604,0.9818510753626856,0.4756399762156782,0.02996914337901081,0.08277399228602061,1.2970189710721274,-0.130882083210132,0.581783729969271,1.5284114339888488,-0.1938838583004001,1.2520541049392018,1.7101862641754524,0.20199640704602612,1.126044012852852,1.6454903183393919,-0.21618665231774184,1.272612813884849,2.026942011536351,0.3140501770752163,1.2657608003016345,1.850082483710042,0.22814055384192294,1.2058520790756935,0.5453505887101027,0.016987836469482803,0.14021284254082786,0.9508449115500544,-0.05348794239986416,0.1782308564034124,0.500236560325354,-0.07467261693187512,0.114250174038951,1.7240277388632692,0.20754136631129588,1.039175953888735,0.9134177538930185,-0.1835127022635463,0.16223943388916007,1.1325581687570407,-0.12675948680335328,0.7195039281979302,1.5678199454648603,-0.08890284178470138,1.0755369759948048,1.001484436704623,-0.04896620291575098,0.2446541582659775,0.8443597155493615,-0.012205852121608164,0.13083646722779374,0.38774144664308086,-0.11794065943123494,-0.00929470590334262,1.650706359882228,0.10335013666344418,1.1495591232318751,1.978894834289487,0.25802603748855263,1.202691301407404,1.93400684788527,0.33950881891890133,1.2220799607156918,1.694548266218198,-0.14497621692963783,-0.03533310155131367,1.2093865792482894,-0.393229810903404,0.6730843775517104,1.2968539410079551,-0.3027875642508071,0.9933725064558698,1.502841205589029,-0.3621518271944381,1.2199999147298322,1.4628155385421602,-0.5625510738780167,0.6884149533036529,1.6204998370827428,-0.3768762476890292,1.238510061770875,1.7632320718654733,-0.4066100079590911,0.8475383731308362,1.6285179742914162,-0.5089349279932628,0.7243535979496722,1.6198336487969025,-0.07452112289503315,0.018811618446662338,1.488404687074636,-0.3251406951554564,0.3119881221198088,1.7160980798156056,-0.03312956940210023,0.009172156982012835,1.4344960865595482,-0.46864785204660026,0.6643203829495322,1.490851787147143,-0.20670989883557855,0.3827081937959652,1.104254175100895,-0.22703976245806715,0.7335902453455704,1.4564520937717513,-0.41143882738438664,1.0385389657604773,1.3955329658574616,-0.3766965034189603,0.3879768951543119,1.5705686620134391,-0.27611545981555585,0.1745441633689877,1.8606415469914872,-0.08661351899388216,-0.0071329122034536835,1.4360839262703395,-0.526427745917775,0.8722061854324593,1.67154564111438,-0.4619395737813798,0.8059898504358254,1.6962702175639324,-0.4068604784690781,0.74150685196286,1.5267703679223723,-0.27928553043019694,0.7979272347412363,1.2187614083684832,-0.1746903385300905,0.8359815796084751,-22.798641204833984,-25.986360549926758,-22.135183334350586,10.929742813110352,0.5742328763008118,-11.02133560180664,-0.29333072900772095,0.1212308332324028,-0.6525757908821106,-0.08556130528450012,-0.026076944544911385,-0.14830611646175385,-768.2592163085938,37.414554595947266,-1288.998291015625,-341.36395263671875,83.33709716796875,186.8961181640625
1.471863210595996,-0.23210436628749043,1.0954810830931,1.5717744298328624,-0.26375263179374847,0.9806958926434549,0.4780839511890283,0.032023198088470504,0.08134660031029732,1.2969947840204301,-0.13044106703720348,0.5823343309345623,1.532425678328962,-0.19349184375725048,1.2508845131918296,1.7204554144120365,0.19764662252751453,1.1270293123674708,1.6500290111200695,-0.21630697801018395,1.2705975447269466,2.0469737526596763,0.29569801559906306,1.2540578518482246,1.866261967760047,0.21682368988627737,1.1991213465368518,0.5477833830757645,0.019240943554615947,0.13888124874885519,0.9528104264215127,-0.05360418126381784,0.17796188573174132,0.5024693797755713,-0.07239454871179271,0.11360318504816655,1.7275943890312644,0.20800181858192227,1.0409538935351843,0.9146287496516246,-0.1835152314396094,0.16296706511484857,1.1330544806474092,-0.1254553512626927,0.720283187383058,1.5725267375541834,-0.09014706624462103,1.0745951142532149,1.0031855816872703,-0.049029875373998215,0.24459130223223705,0.8469518462553717,-0.011904591478604747,0.12968444863692036,0.3896347532998645,-0.11679856735744233,-0.009339232818032343,1.6622799453356398,0.09867931043864923,1.1515119628400992,1.9945532059827376,0.24663162379470197,1.1878339139041536,1.9515705021801357,0.32601503544296,1.2193334110525276,1.6944631764430873,-0.144996643461139,-0.03534586996530855,1.2089103681362228,-0.39228175432476786,0.6743562284684338,1.2986557965247045,-0.30233931936175623,0.9943370416464394,1.5063707994309479,-0.36181772465737455,1.2194198441031754,1.4632206847336118,-0.5624803794140847,0.6886495422843276,1.624110060811832,-0.376843378835956,1.2370455193993273,1.763757701741149,-0.4066770783323326,0.8472996515943515,1.6288891154409244,-0.509125074013969,0.7244205431432913,1.6197714434554245,-0.07445076907312634,0.018691170701621396,1.4878164324539387,-0.32466845836070996,0.3125319782866547,1.7160806687462409,-0.0331751075850812,0.009132132692792954,1.4349078263668034,-0.46855302283305994,0.6644679813195538,1.4902554663601302,-0.20577075850489923,0.38292487883409915,1.1044962224581383,-0.22545387176488424,0.7346583517971417,1.4583210408292857,-0.4109801008606589,1.0385324512885896,1.3952806911721134,-0.3763784695145311,0.38909750071582405,1.5698931769819449,-0.2757752966012387,0.17473364330285432,1.8606103090260993,-0.08670263105867713,-0.007025466069258412,1.4370201368205593,-0.5260350009463481,0.8724870251504001,1.6720831220513148,-0.4620901924490139,0.805920358130474,1.6967283582055805,-0.4072282061671579,0.7414131286917933,1.527104628796609,-0.27911860500739905,0.796874530662764,1.2192769271648483,-0.1737987675414181,0.8368182924409575,-22.09113121032715,-25.137714385986328,-22.082693099975586,10.930386543273926,0.665962278842926,-10.893184661865234,-0.2649191617965698,0.25578948855400085,-0.669765830039978,-0.10300958156585693,-0.026344582438468933,-0.1287272423505783,-768.8858032226562,38.89222717285156,-1285.9375,-340.4521789550781,82.61417388916016,181.9089813232422
1.4744378748713736,-0.23178736315361717,1.0951342823489614,1.5736777478495967,-0.2638658418856709,0.9795378867956188,0.48050856126459984,0.033863459621241286,0.08009736686451563,1.2970569082443288,-0.12996932360904903,0.582856832947952,1.5364890627513652,-0.19304406139629574,1.2497679433285798,1.7308181395988576,0.1926521979124348,1.1272740405521644,1.6542961836255932,-0.21620287233038454,1.2685653367974115,2.0641236088133783,0.27720306189545996,1.240895728204426,1.88017600873448,0.20529769753284965,1.1908045156507314,0.5501733011757298,0.021257416496287422,0.13772557851001144,0.9547356823027526,-0.05371373173910259,0.177773767551839,0.5046814742269892,-0.0702986421297918,0.11300428481834228,1.733120231636312,0.20694918787439942,1.0440854939403907,0.9156759157283415,-0.18360126714240635,0.16382566671695128,1.1335391765398695,-0.12424670584154462,0.7211915458867091,1.5772140618191643,-0.09139820884000369,1.0735349163709098,1.0048055323149192,-0.049106754596955716,0.24458055644734017,0.849426302491434,-0.01192876050674313,0.1285219352124939,0.39149263851492583,-0.11571845729274086,-0.009286205568011636,1.6735945675546744,0.09352537265528585,1.1522853816581877,2.007660822165721,0.23540080084607462,1.1730366061065391,1.9689436247017185,0.31101452470418056,1.213394755756619,1.6943868501296897,-0.14500597597944814,-0.03536199360148401,1.208582371275946,-0.39117936671569664,0.6755179038505679,1.3005281714414128,-0.3018276275980552,0.9952570831538824,1.509886689336094,-0.3615723815777444,1.2188839730837489,1.463597952530084,-0.5624066118570353,0.6889792648174904,1.627718343640005,-0.3767748973918277,1.235532719173179,1.7642304567706506,-0.40664786090519256,0.8470488141309347,1.629228378763262,-0.5092341286062405,0.7244901056123885,1.619693887352154,-0.07436644664614012,0.01857464749131674,1.487217326432664,-0.3241381709840125,0.3131088885842569,1.7160534943571153,-0.033182093337030205,0.009102450685254889,1.4352687498591592,-0.46849986417404077,0.6647070961085376,1.4898135354187316,-0.20484513831355727,0.38313324887626216,1.1047827634985083,-0.22382176704458076,0.7358218123581234,1.4602865624112007,-0.4104886510415583,1.0385235253943512,1.3951036411010667,-0.37591546354506983,0.3901240975651519,1.569252892835251,-0.2753794133564495,0.17487915521425915,1.8605902753523644,-0.086847582622277,-0.006947658305358622,1.4378544500726738,-0.5256025116175216,0.8729448838541839,1.6726369242005,-0.46226459450477003,0.8057922417951736,1.6973177449197958,-0.40742014264626214,0.741224712982083,1.5275170844517005,-0.27879873071087913,0.7958852440513524,1.2198294995241608,-0.17289532323842818,0.8376832512632899,-21.989580154418945,-23.757415771484375,-22.194049835205078,11.104598045349121,0.6980492472648621,-10.972352027893066,-0.08485090732574463,0.31400492787361145,-0.8358806371688843,-0.15270161628723145,-0.02722892351448536,-0.11690716445446014,-766.6809692382812,40.48296356201172,-1282.8399658203125,-339.6556396484375,81.912841796875,177.89462280273438
1.4770125391467517,-0.23147036001974383,1.0947874816048224,1.5755810658663314,-0.26397905197759336,0.9783798809477825,0.48293317134017183,0.03570372115401239,0.07884813341873374,1.2971190324682274,-0.12949758018089447,0.5833793349613416,1.540552447173769,-0.19259627903534088,1.2486513734653297,1.7411808647856806,0.1876577732973542,1.1275187687368582,1.6585633561311177,-0.21609876665058514,1.2665331288678756,2.081273464967083,0.25870810819185375,1.2277336045606249,1.8940900497089155,0.19377170517942,1.1824876847646095,0.5525632192756955,0.023273889437959244,0.13656990827116747,0.9566609381839929,-0.05382328221438736,0.17758564937193663,0.5068935686784074,-0.06820273554779051,0.1124053845885179,1.73864607424136,0.2058965571668764,1.047217094345598,0.9167230818050587,-0.18368730284520332,0.16468426831905414,1.1340238724323297,-0.12303806042039633,0.7220999043903603,1.581901386084146,-0.09264935143538655,1.0724747184886048,1.0064254829425685,-0.04918363381991323,0.24456981066244327,0.8519007587274968,-0.011952929534881517,0.12735942178806725,0.39335052372998747,-0.1146383472280392,-0.00923317831799092,1.684909189773711,0.08837143487192159,1.1530588004762763,2.0207684383487066,0.22416997789744533,1.1582392983089222,1.9863167472233043,0.2960140139653986,1.2074561004607094,1.6943105238162919,-0.14501530849775732,-0.035378117237659476,1.2082543744156693,-0.3900769791066252,0.6766795792327022,1.3024005463581212,-0.3013159358343541,0.9961771246613256,1.5134025792412409,-0.36132703849811426,1.218348102064322,1.4639752203265564,-0.5623328442999859,0.6893089873506534,1.6313266264681783,-0.3767064159476994,1.2340199189470304,1.764703211800152,-0.4066186434780525,0.8467979766675179,1.6295676420855996,-0.509343183198512,0.7245596680814856,1.6196163312488834,-0.0742821242191539,0.018458124281012067,1.4866182204113891,-0.3236078836073149,0.31368579888185916,1.71602631996799,-0.03318907908897921,0.009072768677716817,1.4356296733515153,-0.46844670551502154,0.6649462108975215,1.4893716044773329,-0.20391951812221518,0.3833416189184252,1.1050693045388784,-0.222189662324277,0.7369852729191053,1.462252083993116,-0.40999720122245764,1.038514599500113,1.3949265910300197,-0.3754524575756086,0.3911506944144798,1.5686126086885566,-0.2749835301116602,0.175024667125664,1.8605702416786294,-0.08699253418587691,-0.006869850541458818,1.438688763324788,-0.5251700222886951,0.8734027425579677,1.6731907263496855,-0.4624389965605262,0.8056641254598731,1.697907131634011,-0.40761207912536646,0.7410362972723727,1.5279295401067923,-0.27847885641435915,0.7948959574399406,1.2203820718834733,-0.17199187893543813,0.8385482100856225,-22.281902313232422,-22.959312438964844,-22.37317657470703,11.277756690979004,0.6651833653450012,-11.104239463806152,-0.004894133657217026,0.18438640236854553,-1.0758435726165771,-0.2041463851928711,-0.02968418039381504,-0.11675897985696793,-758.2227172851562,38.290103912353516,-1279.4952392578125,-338.7666015625,80.84552764892578,176.7462921142578
1.4796002586156325,-0.23116459648143378,1.0944427443261178,1.5774748718106981,-0.2640883188373995,0.9772207829731191,0.4853244363176111,0.03749982358283345,0.07767004549305967,1.297192148420195,-0.1290043943271732,0.5839030851196769,1.5446437437408014,-0.1921590002167304,1.2475237514799005,1.751422902408814,0.1823886498463474,1.1275214171962233,1.662757451763216,-0.2159443476440891,1.2645185761499091,2.0974395010645015,0.24038415160400314,1.2142416183522216,1.9073784882264413,0.18225881834792068,1.1740017000413105,0.5549282097066474,0.02522720052052696,0.13546801521288646,0.958574346753935,-0.05395578968628549,0.17739045501544778,0.5090469197919035,-0.0661947209548379,0.11188989428692309,1.7445683337205289,0.20428103699490746,1.0499095087809278,0.9177838365565861,-0.18375297566715454,0.16554146449988244,1.1345003144630532,-0.12187939301281188,0.7230693867664463,1.5865320808050645,-0.09388761498675433,1.0713348909719103,1.0080296304446972,-0.0492666597163539,0.24456989052181213,0.8543377303524521,-0.012022336346670872,0.12625153861101107,0.3952145817264025,-0.11351330017066563,-0.009192054212364733,1.6959033004495474,0.08306143241656973,1.1533588905208159,2.033233189424931,0.2128324951754509,1.1437511982902007,2.0030358921218383,0.28107898302425716,1.200654252278095,1.6942346705900913,-0.14502104001724167,-0.03539238627136543,1.2079778132059715,-0.3889435287935056,0.6777775337956599,1.3042594835852943,-0.3007976661454763,0.9970941212990425,1.5169279308903294,-0.3610544450926465,1.2178296648113933,1.4643334740439788,-0.5622500125935536,0.6896823999897533,1.6349175359239638,-0.3766197609092226,1.2324889904221163,1.7651965813526254,-0.40661055644024285,0.8465413564680428,1.6299170415527773,-0.5094562590319589,0.7246387375901077,1.6195391274445894,-0.07419323385847326,0.0183397835854515,1.4860756936057513,-0.32307047475844825,0.3142282115603914,1.7159969512595246,-0.033182693522004106,0.00903608425619044,1.435942563394837,-0.46839695912323254,0.6651922609435011,1.4889575756148787,-0.20300478648567047,0.38355003928901343,1.1054007989286587,-0.22057915982229043,0.7381820005691603,1.4642034330904876,-0.4095121456297818,1.0385224329714744,1.3947831301499676,-0.3749480011151327,0.3921316886777119,1.5679675936698914,-0.2745600165614229,0.17515406135889078,1.860546695080814,-0.08713148848850599,-0.006796472701274899,1.4395019285726232,-0.5246921165889462,0.8738871444732148,1.6737271953892234,-0.4625877059552054,0.8055337141483825,1.6984934684456579,-0.4078231479553197,0.740831605349945,1.5283369327223064,-0.2781734716714613,0.7939122522508862,1.220976920119974,-0.17110712409315526,0.839418121224997,-22.493030548095703,-23.804012298583984,-22.34678077697754,11.306097030639648,0.606179416179657,-11.128315925598145,-0.012410793453454971,0.034164123237133026,-1.1228537559509277,-0.2020523101091385,-0.011768604628741741,-0.11323291808366776,-747.69482421875,32.57278823852539,-1277.06005859375,-338.08203125,79.70068359375,178.46432495117188
1.4822263757124639,-0.23089189057713316,1.0941040760633962,1.5793407010716316,-0.26418598795568704,0.976058472860728,0.48761762747701404,0.0391660462941553,0.07670120909711395,1.29729759298413,-0.12844814251590256,0.5844305062925578,1.5488171348508615,-0.19175261416972084,1.2463636232527677,1.7613099766093363,0.17631158864261373,1.1268120664634453,1.6667366154146506,-0.21564194826495572,1.2625559505247914,2.110711948761086,0.22256312770954245,1.1997794481302746,1.9188269195177683,0.17078447716915193,1.1650182040321917,0.5572198834640298,0.02699474142926002,0.13452429033273114,0.9604529102906484,-0.05415581773645828,0.1771744483748809,0.5110274963821004,-0.06444521221202751,0.11161972730365023,1.7516565251824074,0.20100995957456716,1.051310199775443,0.9188845579987329,-0.1837587576630889,0.1663945270887273,1.134952480429845,-0.12086771976276751,0.7242186452379289,1.5909962180434467,-0.09508799899690185,1.0699608586481866,1.0095872981658833,-0.049367764064215655,0.2446018105113743,0.8566644531212103,-0.012224795463316068,0.12530433263210283,0.3970967949620933,-0.11225608548778587,-0.00918593935495773,1.7059547301159776,0.07729241622007516,1.1522668371137406,2.043807160775392,0.20118130723767075,1.1301725329152812,2.017831573423169,0.26633653972322757,1.1913136014875207,1.6941602087968233,-0.14501618036371194,-0.03540120059192575,1.2078525333215069,-0.3877187175861259,0.6786880741845692,1.3060788981961886,-0.3002600496178432,0.9980021624375651,1.5204811111980712,-0.36070170367000914,1.2173625033422812,1.4646358039994902,-0.5621405216242304,0.6901843129404333,1.6384573472256687,-0.3764796541226621,1.2309047433714206,1.7657505818550159,-0.4066646176063462,0.8462677282213376,1.6302962532106613,-0.5095811620453335,0.7247457689796852,1.619462959813756,-0.07409090839869141,0.018216097345020613,1.48569957625787,-0.32251212040320143,0.31466916065342376,1.7159611286706482,-0.033136980546428677,0.008978804499404327,1.4361141785880587,-0.46835724881153235,0.6654587088041747,1.4886256116904961,-0.20212208001029422,0.38375860768438175,1.1058645090519987,-0.21903219325652995,0.7394765725988425,1.4661130984097914,-0.409045896585414,1.0385795586945994,1.394738461008135,-0.37432163144579006,0.3929785576877214,1.5673086643218994,-0.2740552374069265,0.1752360506562997,1.8605128163533495,-0.08725280378827983,-0.006736124048490603,1.4402528938078722,-0.5240806333276611,0.8744496146574714,1.674212684694505,-0.4626608486996581,0.8053965529069206,1.6990708349556323,-0.4080904884054171,0.7405790422136421,1.5287294340449453,-0.277910703262746,0.7929449630099418,1.2216961091717347,-0.17027733825295185,0.8403025980027305,-22.506975173950195,-26.064016342163086,-22.094728469848633,11.280505180358887,0.5783184170722961,-11.06155776977539,-0.075894296169281,0.10185883939266205,-0.9663209319114685,-0.16581878066062927,0.007591696456074715,-0.12001056969165802,-737.674560546875,25.26952362060547,-1275.013671875,-337.60498046875,78.51636505126953,180.77793884277344
1.4848524928092957,-0.2306191846728325,1.0937654078006744,1.5812065303325653,-0.2642836570739746,0.9748961627483368,0.4899108186364174,0.04083226900547743,0.07573237270116806,1.2974030375480652,-0.1278918907046318,0.5849579274654388,1.5529905259609222,-0.19134622812271118,1.2452034950256348,1.7711970508098602,0.170234527438879,1.1261027157306671,1.6707157790660858,-0.2153395488858223,1.2605933248996735,2.123984396457672,0.20474210381507874,1.1853172779083252,1.9302753508090973,0.15931013599038124,1.1560347080230713,0.5595115572214127,0.028762282337993383,0.13358056545257568,0.9623314738273621,-0.05435584578663111,0.17695844173431396,0.5130080729722977,-0.06269570346921682,0.11134956032037735,1.758744716644287,0.1977388821542263,1.0527108907699585,0.9199852794408798,-0.18376453965902328,0.16724758967757225,1.135404646396637,-0.11985604651272297,0.7253679037094116,1.5954603552818298,-0.09628838300704956,1.068586826324463,1.0111449658870697,-0.04946886841207743,0.2446337305009365,0.8589911758899689,-0.0124272545799613,0.12435712665319443,0.3989790081977844,-0.11099887080490589,-0.009179824497550726,1.7160061597824097,0.0715234000235796,1.151174783706665,2.0543811321258545,0.1895301192998886,1.1165938675403595,2.0326272547245026,0.25159409642219543,1.1819729506969452,1.6940857470035553,-0.1450113207101822,-0.035410014912486076,1.2077272534370422,-0.38649390637874603,0.6795986145734787,1.3078983128070831,-0.29972243309020996,0.998910203576088,1.5240342915058136,-0.3603489622473717,1.216895341873169,1.4649381339550018,-0.5620310306549072,0.6906862258911133,1.6419971585273743,-0.37633954733610153,1.2293204963207245,1.7663045823574066,-0.4067186787724495,0.8459940999746323,1.6306754648685455,-0.5097060650587082,0.7248528003692627,1.6193867921829224,-0.07398858293890953,0.0180924111045897,1.4853234589099884,-0.32195376604795456,0.31511010974645615,1.7159253060817719,-0.03309126757085323,0.008921524742618203,1.4362857937812805,-0.46831753849983215,0.6657251566648483,1.4882936477661133,-0.20123937353491783,0.38396717607975006,1.1063282191753387,-0.2174852266907692,0.7407711446285248,1.4680227637290955,-0.40857964754104614,1.0386366844177246,1.3946937918663025,-0.3736952617764473,0.393825426697731,1.5666497349739075,-0.27355045825242996,0.17531803995370865,1.860478937625885,-0.0873741190880537,-0.006675775395706296,1.4410038590431213,-0.5234691500663757,0.8750120848417282,1.6746981739997864,-0.46273399144411087,0.8052593916654587,1.6996482014656067,-0.4083578288555145,0.7403264790773392,1.5291219353675842,-0.2776479348540306,0.7919776737689972,1.2224152982234955,-0.16944755241274834,0.8411870747804642,-22.191055297851562,-28.46720314025879,-22.02638816833496,11.280656814575195,0.561215341091156,-10.987663269042969,-0.21774691343307495,0.3023412525653839,-0.8575835227966309,-0.15492971241474152,0.009947600774466991,-0.12973107397556305,-734.0709228515625,21.695171356201172,-1273.8121337890625,-337.28265380859375,77.80043029785156,180.5992431640625
1.4874953169696377,-0.23035070364246307,1.0934328973688037,1.5830506887656963,-0.2643708188999568,0.9737269152079198,0.4921877443395702,0.042434980759754805,0.07481543379311534,1.297512814303897,-0.12730385673954,0.585511410867931,1.5571178320227868,-0.1909627008023641,1.244080067075641,1.780972119593462,0.1639165485043403,1.1252384126581105,1.6746877092399342,-0.21504751000775407,1.2586065811037228,2.1366560411769027,0.18717707397527336,1.1706517709801536,1.9413182731495784,0.1478730033071631,1.1470259195131975,0.5617707642103662,0.030449522887387347,0.13270311003291846,0.9641963944135122,-0.05456568787972263,0.1767405453107215,0.5149664458454839,-0.06099246233849739,0.11111518449538592,1.765968794854271,0.1942013909682535,1.053833462939357,0.9210897311074844,-0.18377093719133478,0.16810781789931237,1.1358666806821003,-0.11886106058955197,0.726575434602649,1.5997869972361631,-0.09745319727931585,1.0672247544029692,1.0126941665908358,-0.04955755255573632,0.2446753868204079,0.8612862213557918,-0.012656996899364586,0.12345258018236291,0.40087316703322695,-0.10978735815610323,-0.009155291040113435,1.7257909376100196,0.06565030698744698,1.149860022083813,2.064618712229444,0.1777572956997044,1.1032070620170498,2.046886523827811,0.2368537106656088,1.172471535126895,1.6940157851636015,-0.1450005684368658,-0.0354163223717189,1.2076232891209078,-0.38526585096160315,0.6804783510056552,1.3097176287347907,-0.299176867631887,0.9998112184717165,1.5275723140760762,-0.3599917702130135,1.2164390355545953,1.4652280002240314,-0.5619443552383524,0.6912108359747374,1.6455359139189814,-0.37616875254555254,1.2277499267597074,1.7668690827508635,-0.4067764553605326,0.8456969703270111,1.6310422424449036,-0.5098392327889701,0.724953831821088,1.6193147199043374,-0.07387488485862878,0.017970907304509988,1.4849566375182954,-0.3213703757682384,0.315556313719181,1.715915565459144,-0.033065130255672315,0.008839791754741748,1.4364529682311,-0.46826800921105394,0.6660178493190285,1.4879886539566596,-0.20031683112414472,0.384177024889466,1.1068468366237665,-0.21600000372785613,0.7421172292816717,1.4699246330766487,-0.4081066386983884,1.0386792741074466,1.3946747803530155,-0.3730272922097453,0.39464116116233217,1.5660348084588713,-0.2730929705480866,0.17542206520671086,1.8604446148240803,-0.08748269377165283,-0.006618758649657797,1.441757449251137,-0.5228632522734585,0.8755942028484597,1.6752060446518147,-0.46283917415221004,0.8051284227939631,1.7001985485190587,-0.4086390293591859,0.7400762300617647,1.5295090584565472,-0.2773813572743081,0.7910149486254383,1.2231792499687497,-0.16864428644543455,0.8421004065219929,-21.773618698120117,-28.56603240966797,-22.38340187072754,11.303672790527344,0.5377792119979858,-10.98516845703125,-0.3481041193008423,0.350180059671402,-0.8475497961044312,-0.15656279027462006,-0.0003949283855035901,-0.1333335041999817,-734.8746337890625,21.91112518310547,-1273.4979248046875,-336.9219665527344,77.24559020996094,177.64205932617188
1.490188596461782,-0.23009498173136586,1.093118983586103,1.5848294012988637,-0.2644262487031766,0.9725367166348642,0.49441554836484747,0.04384588942375785,0.0740552252984995,1.2976356742792572,-0.12661984066990833,0.5861436022038491,1.5611059612391007,-0.19064820683653785,1.243067473962607,1.7904089320179633,0.15687099802277016,1.1239061535194221,1.6786377943114725,-0.21478675984290266,1.2565470004318569,2.147513260904526,0.1703851461805272,1.1553721871991836,1.951136558458504,0.13654824028050774,1.1379407476510441,0.5639319215586641,0.03189425635157719,0.13202578838396553,0.9660201132889613,-0.05480516838242871,0.1765169417423918,0.5168577634932977,-0.05942894939629265,0.11098889796840436,1.7736032510435338,0.18985933021007037,1.0541161162569033,0.9222054480519515,-0.1837791936435052,0.16898968633239625,1.136358517289951,-0.11791647039353857,0.7279589482095856,1.603698403432669,-0.09851059094318086,1.0658988028962093,1.0142177969019932,-0.04960872768270258,0.24474644685620503,0.8634856013667502,-0.012969134491097324,0.12267686542592308,0.40280340157991984,-0.10871386565021342,-0.00907513341058466,1.7347704268843913,0.05946290189560737,1.1478726816493157,2.0738403907674816,0.1656171323990597,1.0903996732456018,2.0595258280930917,0.22211953869324003,1.162484609922827,1.6939594131826565,-0.1449720204517936,-0.03541505910974267,1.2075836978211307,-0.3840279980309753,0.6812650594884986,1.3115366466392742,-0.29860729640288075,1.000691014113805,1.531064560279151,-0.35962113733125844,1.2160155117906482,1.4654802261598852,-0.5619265827911579,0.6918039913998534,1.649071480462093,-0.3759052799829584,1.2262206632175194,1.767465292815341,-0.40684545252299464,0.8453288664486235,1.6313714690950532,-0.5099973599642318,0.7250367434609015,1.6192550155895435,-0.07372684146444136,0.017855994474290825,1.4846178899142917,-0.3207113769966246,0.31601838742857735,1.715984592374587,-0.03309811143488284,0.008684210008972446,1.4366067316358453,-0.4681888266114999,0.6663898012495988,1.4877651098942914,-0.19927398418847309,0.3843907405505117,1.1075312741939594,-0.21470124644554228,0.7436188820576825,1.4718029585895158,-0.40761321526489513,1.0386779649762918,1.3947332548779368,-0.37223369095301795,0.39536286929980013,1.5655527704993621,-0.2727783030232057,0.1755926390456048,1.8604089509177681,-0.08755279179440428,-0.00657180426195141,1.4425189668769078,-0.5222742225950128,0.876235657279065,1.6757815069710182,-0.46304111755052146,0.8050161548797659,1.7006672968138132,-0.4089620872246508,0.7398329696907903,1.5298799392798088,-0.277103275998144,0.7900660070559837,1.2240783850483545,-0.1679211104942474,0.8431008802541833,-21.390356063842773,-26.51955223083496,-22.845317840576172,11.405582427978516,0.5533188581466675,-11.035375595092773,-0.32616472244262695,0.16557589173316956,-0.9210248589515686,-0.15873835980892181,-0.01014141645282507,-0.14706149697303772,-736.57470703125,24.663095474243164,-1273.816650390625,-336.6223449707031,76.50296020507812,172.73187255859375
1.4928818759539266,-0.22983925982026868,1.0928050698034022,1.5866081138320314,-0.2644816785063965,0.9713465180618086,0.49664335239012475,0.04525679808776089,0.07329501680388367,1.2977585342546172,-0.12593582460027666,0.5867757935397672,1.5650940904554147,-0.19033371287071157,1.242054880849573,1.7998457444424647,0.14982544754120003,1.122573894380734,1.6825878793830107,-0.21452600967805122,1.2544874197599907,2.158370480632149,0.15359321838578102,1.1400926034182135,1.96095484376743,0.1252234772538524,1.128855575788891,0.5660930789069621,0.03333898981576702,0.13134846673501258,0.9678438321644105,-0.05504464888513479,0.1762933381740621,0.5187490811411116,-0.057865436454087926,0.11086261144142279,1.7812377072327963,0.18551726945188726,1.0543987695744494,0.9233211649964186,-0.18378745009567563,0.1698715547654801,1.136850353897802,-0.11697188019752516,0.7293424618165223,1.6076098096291744,-0.09956798460704586,1.0645728513894495,1.0157414272131506,-0.049659902809668845,0.24481750689200218,0.8656849813777087,-0.01328127208283006,0.12190115066948327,0.4047336361266127,-0.10764037314432362,-0.008994975781055882,1.7437499161587633,0.053275496803767766,1.1458853412148182,2.0830620693055195,0.15347696909841504,1.0775922844741537,2.0721651323583723,0.20738536672087127,1.1524976847187587,1.6939030412017115,-0.14494347246672146,-0.035413795847766445,1.207544106521354,-0.3827901451003474,0.6820517679713418,1.3133556645437579,-0.2980377251738745,1.0015708097558935,1.5345568064822261,-0.35925050444950335,1.2155919880267012,1.465732452095739,-0.5619088103439634,0.6923971468249692,1.6526070470052043,-0.3756418074203643,1.2246913996753317,1.7680615028798186,-0.4069144496854567,0.844960762570236,1.631700695745203,-0.5101554871394934,0.7251196551007151,1.6191953112747495,-0.07357879807025394,0.017741081644071666,1.484279142310288,-0.32005237822501087,0.3164804611379736,1.7160536192900298,-0.03313109261409336,0.008528628263203141,1.4367604950405903,-0.46810964401194594,0.6667617531801691,1.4875415658319233,-0.19823113725280145,0.3846044562115574,1.1082157117641525,-0.2134024891632284,0.7451205348336931,1.4736812841023827,-0.4071197918314019,1.0386766558451368,1.3947917294028578,-0.3714400896962906,0.3960845774372681,1.5650707325398527,-0.2724636354983248,0.17576321288449873,1.860373287011456,-0.08762288981715574,-0.006524849874245022,1.4432804845026785,-0.521685192916567,0.8768771117096704,1.6763569692902216,-0.4632430609488329,0.8049038869655685,1.7011360451085678,-0.4092851450901157,0.7395897093198157,1.5302508201030705,-0.27682519472197986,0.7891170654865292,1.2249775201279596,-0.16719793454306026,0.8441013539863736,-21.2106876373291,-24.76258087158203,-23.005441665649414,11.56093692779541,0.5925741195678711,-11.05346965789795,-0.20939640700817108,-0.05488501489162445,-1.100882649421692,-0.18515869975090027,-0.027691859751939774,-0.15073353052139282,-734.69921875,26.026172637939453,-1274.1221923828125,-336.65179443359375,75.70382690429688,169.7942657470703
1.4953415439223612,-0.22960075824860707,1.0925259811199264,1.5882348957045977,-0.26453495652273,0.9702588509250161,0.4986825269085682,0.04651881669900865,0.07263569628807488,1.297861259307293,-0.12530082212576016,0.587358546967538,1.5687380594923006,-0.19003352466107204,1.2411509989113207,1.808504267638882,0.14332553460601952,1.121278355847921,1.6862098097011742,-0.21427146584683696,1.252591887451955,2.1681180746350064,0.13826794732386732,1.1259640273668912,1.969761499111226,0.11484424202450084,1.1205103284870555,0.5680586944352711,0.03463125784591529,0.1307731494554226,0.9695174917085281,-0.05526059542764101,0.1760967999746073,0.52045587701908,-0.05647018961978474,0.11077179131869054,1.7883486264194082,0.18141182667470934,1.0545633695772942,0.9243575752965661,-0.18378881236772662,0.17067421326376742,1.1373015144802876,-0.11611793885957328,0.7306347928497176,1.6111540871345444,-0.10057633687180792,1.0634064802665584,1.0171289872254756,-0.04970143569497675,0.24488986283540726,0.8676921318698403,-0.01355501146068093,0.12120208788095722,0.40649293659143887,-0.10661341484315351,-0.008949040025102578,1.7518958563836204,0.04758460414503398,1.144021634234498,2.0912474666210197,0.14247165759717018,1.0658740673633602,2.0835487601772837,0.19382900794018212,1.1433047156854972,1.693851814167389,-0.1449164923847906,-0.03541126297108385,1.207541903123161,-0.3816741824347452,0.6828038834578154,1.315044095579362,-0.29751207941020563,1.0023654478275223,1.5377535470668842,-0.3589051611080075,1.2151995176905828,1.4659606263732279,-0.5618939343469822,0.6929341140172339,1.6558573494683828,-0.37539740114022563,1.2232839707901937,1.7686259341950448,-0.4069848104521928,0.8446188331242429,1.6319930663961448,-0.5103019898300929,0.7251977602772365,1.6191442914751193,-0.073438527703976,0.017634470873074425,1.4839747072450373,-0.3194327378115117,0.3168914456241178,1.716139986222943,-0.03317509354123019,0.008365447717774295,1.4369032915854296,-0.4680325309961837,0.6671150159954236,1.4873508643235591,-0.19729611176429995,0.384788469960358,1.10884798421765,-0.21224801886259329,0.7465235777445977,1.4753898650605157,-0.4066660579861395,1.0386656467488269,1.3948385697721646,-0.37069375038344343,0.39674508053538027,1.5646485964588772,-0.2721711120364682,0.17592104524374008,1.8603414044474924,-0.08768353931951207,-0.006484651175598978,1.4439991211259602,-0.5211395036108446,0.8774527408034596,1.676879782945115,-0.4634148551533554,0.8047997136384446,1.7015719605202706,-0.40958061172867455,0.7393532186154498,1.5306124554959355,-0.27655388553016236,0.7882631168460215,1.2258294899732072,-0.16653619331634598,0.8450396821790973,-21.238624572753906,-24.73759651184082,-22.955142974853516,11.679779052734375,0.5852120518684387,-10.998770713806152,-0.12560223042964935,-0.07789260894060135,-1.1652932167053223,-0.19956530630588531,-0.030086904764175415,-0.12980899214744568,-726.84326171875,23.63643455505371,-1274.248779296875,-336.7618103027344,74.62979125976562,169.69789123535156
1.4970765394090815,-0.22941567487274575,1.0923549213156796,1.5893903824667266,-0.2645815596083142,0.9694892404884693,0.5001365649976477,0.04731897228946348,0.07228933440040282,1.297901525007968,-0.12481786182384622,0.5877879419863619,1.5713144296052437,-0.18977771349103248,1.2405843434744324,1.814748505882869,0.13851821161066497,1.120096726133334,1.6888137905802947,-0.21403617431588523,1.2512052398643747,2.1744235643487886,0.12749230531075226,1.1154059242728538,1.975430037012163,0.1073980726153651,1.1144603573723348,0.5694177312566744,0.0354505718765866,0.1305142538930407,0.9707256610819834,-0.05540353866503727,0.17598421965411168,0.521590278835486,-0.0555969111201977,0.11079098942954808,1.7938355124549357,0.1780403825324895,1.0543617633794318,0.925147973149028,-0.18376878861165205,0.17123115931125663,1.1376264963718439,-0.1155451939792823,0.7316442718174283,1.613559516455164,-0.10143256071486213,1.062735134007915,1.0180944516169315,-0.04971305795309954,0.24496623873710632,0.8691029785484666,-0.01370963801179598,0.12074080262555195,0.40772199255741187,-0.1057308075443799,-0.009009261917791615,1.757456093434466,0.04343391331961251,1.1425414432753003,2.0962182772870093,0.13498670269815397,1.057534505199913,2.0910372284074485,0.1839262737541017,1.1365746311004594,1.6938165469674875,-0.14489437600240013,-0.03540479169776108,1.2076556785217185,-0.3809363283463662,0.6834486900575902,1.3163274408176244,-0.2971226922328899,1.0028959236397648,1.540033617161757,-0.358638266952622,1.2149033763550765,1.4661141914247677,-0.5618880432567849,0.6932967830177964,1.6582227511121734,-0.37521213924647956,1.2222544779840685,1.769091786533002,-0.40705940117504424,0.8443580978358819,1.6321711082332182,-0.5104124328948014,0.7252609556084437,1.6191202113959964,-0.07332236958753985,0.017553613428643214,1.4837767110755111,-0.3189351886313483,0.3171439492544591,1.7162801425978047,-0.03325327817622004,0.008178695385646558,1.4370120684832137,-0.46796183791381635,0.667410304412147,1.4872620417582278,-0.1966955528057964,0.3848803471650509,1.1093184383499701,-0.21154113266839103,0.7476207288290491,1.4765718914815131,-0.4063354428635528,1.0386245479646898,1.3948493205158916,-0.37009401954957194,0.3972157231032453,1.564412278450088,-0.27194728036195237,0.17603935301303864,1.8603212517618344,-0.08771487912594877,-0.006465408900160566,1.4445847391292748,-0.5207282579103053,0.8778241770156961,1.6772392782943928,-0.463493125328165,0.8047206500508138,1.7019060269886295,-0.4097904892551978,0.7391377276932167,1.5309454111863445,-0.27630358362039986,0.78770384014837,1.2265351513363667,-0.16606502511248686,0.8457852323718418,-21.468280792236328,-26.889577865600586,-22.919404983520508,11.67349624633789,0.553126335144043,-10.887947082519531,-0.18153563141822815,0.14887875318527222,-1.0860265493392944,-0.19912120699882507,-0.02250531315803528,-0.12418032437562943,-718.00341796875,18.671602249145508,-1274.654052734375,-336.79669189453125,73.75159454345703,171.7750244140625
1.498811534895802,-0.22923059149688446,1.0921838615114325,1.5905458692288554,-0.2646281626938984,0.9687196300519224,0.5015906030867272,0.04811912787991831,0.07194297251273074,1.297941790708643,-0.12433490152193227,0.5882173370051857,1.573890799718187,-0.1895219023209929,1.240017688037544,1.8209927441268559,0.1337108886153104,1.118915096418747,1.691417771459415,-0.21380088278493348,1.2498185922767944,2.180729054062571,0.1167166632976372,1.1048478211788166,1.9810985749131,0.09995190320622938,1.1084103862576145,0.5707767680780775,0.036269885907257916,0.13025535833065877,0.9719338304554388,-0.055546481902433525,0.17587163933361605,0.5227246806518919,-0.054723632620610654,0.11081018754040563,1.799322398490463,0.17466893839026962,1.0541601571815693,0.9259383710014898,-0.18374876485557745,0.1717881053587458,1.1379514782634002,-0.11497244909899132,0.7326537507851391,1.6159649457757832,-0.10228878455791636,1.0620637877492716,1.019059916008387,-0.04972468021122233,0.2450426146388054,0.8705138252270931,-0.013864264562911031,0.1202795173701467,0.4089510485233848,-0.1048482002456063,-0.009069483810480651,1.7630163304853117,0.03928322249419103,1.1410612523161026,2.1011890879529984,0.12750174779913773,1.0491949430364658,2.098525696637614,0.17402353956802127,1.1298445465154214,1.693781279767586,-0.14487225962000966,-0.035398320424438315,1.207769453920276,-0.38019847425798714,0.6840934966573651,1.3176107860558868,-0.2967333050555741,1.0034263994520074,1.5423136872566297,-0.3583713727972366,1.2146072350195702,1.4662677564763076,-0.5618821521665877,0.6936594520183588,1.6605881527559643,-0.3750268773527335,1.2212249851779433,1.7695576388709593,-0.4071339918978956,0.8440973625475208,1.6323491500702914,-0.5105228759595101,0.7253241509396509,1.6190961313168735,-0.07320621147110369,0.017472755984212003,1.4835787149059851,-0.31843763945118486,0.31739645288480034,1.7164202989726667,-0.03333146281120989,0.007991943053518823,1.4371208453809978,-0.467891144831449,0.6677055928288705,1.4871732191928966,-0.19609499384729287,0.38497222436974377,1.10978889248229,-0.21083424647418877,0.7487178799135005,1.4777539179025105,-0.40600482774096613,1.0385834491805526,1.3948600712596186,-0.3694942887157005,0.39768636567111043,1.5641759604412988,-0.2717234486874366,0.17615766078233716,1.8603010990761764,-0.08774621893238548,-0.006446166624722154,1.4451703571325896,-0.520317012209766,0.8781956132279326,1.6775987736436704,-0.46357139550297466,0.804641586463183,1.7022400934569883,-0.410000366781721,0.7389222367709836,1.5312783668767538,-0.27605328171063737,0.7871445634507186,1.2272408126995262,-0.16559385690862774,0.8465307825645862,-21.612424850463867,-29.21617889404297,-23.114295959472656,11.59934139251709,0.5874041318893433,-10.85340690612793,-0.44486546516418457,0.4690987467765808,-1.0815280675888062,-0.22590816020965576,-0.04532624036073685,-0.13686376810073853,-710.6712036132812,13.471782684326172,-1274.899169921875,-336.7001037597656,72.88689422607422,173.46267700195312
1.5007519840404686,-0.2290382892485486,1.0919738936897934,1.5918081138307685,-0.264655752292532,0.9679076679494997,0.5031991008891175,0.048972351538227085,0.07162260140804266,1.2979555114215573,-0.12378713478710478,0.5887041466915055,1.576784857061525,-0.1892587597796459,1.2393767975813506,1.8280778010159928,0.1282618983297159,1.1174231309764433,1.694317214536351,-0.21351937081245398,1.2482613538274703,2.1872259102120304,0.10485302997345966,1.093114178701742,1.9872147492225596,0.09170895874105549,1.1017086229576971,0.5722739487294329,0.03713531054507028,0.13004058599472046,0.9732670227423409,-0.05569740900436774,0.17577148125266398,0.5239845032723534,-0.05380588185214839,0.11088220326118911,1.8055433358577702,0.1707128603134724,1.0537417290226514,0.9268257736370263,-0.18371147548915534,0.17241413397899527,1.1382851474332494,-0.11432258212408483,0.7337894937060526,1.6186173514814566,-0.10331838923376915,1.0614317095042853,1.0201159952492114,-0.04973390061926368,0.2451357398404191,0.8720612146996505,-0.01405975439073826,0.11981672818297583,0.41032903873367815,-0.10393718580733861,-0.009110193668759817,1.7692183082466884,0.03456352796676937,1.1393066778877714,2.10644579249502,0.11915340758119995,1.0399786383900422,2.106610489207388,0.16298387915093387,1.1222754148458014,1.69374253576165,-0.14484407422163628,-0.03538982594842153,1.2079778893893918,-0.3794033452375046,0.6848496178917537,1.3190498770467494,-0.2962527440873203,1.004005067395848,1.5448720439380368,-0.35805793965099664,1.2142707267344393,1.4664231783506887,-0.561879567357878,0.6940950202626108,1.663205542311763,-0.37479605698427615,1.2200672010712277,1.770068888632667,-0.40722765768600616,0.8437913435184403,1.6325416296523139,-0.5106518114639433,0.7254050808237088,1.6190688586392938,-0.07307408325719518,0.01737573216145007,1.483377961922955,-0.3178620018706417,0.317703415423829,1.7165783604249258,-0.03340785753055914,0.007792355788760629,1.437220186587201,-0.4678022624641065,0.668040324520591,1.4870770924928172,-0.19539106740856804,0.38508891289597313,1.110318897575732,-0.21008664991287207,0.7499601805446953,1.4790562683383361,-0.4056366498501885,1.0385549692128668,1.394871030422236,-0.3688038790857555,0.39820382670061477,1.5639197952699977,-0.27142659934940716,0.17629712662160002,1.8602832011039683,-0.08777008585582506,-0.006403175105544313,1.4457975547045272,-0.519880472034808,0.8786168852389253,1.6779812424388152,-0.46362248359137026,0.8045457309445009,1.7026232425740222,-0.41023558378219604,0.7386714756883532,1.5316582452382472,-0.27575158796563054,0.7865399035396955,1.2280641549470408,-0.16505872778939887,0.8473935589095615,-21.458602905273438,-30.29422378540039,-23.31895637512207,11.631173133850098,0.6488375067710876,-10.935582160949707,-0.6388716697692871,0.46005403995513916,-1.19071626663208,-0.2528674602508545,-0.08014173805713654,-0.13412341475486755,-708.2000122070312,10.957071304321289,-1274.893310546875,-336.57476806640625,72.08230590820312,172.82427978515625
1.5033473167198381,-0.22882297684420025,1.0916399065627167,1.5934106490469926,-0.26462273640151057,0.966960709912098,0.5052999390276851,0.04999472966281975,0.07138507592411626,1.2978846199859846,-0.1230327975473657,0.5893739656304681,1.5806915424517447,-0.18897224849225672,1.238499283001123,1.8378429673365404,0.12076759355648506,1.114941970402042,1.698158443368823,-0.21309053118260493,1.2461603570063384,2.1943327468752067,0.08952142434527827,1.0776335044412433,1.994757764584181,0.08092629378476543,1.0929292720674684,0.5742114628387601,0.0381477127431441,0.12996645644307137,0.9749987255658534,-0.05587378467451656,0.1757109190602571,0.525644104705741,-0.052746375726647,0.1111225751136115,1.814104061845122,0.1648932615702124,1.052632180862869,0.928022379018613,-0.1836191519897505,0.17326036329991765,1.1386465073026568,-0.11342688847259186,0.7353277029777994,1.6220569944144871,-0.10490064531416679,1.060924798052832,1.0214609093223974,-0.04973546513017045,0.24528225343551066,0.8740438343278618,-0.014385495913085442,0.11934914521330242,0.4121817568477415,-0.10293562361193419,-0.009088708917357472,1.7774658345228784,0.028030134139225157,1.1366775061515784,2.1126137837668915,0.1080530266592051,1.027967717079138,2.11659606560966,0.14832026637251886,1.112031820594081,1.6936927094364798,-0.14479654383481733,-0.035374882513817575,1.208488053833412,-0.3784256523709424,0.6859605545239732,1.3209854076240235,-0.2954815666604516,1.0047373477591584,1.5483174391140209,-0.35759616347140827,1.21380554879738,1.466584518847876,-0.5618875213214104,0.6947629548461232,1.6666261433370853,-0.3744200189776768,1.21850048844388,1.7707248426825795,-0.4073821252446301,0.8433409825658167,1.6327801295463613,-0.5108396916199993,0.7255425395949787,1.619031409554134,-0.07289105035759362,0.017227178007759015,1.4831684215968808,-0.3170374575138882,0.31818396573429863,1.7167934943113896,-0.03347854689380388,0.007551857176242989,1.4372894515264902,-0.46765540175090564,0.6685007816513643,1.4869576838632292,-0.19435765712663833,0.3852846875095999,1.1110387213577497,-0.20920928905637853,0.7516651453561339,1.4807421515714252,-0.4051487406358024,1.0385667117226203,1.3948826539200663,-0.3678244307933265,0.39887052157659403,1.5636003672681897,-0.27089700620892826,0.17650403380887397,1.8602724900308825,-0.08777013296471131,-0.006284482871947064,1.4465572871514503,-0.5193633057226409,0.8791970088584533,1.6784369390926615,-0.463586928779321,0.8043963511455927,1.7031628426337084,-0.4105515703558922,0.738308290969457,1.5321876896138222,-0.2752860827457826,0.7857905846360503,1.2292626050134368,-0.1643197232524291,0.8486299936147714,-21.09541893005371,-29.21062469482422,-23.232898712158203,11.793926239013672,0.6770428419113159,-11.027948379516602,-0.5789218544960022,0.14345070719718933,-1.2493489980697632,-0.2409706860780716,-0.0843992680311203,-0.12086604535579681,-709.8731079101562,12.453946113586426,-1275.09912109375,-336.486083984375,71.33605194091797,169.59085083007812
1.5059426493992076,-0.2286076644398519,1.09130591943564,1.5950131842632165,-0.2645897205104891,0.9660137518746964,0.5074007771662526,0.05101710778741241,0.07114755044018987,1.297813728550412,-0.12227846030762661,0.5900437845694307,1.5845982278419641,-0.1886857372048675,1.2376217684208952,1.8476081336570882,0.11327328878325423,1.1124608098276407,1.701999672201295,-0.21266169155275588,1.2440593601852066,2.201439583538383,0.07418981871709687,1.0621528301807446,2.002300779945802,0.07014362882847537,1.0841499211772399,0.5761489769480874,0.03916011494121793,0.12989232689142227,0.976730428389366,-0.056050160344665395,0.17565035686785022,0.5273037061391286,-0.051686869601145595,0.11136294696603387,1.822664787832474,0.15907366282695237,1.0515226327030864,0.9292189844001996,-0.18352682849034568,0.17410659262084005,1.1390078671720643,-0.11253119482109888,0.736865912249546,1.625496637347518,-0.10648290139456441,1.0604178866013787,1.0228058233955837,-0.04973702964107722,0.24542876703060224,0.8760264539560733,-0.014711237435432623,0.11888156224362903,0.41403447496180484,-0.10193406141652978,-0.009067224165955129,1.7857133607990685,0.021496740311680945,1.1340483344153856,2.1187817750387627,0.09695264573721024,1.0159567957682338,2.126581642011932,0.13365665359410384,1.1017882263423602,1.6936428831113095,-0.14474901344799837,-0.035359939079213615,1.2089982182774321,-0.37744795950438026,0.6870714911561927,1.3229209382012979,-0.29471038923358295,1.0054696281224687,1.5517628342900052,-0.3571343872918199,1.213340370860321,1.4667458593450635,-0.5618954752849428,0.6954308894296355,1.6700467443624076,-0.37404398097107744,1.2169337758165324,1.771380796732492,-0.407536592803254,0.8428906216131931,1.6330186294404085,-0.5110275717760553,0.7256799983662485,1.6189939604689743,-0.07270801745799206,0.017078623854067956,1.4829588812708066,-0.31621291315713473,0.3186645160447682,1.7170086281978532,-0.03354923625704862,0.00731135856372535,1.4373587164657795,-0.4675085410377048,0.6689612387821374,1.4868382752336413,-0.19332424684470864,0.3854804621232266,1.1117585451397674,-0.208331928199885,0.7533701101675726,1.4824280348045145,-0.4046608314214164,1.0385784542323737,1.3948942774178965,-0.3668449825008974,0.39953721645257323,1.5632809392663818,-0.2703674130684493,0.17671094099614792,1.8602617789577964,-0.08777018007359758,-0.006165790638349815,1.4473170195983733,-0.5188461394104738,0.8797771324779813,1.6788926357465075,-0.46355137396727175,0.8042469713466847,1.7037024426933944,-0.41086755692958826,0.7379451062505609,1.5327171339893972,-0.2748205775259347,0.7850412657324053,1.2304610550798327,-0.16358071871545937,0.8498664283199814,-20.713682174682617,-27.288822174072266,-23.0500431060791,11.939605712890625,0.7182971835136414,-11.016956329345703,-0.33100399374961853,-0.14644378423690796,-1.2382473945617676,-0.21405765414237976,-0.06042463332414627,-0.11211905628442764,-711.5697021484375,15.725647926330566,-1275.8927001953125,-336.3763732910156,70.45014953613281,165.11239624023438
1.5085398837035855,-0.22838163568286707,1.0909703182463615,1.5966191980617725,-0.2645565028616924,0.9650521513247332,0.5094690279455375,0.05199062719398383,0.07098634505262043,1.2977625305289464,-0.12143300160370914,0.5907567379293063,1.5884024573872422,-0.1883534129881701,1.2367025757862242,1.8573122067956735,0.10575414751193765,1.1097379202479558,1.7057863475865875,-0.21223399289791156,1.2419440779859656,2.207988344280925,0.059002827467482984,1.0468799710668473,2.009639727753519,0.059464565185299426,1.0755606307493928,0.5780465151892593,0.040101896989967266,0.1299025042611637,0.9784492372677026,-0.056226193374454586,0.1756037368334287,0.5289290551318239,-0.05067716199065872,0.1116373422524787,1.8312745108114963,0.15306949398375494,1.0501666339422693,0.9303993842262306,-0.18343643328508005,0.1749571655315674,1.139366518385363,-0.11163170603628189,0.7383862879892059,1.6289915851015129,-0.10817355299923596,1.0599977078027283,1.0241430845876403,-0.04974103843583571,0.24558804122521388,0.877987353316206,-0.015051401667420247,0.11847020649900104,0.4158686313605467,-0.10091771872479788,-0.009050174607025669,1.7938766218968576,0.014954056477078467,1.1313332092288313,2.1246379183617647,0.08583623695723844,1.0041206337955613,2.1362026815382853,0.11915297443602238,1.0913342752598767,1.6935958396520046,-0.1446985239471426,-0.03534325635344382,1.2095616560503346,-0.3764876943352996,0.6881609672544808,1.3248345583479926,-0.2939189548622693,1.0061888846735292,1.5551829146628349,-0.35670467436510994,1.2128784303238849,1.466879816442136,-0.5618942597054488,0.6960765286194568,1.673484942376219,-0.37368071399974506,1.2153771371636168,1.772036760058624,-0.4076826677022391,0.8424296533035127,1.6332405805587769,-0.5111886251051694,0.7258072486579024,1.6189617431716414,-0.0725099802732665,0.016929661546716625,1.482772308864341,-0.3153794334818985,0.31911836475725996,1.7171421684571448,-0.03355118245601851,0.007125848764707858,1.4374477583051517,-0.4673488466747549,0.6694260139931116,1.4867352947888786,-0.19227899546852173,0.3856581991279362,1.112466467532101,-0.2075184689008242,0.755072876514978,1.4840949852735001,-0.40412471601307787,1.0386075896537856,1.394906002954142,-0.3658451775446633,0.4001868616370176,1.5629761676914644,-0.26982510918813035,0.17693443406397932,1.8602470141767666,-0.08778437863517281,-0.006075035986515219,1.448053765573249,-0.5183256382973779,0.8803474511334438,1.6793181383057145,-0.46353276680834243,0.8040961583718559,1.7042200302840858,-0.4111873908153433,0.7375789206746398,1.5332448437119162,-0.2743482125417286,0.7842961721467656,1.2316996897293242,-0.1628227245975409,0.8511264941944982,-20.428241729736328,-26.256078720092773,-22.99640655517578,11.968113899230957,0.7663501501083374,-10.851022720336914,-0.10608256608247757,-0.2273724377155304,-1.244469165802002,-0.2092941254377365,-0.04078017920255661,-0.10901004076004028,-709.1137084960938,16.790157318115234,-1276.1820068359375,-336.1285400390625,69.67555236816406,162.95101928710938
1.5111433488643722,-0.22812049377043517,1.0906294284277405,1.5982366097683938,-0.26452262413422795,0.9640425731804197,0.5114305031220644,0.05280405633299553,0.07107520976800792,1.2977758598643423,-0.12028897469801622,0.5916110253491939,1.5918709805469637,-0.1878709783222502,1.235646821015718,1.866816102274206,0.0981536270766861,1.106222982438195,1.709394273378991,-0.2118100327569128,1.2397819883776027,2.212708515836703,0.04428967907531424,1.032288038177996,2.016310028682481,0.04912496116382433,1.0675940916238245,0.5798130686709422,0.04081228535795051,0.13018892133078036,0.980125797900143,-0.05640110371029929,0.17560279961453368,0.5304421727231006,-0.049830623982560586,0.11202321857806072,1.8400447771249224,0.14646056353651157,1.0480031161908283,0.9315266849978869,-0.18335235632018537,0.17582197063016572,1.1397162944275812,-0.1107197821337656,0.7398482304535164,1.632667744396538,-0.1102193729174847,1.0598617168451776,1.0254552703819526,-0.04975305616066156,0.2457891267459124,0.8798770841383775,-0.01543882328844227,0.11824308464069241,0.4176419685218507,-0.09985294632169588,-0.009047657380879716,1.8017637800696666,0.008380933044885595,1.1283364493325847,2.129472262022511,0.07466731136603111,0.9928570875268902,2.144629281088216,0.10517333309776784,1.0801910698808586,1.6935579145191522,-0.14463833862582579,-0.035320874673641284,1.2102996489859574,-0.37558453268562725,0.68918012585861,1.3266763868710851,-0.2930611466729878,1.0068654674567923,1.5585200486593687,-0.3563800197563424,1.2124270974405553,1.4669240492069169,-0.5618629992402941,0.6966491148171835,1.6769807986076304,-0.37335929254822386,1.2138535068524594,1.7726927537791777,-0.40780124324836475,0.8419339289728379,1.6334083080291748,-0.5112617777672824,0.7259010498886866,1.618946668328039,-0.07226278011175181,0.016779361884818968,1.482660993045529,-0.31451667638014486,0.31948472312744086,1.7170083593848526,-0.03332788509544948,0.007120515078010149,1.437601601051179,-0.4671471016296488,0.6699049378072979,1.4866861428646063,-0.19119494561328007,0.3857768341800235,1.11313539388164,-0.20691438917292668,0.7567684393844857,1.4856999007281877,-0.40343064839476783,1.038693714615525,1.3949180628290239,-0.36477867203043,0.40078064187473017,1.5627194193025298,-0.26924115735174015,0.17721227235746698,1.8602189670335378,-0.08784494578640982,-0.006075821496200878,1.4487151941716276,-0.5177942103897499,0.8808856428853723,1.6796447070229132,-0.4635696902575082,0.8039406494589042,1.7046654919125386,-0.41151983078741866,0.737202902503361,1.533766869677613,-0.27385337088281747,0.7835649232201229,1.2330699930127882,-0.16200250929949303,0.8524639898578062,-20.412372589111328,-27.144935607910156,-23.180728912353516,11.915119171142578,0.7690203189849854,-10.667119026184082,-0.08609093725681305,0.039871834218502045,-1.2390013933181763,-0.23166005313396454,-0.0374116413295269,-0.12487810850143433,-702.9166870117188,14.725874900817871,-1276.0069580078125,-335.8929748535156,68.87701416015625,163.510009765625
1.5137468140251586,-0.22785935185800327,1.0902885386091195,1.599854021475015,-0.2644887454067634,0.9630329950361063,0.5133919782985913,0.05361748547200723,0.0711640744833954,1.2977891891997382,-0.11914494779232332,0.5924653127690813,1.5953395037066855,-0.1873885436563303,1.2345910662452118,1.8763199977527383,0.09055310664143454,1.102708044628434,1.7130021991713944,-0.21138607261591402,1.23761989876924,2.2174286873924807,0.02957653068314548,1.0176961052891447,2.022980329611443,0.038785357142349236,1.059627552498256,0.5815796221526252,0.04152267372593376,0.13047533840039705,0.9818023585325834,-0.056576014046144,0.17560186239563866,0.5319552903143774,-0.04898408597446245,0.11240909490364273,1.8488150434383486,0.1398516330892682,1.0458395984393873,0.9326539857695433,-0.18326827935529072,0.17668677572876404,1.1400660704697994,-0.1098078582312493,0.741310172917827,1.636343903691563,-0.11226519283573341,1.059725725887627,1.026767456176265,-0.049765073885487406,0.24599021226661094,0.8817668149605491,-0.015826244909464292,0.11801596278238377,0.41941530568315477,-0.09878817391859389,-0.00904514015473376,1.809650938242476,0.0018078096126927252,1.125339689436338,2.134306605683257,0.06349838577482377,0.9815935412582192,2.153055880638147,0.0911936917595133,1.0690478645018404,1.6935199893862996,-0.144578153304509,-0.03529849299383874,1.2110376419215803,-0.3746813710359549,0.6901992844627393,1.328518215394178,-0.2922033384837063,1.0075420502400556,1.5618571826559027,-0.35605536514757485,1.2119757645572258,1.4669682819716978,-0.5618317387751396,0.6972217010149102,1.6804766548390417,-0.3730378710967026,1.212329876541302,1.7733487474997311,-0.40791981879449046,0.8414382046421632,1.6335760354995728,-0.5113349304293955,0.7259948511194709,1.6189315934844364,-0.07201557995023714,0.01662906222292131,1.482549677226717,-0.3136539192783912,0.3198510814976218,1.7168745503125602,-0.03310458773488045,0.007115181391312439,1.4377554437972062,-0.46694535658454267,0.670383861621484,1.486636990940334,-0.1901108957580384,0.38589546923211077,1.1138043202311787,-0.20631030944502912,0.7584640022539934,1.4873048161828752,-0.4027365807764578,1.0387798395772643,1.394930122703906,-0.36371216651619676,0.40137442211244273,1.5624626709135954,-0.26865720551535,0.17749011065095463,1.860190919890309,-0.08790551293764683,-0.006076607005886536,1.4493766227700062,-0.517262782482122,0.8814238346373008,1.679971275740112,-0.463606613706674,0.8037851405459524,1.7051109535409914,-0.41185227075949404,0.7368268843320822,1.53428889564331,-0.2733585292239063,0.7828336742934803,1.2344402962962522,-0.16118229400144515,0.8538014855211143,-20.751737594604492,-29.25379753112793,-23.576379776000977,11.819560050964355,0.7334264516830444,-10.57440185546875,-0.2933162748813629,0.3305237591266632,-1.1435405015945435,-0.23211346566677094,-0.041021693497896194,-0.14739283919334412,-694.9750366210938,9.992364883422852,-1275.593017578125,-335.7040710449219,67.93970489501953,166.14073181152344
1.5163096876333877,-0.22759057689976223,1.089957590134728,1.6015016839204244,-0.2644711745693194,0.9619275305839565,0.5153131751429953,0.0543655258732915,0.07133372964349798,1.2978069217789252,-0.11794784250638361,0.5933631242111028,1.5988374060352901,-0.18692359826620056,1.2334838616137476,1.885592582210009,0.08281957533284638,1.0989156298290033,1.7165708861603637,-0.21093175732931563,1.2354578908705556,2.221846024721663,0.015025015383812677,1.0035330619638347,2.0295653437936534,0.028545395768748462,1.051744620531601,0.5833204507038291,0.04215807161781167,0.1308298105534338,0.9834708162885626,-0.05675387699527059,0.17561613339067295,0.5334460920845434,-0.04821323978387764,0.11282890003840648,1.8574948480587121,0.13302305454252672,1.0433785575904597,0.9337873739122553,-0.18317951089301648,0.17754827952937563,1.1403955643540187,-0.10893482756831797,0.7427563090987551,1.6397648110294971,-0.1145303084804913,1.0597303572869459,1.0280759922716,-0.04976592547204716,0.24620042997874958,0.8836145333896407,-0.016202706226844617,0.11784270349026515,0.42115764990942345,-0.0977704974989229,-0.009019871748095725,1.8172970800999766,-0.004868182581108327,1.122256925563939,2.138955395742757,0.05222256292916053,0.9704739129701212,2.1610856798310936,0.07752516172481069,1.0578300218708483,1.6934839617337611,-0.14451447716414534,-0.035272625034415965,1.2117794116601248,-0.37377084189692883,0.6912081067925256,1.3303543423974749,-0.2913162419140735,1.0081810102557505,1.5652413541907502,-0.3557156532608121,1.2115018162506306,1.4669792952127014,-0.5617719661715804,0.6977859664436996,1.683954425994923,-0.37265917569990986,1.210797330796324,1.7739978685284292,-0.40804886906746995,0.8409267511983581,1.6337430457405697,-0.5114173389823231,0.7260865551351712,1.618923418569249,-0.0717645899349491,0.016473653010826657,1.4824155825652823,-0.31276823807236387,0.32021063753705936,1.716753787552284,-0.03289256006824657,0.007092969939236028,1.437884582983737,-0.46671673813403053,0.6708569522725035,1.4866027464929796,-0.18902122836239305,0.3860103138629964,1.1144640497024485,-0.20575004653228046,0.760129854576477,1.4889146069817194,-0.4020605006360061,1.038869459897477,1.3949320868940542,-0.3626267406719411,0.40195470209548007,1.5622319243601617,-0.2680855623341555,0.17776117158054514,1.8601666767865617,-0.08795232335660631,-0.006078845132080627,1.4500024259485156,-0.5167468158614558,0.8819747231653983,1.6803125521994584,-0.46363413373366097,0.8036366859019197,1.7055431963592176,-0.41219671751489695,0.7364514154314206,1.5348208992686492,-0.27281974137618853,0.7820837774024105,1.2358366740460425,-0.16032351400481168,0.8551637846113039,-21.095195770263672,-30.427125930786133,-23.845653533935547,11.806143760681152,0.6813207268714905,-10.684036254882812,-0.581026017665863,0.3425343930721283,-0.9588816165924072,-0.18388621509075165,-0.038984302431344986,-0.16495953500270844,-691.0339965820312,6.658575534820557,-1275.4659423828125,-335.5400695800781,67.18109893798828,167.7838134765625
1.5187357853579995,-0.22729608189585984,1.0896601396680667,1.6032512782030548,-0.2645085542308574,0.9604989709640971,0.5170986515204637,0.05489323465832021,0.07177561347601034,1.2978394913752347,-0.11657188615656848,0.5944075926842279,1.6024343033894797,-0.18651758413145084,1.232203293320359,1.8940857490956386,0.07463785521192673,1.0941882382165518,1.7200073554421103,-0.2103751583999356,1.233296158297962,2.2252429423742734,0.0010181333320772347,0.9908151899939343,2.035862978720507,0.018641186795592294,1.0441434083395447,0.5849745974240713,0.04254078420976929,0.13141359874842973,0.9851119708738579,-0.05694168896741227,0.17568164945438208,0.5348616992400971,-0.047697442108826926,0.11336303050845663,1.8658698361046266,0.1254543573996485,1.03991499326087,0.934941273848742,-0.1830749341243545,0.17839865939111899,1.1406567161841108,-0.10819285021268375,0.7441491849769819,1.6423256302511455,-0.11753435537761801,1.0602088248887598,1.029372230468207,-0.04972915202749289,0.24644141920552348,0.8853206883203115,-0.016542236086301846,0.11785093762769999,0.4227955614198122,-0.09691151406689986,-0.008917941755016909,1.8241311017645905,-0.011890797775981865,1.1188843656849388,2.1429789508415373,0.040586542813045856,0.9598392257035174,2.1677784343428956,0.06490494151729244,1.0463606841516813,1.6934543277648901,-0.1444390384813413,-0.03523500982844672,1.2125339075824282,-0.3728354875220368,0.6921821003718092,1.3321712577579827,-0.2903304562367351,1.0086931979024647,1.568784021778612,-0.35532520489384795,1.2109516638004227,1.466878373101847,-0.5616161200581797,0.6983221944988958,1.6873712583093454,-0.3720874920092671,1.2092347439156463,1.774623831573701,-0.40821321461571763,0.8403622974820485,1.633907639230324,-0.5115309358629959,0.7261711924478708,1.6189384934128515,-0.07150082976020725,0.016301026836111652,1.4822047331080532,-0.3118053126019358,0.3205472726794268,1.7166769851911936,-0.0327185063703072,0.0070138877559922,1.4379304819154424,-0.4663975679913894,0.6713103876998093,1.4866187337613264,-0.18791263229799587,0.3861123864224415,1.1150927896925944,-0.2053374272357944,0.7616955952731189,1.490540825570656,-0.40144503047529434,1.0389708580560242,1.3949000330160786,-0.3614775615417405,0.40248949208993784,1.5620887926872202,-0.2675553939693811,0.1780093957404822,1.8601552516419366,-0.0879527795689785,-0.006085977944335746,1.4505081869513783,-0.5162829470555514,0.882568394308848,1.6807033873551729,-0.4636299683163498,0.8035120010770709,1.7059308975342884,-0.4125816219097731,0.7360777973339258,1.5353865232688702,-0.2721328739792306,0.7812710449790323,1.2373209114106285,-0.15933478774120477,0.8566096604659857,-21.125892639160156,-30.14185333251953,-23.818918228149414,11.886327743530273,0.6548451781272888,-10.908559799194336,-0.6057741045951843,0.09196386486291885,-0.8569459319114685,-0.1348593831062317,-0.026070645079016685,-0.17654341459274292,-691.4524536132812,6.343170166015625,-1275.8289794921875,-335.337890625,66.38925170898438,166.78797912597656
1.5211618830826108,-0.22700158689195749,1.0893626892014054,1.605000872485685,-0.26454593389239534,0.9590704113442378,0.5188841278979319,0.05542094344334883,0.07221749730852263,1.2978720609715442,-0.11519592980675358,0.5954520611573528,1.6060312007436688,-0.1861115699967012,1.2309227250269708,1.902578915981267,0.06645613509100845,1.0894608466041011,1.7234438247238562,-0.20981855947055567,1.2311344257253687,2.2286398600268837,-0.012988748719655815,0.9780973180240361,2.0421606136473596,0.00873697782243782,1.0365421961474897,0.5866287441443133,0.04292349680172684,0.13199738694342553,0.9867531254591531,-0.05712950093955393,0.17574716551809122,0.5362773063956506,-0.04718164443377631,0.1138971609785067,1.8742448241505396,0.11788566025677154,1.0364514289312807,0.9360951737852286,-0.18297035735569253,0.17924903925286217,1.140917868014203,-0.10745087285704964,0.7455420608552086,1.6448864494727935,-0.12053840227474422,1.060687292490574,1.0306684686648135,-0.049692378582938616,0.24668240843229736,0.8870268432509819,-0.01688176594575902,0.11785917176513483,0.42443347293020073,-0.09605253063487697,-0.008816011761938112,1.8309651234292033,-0.018913412970854204,1.1155118058059392,2.1470025059403173,0.028950522696933156,0.9492045384369155,2.1744711888546973,0.05228472130977635,1.034891346432516,1.693424693796019,-0.14436359979853725,-0.03519739462247748,1.2132884035047315,-0.371900133147145,0.6931560939510926,1.3339881731184902,-0.2893446705593969,1.009205385549179,1.5723266893664731,-0.3549347565268839,1.210401511350215,1.4667774509909928,-0.5614602739447789,0.6988584225540919,1.690788090623767,-0.37151580831862446,1.2076721570349689,1.775249794618973,-0.40837756016396526,0.8397978437657388,1.6340722327200783,-0.5116445327436687,0.7262558297605703,1.618953568256454,-0.07123706958546545,0.016128400661396675,1.481993883650824,-0.31084238713150786,0.3208839078217942,1.7166001828301032,-0.032544452672367864,0.0069348055727483865,1.4379763808471477,-0.4660783978487482,0.671763823127115,1.486634721029673,-0.1868040362335989,0.3862144589818866,1.1157215296827405,-0.2049248079393084,0.7632613359697606,1.4921670441595922,-0.4008295603145827,1.0390722562145713,1.3948679791381027,-0.36032838241154,0.4030242820843955,1.561945661014279,-0.2670252256046068,0.17825761990041922,1.8601438264973116,-0.08795323578135067,-0.006093110756590863,1.451013947954241,-0.5158190782496471,0.8831620654522978,1.6810942225108874,-0.46362580289903854,0.8033873162522222,1.706318598709359,-0.4129665263046492,0.735704179236431,1.5359521472690911,-0.2714460065822728,0.7804583125556542,1.2388051487752143,-0.15834606147759803,0.8580555363206673,-20.66257095336914,-28.547569274902344,-23.46616554260254,11.98951244354248,0.6914610862731934,-11.055660247802734,-0.34509292244911194,-0.17291389405727386,-0.841208815574646,-0.10893318057060242,-0.00010355410631746054,-0.1809186339378357,-694.2227172851562,8.860608100891113,-1276.411376953125,-335.20697021484375,65.78864288330078,163.6785430908203
1.5234034856818368,-0.22673185569363716,1.0890866431179427,1.6066157612579546,-0.26460588363227466,0.9577247248777492,0.5205172468100161,0.05589713849472681,0.07266951380729275,1.297894638895199,-0.11389325515965369,0.5964294166754412,1.6093252926867527,-0.18572786393643217,1.2297378636353853,1.9102475078690127,0.058806162907292375,1.084979063627736,1.726608849124403,-0.2092954659501449,1.2291266981339615,2.231711342240011,-0.025853434238359806,0.9664922741469967,2.0479503518698228,-0.00048506656115710725,1.0295475095707856,0.5881328470264838,0.043249092829592564,0.1325805723075045,0.9882652808893594,-0.057301678997001886,0.1758174742541171,0.5375655041822534,-0.04672936520952463,0.11442714490440502,1.8819577595256016,0.1108164174099835,1.033103235115279,0.9371722932682921,-0.1828720398148559,0.18003425120517902,1.141154116155296,-0.10676945447428342,0.7468193575049077,1.6473677083356488,-0.12344475725776678,1.0610750623491425,1.031858297768018,-0.04965661457486895,0.24691543207559363,0.888590707881561,-0.017188716707566103,0.11790604314563288,0.42595195064678876,-0.09525558882892533,-0.00873361750111132,1.8372319999909554,-0.02545198562573463,1.1123322406351963,2.1506439972397504,0.018085974614007325,0.9394066604162692,2.1805517069551326,0.040748384984716765,1.024236068030857,1.693393958522784,-0.14429168706599452,-0.03516173972717382,1.213995241368843,-0.371037913375343,0.6940480003885875,1.335659725184472,-0.28842561371279085,1.0096622770590498,1.5755737277845672,-0.35457180302269414,1.2098779145455518,1.4666685355420144,-0.5612971494529421,0.6993498879157943,1.6939304849959365,-0.3710055312277466,1.2062373481049444,1.7758286946656687,-0.40853987185173474,0.839259603757732,1.6342165941828923,-0.5117422051185014,0.7263313591085523,1.6189703749899833,-0.07098839739152535,0.01596791478527699,1.4818129559226383,-0.30995273836795867,0.3212082798512566,1.7165453088599325,-0.03238842894773413,0.0068433744106626915,1.4380200949330992,-0.46577815637485875,0.6721924170358291,1.4866524668324073,-0.18577068967633698,0.38630856262729657,1.1162997162499964,-0.2045447093169421,0.764712580979265,1.4936802458289442,-0.4002478064981518,1.0391714251199304,1.394833793703294,-0.3592512077152335,0.40352343289267933,1.5618233209019465,-0.26652486795029107,0.17848227814530693,1.8601323924711999,-0.0879471330157179,-0.006095426888760205,1.4514588174835736,-0.5153890434677239,0.8837088201417038,1.6814604825926143,-0.4636362697312374,0.8032714107770793,1.7066704364407141,-0.41331792751092783,0.7353588575558947,1.5364733371908301,-0.27081221939120076,0.7797016622807017,1.2402002515382324,-0.15740985477602254,0.8594057141550329,-20.12326431274414,-27.401517868041992,-23.27312660217285,12.004533767700195,0.7560480833053589,-10.942371368408203,-0.10815909504890442,-0.17492267489433289,-0.9109424948692322,-0.12916360795497894,0.01098010316491127,-0.1626587063074112,-695.8814697265625,11.618041038513184,-1277.0810546875,-335.1335144042969,65.21055603027344,160.3844757080078
1.5250055051797273,-0.22654797235466786,1.0888847988962338,1.6077636709276415,-0.2647440763104041,0.9566663320096124,0.5216221931754359,0.05619475260278247,0.07315665688242344,1.297882579020317,-0.11284462374863245,0.5971741139494031,1.6115696592046724,-0.18542149253436271,1.22888478617005,1.915057573097431,0.052999583572543967,1.0813487239231336,1.7288328646034594,-0.2088885245141604,1.2276528544773329,2.2336546482629336,-0.034758505109228906,0.9587450343252018,2.0519793815170693,-0.00734227370094538,1.0246554451272978,0.5891167979366732,0.0433766847686065,0.13316166785773853,0.9893302392485915,-0.057419659483511715,0.17590439758750775,0.5384120161564935,-0.04649728328137603,0.1149427541439107,1.887375578975046,0.10547861612297048,1.030154992413047,0.9379832405128227,-0.18279542093048032,0.18059354773815106,1.1413040315078584,-0.10629797386412589,0.7476959794957116,1.6495731579546897,-0.12601244693856367,1.0611484133644609,1.0326792420140956,-0.04962434994661255,0.24712084169616763,0.8896612994718236,-0.017382726597519507,0.11808685696875022,0.427056391211535,-0.09467372466002079,-0.008718947112091526,1.8415327735294569,-0.03031254414197629,1.109821723786411,2.1529610007014495,0.009895862912796127,0.9325097211149355,2.184509805496165,0.03296951278550729,1.016402861929887,1.6933594053944214,-0.14423199762769093,-0.03513288057551084,1.2145368646312233,-0.37042922689425234,0.6946553380678822,1.3368273511627653,-0.28773788347938994,1.00992747529453,1.5777959184141348,-0.3543041650427888,1.2094463773121107,1.466531909854207,-0.5611087932491934,0.6996861759400526,1.6961214945016319,-0.3707081303493866,1.2052455027371842,1.7762444429839683,-0.4086951328231799,0.8388122379385083,1.634290817952314,-0.5117846725397552,0.7263753141788457,1.6189931856085922,-0.07079203019769775,0.015849515277620973,1.4817357568551373,-0.30931711552158886,0.3214901397559817,1.716566453311617,-0.03229490913055985,0.006709133455258429,1.4380562348871042,-0.46554353428597484,0.6725348936800926,1.4866763088876838,-0.18499820807714334,0.3863750407040514,1.1167026509512339,-0.20427734903152414,0.7657669076066933,1.4948016555104036,-0.39978293600856074,1.0392628659475718,1.394792218871464,-0.35842364838975943,0.4038990345222271,1.5617730581997247,-0.26612785409223166,0.17862524121802376,1.8601209276559336,-0.08791829245966791,-0.006081045196632182,1.451692596571335,-0.5150762999689342,0.8840929311237588,1.6817415490845182,-0.4636974616950711,0.8031859403809175,1.7068979475671882,-0.41355318433006866,0.7351116301208143,1.5368404889738323,-0.2703624435805327,0.7791394301202913,1.241286354349149,-0.15665571588948862,0.8604241388523026,-19.834203720092773,-27.581872940063477,-23.278446197509766,11.973831176757812,0.8248526453971863,-10.659525871276855,-0.03937884420156479,0.04347816854715347,-1.0673267841339111,-0.1903289258480072,-0.00636844988912344,-0.14445509016513824,-693.7060546875,12.23983383178711,-1277.8524169921875,-335.0328369140625,64.40509033203125,158.834228515625
1.5266075246776176,-0.2263640890156986,1.088682954674525,1.608911580597328,-0.2648822689885335,0.9556079391414757,0.5227271395408554,0.05649236671083809,0.07364379995755405,1.2978705191454352,-0.11179599233761138,0.5979188112233648,1.613814025722592,-0.1851151211322933,1.2280317087047148,1.9198676383258488,0.04719300423779654,1.0777183842185318,1.7310568800825157,-0.208481583078176,1.2261790108207047,2.235597954285855,-0.043663575980096486,0.950997794503408,2.0560084111643153,-0.014199480840732482,1.0197633806838107,0.5901007488468625,0.04350427670762041,0.13374276340797245,0.9903951976078235,-0.05753763997002153,0.17599132092089842,0.5392585281307334,-0.04626520135322747,0.1154583633834163,1.8927933984244893,0.10014081483595835,1.0272067497108157,0.9387941877573531,-0.18271880204610477,0.181152844271123,1.1414539468604208,-0.10582649325396842,0.7485726014865155,1.6517786075737302,-0.12858013661936013,1.0612217643797792,1.033500186260173,-0.04959208531835616,0.2473262513167416,0.890731891062086,-0.017576736487472877,0.11826767079186755,0.428160831776281,-0.09409186049111634,-0.008704276723071737,1.8458335470679579,-0.03517310265821711,1.1073112069376259,2.155278004163148,0.0017057512115863267,0.9256127818136028,2.1884679040371977,0.02519064058629915,1.0085696558289183,1.693324852266059,-0.14417230818938737,-0.035104021423847866,1.2150784878936034,-0.3698205404131618,0.6952626757471766,1.3379949771410582,-0.2870501532459891,1.0101926735300102,1.5800181090437022,-0.35403652706288347,1.2090148400786698,1.4663952841663992,-0.5609204370454447,0.7000224639643107,1.6983125040073268,-0.37041072947102666,1.2042536573694242,1.776660191302268,-0.408850393794625,0.8383648721192847,1.6343650417217355,-0.511827139961009,0.7264192692491392,1.6190159962272013,-0.0705956630038702,0.015731115769964974,1.4816585577876362,-0.30868149267521916,0.3217719996607067,1.7165875977633016,-0.032201389313385585,0.006574892499854189,1.438092374841109,-0.4653089121970909,0.6728773703243559,1.4867001509429603,-0.18422572647794985,0.3864415187808062,1.1171055856524714,-0.20400998874610624,0.7668212342341214,1.4959230651918625,-0.39931806551896976,1.0393543067752131,1.394750644039634,-0.35759608906428547,0.40427463615177484,1.5617227954975028,-0.26573084023417226,0.17876820429074053,1.8601094628406676,-0.08788945190361794,-0.0060666635045041615,1.4519263756590963,-0.5147635564701447,0.8844770421058137,1.682022615576422,-0.4637586536589048,0.8031004699847556,1.7071254586936622,-0.4137884411492095,0.7348644026857338,1.5372076407568345,-0.2699126677698647,0.778577197959881,1.2423724571600654,-0.15590157700295482,0.8614425635495723,-19.9835205078125,-28.789316177368164,-23.11911392211914,11.967408180236816,0.8437867164611816,-10.495711326599121,-0.12617874145507812,0.2989064157009125,-1.2180886268615723,-0.2513915002346039,-0.03707309812307358,-0.1557406634092331,-688.92529296875,10.15599536895752,-1278.9002685546875,-335.09552001953125,63.630279541015625,160.13294982910156
1.5283737174722531,-0.2261624900710504,1.0884684142687464,1.6101165970429678,-0.26497514358419455,0.9544139914954737,0.523945926041003,0.05676391461728423,0.07424617371219663,1.2978424370683581,-0.11062460979878523,0.5987559856957946,1.6162625906483223,-0.18475438713632678,1.227032573017853,1.9250093414294003,0.04063214398057143,1.0736121286619584,1.7334999264470785,-0.20803911816205414,1.2245498343019299,2.2377878372242908,-0.053455673306192386,0.9426259102410838,2.060320907870665,-0.021858924346056033,1.014439198749745,0.5911654620770586,0.043598759351976664,0.13444898844949446,0.9915701186420111,-0.05765907782197787,0.1761052757501602,0.5401867142576254,-0.04607403927192783,0.1160330984568753,1.898672509667099,0.09417184516294189,1.023730616695834,0.9397050675177415,-0.18264508148692302,0.18176423358601443,1.1416301143090457,-0.10532471320487022,0.7495478446909922,1.6540636732088807,-0.13155743726436625,1.0613664293920757,1.0343915066182217,-0.049544955646952264,0.24757117802733614,0.8919102352186543,-0.017799380907653154,0.11849919662175586,0.42939588802539735,-0.09346745878655396,-0.00865768839216589,1.8504322640943207,-0.040635327703707355,1.1044783008019659,2.1577631148281475,-0.007605777868370706,0.9180619760064899,2.1926988750104077,0.016689808471807805,0.9998792923049432,1.6932886752071759,-0.14410323555895826,-0.035072699509906456,1.2157083852401631,-0.36911844319065684,0.6959536588744611,1.3392713196230248,-0.2863029541558778,1.010481344943015,1.582471227803767,-0.35372801509914026,1.208522157953275,1.4662275519592083,-0.5606922641495206,0.7003828504227644,1.7007422747201475,-0.37004937004569355,1.2031613540965203,1.7771239193859478,-0.4090646351410063,0.8378687623320826,1.63443791076837,-0.5118776228254205,0.7264659511332481,1.6190221420187034,-0.07039843553936247,0.015612033880408247,1.4815876112868454,-0.30796159695315845,0.3220616079718861,1.716618537902832,-0.032089035810026915,0.006423753704752373,1.438132205546297,-0.4650535545996483,0.6732438455354298,1.486728387163175,-0.18336842381796312,0.3865179249782436,1.1175660352833223,-0.20371344113192025,0.7679779379573088,1.4971822918645592,-0.39883771558471076,1.039476280970289,1.394706707127047,-0.35667247468272595,0.4046867935862762,1.5616609829151078,-0.26528010206506747,0.17893083363968804,1.8600968517215046,-0.08785461496241045,-0.006053085839807594,1.4522025766751623,-0.5144107748341087,0.8849208911523123,1.6823156053656774,-0.46382876638545106,0.8029913136501187,1.7073661088943481,-0.4140446440668295,0.7345784223632308,1.5375680797147435,-0.2693146258000508,0.7779330050708443,1.2435691522446688,-0.15505134289627845,0.8626059566112542,-20.4498348236084,-29.9397029876709,-22.902372360229492,12.00162124633789,0.8099778890609741,-10.548847198486328,-0.23487746715545654,0.30280137062072754,-1.2454177141189575,-0.25806760787963867,-0.05128652602434158,-0.17093037068843842,-683.113037109375,6.91603946685791,-1279.964111328125,-335.2348937988281,62.80470657348633,162.8280792236328
1.530725710439366,-0.22589767862432053,1.088208571569809,1.611525380848259,-0.264906315021957,0.9527363597557247,0.5255709148400665,0.05694245357707831,0.07525971148237079,1.2977571848607221,-0.10901522891756342,0.5999231356263949,1.619439772620106,-0.1841996775212273,1.2255122750405447,1.9313343887692247,0.03137987224995875,1.0678077188153938,1.7367245148349277,-0.2074698990099873,1.222366401888677,2.240857551429445,-0.06641284230208175,0.9320251810432285,2.065644866583362,-0.03238089306477235,1.007573143042477,0.5925183499490976,0.04357510201312256,0.1356016982667492,0.9931374064936541,-0.05779285218245934,0.17631568387150762,0.5414063286110263,-0.04602888664415736,0.11681880525603189,1.9061975938989617,0.08595075193077245,1.0183708750649012,0.9409725246642597,-0.18258170267900095,0.1825614994182096,1.1418999540095298,-0.10471481924864244,0.7508749863169839,1.656632823265151,-0.13599630430439388,1.0617655557117713,1.0355339417394422,-0.04944478479886293,0.2479571089000496,0.8934730601231782,-0.018124198537961295,0.11891167211216801,0.4310970047846533,-0.09269127542066664,-0.008497211041348386,1.8560940976569187,-0.048244408319474956,1.1004950510745022,2.1608480625594684,-0.020918728049768607,0.9081780556219317,2.1979035044347994,0.005612892114145656,0.9881304352488756,1.6932467036689354,-0.1440006819929903,-0.03503259001238063,1.216653260568909,-0.36808303945901394,0.6969431041684371,1.3409355823567368,-0.28534355937250416,1.0108537729212779,1.5857483401203782,-0.3532736573294299,1.2078112997361368,1.465948826035127,-0.5603220180565158,0.7008292244759616,1.7040239888311217,-0.3694597948959332,1.2017105987529884,1.777758847996099,-0.4094893291888647,0.8371987252045942,1.6345059459177864,-0.5119567062483718,0.7265223627848341,1.6189688246771199,-0.07019813847265499,0.015490517128160278,1.481538975080907,-0.30694100028829086,0.3223788640060961,1.7166844308376312,-0.03190948029005569,0.006212320345275085,1.438185205522752,-0.46472420893757554,0.6736959519962601,1.4867723025628272,-0.18220846419105483,0.3866297565153892,1.1182317086402942,-0.20331274782190265,0.7694999417721828,1.4989332746196264,-0.39830213217743193,1.0397072037718944,1.3946543418808488,-0.3554061183964971,0.4052293887793622,1.5615579582602772,-0.2646376657860959,0.1791636358379133,1.860080150381619,-0.08779838182870917,-0.006042377091173257,1.4526301468444975,-0.5139151298447161,0.8855778964742129,1.6826511396477553,-0.4639307100153127,0.802797641580468,1.7076536417007446,-0.41437558647220496,0.734154164692424,1.5379045660922068,-0.26818754321692023,0.7769963614001181,1.245160460669473,-0.15385822357227488,0.8642866231550441,-20.762516021728516,-29.796768188476562,-23.164003372192383,12.057662963867188,0.7795538902282715,-10.755459785461426,-0.3571036159992218,0.12645091116428375,-1.235383152961731,-0.23944802582263947,-0.06151425093412399,-0.14999669790267944,-680.5469970703125,5.674226760864258,-1281.2647705078125,-335.2807312011719,62.134605407714844,164.03111267089844
1.533077703406479,-0.22563286717759062,1.0879487288708718,1.6129341646535507,-0.26483748645971944,0.9510587280159755,0.5271959036391302,0.057120992536872424,0.0762732492525451,1.2976719326530861,-0.10740584803634136,0.6010902855569953,1.62261695459189,-0.18364496790612772,1.223991977063236,1.93765943610905,0.0221276005193445,1.0620033089688283,1.7399491032227774,-0.20690067985792035,1.220182969475424,2.2439272656346,-0.07937001129797332,0.9214244518453714,2.070968825296061,-0.042902861783490454,1.0007070873352077,0.5938712378211368,0.04355144467426846,0.1367544080840041,0.9947046943452974,-0.05792662654294083,0.17652609199285507,0.5426259429644275,-0.045983734016386876,0.1176045120551886,1.9137226781308254,0.0777296586986016,1.0130111334339673,0.9422399818107782,-0.18251832387107886,0.18335876525040493,1.142169793710014,-0.10410492529241455,0.7522021279429758,1.659201973321422,-0.14043517134442227,1.0621646820314672,1.0366763768606628,-0.04934461395077358,0.24834303977276315,0.8950358850277023,-0.018449016168269487,0.11932414760258023,0.4327981215439095,-0.09191509205477918,-0.008336733690530854,1.8617559312195178,-0.05585348893524385,1.0965118013470379,2.16393301029079,-0.03423167823116879,0.8982941352373719,2.203108133859192,-0.005464024243518387,0.9763815781928058,1.693204732130695,-0.14389812842702235,-0.03499248051485478,1.2175981358976553,-0.3670476357273708,0.6979325494624131,1.3425998450904493,-0.28438416458913035,1.011226200899541,1.5890254524369902,-0.3528192995597195,1.2071004415189983,1.4656701001110455,-0.5599517719635111,0.7012755985291589,1.7073057029420966,-0.36887021974617284,1.2002598434094562,1.7783937766062503,-0.4099140232367231,0.8365286880771056,1.6345739810672026,-0.5120357896713231,0.7265787744364202,1.6189155073355366,-0.06999784140594748,0.015369000375912286,1.4814903388749685,-0.30592040362342304,0.3226961200403062,1.7167503237724304,-0.03172992477008444,0.00600088698579776,1.438238205499207,-0.4643948632755027,0.6741480584570904,1.4868162179624798,-0.18104850456414637,0.3867415880525349,1.1188973819972663,-0.202912054511885,0.7710219455870572,1.500684257374694,-0.397766548770153,1.0399381265734995,1.394601976634651,-0.3541397621102681,0.4057719839724484,1.5614549336054466,-0.2639952295071242,0.17939643803613864,1.860063449041733,-0.08774214869500786,-0.006031668342538919,1.4530577170138328,-0.5134194848553234,0.8862349017961135,1.6829866739298334,-0.4640326536451744,0.8026039695108174,1.7079411745071411,-0.4147065288775804,0.7337299070216172,1.5382410524696704,-0.26706046063378946,0.7760597177293916,1.2467517690942778,-0.1526651042482711,0.8659672896988344,-20.592905044555664,-28.728734970092773,-23.704059600830078,12.095874786376953,0.8001765012741089,-10.946269989013672,-0.4446566700935364,0.01458677276968956,-1.2375009059906006,-0.22960010170936584,-0.07033151388168335,-0.11673281341791153,-681.9296875,7.557455062866211,-1282.90087890625,-335.13690185546875,61.4284782409668,162.55197143554688
1.5354199281196719,-0.22539463730541287,1.0877080577493503,1.6143370756250344,-0.26485897817753795,0.9494557754685549,0.5287730865525883,0.057274169362588036,0.07733877316512011,1.2975917300641142,-0.10576621718112614,0.6022995425178514,1.6257701529967072,-0.1830803850135267,1.2224895776502345,1.9438282592801854,0.012812295412053315,1.0561040172119018,1.7431624806085166,-0.20631500170720338,1.2180189377819466,2.2470345761602286,-0.09214244938350587,0.9109805493757431,2.0761319939663867,-0.053331541051680365,0.9939487158067973,0.5951978082688438,0.04348258608767135,0.137954699948726,0.996239554309687,-0.05804833671731861,0.17676943296332231,0.5438040443603566,-0.045989955423880874,0.11843850636324339,1.9210545104860466,0.06943586077047757,1.0073503581498637,0.9434726050752676,-0.1824636927849015,0.18418241852265313,1.142432844007252,-0.10351707408858454,0.753552412947282,1.6617591655412256,-0.14446155561615281,1.0621817346834979,1.0377989444906348,-0.04922531183735031,0.24874957542348378,0.8965692099751225,-0.01875694369934251,0.11977745180591838,0.4345187578374975,-0.09111123179264423,-0.00819874816074573,1.8671650292462858,-0.06335664531277653,1.092347172711859,2.1668638385684282,-0.04767227794555541,0.8885720784695739,2.208029305698066,-0.016472180389385187,0.9646873461292288,1.6931611226489212,-0.14379379264270234,-0.034951191093303906,1.2185512942983614,-0.36600880971215427,0.6989437675239234,1.344217956855597,-0.2834368167531412,1.0116040094798764,1.5922702726544131,-0.35235817784702544,1.2063938436523969,1.4653871477834437,-0.5595905727503315,0.7017383350441787,1.7105608789731332,-0.3683076621779543,1.1988341749109181,1.7790301819116074,-0.41032480112961583,0.8358458274642364,1.6346273426188538,-0.5121108928066216,0.7266240005461585,1.618872840870295,-0.069780970238988,0.015269721372497103,1.481417184436558,-0.30487860704692005,0.32301555504862045,1.7168210286967802,-0.03154385447292436,0.0057851982816424855,1.4382611793398068,-0.4640685007074811,0.6746276450275585,1.486869112347925,-0.1798724222262175,0.3868553927599989,1.119565083688458,-0.20249670351676596,0.7725615509298462,1.502415415072283,-0.3971971583780864,1.0401524323106601,1.3945516057756564,-0.35286100667636133,0.4063055874496106,1.5613524011823516,-0.2633407781060958,0.17963524991708085,1.8600460942217847,-0.08768492101981545,-0.006021830049768979,1.4534862376996223,-0.5129174153931094,0.8868954757980952,1.6833087991405007,-0.46414340440405916,0.802384905073027,1.7082186505099795,-0.4150445831828559,0.7332969801315409,1.5385814767010164,-0.2660239847586645,0.7751852480188901,1.248338664406972,-0.1514807305243237,0.8676712354090039,-19.92677879333496,-27.450393676757812,-23.931903839111328,12.026976585388184,0.8539665937423706,-10.90123462677002,-0.4646022617816925,-0.014297952875494957,-1.2393676042556763,-0.2269868105649948,-0.07258639484643936,-0.10633081942796707,-684.58642578125,11.284123420715332,-1284.383056640625,-335.0687255859375,60.73201370239258,159.435302734375
1.5377262601789257,-0.2252540792653103,1.0875378310285657,1.6157184073467126,-0.265212344412772,0.9481272255348056,0.5301746106305657,0.05733415509099202,0.07859531592651693,1.2975300818879083,-0.10401543525867925,0.6036635183340665,1.6288352257368577,-0.18247952356638505,1.2210529450549197,1.9494230494593936,0.0032653792927805556,1.0498560895982965,1.7463346640795268,-0.2056688463056325,1.2159261924541551,2.250280031305275,-0.10423610877516898,0.9011128939540193,2.0807043527135782,-0.06341743582723824,0.9875860210286078,0.5964276774829586,0.04324763919541381,0.1393298281739088,0.9976552606418431,-0.05812571802182702,0.17713378300729962,0.5448296097730168,-0.04618494654234669,0.11944992919236606,1.927676254550352,0.06087491535489235,1.000583459209923,0.9445772340755587,-0.1824412044902511,0.18510303029556138,1.1426709471948888,-0.10301021718426262,0.7549877364114419,1.6642724196642438,-0.1469723055299541,1.0607948887427123,1.0388485106411358,-0.049035713446653466,0.24923182165385865,0.8979941397313249,-0.019002809935551576,0.1203807777916358,0.4363111170711894,-0.09020567502801792,-0.008143406996614498,1.8716454711181434,-0.07047059169865516,1.08751608204368,2.169228367458116,-0.061581915478831004,0.8794447763866158,2.2119089357110835,-0.027227682733771318,0.953193829154338,1.6931114946769563,-0.14368290824211197,-0.03490556613696333,1.2195348881727812,-0.3649574087945043,0.7000349878475365,1.3456664906432296,-0.28253373444475094,1.0120015886445708,1.5953964381817947,-0.351872202576391,1.2057029000970703,1.4650886658801148,-0.5592626155606959,0.7022611940933379,1.7137185429895156,-0.3678443785140057,1.197500685982357,1.7796720132133028,-0.4106844452437975,0.8351158479981076,1.634626787229879,-0.5121713706989162,0.7266281262928287,1.618869310183241,-0.06950319888970713,0.015252153167118697,1.4812539397485998,-0.30375891312068676,0.3233429965199224,1.7169094148850599,-0.031333846157256366,0.005553873659833208,1.4381738245881945,-0.4637530992757406,0.6752082050241381,1.486954999285818,-0.17863709829895716,0.3869764477211908,1.1202402383286432,-0.20202749405080914,0.7741658316542769,1.5040737272098363,-0.39650354697214857,1.0403056799970716,1.394508563130107,-0.35153669158354517,0.40680615159849454,1.5612516774247025,-0.2626421781170448,0.17989614388800612,1.860026338242537,-0.08762403898286504,-0.006015190176221709,1.453918250980756,-0.5123917397284351,0.8875691626245612,1.6835816538097053,-0.4642865162416799,0.8020725384453274,1.708459173606721,-0.4154087695854389,0.7328321989008924,1.5389363702559313,-0.2653204358571413,0.7745392314645629,1.2499093440984257,-0.15032849179593158,0.869460718521219,-19.47813606262207,-27.06974983215332,-23.729463577270508,11.884689331054688,0.8422501087188721,-10.575848579406738,-0.37738606333732605,0.002099361503496766,-1.243962049484253,-0.22931183874607086,-0.06512327492237091,-0.13298168778419495,-685.4168090820312,14.728439331054688,-1285.696044921875,-335.0992431640625,60.03249740600586,156.6038818359375
1.54003259223818,-0.2251135212252077,1.087367604307781,1.6170997390683912,-0.26556571064800616,0.9467986756010561,0.5315761347085435,0.05739414081939601,0.07985185868791397,1.2974684337117024,-0.10226465333623207,0.6050274941502818,1.6319002984770086,-0.1818786621192433,1.2196163124596047,1.9550178396386027,-0.0062815368264938325,1.04360816198469,1.7495068475505373,-0.20502269090406153,1.2138334471263632,2.2535254864503216,-0.11632976816683417,0.8912452385322936,2.08527671146077,-0.07350333060279786,0.9812233262504173,0.5976575466970734,0.04301269230315622,0.14070495639909184,0.9990709669739994,-0.05820309932633544,0.17749813305127699,0.5458551751856773,-0.04637993766081254,0.12046135202148893,1.9342979986146587,0.05231396993930568,0.993816560269981,0.94568186307585,-0.1824187161956007,0.18602364206846977,1.1429090503825257,-0.10250336027994061,0.756423059875602,1.6667856737872622,-0.14948305544375584,1.0594080428019266,1.039898076791637,-0.04884611505595659,0.24971406788423361,0.8994190694875275,-0.019248676171760685,0.12098410377735334,0.4381034763048816,-0.08930011826339147,-0.008088065832483254,1.8761259129900016,-0.07758453808453503,1.0826849913755,2.171592896347804,-0.07549155301210897,0.870317474303656,2.215788565724101,-0.03798318507815929,0.9417003121794454,1.6930618667049913,-0.1435720238415216,-0.03485994118062274,1.220518482047201,-0.36390600787685407,0.7011262081711498,1.3471150244308623,-0.28163065213636057,1.0123991678092654,1.5985226037091766,-0.3513862273057565,1.2050119565417434,1.464790183976786,-0.55893465837106,0.702784053142497,1.7168762070058987,-0.367381094850057,1.1961671970537957,1.7803138445149984,-0.41104408935797926,0.8343858685319787,1.6346262318409042,-0.5122318485912108,0.7266322520394989,1.6188657794961867,-0.06922542754042622,0.015234584961740287,1.4810906950606415,-0.3026392191944533,0.32367043799122436,1.7169978010733395,-0.03112383784158834,0.0053225490380238915,1.4380864698365825,-0.4634376978440001,0.6757887650207178,1.487040886223711,-0.17740177437169663,0.3870975026823827,1.1209153929688283,-0.20155828458485225,0.7757701123787077,1.5057320393473896,-0.3958099355662106,1.0404589276834828,1.394465520484558,-0.3502123764907287,0.40730671574737853,1.5611509536670534,-0.2619435781279936,0.18015703785893145,1.8600065822632896,-0.08756315694591463,-0.006008550302674439,1.45435026426189,-0.5118660640637607,0.8882428494510272,1.6838545084789098,-0.46442962807930066,0.8017601718176279,1.7086996967034624,-0.4157729559880219,0.7323674176702436,1.5392912638108462,-0.2646168869556181,0.7738932149102357,1.2514800237898795,-0.14917625306753923,0.8712502016334345,-19.435256958007812,-27.523956298828125,-23.436058044433594,11.765511512756348,0.7890803813934326,-10.183697700500488,-0.2860020399093628,0.059540748596191406,-1.2344223260879517,-0.232273131608963,-0.05491068214178085,-0.16571544110774994,-682.080078125,16.059419631958008,-1287.4591064453125,-335.1587829589844,59.21603775024414,155.7586212158203
1.5423078556723941,-0.22500967584698406,1.0872028237147047,1.6184695651199643,-0.2658519121195307,0.9454512175739996,0.5329439997278301,0.057417224007134414,0.08116632199149251,1.2974122150844296,-0.10049711027188815,0.606393144422809,1.634965371217159,-0.18130230202974865,1.2181801938063261,1.960520418669214,-0.01558332584354221,1.0372915153471842,1.7526514853862736,-0.2044049898618894,1.211750400382162,2.256752704942463,-0.1283272727337099,0.8814655210798155,2.0897514543785953,-0.0835531181008211,0.9749181888356117,0.5988388359546661,0.04272897557559,0.14214984293015578,1.0004670233126507,-0.05826040425195994,0.17789994594671865,0.5468709508314827,-0.04661222869246604,0.12151608379274009,1.9406283789912593,0.04373052479415582,0.9867073676444051,0.9468183357589292,-0.18238880889897316,0.18692475512919832,1.1431885424828687,-0.1020029038190842,0.7578670789074423,1.669348854892301,-0.15209899872344046,1.0582690495528921,1.0409214153195059,-0.04864878681124442,0.2502255404232353,0.9008111939919705,-0.01949677937694929,0.1216280472446356,0.4398882134465981,-0.08839240729414079,-0.00798010289058436,1.8805396916061046,-0.08443192288970287,1.0779819385894878,2.173754865760045,-0.08951339880559547,0.861463423596313,2.2194143249499088,-0.0488301754515884,0.9303441172009278,1.693009834810598,-0.14345800501621322,-0.034812719221936156,1.2215063864032163,-0.3628189107834899,0.7022235211947105,1.3485599772030155,-0.28074276013090127,1.0128075563354997,1.6016591226817756,-0.3509123338176715,1.204338976089528,1.464463037370846,-0.5585792177165582,0.7033007863341577,1.7200160322599851,-0.3669066391638573,1.1948553268483144,1.78092802241938,-0.41141084162209995,0.8336412790200569,1.6346119906728631,-0.5122929854898264,0.7266289712182733,1.61887668063309,-0.0689495715577871,0.015211341958122935,1.4809535287863371,-0.3015277317620272,0.3240121496434243,1.7170839159693938,-0.03090628359269426,0.0050785586527789415,1.437950854269874,-0.46308216748648134,0.67634764412381,1.4871348387358205,-0.17616998275976314,0.3872238815028146,1.1216348792543474,-0.20105338412404852,0.7773800257420697,1.5073735157385566,-0.3951584632625643,1.0405990366904152,1.3944228094145161,-0.3488824038908182,0.40781627180955266,1.5610768802908082,-0.26124587960985324,0.1804267983661582,1.859987887325666,-0.0874986970020051,-0.0060037390162415855,1.4548138849782628,-0.511320224463545,0.8889011180164008,1.6841033073450555,-0.4645755811045501,0.8014515395590801,1.7089161474183696,-0.4161520529267014,0.731899751732681,1.5396356547115655,-0.26385755461967547,0.7732360988657996,1.2530418172577358,-0.14807881755347288,0.873024038526396,-19.71518325805664,-28.09743881225586,-23.170974731445312,11.759521484375,0.7815408706665039,-10.108975410461426,-0.31034055352211,0.10040751844644547,-1.1110141277313232,-0.20432934165000916,-0.03797100484371185,-0.1651248186826706,-676.25390625,14.93088150024414,-1288.8177490234375,-335.1126403808594,58.42458724975586,157.18170166015625
1.5444655021689584,-0.22504481411730218,1.0870586606050958,1.6197958339918528,-0.26588384698558326,0.9440321789079945,0.5341844411677871,0.05730060471949594,0.08270005591904471,1.2973765511781175,-0.09866611431321974,0.6077651337085179,1.6380304439573095,-0.1808186970799175,1.216746020790757,1.9656739126372806,-0.023957133687883776,1.0307147181191987,1.755691843317044,-0.2038950088945841,1.2097040697044097,2.259910884677179,-0.13996076260674753,0.8720187116537672,2.0938566516566746,-0.09346621376246314,0.9688309471536163,0.5998362153768538,0.04226063018578374,0.14385881447634144,1.0017886903901763,-0.05824170574323823,0.1784435824941325,0.5478496652170521,-0.04698572653833008,0.12273477084490625,1.945855739692978,0.035061902101368364,0.9783023489232103,0.9480753595268488,-0.18233081538057486,0.18775205163667524,1.1436247211813138,-0.10152667760849003,0.7593440168740732,1.6721010452864182,-0.15511317403111208,1.058068355779774,1.0418454635616958,-0.04842219554775995,0.25084765541632437,0.9020791271861814,-0.019753351107560418,0.12242575689212763,0.44164409552583617,-0.08747654112166925,-0.0076729289328507045,1.8847011021825648,-0.09027018171075106,1.073763600643108,2.1751500028648123,-0.10396003301273765,0.8536438245252276,2.2220790019098495,-0.06002351336353749,0.9195077840658223,1.6929487023527259,-0.1433321201544724,-0.03475945146865403,1.2225106090109867,-0.361596678167779,0.7033438994395022,1.3499913732737103,-0.27991237427225185,1.0132568660161352,1.6048348368398397,-0.3504841785063807,1.2037339988133766,1.4640273743907348,-0.5581197325164909,0.7037943287795743,1.7230883250568083,-0.36638988939342126,1.1936252989516354,1.7814375124625021,-0.41180450331098983,0.8328413800490614,1.6345459390554997,-0.5123566171980851,0.7265976512471571,1.61894221653212,-0.06868096660600595,0.015166615789743848,1.480915087935151,-0.3004473117704424,0.3244078841233095,1.7171614324020235,-0.030660162596587142,0.004786619305956077,1.4376325370460157,-0.46257472048137366,0.6768244455586995,1.487259325207464,-0.17495156348442412,0.3873704149332267,1.1225221924829167,-0.20041336775418156,0.7790112626671,1.5089512568041188,-0.3946665175604505,1.0406894064107477,1.3943813535946095,-0.34753101358547916,0.40835986868632546,1.5611036976441641,-0.2605515938030174,0.18073012504652633,1.859973209188474,-0.08742069212460755,-0.00600585023817045,1.455397162413755,-0.5106980499644943,0.8895010174504968,1.6842610378139067,-0.4647322900543939,0.8011570445551778,1.7090414669734753,-0.41658759689488944,0.7314211651189438,1.5399402855642583,-0.26288704213914504,0.7725369633230943,1.2545699700219741,-0.1471888513507828,0.8747386433036121,-20.136314392089844,-28.161081314086914,-23.008228302001953,11.803742408752441,0.7892348766326904,-10.307753562927246,-0.4047863185405731,0.05212787166237831,-0.9500463604927063,-0.1575513333082199,-0.02208589017391205,-0.13091714680194855,-669.9984130859375,13.599754333496094,-1290.2703857421875,-335.11260986328125,57.4840202331543,159.3821258544922
1.5466231486655226,-0.22507995238762027,1.086914497495487,1.621122102863741,-0.26591578185163584,0.9426131402419895,0.535424882607744,0.05718398543185747,0.08423378984659691,1.2973408872718053,-0.09683511835455132,0.609137122994227,1.64109551669746,-0.18033509213008636,1.2153118477751879,1.970827406605347,-0.03233094153222535,1.0241379208912134,1.7587322012478148,-0.20338502792727875,1.2076577390266574,2.2630690644118956,-0.15159425247978517,0.862571902227719,2.0979618489347542,-0.10337930942410518,0.9627437054716208,0.6008335947990416,0.04179228479597749,0.14556778602252707,1.0031103574677016,-0.058223007234516524,0.17898721904154638,0.5488283796026215,-0.047359224384194126,0.12395345789707242,1.9510831003946967,0.026393279408580914,0.9698973302020155,0.9493323832947685,-0.18227282186217655,0.18857934814415217,1.1440608998797586,-0.10105045139789588,0.7608209548407041,1.6748532356805355,-0.15812734933878367,1.057867662006656,1.0427695118038858,-0.04819560428427548,0.25146977040941343,0.9033470603803924,-0.02000992283817155,0.12322346653961966,0.4433999776050742,-0.08656067494919771,-0.007365754975117048,1.8888625127590248,-0.09610844053179926,1.069545262696728,2.1765451399695794,-0.11840666721987983,0.8458242254541422,2.2247436788697903,-0.07121685127548658,0.908671450930717,1.6928875698948538,-0.14320623529273155,-0.0347061837153719,1.2235148316187572,-0.3603744455520682,0.7044642776842936,1.3514227693444054,-0.27908198841360243,1.013706175696771,1.6080105509979041,-0.35005602319508994,1.203129021537225,1.4635917114106236,-0.5576602473164237,0.7042878712249907,1.7261606178536315,-0.36587313962298523,1.1923952710549566,1.7819470025056245,-0.4121981649998797,0.8320414810780659,1.6344798874381363,-0.512420248906344,0.726566331276041,1.6190077524311495,-0.06841236165422482,0.015121889621364761,1.4808766470839645,-0.29936689177885767,0.32480361860319473,1.717238948834653,-0.030414041600480023,0.004494679959133212,1.4373142198221573,-0.46206727347626597,0.6773012469935891,1.4873838116791074,-0.1737331442090851,0.38751694836363887,1.123409505711486,-0.19977335138431457,0.7806424995921303,1.5105289978696808,-0.39417457185833665,1.0407797761310804,1.3943398977747026,-0.3461796232801401,0.40890346556309826,1.56113051499752,-0.25985730799618156,0.18103345172689447,1.859958531051282,-0.08734268724721,-0.006007961460099315,1.455980439849247,-0.5100758754654436,0.8901009168845927,1.6844187682827576,-0.4648889990042377,0.8008625495512754,1.7091667865285811,-0.41702314086307746,0.7309425785052066,1.5402449164169514,-0.26191652965861456,0.7718378277803889,1.2560981227862122,-0.14629888514809275,0.876453248080828,-20.30262565612793,-27.175878524780273,-23.075477600097656,11.787199020385742,0.7649208307266235,-10.553139686584473,-0.47148796916007996,-0.0009056489798240364,-0.9351062178611755,-0.14838749170303345,-0.026194149628281593,-0.1073162704706192,-667.4998779296875,14.666584968566895,-1291.4970703125,-335.16436767578125,56.731666564941406,159.78250122070312
1.5487409824172391,-0.2251630520682461,1.08677874199602,1.622447416877115,-0.26595909005364043,0.9412073927209867,0.5366386608374829,0.05701972892051502,0.0858230026722546,1.2973230905485469,-0.09498960986141343,0.6105124987908546,1.6441180334975387,-0.17985463497654494,1.2139036663320681,1.9758546893170337,-0.040494154269085224,1.0174894930905856,1.761753016947121,-0.20287939136391445,1.2056297772372795,2.2661152182035886,-0.16319394501431858,0.8531354303588933,2.1018672380226335,-0.11329569550391433,0.9566077943274519,0.6017990876112552,0.04126847820936254,0.14732684920363073,1.0044122719212083,-0.05819897077336217,0.17957102134823796,0.5497602735528883,-0.04775869559545982,0.12520349849730925,1.9559908748067767,0.01770768515512815,0.9613051389818952,0.9506026577475845,-0.18221818248661148,0.18941006049612497,1.1445576797257986,-0.10052300522116243,0.7623319764010953,1.677513808209375,-0.16106150062471028,1.057710924093297,1.043695566867361,-0.04795616718983611,0.2521154089084524,0.904593262451374,-0.020241894444685105,0.12407124253446294,0.44512351992114485,-0.08575054418468318,-0.006985800619089118,1.8928865531817176,-0.10169926051371132,1.0653366351759197,2.1778386089186004,-0.13281942519131046,0.8382323156326814,2.227153311502065,-0.08252433245841209,0.8981001679076267,1.6928224318864329,-0.14307146640309434,-0.03465028302065584,1.2245271947999663,-0.3591387255598378,0.7055898914668733,1.3528477403501802,-0.2782541292886071,1.0141656489561726,1.6111451091355835,-0.34964149282468077,1.2025587023883466,1.4631163004218348,-0.557170918741763,0.7047667873418884,1.7292094680647185,-0.3653684611253391,1.1911831265253736,1.782443027425286,-0.41261960052891283,0.831235047799862,1.6343999094520973,-0.5124778318286731,0.7265220640708279,1.6190594509737382,-0.06813233734312042,0.015078946099992817,1.480844113408335,-0.29827265668389025,0.32519912043746735,1.7172983391395469,-0.030164212435607293,0.004225035600860713,1.437008825556332,-0.4615648334093441,0.6777728412127653,1.4875037747108384,-0.17250738041290387,0.3876615073408512,1.1243099118305357,-0.19908714879131478,0.78227996737357,1.5120903687761318,-0.3936799800652542,1.0408614712045683,1.3943088482942012,-0.3448169567431046,0.4094409044116538,1.5611856058733353,-0.2591563482947697,0.18135086257035368,1.8599456655268638,-0.08726625019894135,-0.006008143714838815,1.4565850316688713,-0.5094523374608021,0.8906910573409882,1.6845623700824004,-0.4650466830426494,0.8005595296029223,1.7092805668612978,-0.4174510075260472,0.7304433896052127,1.5405565954202058,-0.26096419388095277,0.7711550785808374,1.2576311874073862,-0.1454328298568726,0.8781467448204558,-19.912858963012695,-25.922096252441406,-23.11110496520996,11.682718276977539,0.7237904667854309,-10.523802757263184,-0.47977080941200256,-0.009813706390559673,-1.1110652685165405,-0.19388973712921143,-0.054235029965639114,-0.10513027012348175,-667.954345703125,18.244733810424805,-1293.103515625,-335.2017517089844,56.041595458984375,157.92987060546875
1.5507034493597927,-0.2254333182281216,1.0866757966824714,1.6237690046133584,-0.26604678200570164,0.9398535130829212,0.5377483875151501,0.0566695710483766,0.08762871851490808,1.2973750194176932,-0.09308746708742055,0.6119010902398468,1.6469744783363593,-0.1793864619060858,1.212596915415581,1.9803894402965012,-0.04783553244015577,1.0105615313479448,1.7646975702797338,-0.20239070857202773,1.2036734989147313,2.2687241975834826,-0.1746617454961427,0.8437393001767981,2.1049928878316813,-0.12322492223997702,0.9502819535748064,0.6026401448723495,0.0405282376839823,0.14928139193563256,1.0056371029639086,-0.05815410327832431,0.18031156808137888,0.5505094536092896,-0.04825952628146335,0.12657589440708908,1.9596514832105065,0.008955860421037519,0.9519825184976825,0.9519246421902384,-0.1821766324489322,0.190254102972959,1.1452909518551353,-0.09979567624973941,0.7639760071078672,1.679816847605421,-0.16368336304528805,1.057725721242412,1.0446294534285336,-0.04766660002337783,0.2528528464551003,0.9057546601390206,-0.020377865566915225,0.12511439939701785,0.44672085828339014,-0.08535303940244071,-0.006321825196547177,1.8963745149555582,-0.10632446551362375,1.0611659019988107,2.1787353240891005,-0.1470999832184888,0.8315289492243968,2.2285676491971045,-0.09427725079635821,0.8885632267850921,1.6927416624612366,-0.14290202813630073,-0.034584107432539105,1.2255713260726422,-0.35785037190314173,0.7067359366164301,1.3542476379318742,-0.2774361305876284,1.0146647849619783,1.614119058413221,-0.34928013295527327,1.2021236344678512,1.4624857752528413,-0.5565651282174698,0.7051886251035905,1.7321668350143935,-0.36491089003370303,1.1900407707454355,1.7828865055216858,-0.41314942177557784,0.8304031147862113,1.634265584661471,-0.5125118097327402,0.7264272710740172,1.6190571500765567,-0.06780774967855968,0.015042959249868301,1.4808346321251218,-0.29712450899035736,0.3255937143864221,1.7172869933362038,-0.029899912368234836,0.004042396075955748,1.436753862346245,-0.4610819326133918,0.6782241145901332,1.4876060852941297,-0.17125295507197358,0.3877983611348449,1.1252614121563387,-0.19822070727877275,0.7839417506922158,1.5135878561348315,-0.39317506206351405,1.0409093139976855,1.3943184089186966,-0.3434102853994497,0.40995431193058063,1.5613510324465518,-0.25842934412672036,0.1817232360014852,1.859939873613269,-0.08719593150824902,-0.0060007982927417726,1.4572728015729133,-0.508823478458733,0.8912431139819669,1.6846508356119623,-0.4652081723047408,0.8002232415786642,1.7093493160822533,-0.41784891397353036,0.729863801539339,1.5408957794012612,-0.2600827915779013,0.7705362760862767,1.2591834202507473,-0.14466008543968206,0.8797578687304691,-19.137338638305664,-25.14650535583496,-22.87465476989746,11.585083961486816,0.6711874604225159,-10.126388549804688,-0.39784085750579834,-0.007210718933492899,-1.2266530990600586,-0.22640250623226166,-0.065538689494133,-0.1070307269692421,-669.3621826171875,23.398836135864258,-1295.7044677734375,-335.14508056640625,55.21302795410156,154.24351501464844
1.552665916302346,-0.2257035843879971,1.086572851368923,1.6250905923496017,-0.2661344739577628,0.9384996334448558,0.5388581141928173,0.05631941317623819,0.08943443435756158,1.2974269482868397,-0.09118532431342768,0.613289681688839,1.6498309231751798,-0.17891828883562663,1.2112901644990934,1.9849241912759688,-0.05517691061122632,1.003633569605304,1.7676421236123467,-0.20190202578014102,1.2017172205921833,2.271333176963376,-0.1861295459779668,0.8343431699947028,2.108118537640729,-0.13315414897603972,0.9439561128221609,0.6034812021334439,0.039787997158602074,0.1512359346676344,1.0068619340066087,-0.058109235783286445,0.1810521148145198,0.5512586336656911,-0.04876035696746689,0.1279482903168689,1.9633120916142364,0.0002040356869468865,0.9426598980134698,0.9532466266328924,-0.1821350824112529,0.191098145449793,1.146024223984472,-0.09906834727831638,0.765620037814639,1.6821198870014669,-0.1663052254658658,1.0577405183915272,1.0455633399897062,-0.04737703285691955,0.2535902840017482,0.9069160578266673,-0.020513836689145342,0.12615755625957276,0.44831819664563544,-0.08495553462019824,-0.005657849774005234,1.8998624767293988,-0.11094967051353617,1.0569951688217016,2.179632039259601,-0.16138054124566711,0.8248255828161122,2.2299819868921444,-0.10603016913430431,0.8790262856625576,1.6926608930360403,-0.14273258986950713,-0.03451793184442237,1.2266154573453183,-0.3565620182464456,0.7078819817659869,1.3556475355135682,-0.2766181318866497,1.015163920967784,1.6170930076908587,-0.3489187730858658,1.201688566547356,1.4618552500838475,-0.5559593376931766,0.7056104628652926,1.7351242019640685,-0.3644533189420669,1.188898414965497,1.7833299836180856,-0.41367924302224285,0.8295711817725606,1.634131259870845,-0.5125457876368075,0.7263324780772064,1.6190548491793753,-0.06748316201399893,0.015006972399743784,1.4808251508419088,-0.2959763612968244,0.32598830833537684,1.717275647532861,-0.029635612300862375,0.003859756551050783,1.436498899136158,-0.46059903181743944,0.6786753879675012,1.4877083958774213,-0.1699985297310433,0.3879352149288386,1.1262129124821416,-0.19735426576623075,0.7856035340108617,1.515085343493531,-0.39267014406177386,1.0409571567908027,1.3943279695431918,-0.34200361405579477,0.41046771944950744,1.5615164590197683,-0.257702339958671,0.1820956094326167,1.8599340816996746,-0.08712561281755667,-0.005993452870644729,1.4579605714769552,-0.5081946194566639,0.8917951706229456,1.6847393011415241,-0.4653696615668322,0.7998869535544061,1.7094180653032087,-0.4182468204210136,0.7292842134734654,1.5412349633823168,-0.2592013892748499,0.7699174735917161,1.2607356530941083,-0.14388734102249157,0.8813689926404825,-18.639982223510742,-25.273731231689453,-22.6890811920166,11.602104187011719,0.6927908062934875,-9.689529418945312,-0.1811155378818512,-0.012346257455646992,-1.2423107624053955,-0.23159471154212952,-0.04874350130558014,-0.1070290207862854,-668.6768798828125,26.46877098083496,-1298.4732666015625,-335.163330078125,54.446170806884766,151.74513244628906
1.554477887437833,-0.22599786806185515,1.0864814322515828,1.6263408439838334,-0.2662129903471233,0.9372487672117372,0.5398765076075168,0.05596841871738434,0.09114371402966265,1.2974897165172148,-0.08940879783488268,0.6145860083055812,1.652487033250316,-0.17848309272567167,1.210070081104506,1.9890885171511314,-0.061984421623661,0.9971447638328502,1.7703805632938612,-0.20143665294378799,1.1998967461238634,2.2736367437223723,-0.1968192305193831,0.8255863568640703,2.110893064776793,-0.14245466858345937,0.9379952695985504,0.6042450101959784,0.03907420792129656,0.1530821311552793,1.007987071346763,-0.05805501608264367,0.18176941869669402,0.5519436183354712,-0.04926672378024518,0.12924981689611018,1.9666129405924815,-0.008026154903041177,0.9339240911780604,0.9544716173449889,-0.18210468061317672,0.19189215555096303,1.1467385884152344,-0.09836386247778571,0.7671748589206215,1.684303235534011,-0.16865919263947088,1.057768633823521,1.0464173958001548,-0.04710105658564347,0.25429244033548215,0.9079910682526645,-0.020637868502676883,0.12715342068514288,0.4497910501151685,-0.08459542435131326,-0.005019262821617114,1.9030897175239412,-0.1151719061744134,1.0531014432970263,2.180427955475864,-0.174666599722098,0.8186247940884521,2.2311996213647705,-0.11704683688697431,0.8702407577969381,1.6925866919637516,-0.1425775011248936,-0.0344544229227186,1.227589405135603,-0.3553642064135596,0.7089586605299387,1.3569574103450144,-0.2758616759682333,1.0156382440731226,1.6198822852002075,-0.3485882161863592,1.2012936982098004,1.4612633771454262,-0.5554189859636572,0.7059989851831601,1.7378808236280023,-0.3640305849890046,1.1878486476986614,1.7837398225897985,-0.41418706778658937,0.8287869916846421,1.6339877772804916,-0.5125813918397916,0.7262389916457878,1.6190533851156172,-0.06718330188894904,0.01496703230115949,1.4808081617418505,-0.29490835619288563,0.3263524506265754,1.717262185961995,-0.02939326973594972,0.0036968101195324933,1.4362281939841264,-0.4601324966411717,0.6791023023870607,1.4878128301228908,-0.1688256561756134,0.38806141093866714,1.1271128449218952,-0.1965275975252619,0.7871530987569039,1.5164696530790518,-0.3921856890056307,1.0410041469611868,1.3943414538111907,-0.34069008385108795,0.4109511075430358,1.561651980640083,-0.25702315766290323,0.18243467827506413,1.8599291976713976,-0.08705842731804248,-0.005986217973716804,1.458602023440481,-0.5076029363846937,0.8922999106495586,1.6848165246824556,-0.4655226996008134,0.7995657601103877,1.7094767014711898,-0.4186199139680294,0.7287424013314657,1.5415643185179755,-0.25837173248758377,0.7693479969012027,1.2621793502213938,-0.1431740295413314,0.882861132258611,-18.619083404541016,-25.58470344543457,-22.81949234008789,11.6581392288208,0.7577018141746521,-9.51740550994873,-0.026632584631443024,-0.01719042658805847,-1.2334582805633545,-0.19840241968631744,-0.015482256188988686,-0.10671652853488922,-664.101318359375,27.17637825012207,-1301.7137451171875,-335.433837890625,53.48933029174805,151.35977172851562
1.5556841129498766,-0.22638882222949272,1.0864364060739808,1.6273039678074666,-0.26625457509661354,0.9364125299335316,0.5405272846387711,0.05561405699700119,0.09246483811528865,1.2975961131765352,-0.08813787694551699,0.6155109689725156,1.6543367959016204,-0.1781806288817466,1.2091988344855655,1.9917618819814642,-0.06664311732258005,0.9924235608404048,1.7722893955297028,-0.20106510267845845,1.198622882168814,2.2747110246822535,-0.20437699840064827,0.8194027948655833,2.1122543231540956,-0.14922464199808222,0.9335035414293115,0.6046978902343093,0.038466885118492423,0.15449223400938583,1.0087109415341686,-0.05796315375444116,0.18239317010372677,0.5523702165741005,-0.04979537350329142,0.13026609441993248,1.9684657578831475,-0.014156768063008938,0.9275502092790923,0.9553062082915905,-0.18211915047950303,0.1924847853400849,1.1473768493592345,-0.09775132546509736,0.7683706113834254,1.6860048283409597,-0.16993488144400887,1.0578503553441028,1.0469501328389377,-0.046879783667475985,0.25485258978723685,0.9087183699505218,-0.020713844598696518,0.12795893305184822,0.45076285189153337,-0.08438582699869249,-0.0044828644615986886,1.9052675563768044,-0.11777219024567005,1.0503226735733995,2.1808181559013216,-0.1839497975067582,0.8144468805253113,2.231625525367181,-0.12510009603389796,0.8644796682904101,1.6925389285119163,-0.14248016920705506,-0.034401647333327116,1.2282808644092635,-0.3545308254215102,0.7097561395918296,1.3579049436067114,-0.27535292974963094,1.0160126952540796,1.6219282588421902,-0.34838164124070414,1.2010606331935783,1.460827079435058,-0.555142025383103,0.7062534128395926,1.7398294455168262,-0.36374807051870206,1.1871715491970645,1.7840142640846455,-0.41460635670960344,0.8281949668727964,1.633807434546237,-0.512623541895917,0.7261507641400723,1.619055289306388,-0.06698297011043064,0.01491118037752462,1.48076095367899,-0.2941629250120643,0.3265940249953049,1.717240208426848,-0.02923930611843799,0.0036131283888957257,1.4358941275157675,-0.4597318330841349,0.6794311720014408,1.4879258121086272,-0.16798102855682379,0.388144709367231,1.1278052166202999,-0.1958610167023757,0.7882509837482149,1.5173984221275278,-0.39178359730551576,1.0410477053250697,1.3943707307442923,-0.3397514467306485,0.4113136674493354,1.5616671348249676,-0.2565364584030695,0.18263969614805764,1.8599279678815248,-0.08700385291302047,-0.005979427940594588,1.459057045693429,-0.5071608864313719,0.8926142013033495,1.6848484992191493,-0.465641721441651,0.7993053223518346,1.7094946326009486,-0.41889313559066377,0.72835263728306,1.5418541125509122,-0.2577503514013543,0.7689770565719795,1.2631861910914743,-0.14269993562769417,0.8838743601019019,-19.118722915649414,-25.54033088684082,-23.118499755859375,11.664361000061035,0.7491694688796997,-9.757524490356445,-0.037756141275167465,0.010663442313671112,-1.2338138818740845,-0.14372536540031433,0.016307178884744644,-0.1007971316576004,-658.5604858398438,26.139463424682617,-1304.7427978515625,-335.88641357421875,52.634674072265625,152.930908203125
1.55689033846192,-0.22677977639713032,1.0863913798963787,1.6282670916310997,-0.2662961598461037,0.9355762926553259,0.5411780616700254,0.05525969527661804,0.09378596220091465,1.2977025098358559,-0.0868669560561513,0.6164359296394498,1.656186558552925,-0.1778781650378215,1.2083275878666253,1.994435246811797,-0.0713018130214991,0.9877023578479595,1.7741982277655441,-0.2006935524131289,1.197349018213765,2.275785305642134,-0.21193476628191343,0.8132192328670963,2.1136155815313984,-0.15599461541270507,0.9290118132600725,0.6051507702726402,0.037859562315688294,0.15590233686349236,1.0094348117215743,-0.05787129142623865,0.1830169215107595,0.5527968148127297,-0.05032402322633766,0.13128237194375475,1.9703185751738135,-0.0202873812229767,0.9211763273801242,0.9561407992381923,-0.18213362034582933,0.19307741512920676,1.1480151103032346,-0.09713878845240903,0.7695663638462292,1.6877064211479085,-0.17121057024854686,1.0579320768646847,1.0474828698777205,-0.046658510749308504,0.2554127392389916,0.9094456716483791,-0.020789820694716157,0.12876444541855356,0.4517346536678983,-0.08417622964607172,-0.003946466101580263,1.9074453952296677,-0.12037247431692671,1.0475439038497725,2.181208356326779,-0.1932329952914184,0.8102689669621705,2.2320514293695917,-0.1331533551808216,0.8587185787838822,1.6924911650600811,-0.14238283728921652,-0.03434887174393563,1.228972323682924,-0.3536974444294608,0.7105536186537205,1.3588524768684083,-0.2748441835310286,1.0163871464350365,1.623974232484173,-0.3481750662950491,1.200827568177356,1.46039078172469,-0.5548650648025488,0.7065078404960253,1.74177806740565,-0.3634655560483996,1.1864944506954673,1.7842887055794925,-0.41502564563261746,0.8276029420609506,1.6336270918119822,-0.5126656919520423,0.7260625366343568,1.619057193497159,-0.06678263833191224,0.014855328453889751,1.4807137456161297,-0.29341749383124305,0.32683559936403433,1.7172182308917014,-0.029085342500926266,0.003529446658258958,1.4355600610474089,-0.45933116952709807,0.6797600416158208,1.4880387940943636,-0.16713640093803414,0.3882280077957949,1.1284975883187047,-0.1951944358794895,0.7893488687395259,1.518327191176004,-0.39138150560540086,1.0410912636889527,1.3944000076773941,-0.33881280961020904,0.4116762273556349,1.561682289009852,-0.25604975914323574,0.18284471402105115,1.859926738091652,-0.08694927850799845,-0.005972637907472372,1.4595120679463771,-0.5067188364780503,0.8929284919571403,1.6848804737558427,-0.4657607432824886,0.7990448845932816,1.7095125637307071,-0.4191663572132982,0.7279628732346541,1.5421439065838491,-0.2571289703151249,0.7686061162427562,1.2641930319615546,-0.14222584171405697,0.8848875879451927,-19.528215408325195,-25.162368774414062,-23.16555404663086,11.6365327835083,0.7167617678642273,-10.085775375366211,-0.2702784240245819,0.08607161790132523,-1.237854242324829,-0.1501704305410385,-0.005671316757798195,-0.09583047777414322,-653.7824096679688,25.922935485839844,-1308.273681640625,-336.33740234375,51.64641189575195,154.48936462402344
1.5582100374019696,-0.2272293810171401,1.0863477161388524,1.6293639943299703,-0.266341008245945,0.9347083810346807,0.5418643155042697,0.05484932952788699,0.09528153619130682,1.2978178507444873,-0.08547371899746141,0.6174559749120117,1.6582092176999472,-0.17756928261739535,1.207390537127754,1.9972135333825416,-0.07633223652296801,0.9823858696498631,1.7762299626078824,-0.20028814369972978,1.1959634050233479,2.2766782538780315,-0.220294448269517,0.8064602061810097,2.114925760701792,-0.16344816770577114,0.9240444811764154,0.6056233245805398,0.03716758858190483,0.15749191739503876,1.0102001010187414,-0.0577516267322843,0.18373213498698937,0.5532512502954495,-0.05093313222565976,0.1324077758518668,1.9721901892431521,-0.027098249536104832,0.9142144573050633,0.9570589519494415,-0.18214356901728554,0.19374616051845187,1.1487149033720128,-0.09644351376602997,0.7708929432741061,1.6896207439188922,-0.17260655708956374,1.0580522617362194,1.0480547707207155,-0.04640052849981965,0.2560525017463607,0.9102141846292064,-0.020846775467723413,0.12968433083386588,0.45275869694174503,-0.08397904753882367,-0.0033286813967855007,1.9098275816993202,-0.12315261515708499,1.044420857500557,2.1815246165982933,-0.20332853989490401,0.8057856596266206,2.2323860281350596,-0.1420088517202033,0.8525687338698001,1.692441500377971,-0.14227475033493234,-0.034292462793801805,1.2297264542800699,-0.3527811559422918,0.7114313265543108,1.3598992589688457,-0.2742928155013269,1.0168137621405897,1.6262032707400664,-0.34796735792365296,1.2005987751562863,1.4598741089271394,-0.5545250672773021,0.7067844209489443,1.7439084068828856,-0.36318078242390367,1.1857665193001956,1.7845639168031957,-0.41548716380501416,0.8269512324735819,1.6334044909635128,-0.5127120870628105,0.7259542076595572,1.6190496146284192,-0.06655727160342093,0.014796274398077316,1.4806751816083263,-0.2925907465697126,0.3270975888663569,1.717207645343629,-0.02892061626995047,0.0034278940786422805,1.4352310440003477,-0.45888982772432424,0.6801173026790681,1.4881556478162474,-0.1662158357189193,0.38833200230898446,1.129265493509785,-0.1944255715618467,0.7905540693279921,1.5193522456071233,-0.3909975025334106,1.04115044754862,1.394433725945997,-0.3377800596668233,0.41207541288524263,1.5617152778123389,-0.25550840913459966,0.18308740242427543,1.8599230682613044,-0.08688714055480153,-0.005964824585984185,1.4600152675284455,-0.5062274969374109,0.8932541130196968,1.6848966457591152,-0.46588892489671707,0.7987490316100468,1.7095124139296298,-0.4194727753171857,0.7275362969036924,1.542497249431168,-0.25646242731257,0.7682267627771328,1.26529443402164,-0.1417100304207266,0.8859742479213814,-19.323829650878906,-24.503517150878906,-23.056039810180664,11.597930908203125,0.7549192905426025,-10.153176307678223,-0.4913773238658905,0.09523015469312668,-1.2411998510360718,-0.20784097909927368,-0.059355542063713074,-0.11759383231401443,-651.9450073242188,28.151622772216797,-1311.8563232421875,-336.70465087890625,50.71976852416992,154.4920654296875
1.560001087504507,-0.22792261059315785,1.0863097116647178,1.631016593895211,-0.26639941334724426,0.9337088990685166,0.5426979345201656,0.054206331661402804,0.09750174824765179,1.2979703446887187,-0.08357239938927019,0.6188709870079495,1.660950062290722,-0.17723373841765702,1.206180146198399,2.0004276487211516,-0.08290676012733891,0.9745966582898276,1.7787722159695152,-0.19974209220204134,1.1941136027014019,2.2768179738758416,-0.23198515808345427,0.7973107877156596,2.116023764705026,-0.17374120149391342,0.917101563602094,0.606177602777418,0.0361239879040529,0.15982702058672107,1.0111374389256862,-0.057516475288283755,0.1848272678275771,0.5538213174074691,-0.05187645668028203,0.13398647397164473,1.9741398822392848,-0.03673479310082646,0.9048101748062288,0.9583242073753812,-0.18213473734081975,0.19473107840051712,1.1496702914206398,-0.09540455951201209,0.7727629577876716,1.692418714232792,-0.17450224346672455,1.0583322174501735,1.0487893519812073,-0.045990061335611045,0.25702296463859,0.9111538829392944,-0.020824718591294544,0.13107930429723874,0.4539997433589783,-0.08383343645081616,-0.0023728303367654743,1.9130585967310216,-0.1266798533449898,1.0398677390142783,2.181533740845737,-0.21679844820736213,0.800033793544138,2.232341358993227,-0.15419671896672366,0.8448040588012596,1.692383938277794,-0.14212198861387393,-0.03422096142212287,1.2307409119132338,-0.35152048247539447,0.7126422927079611,1.3613583054763592,-0.2735644030255198,1.0174570612560045,1.6291927312383587,-0.3477549414761019,1.2003877273458519,1.459023570382832,-0.5539232239817942,0.7071530207103451,1.7467935732658335,-0.36288662462045024,1.1848274358850441,1.7848423253621486,-0.4161240957825389,0.8260516015109637,1.6330063564098434,-0.5127761154774798,0.7257623802747158,1.6190026445894052,-0.06622791354427275,0.014723919177834959,1.4806725236753755,-0.2914262248190823,0.3274443796928355,1.7172443803572497,-0.02871118379843157,0.003252108741724339,1.4349230014725236,-0.45827951474695017,0.6805924974529949,1.4882885841344367,-0.16497983739076075,0.388521965173696,1.130347153208903,-0.19323183734290653,0.7922050423969496,1.520777254704608,-0.39068863683978455,1.0412745373138528,1.3944858928389896,-0.33635637953581404,0.4126267356193618,1.5618223488725573,-0.25474004832324604,0.1834865684146123,1.859909262878216,-0.0867935847861088,-0.00595276068205273,1.4607185883237825,-0.5055314160340669,0.8936267988571268,1.6848471764697144,-0.46605515480041504,0.7983060692319807,1.7094371587235406,-0.41991708649704784,0.7269568080144213,1.5431145642766888,-0.25560828865758634,0.7678124624372318,1.266788628717132,-0.14102093155020912,0.8873659336803764,-18.64140510559082,-23.872838973999023,-23.163833618164062,11.513797760009766,0.808617115020752,-9.824005126953125,-0.4790957272052765,0.02405400015413761,-1.2464674711227417,-0.2345345914363861,-0.07725506275892258,-0.1579158455133438,-653.0606079101562,32.236915588378906,-1314.8475341796875,-337.0273742675781,50.081573486328125,152.36293029785156
1.5617921376070438,-0.22861584016917552,1.0862717071905832,1.6326691934604518,-0.26645781844854355,0.9327094171023528,0.5435315535360613,0.05356333379491873,0.09972196030399638,1.29812283863295,-0.08167107978107929,0.620285999103887,1.6636909068814965,-0.17689819421791875,1.2049697552690444,2.0036417640597612,-0.0894812837317087,0.9668074469297934,1.7813144693311473,-0.199196040704353,1.1922638003794563,2.2769576938736518,-0.24367586789738954,0.788161369250311,2.1171217687082606,-0.18403423528205393,0.910158646027774,0.6067318809742959,0.03508038722620114,0.162162123778403,1.012074776832631,-0.05728132384428325,0.18592240066816465,0.5543913845194886,-0.05281978113490414,0.13556517209142235,1.9760895752354173,-0.04637133666554644,0.895405892307396,0.9595894628013205,-0.18212590566435397,0.19571599628258218,1.1506256794692664,-0.09436560525799438,0.7746329723012367,1.6952166845466914,-0.17639792984388505,1.0586121731641276,1.0495239332416988,-0.045579594171402504,0.2579934275308191,0.9120935812493822,-0.020802661714865674,0.13247427776061135,0.45524078977621146,-0.08368782536280867,-0.0014169792767456109,1.9162896117627224,-0.13020709153289403,1.0353146205280004,2.1815428650931805,-0.23026835651981797,0.7942819274616562,2.2322966898513945,-0.1663845862132419,0.8370393837327206,1.6923263761776173,-0.14196922689281552,-0.03414946005044395,1.2317553695463976,-0.3502598090084974,0.7138532588616111,1.3628173519838724,-0.27283599054971286,1.0181003603714192,1.6321821917366506,-0.3475425250285509,1.2001766795354174,1.4581730318385244,-0.5533213806862863,0.7075216204717459,1.7496787396487807,-0.3625924668169969,1.1838883524698929,1.7851207339211015,-0.4167610277600635,0.8251519705483457,1.6326082218561742,-0.5128401438921493,0.7255705528898745,1.6189556745503912,-0.06589855548512465,0.014651563957592614,1.4806698657424244,-0.2902617030684523,0.32779117051931406,1.7172811153708705,-0.028501751326912697,0.0030763234048064277,1.4346149589446997,-0.4576692017695762,0.6810676922269214,1.4884215204526257,-0.16374383906260243,0.3887119280384076,1.131428812908021,-0.19203810312396652,0.7938560154659068,1.5222022638020924,-0.3903797711461585,1.0413986270790858,1.3945380597319823,-0.334932699404805,0.41317805835348087,1.561929419932776,-0.2539716875118926,0.18388573440494912,1.8598954574951272,-0.08670002901741607,-0.005940696778121276,1.4614219091191196,-0.5048353351307232,0.8939994846945567,1.6847977071803137,-0.466221384704113,0.7978631068539146,1.7093619035174514,-0.42036139767690994,0.7263773191251502,1.5437318791222099,-0.25475415000260276,0.7673981620973309,1.2682828234126236,-0.14033183267969176,0.8887576194393713,-18.03566551208496,-23.39722442626953,-23.40940284729004,11.414495468139648,0.8451082706451416,-9.337285041809082,-0.3141496777534485,-0.017302904278039932,-1.2309657335281372,-0.2228950411081314,-0.05723860487341881,-0.1713808923959732,-654.90771484375,37.044219970703125,-1318.442626953125,-337.5191955566406,49.43218231201172,148.98251342773438
1.5636194648332151,-0.22933256793890558,1.0862733923046795,1.6343530902009924,-0.2665125279631836,0.9317788069216622,0.5443433440284223,0.05289001843047074,0.1019753688909357,1.2982907224175155,-0.07977101265989417,0.6217037824210739,1.66641832661155,-0.17659490062108896,1.2037776041504564,2.00672041580377,-0.09611664107994436,0.9589486662915222,1.783857397685777,-0.1986796420240245,1.1904296278953554,2.27683182662686,-0.25537714697667147,0.7791790940508948,2.1180144698414582,-0.19436345900723337,0.9032201496575851,0.60725601323393,0.03399055702796852,0.1645489061214273,1.0129891874774402,-0.05702253873922577,0.1870437391743753,0.554925699502427,-0.053789167350392325,0.13718352042483944,1.9778851223307727,-0.05602654015386212,0.8860409694002176,0.9608785342301752,-0.18212270736694336,0.19670014729760327,1.1516071897468818,-0.09332456555686264,0.7764692746645565,1.6980711667742947,-0.17828127509908145,1.058904871245883,1.0502574570131618,-0.04515388318096966,0.25899553634473016,0.9130015511386441,-0.020783123171684757,0.13390344993168135,0.45648652926975514,-0.0835690986833825,-0.00046657302107717513,1.9195095269095814,-0.13377875972859857,1.0306490407084794,2.1813602313300633,-0.24351710337676585,0.788510846578523,2.2321380518919587,-0.17855824673215123,0.8294294845584221,1.6922788864729421,-0.14181768109664225,-0.034073645989133046,1.2327709896675008,-0.3489957868263423,0.7150805598457916,1.364291038339501,-0.2720954619496075,1.0187738391737273,1.6351532924254206,-0.3473325741804199,1.199970169177908,1.4573205583142919,-0.5527117337217395,0.7078822215661308,1.752559046082149,-0.36229885838284404,1.1829677638628626,1.7853773852057804,-0.4174135314510357,0.8242417834452447,1.6321847300655796,-0.5128900387034511,0.7253675956205027,1.618910346994337,-0.06557350988123595,0.014573770414865189,1.4806932850389292,-0.28910236001409456,0.3281722003655717,1.7173100654652576,-0.028267210522136196,0.0029077760494369827,1.434235352159336,-0.457038106507813,0.6815474057039677,1.488557861735489,-0.1625059620039354,0.3888997852999643,1.1325206425016288,-0.190822835690928,0.7954912686979532,1.5236019381624182,-0.3900745147900866,1.0415235118360708,1.394604176480249,-0.33351042363422617,0.41373716788181397,1.5620333935251298,-0.2532085878959556,0.18427437706696273,1.8598869995565603,-0.0866074918319058,-0.005924643618702301,1.4621296848682377,-0.5041532903317585,0.8943656905992141,1.6847256706250424,-0.4664018850847585,0.7974224394520387,1.7092574886138865,-0.42080200389521005,0.7257940427751731,1.5443865435802382,-0.25391259059211285,0.7670258875714233,1.269801767851343,-0.1396426222478318,0.8901379465662089,-17.882041931152344,-23.162612915039062,-23.349468231201172,11.408269882202148,0.8615257740020752,-9.019551277160645,-0.23514051735401154,-0.010959552600979805,-1.1116549968719482,-0.1920926421880722,-0.03150603920221329,-0.17052839696407318,-654.4617919921875,39.405059814453125,-1321.58935546875,-337.8963623046875,48.790645599365234,147.0985870361328
1.5656024018265553,-0.2301500905921917,1.0864453248630297,1.636171235351373,-0.26655138535610096,0.931143620452344,0.5450615016435155,0.05208665695633518,0.10437117312226861,1.2985246205172,-0.07787631804875983,0.6231334528188831,1.669088160754829,-0.176429945136735,1.2026636922201575,2.00921800002357,-0.10301294317160607,0.9507914700650223,1.786403221405105,-0.19829043832342358,1.1886624991893768,2.2755667298834843,-0.2671237626415213,0.7709137754921883,2.11802652971634,-0.2048479185149763,0.8963006179261682,0.6076508352890709,0.032702426518628154,0.16715736482415763,1.0138052522346674,-0.05666237766700273,0.18827748619365375,0.5553066566685178,-0.05487034480327998,0.13897194730623666,1.9790194646412174,-0.0657617848933926,0.8768448784256614,0.9622697637767981,-0.1821436733007431,0.1976810088566202,1.1527007506383176,-0.09227458038521524,0.7781609696465612,1.701168055368575,-0.1801116834363795,1.0592522273789968,1.0509864447132642,-0.04466278419910086,0.26013338950690845,0.9137734228017315,-0.02077438695269902,0.13547931655945367,0.4577523995906312,-0.08356569196708155,0.00046047788961027644,1.9226818293925152,-0.1375410092735527,1.0255010609595192,2.180355056626907,-0.255817183990352,0.7826573443136469,2.231490547688592,-0.19067096786684534,0.8224834925094189,1.6922746020437076,-0.14167135097826553,-0.03397933275913758,1.2337915962500288,-0.3477174004182121,0.7163779286556686,1.3658275219383618,-0.2713029615531694,1.019576772948764,1.6380456391944,-0.34713319945611704,1.1997831221053143,1.456459784744591,-0.5520686131242095,0.708208512588842,1.7554185058896905,-0.3620076064538482,1.1821265082485628,1.7855407092350208,-0.41813282959705944,0.8232863160553358,1.6316524690744894,-0.5128793077950446,0.7251168970043296,1.6188720648257149,-0.06526696244069678,0.014472649330951718,1.4808285619249406,-0.28796523084111564,0.32870009758614543,1.717305622353459,-0.02792496818259655,0.0027702758254464855,1.4335487723745257,-0.4563178661840641,0.6820465020391325,1.488708808524719,-0.16126002618019156,0.3890786106321985,1.133656095590023,-0.18951520210267694,0.7970590921032508,1.5248929398344053,-0.38978474059247026,1.0416518066892562,1.3947301307656117,-0.33209417183075524,0.41432967865901277,1.5621240806105912,-0.25246805603930494,0.18461788018906353,1.859901479340547,-0.08651932383215191,-0.005891478652849991,1.462856570024364,-0.5035314530331567,0.894704101002769,1.6845568323766948,-0.4666435983007317,0.7969916162901367,1.7090279939553596,-0.42122671777838905,0.7251945202121671,1.5452014182182336,-0.2531249895198456,0.7668338816686971,1.27142687566233,-0.13895293327652855,0.8914695511393199,-18.140562057495117,-23.090299606323242,-23.018966674804688,11.484574317932129,0.8361080288887024,-9.165218353271484,-0.23996110260486603,-0.016154412180185318,-0.9424776434898376,-0.14724378287792206,-0.005858966149389744,-0.16818198561668396,-651.498779296875,39.50872039794922,-1324.95654296875,-338.1978759765625,48.091880798339844,147.2974395751953
1.5675853388198953,-0.23096761324547768,1.08661725742138,1.6379893805017534,-0.2665902427490184,0.930508433983026,0.5457796592586087,0.051283295482199766,0.10676697735360112,1.2987585186168846,-0.0759816234376258,0.624563123216692,1.6717579948981074,-0.17626498965238105,1.2015497802898585,2.0117155842433703,-0.1099092452632666,0.9426342738385237,1.7889490451244328,-0.19790123462282272,1.1868953704833984,2.274301633140109,-0.2788703783063692,0.7626484569334832,2.118038589591222,-0.21533237802271746,0.8893810861947525,0.6080456573442118,0.03141429600928801,0.16976582352688754,1.0146213169918945,-0.05630221659477975,0.18951123321293198,0.5556876138346084,-0.05595152225616745,0.14076037418763357,1.9801538069516618,-0.07549702963292143,0.8676487874511067,0.9636609933234208,-0.18216463923454285,0.198661870415637,1.153794311529753,-0.09122459521356804,0.7798526646285656,1.7042649439628548,-0.18194209177367723,1.0595995835121104,1.0517154324133664,-0.04417168521723214,0.2612712426690865,0.9145452944648187,-0.020765650733713285,0.1370551831872257,0.459018269911507,-0.0835622852507806,0.0013875288002975694,1.9258541318754485,-0.14130325881850617,1.02035308121056,2.1793498819237516,-0.26811726460393615,0.7768038420487717,2.230843043485225,-0.20278368900153734,0.8155375004604167,1.6922703176144733,-0.14152502085988886,-0.033885019529142135,1.2348122028325565,-0.3464390140100821,0.7176752974655454,1.3673640055372225,-0.27051046115673144,1.0203797067238005,1.640937985963379,-0.34693382473181417,1.1995960750327206,1.4555990111748904,-0.5514254925266797,0.7085348036115533,1.7582779656972316,-0.36171635452485246,1.1812852526342632,1.7857040332642613,-0.41885212774308306,0.8223308486654269,1.631120208083399,-0.5128685768866381,0.7248661983881566,1.6188337826570929,-0.06496041500015766,0.014371528247038266,1.4809638388109523,-0.2868281016681369,0.3292279948067191,1.7173011792416604,-0.02758272584305696,0.002632775601456012,1.4328621925897156,-0.4555976258603153,0.6825455983742973,1.488859755313949,-0.16001409035644792,0.38925743596443274,1.134791548678417,-0.1882075685144261,0.798626915508548,1.526183941506392,-0.3894949663948539,1.0417801015424413,1.3948560850509744,-0.3306779200272845,0.41492218943621145,1.5622147676960523,-0.2517275241826544,0.18496138331116427,1.8599159591245336,-0.08643115583239802,-0.0058583136869976874,1.4635834551804903,-0.5029096157345551,0.8950425114063237,1.6843879941283473,-0.4668853115167049,0.7965607931282347,1.7087984992968326,-0.42165143166156793,0.7245949976491612,1.546016292856229,-0.2523373884475784,0.766641875765971,1.2730519834733167,-0.13826324430522544,0.8928011557124308,-18.561063766479492,-22.986507415771484,-22.804676055908203,11.525994300842285,0.8016307950019836,-9.641705513000488,-0.3044734001159668,-0.007093795575201511,-0.9486702680587769,-0.15005655586719513,-0.01277184672653675,-0.15250374376773834,-646.6980590820312,38.47944259643555,-1328.48291015625,-338.44207763671875,47.32860565185547,149.33717346191406
1.569627492238354,-0.2317800314122477,1.086815946544243,1.6397989086362699,-0.2666723769133454,0.9298975321630769,0.5464697531516978,0.050443869651548234,0.10920279228825414,1.298987764988514,-0.07408896578315494,0.6259960615082291,1.6744141002364503,-0.17611832889598728,1.2004447263597653,2.0140026503840818,-0.1168210611783503,0.9344566012455148,1.7914836886308048,-0.19753516450623015,1.1851270295531546,2.272846363238152,-0.2906925279573086,0.7545022978293193,2.1179022323216823,-0.22570035081134615,0.8824290982540088,0.6084119592676099,0.030090381949523397,0.17240287721255726,1.0154248505633399,-0.05594017625545828,0.190774015194138,0.5560666102644624,-0.05707594567280717,0.14257539789013493,1.9810827794848689,-0.08525111314081878,0.8585129608184306,0.9650556733276668,-0.18216897542310867,0.19966369669958445,1.1549444599262135,-0.09017410525274999,0.781522349707338,1.7073898451612481,-0.18361893922879985,1.0597333325850253,1.0524291869820348,-0.043669905562866665,0.2624329861426194,0.915289328785132,-0.020728928838788692,0.1386679888807778,0.4602744314844244,-0.08359646524567871,0.0023607680877046388,1.9289061904743015,-0.14503018863943198,1.0150816225452934,2.178153979067771,-0.28028980242890106,0.7709007444760664,2.230093624812878,-0.21486697444655115,0.8086551903494154,1.6922661354210202,-0.1413800499297136,-0.03378544480768064,1.2358354529402902,-0.34516261572277324,0.7189742363249227,1.368932269858998,-0.26974083236511187,1.021205205396311,1.643825272061177,-0.3467453399438732,1.1994221579554856,1.4547091150125921,-0.5507960642213064,0.7088733702305926,1.761127033967845,-0.361439724138241,1.1804725938285425,1.7858502108924437,-0.4195844207871828,0.8213687980214492,1.6305645862162508,-0.5128545525255582,0.7245963707270212,1.618802627782948,-0.0646484805554744,0.014269366035459958,1.4811079590920582,-0.28570340327079735,0.3297395324766241,1.7172969259963131,-0.027252389978469436,0.0024892444790199295,1.4321609273651579,-0.4548713116357659,0.6830306957099611,1.4890061672160166,-0.15875890402012327,0.38944594631131907,1.1359254755326453,-0.186900722689384,0.800166364833219,1.5274622002184783,-0.38925443515674957,1.041929661438165,1.3949953299879239,-0.3292692446254738,0.415518652721746,1.562300722725344,-0.25098495947702837,0.18530615068824083,1.8599309354823157,-0.08634610009065133,-0.005833279090125532,1.4642832989724266,-0.5022934342654336,0.8953640711623312,1.6841931368736243,-0.46715289586229825,0.7961277901534214,1.7085509527203264,-0.4220822632608824,0.7239866280397833,1.5468353737663747,-0.2515818629389173,0.7664688090417558,1.2746974800201438,-0.1375537599307418,0.8941385986789171,-18.731382369995117,-22.658411026000977,-22.793121337890625,11.455318450927734,0.7859853506088257,-9.851639747619629,-0.46892431378364563,0.11532704532146454,-1.0361405611038208,-0.18460412323474884,-0.04118002951145172,-0.13693906366825104,-643.762451171875,38.78168487548828,-1330.8536376953125,-338.6422119140625,46.737693786621094,150.9119873046875
1.5719321184600425,-0.2325698242874335,1.0871332323314338,1.6415702424302006,-0.26694633244283944,0.9293942704106009,0.5470354564932008,0.0494445909974196,0.11181595196194999,1.2991963928898438,-0.07220533680146102,0.6274434845179122,1.677009353574538,-0.1760527582851467,1.199378934917071,2.0153566093634296,-0.12380164106752706,0.926188168541485,1.7939687765986714,-0.1972716324376744,1.1833533155207603,2.270548163660315,-0.3028494768979535,0.746884304956095,2.1171080260876787,-0.2355520040882345,0.8753332503584046,0.6086518476340944,0.02860785972030943,0.17516667622801485,1.0161728405005095,-0.05556980619170018,0.1921654926822675,0.5564369158634287,-0.05839205390175448,0.1445083102050996,1.9811014643568077,-0.09508869821662154,0.8496442518092149,0.9664656472521902,-0.18209960138955653,0.20075844771025197,1.1563454286152164,-0.08912137784803939,0.7830944773771905,1.7106389103346313,-0.18461513844941627,1.0589202827965187,1.0530754217248879,-0.043120784549326295,0.2637006218070226,0.915909975964502,-0.020568162326189066,0.14044452448751754,0.46148755968801236,-0.08379724579832412,0.003538734234086193,1.9314252761815558,-0.14860056617007353,1.0092628519266647,2.176112686561433,-0.29189701546106916,0.7647778190524372,2.2288924771428897,-0.22681978818596604,0.8020551461257681,1.6922624063807608,-0.141241103509404,-0.033662548880802085,1.2368704202948817,-0.34389502964667135,0.7202801343226275,1.3706414000877483,-0.269072580416471,1.0221307214522204,1.6466901270759027,-0.3466051240630497,1.1993064386955161,1.4536901349263476,-0.5502273260757623,0.7092663476009242,1.7639300424531597,-0.3612279027503058,1.1797866884446302,1.7859203882564771,-0.42037431283897125,0.8203775675486255,1.6299054188444124,-0.512825930158034,0.7242417548665937,1.6188030641599995,-0.06431266857890892,0.014162589095853613,1.4812912771243922,-0.2846338034465613,0.3301785575435651,1.717293514321182,-0.026974828759615387,0.0023189818067167753,1.4313945699211776,-0.4541180752563161,0.6834537434262156,1.489132478537149,-0.15746271541181778,0.389677384831258,1.1370526374570582,-0.18559736857153722,0.8015800479626813,1.5286839766218172,-0.38923217000945515,1.0421734771981144,1.395193484840014,-0.32789415111210174,0.41613263523341804,1.5623657032353988,-0.25023338430567293,0.185656521790075,1.8599481128698943,-0.08627483922223382,-0.005844281804408656,1.4648632837447109,-0.5017023218783322,0.8956109415616421,1.6838829521311829,-0.4675351522418837,0.7956851253051631,1.708223392237101,-0.42254021122360863,0.7233390444951342,1.5476730986936202,-0.25096851019867206,0.7663796889466166,1.276433348260968,-0.13675653376918753,0.895501919929555,-18.530517578125,-22.04830551147461,-22.818639755249023,11.302912712097168,0.7619670629501343,-9.579164505004883,-0.5258708596229553,0.21694859862327576,-1.0531415939331055,-0.19790606200695038,-0.04880717769265175,-0.1462525874376297,-643.7388916015625,41.7964973449707,-1333.248291015625,-338.80914306640625,46.08342361450195,150.60552978515625
1.574236744681731,-0.23335961716261916,1.0874505181186247,1.6433415762241312,-0.2672202879723334,0.9288910086581249,0.5476011598347038,0.04844531234329114,0.11442911163564538,1.2994050207911738,-0.07032170781976742,0.6288909075275951,1.6796046069126254,-0.1759871876743061,1.1983131434743768,2.016710568342777,-0.1307822209567026,0.9179197358374568,1.7964538645665376,-0.1970081003691187,1.1815796014883662,2.268249964082478,-0.3150064258385963,0.739266312082872,2.1163138198536755,-0.24540365736512118,0.8682374024628017,0.6088917360005789,0.02712533749109572,0.177930475243472,1.0169208304376791,-0.05519943612794215,0.19355697017039677,0.556807221462395,-0.05970816213070157,0.14644122252006397,1.9811201492287465,-0.10492628329242262,0.8407755428000006,0.9678756211767133,-0.1820302273560044,0.20185319872091934,1.157746397304219,-0.08806865044332897,0.7846666050470428,1.7138879755080139,-0.18561133767003252,1.0581072330080121,1.053721656467741,-0.042571663535786015,0.2649682574714256,0.9165306231438719,-0.020407395813589465,0.142221060094257,0.46270068789160007,-0.0839980263509695,0.004716700380467545,1.9339443618888097,-0.15217094370071446,1.0034440813080368,2.174071394055095,-0.3035042284932353,0.7586548936288091,2.227691329472902,-0.2387726019253789,0.795455101902122,1.6922586773405013,-0.14110215708909446,-0.03353965295392354,1.237905387649473,-0.3426274435705697,0.721586032320332,1.372350530316498,-0.26840432846783013,1.0230562375081296,1.649554982090628,-0.34646490818222625,1.1991907194355467,1.452671154840103,-0.5496585879302183,0.7096593249712558,1.7667330509384735,-0.3610160813623706,1.179100783060718,1.7859905656205108,-0.42116420489075956,0.8193863370758019,1.6292462514725743,-0.5127973077905099,0.7238871390061663,1.6188035005370514,-0.06397685660234352,0.014055812156247289,1.4814745951567265,-0.28356420362232543,0.33061758261050606,1.7172901026460508,-0.026697267540761387,0.0021487191344136502,1.4306282124771978,-0.4533648388768664,0.68387679114247,1.4892587898582812,-0.1561665268035125,0.38990882335119686,1.1381797993814708,-0.18429401445369062,0.8029937310921434,1.5299057530251559,-0.3892099048621607,1.0424172929580637,1.3953916396921044,-0.32651905759872984,0.41674661774509,1.5624306837454538,-0.24948180913431758,0.1860068928919091,1.8599652902574728,-0.08620357835381631,-0.005855284518691778,1.4654432685169951,-0.5011112094912308,0.8958578119609529,1.6835727673887417,-0.4679174086214691,0.795242460456905,1.7078958317538762,-0.42299815918633477,0.7226914609504852,1.5485108236208656,-0.25035515745842696,0.7662905688514773,1.2781692165017917,-0.13595930760763342,0.8968652411801925,-18.07520866394043,-21.483274459838867,-22.892915725708008,11.211332321166992,0.7389310002326965,-9.089646339416504,-0.3842642903327942,0.07884635776281357,-1.1284369230270386,-0.20398028194904327,-0.047722507268190384,-0.15896359086036682,-645.9093017578125,45.75007629394531,-1335.281494140625,-338.7525939941406,45.50343704223633,148.4506072998047
1.5764135130193848,-0.2340838051592277,1.0877609971343287,1.6449947294020495,-0.26752673908574687,0.9284166295007364,0.5481199049791753,0.04748431422951213,0.11691251767194806,1.2996135207990938,-0.06854584724303124,0.6302561838895279,1.6820431624027277,-0.17593239119510776,1.19731810550816,2.0178738098270848,-0.13736255753119217,0.9101517180733338,1.7987804854942473,-0.19676759089065704,1.1799158118418511,2.2659968682472282,-0.3264820084271834,0.7321903350337455,2.1155066111229903,-0.2546163542775913,0.8616128844141174,0.6091012496821928,0.02571360926014313,0.18055025917410045,1.0176180680066544,-0.054846398285682656,0.19487609817886975,0.5571457419963862,-0.06096499664893994,0.14826155932533808,1.9810102088561912,-0.11413992438095237,0.8324907986533568,0.9691994802051821,-0.1819571630646851,0.20289564665579632,1.1590585795459367,-0.08706634901217285,0.7861508699442377,1.7169170995421754,-0.1864799605497461,1.0573389317026203,1.0543238035100975,-0.04204697082966372,0.26617118972816206,0.9171078220897952,-0.02025507814836819,0.14390374414178697,0.4638466720549475,-0.08419543771159568,0.005821608790251918,1.9362436840865784,-0.15554333157491979,0.9979446996126747,2.172054884449536,-0.31436024714779315,0.7528605761117497,2.226506850577348,-0.25003556127579724,0.7892760898893246,1.6922598793017154,-0.14097292523905142,-0.03342558344863109,1.2388795985291334,-0.341433261206608,0.7228222603829491,1.3739816242495908,-0.26778907590354517,1.0239359890388338,1.6522419515824474,-0.34634799199388516,1.199095747328752,1.4517018613436365,-0.5490985429839583,0.7100124919651359,1.76935756285459,-0.3608257815932596,1.1784668095064479,1.7860323080163918,-0.4218989393568986,0.8184447256934565,1.6286116609510208,-0.5127781637457033,0.7235479023282891,1.6188106513181268,-0.06365280504652998,0.013961501882121662,1.4816490388074457,-0.2825589235255261,0.33104345774808464,1.7172904780368932,-0.02644092008619515,0.0019899360891061603,1.4299037045990395,-0.452638362417158,0.6842776457994979,1.4893887319312191,-0.15495219530648752,0.39012497505604826,1.1392426522362311,-0.18305977073726284,0.80433025186425,1.5310349772308045,-0.3891940912268809,1.042649186210127,1.3955816306815243,-0.3252299262198392,0.41733138904666267,1.5624994513214818,-0.24878485155421382,0.1863437961071532,1.8599805350335228,-0.08613612053804841,-0.005865781904130384,1.4659723161861595,-0.5005651937415269,0.8960848695395008,1.6832747325202488,-0.46827254804554364,0.7948165709609227,1.707574395943951,-0.42343170792851226,0.7220796591398733,1.5492994161631097,-0.2498187574724488,0.7662192579136778,1.2798112038744995,-0.13519854527830294,0.8981536168925809,-17.667224884033203,-21.03863525390625,-22.94591522216797,11.200011253356934,0.7523739337921143,-8.74338436126709,-0.2582610249519348,-0.1431276500225067,-1.2188056707382202,-0.20894162356853485,-0.05061280354857445,-0.16345077753067017,-647.7543334960938,49.23044967651367,-1337.1614990234375,-338.5947570800781,44.88520431518555,145.8679656982422
1.5780042660552143,-0.23450730412902415,1.0880402784473848,1.6461062214232436,-0.26798212829212475,0.9280746289041658,0.5484234250539185,0.04669876859233485,0.11880121953686709,1.2998214346288846,-0.06726392518901685,0.6312449547826058,1.6837635194228973,-0.1759269761526032,1.1966473543091327,2.0181629294591232,-0.14210844558003655,0.9046772687837785,1.800380799154572,-0.19663260161679313,1.1787558422972826,2.2639504978988345,-0.3348346619021802,0.7275985971783967,2.114639807615849,-0.26090050118648367,0.857148628163812,0.6091715460581495,0.024626353521220883,0.18250997396593036,1.0180826905547389,-0.0545727997919582,0.19586362440558444,0.5573385809825745,-0.061950159993096554,0.14956592504453167,1.9803107361130368,-0.12049382219448695,0.8268825601268296,0.9701286459600688,-0.1818671850919329,0.20369837215996725,1.1599638239042647,-0.08629516662647403,0.7872324304667528,1.7189381600215732,-0.18676385853365554,1.056775727611504,1.0547238819251785,-0.041634241199207285,0.2670775646997602,0.9174858832990885,-0.020141484366964245,0.1451562752096067,0.46468491270052664,-0.08437740694213385,0.006591669240633275,1.9375357568658738,-0.15800826685712793,0.9939091838156157,2.170151963139212,-0.3217732915716445,0.7485723781664646,2.225398770231285,-0.25813668800998885,0.7850268088429185,1.692283681686351,-0.14088821850272995,-0.033351968375608235,1.2395753422320284,-0.3405755125232881,0.7237391679097483,1.3752550518275883,-0.2674167371842246,1.0246059864956811,1.6541136124276166,-0.34633786606275485,1.199095866340675,1.4509602980503185,-0.5485783418677501,0.7101831947336134,1.7711639654952167,-0.36073412257709253,1.178070856838037,1.7859437234749067,-0.422380868222145,0.8177305351424692,1.628089714326606,-0.512802462013352,0.7232791535704342,1.6188485764509795,-0.0633826554191626,0.01392433049144927,1.4817828082090971,-0.28184844217947785,0.3314090623760855,1.7173082108134465,-0.026281802384614573,0.001883768000862027,1.4293710072308976,-0.45203453558959716,0.6845767822684041,1.4895353149499324,-0.15411304223616404,0.39027106219174845,1.1400107551884175,-0.182142283027338,0.8053131118318102,1.5317400038637072,-0.38920784702166816,1.0428264346343792,1.3957342039670375,-0.32433478795732107,0.4177822756352803,1.5625855762832213,-0.2483382246006799,0.18661897150885975,1.8599869220067333,-0.08608609338025779,-0.005873963199031619,1.4662679021326912,-0.5002258709132277,0.8962211183562184,1.6830323845740185,-0.46850340142352687,0.7944675684962053,1.707281031553319,-0.4237534269098414,0.7216318569435979,1.5498628186074312,-0.24963505761019444,0.7662295722803533,1.2810229039350092,-0.1346049088466642,0.8990984922213269,-17.60778045654297,-20.7088680267334,-22.747039794921875,11.211918830871582,0.7801383137702942,-8.799554824829102,-0.22853714227676392,-0.18492190539836884,-1.2420856952667236,-0.21534283459186554,-0.05140722915530205,-0.18044617772102356,-646.7870483398438,51.263938903808594,-1338.5648193359375,-338.423583984375,44.140682220458984,144.2865753173828
1.579595019091044,-0.2349308030988207,1.0883195597604411,1.6472177134444381,-0.26843751749850264,0.9277326283075952,0.5487269451286619,0.04591322295515744,0.12068992140178646,1.3000293484586753,-0.06598200313500224,0.6322337256756839,1.685483876443067,-0.17592156111009863,1.1959766031101051,2.018452049091162,-0.14685433362888176,0.8992028194942223,1.8019811128148968,-0.1964976123429292,1.1775958727527138,2.261904127550441,-0.3431873153771784,0.723006859323047,2.113773004108707,-0.2671846480953771,0.8526843719135058,0.6092418424341063,0.02353909778229845,0.1844696887577606,1.0185473131028233,-0.05429920129823369,0.19685115063229933,0.5575314199687629,-0.06293532333725334,0.1508702907637255,1.9796112633698824,-0.1268477200080226,0.8212743216003014,0.9710578117149555,-0.18177720711918066,0.20450109766413832,1.1608690682625928,-0.08552398424077509,0.7883139909892682,1.7209592205009712,-0.187047756517565,1.0562125235203876,1.0551239603402598,-0.04122151156875078,0.26798393967135853,0.917863944508382,-0.02002789058556028,0.14640880627742664,0.4655231533461059,-0.08455937617267203,0.0073617296910147645,1.9388278296451695,-0.1604732021393365,0.9898736680185559,2.1682490418288882,-0.3291863359954971,0.7442841802211787,2.2242906898852217,-0.26623781474418184,0.7807775277965117,1.6923074840709864,-0.14080351176640846,-0.03327835330258537,1.240271085934923,-0.339717763839968,0.7246560754365479,1.3765284794055863,-0.2670443984649039,1.0252759839525285,1.6559852732727858,-0.3463277401316245,1.1990959853525982,1.4502187347570004,-0.5480581407515418,0.7103538975020908,1.7729703681358437,-0.36064246356092544,1.1776749041696257,1.7858551389334218,-0.4228627970873915,0.8170163445914818,1.6275677677021911,-0.5128267602810007,0.7230104048125792,1.618886501583832,-0.06311250579179518,0.013887159100776873,1.4819165776107486,-0.2811379608334295,0.3317746670040863,1.71732594359,-0.026122684683033966,0.0017775999126178757,1.4288383098627557,-0.4514307087620363,0.6848759187373105,1.489681897968646,-0.15327388916584042,0.39041714932744864,1.1407788581406044,-0.181224795317413,0.8062959717993704,1.53244503049661,-0.3892216028164554,1.0430036830586313,1.395886777252551,-0.32343964969480277,0.418233162223898,1.5626717012449605,-0.24789159764714588,0.18689414691056636,1.8599933089799439,-0.08603606622246716,-0.005882144493932854,1.4665634880792227,-0.4998865480849285,0.8963573671729359,1.6827900366277884,-0.4687342548015102,0.7941185660314876,1.7069876671626867,-0.4240751458911706,0.7211840547473225,1.550426221051753,-0.24945135774794003,0.7662398866470287,1.282234603995519,-0.13401127241502536,0.9000433675500731,-17.843130111694336,-20.517213821411133,-22.5511474609375,11.191818237304688,0.7821639776229858,-9.12457275390625,-0.2651062309741974,0.01653495617210865,-1.2332391738891602,-0.2026967853307724,-0.05272359028458595,-0.19205525517463684,-643.1561279296875,51.33250045776367,-1339.41015625,-338.3397521972656,43.530906677246094,144.8578643798828
1.5813422619507012,-0.2353574615341938,1.0886122836971914,1.648391610739247,-0.268985207309786,0.9273628720779293,0.5490317500584962,0.045034409401975416,0.1227739436909653,1.3002692938640417,-0.06459244316604174,0.6333130201361825,1.687336207422989,-0.17593832881442759,1.195246299568391,2.0186853396971496,-0.15203608199953983,0.8932661263161153,1.803703943625191,-0.19637224998399122,1.176348726481002,2.2595602648937154,-0.3522795203900486,0.7180727973876414,2.11278191504889,-0.2739412987370359,0.8479075470310178,0.6093054623990659,0.02232076437366732,0.18662132446142202,1.0190288114626675,-0.05398270479150564,0.19794839035892317,0.5577237650456018,-0.06404354954940188,0.1522987615687167,1.9787245195433005,-0.13374209626028805,0.8152941037092782,0.972053537799033,-0.18167694857874456,0.20539097830850547,1.161856128877362,-0.08466740000672301,0.7895005158833319,1.7231288406233123,-0.1874507781833607,1.0554526606142918,1.0555694093372647,-0.04076277108751982,0.2689786467035084,0.9182455874239371,-0.019897617757419103,0.14778735762499012,0.46644360744795255,-0.08477308771369471,0.008215563254591165,1.9401488185718359,-0.1632270079032077,0.9854468309524048,2.166113243987229,-0.3371858200588756,0.7396309280040253,2.223027736145929,-0.27501047599986606,0.7761717754484017,1.6923281088570097,-0.14071268556232486,-0.033202509161405616,1.2410245030526292,-0.338773156189366,0.7256598799236562,1.377914345619694,-0.26668277032525334,1.0260077442554447,1.6580001056589035,-0.3463234444031652,1.1990993510413643,1.4494017034966424,-0.547479257678354,0.7105400599785988,1.77491101050219,-0.3605595878417918,1.1772600033425338,1.7857519443461438,-0.42341741352089185,0.8162491641297246,1.626971865923989,-0.5128509169382764,0.7227225766474048,1.6189300911316018,-0.06283166501301016,0.01384794736583255,1.4820613649901964,-0.2803656095700549,0.33218117976030764,1.7173498243290857,-0.02597020151377317,0.0016545344459044191,1.4282520146954139,-0.4507567640764035,0.6852034878059728,1.4898281977666135,-0.15238238688533678,0.3905857576933128,1.1416340687417035,-0.1802251554581504,0.8073576534820707,1.5332015411348532,-0.38925712170782467,1.0432160646710174,1.3960573039702233,-0.32246860136456845,0.4187292121597473,1.5627694106259882,-0.24739628003922523,0.18720569977203738,1.8599981624164328,-0.08597928580414776,-0.0058977744728635146,1.466862403596474,-0.4995265570500039,0.8964959197486473,1.682497710581647,-0.4689879178112706,0.793729981740579,1.7066499683635914,-0.42442368794948054,0.7206834698749695,1.5510192511492218,-0.24928943825182537,0.7662520661259329,1.2835665968869694,-0.13333859839877552,0.9010728671653381,-18.102346420288086,-20.275798797607422,-22.53441047668457,11.130005836486816,0.8036828637123108,-9.361976623535156,-0.3501080274581909,0.18943309783935547,-1.2330409288406372,-0.1629663109779358,-0.06075449660420418,-0.16221560537815094,-637.8551025390625,51.043800354003906,-1339.944580078125,-338.0534362792969,42.815425872802734,146.61056518554688
1.5838317136890838,-0.23579910486344466,1.0889687640777486,1.6498614873317692,-0.2699706657043355,0.9268614748455831,0.5493426488724765,0.04371323944717069,0.12578434284949108,1.3006611604564238,-0.06269237194333667,0.6348216549450196,1.689814472040593,-0.1760603061180241,1.194233547772793,2.0186538412081485,-0.15928505361080084,0.8851370764094483,1.8060078557753403,-0.19629254670727334,1.1746881134462674,2.25580543871747,-0.3648793126968344,0.711515141243967,2.1112013573678126,-0.2829389670826731,0.8416482537787489,0.609337417100439,0.020480748302988086,0.18968321363262747,1.0195903493868594,-0.053462749137389014,0.19956598554225927,0.5579137675809545,-0.06573544536402663,0.1543158450663482,1.9769495757210336,-0.1431998845362494,0.8075496408323588,0.9733649500158448,-0.1815279307744361,0.20669422333208914,1.163231232308394,-0.0834057670061953,0.7911848717967404,1.7260030579093273,-0.1884187864546743,1.0537600730428633,1.0562300445228223,-0.04008580771404394,0.2703923000799897,0.9186442178606197,-0.019688238593324154,0.14976360515648143,0.4677539882280967,-0.08513734849872964,0.009466720726464215,1.9416069526546047,-0.16735088509439583,0.9791640130099879,2.1628729460255203,-0.34796670355544057,0.7332462755260096,2.2210302400273205,-0.2869681295574881,0.769875330640781,1.6923336627467578,-0.14059283559685512,-0.033116092868396,1.2420514569377266,-0.33741658886536874,0.7270758242796587,1.379833492222211,-0.2663719409348949,1.0270324369140018,1.660693980210664,-0.3463468004930888,1.1991181152545853,1.4482267384497536,-0.5466220544663487,0.7107995456417664,1.7774883327105184,-0.3605183700457314,1.1767552341056975,1.7855794563988188,-0.42431677670668283,0.815230660091173,1.6260252054163953,-0.5128744019577834,0.7223442575789446,1.619000546190123,-0.0625001176303586,0.013799058569484206,1.4822584090643371,-0.2792998181273607,0.3327817139246605,1.7174028639761818,-0.025849184983514805,0.0014513271270221377,1.4274115128232945,-0.44975026040677213,0.6856659086334784,1.4899731542890435,-0.15124259977940704,0.39086118103652595,1.1429024184776457,-0.1788358796905999,0.8087931752994358,1.5342022330555694,-0.38939585985726866,1.0435950779756962,1.396312981251849,-0.3211375224274517,0.4194394653996094,1.5629220632527838,-0.24667002961335602,0.18768978572839137,1.8599957425073284,-0.08589047563589174,-0.00594873249604804,1.4671771107919958,-0.49906853966365594,0.896645398724158,1.681968345547354,-0.46934976364603104,0.7931536665025927,1.7061019977986418,-0.42489944803004226,0.7199325443103615,1.551752800973046,-0.24923081992083038,0.7662730915656942,1.2854691214908824,-0.13229106040979866,0.9025037276823787,-18.180917739868164,-20.0108585357666,-22.460662841796875,11.062585830688477,0.8122445940971375,-9.203227043151855,-0.4523048996925354,0.22101902961730957,-1.235170602798462,-0.16439823806285858,-0.0707671195268631,-0.10820727795362473,-634.6436157226562,51.872894287109375,-1340.4691162109375,-337.67279052734375,42.171573638916016,147.47222900390625
1.586321165427467,-0.23624074819269558,1.089325244458306,1.6513313639242917,-0.27095612409888514,0.9263600776132369,0.5496535476864568,0.04239206949236574,0.12879474200801738,1.3010530270488057,-0.060792300720631284,0.6363302897538571,1.6922927366581975,-0.17618228342162062,1.1932207959771945,2.0186223427191474,-0.1665340252220631,0.8770080265027798,1.8083117679254899,-0.19621284343055542,1.1730275004115325,2.252050612541224,-0.37747910500362225,0.7049574851002914,2.109620799686735,-0.29193663542831183,0.835388960526479,0.6093693718018122,0.01864073223230854,0.19274510280383345,1.0201518873110513,-0.05294279348327229,0.20118358072559567,0.5581037701163071,-0.06742734117865168,0.1563329285639801,1.9751746318987664,-0.1526576728122124,0.7998051779554379,0.9746763622326566,-0.18137891297012765,0.20799746835567304,1.1646063357394263,-0.08214413400566735,0.7928692277101491,1.7288772751953427,-0.1893867947259881,1.052067485471435,1.0568906797083797,-0.03940884434056795,0.2718059534564713,0.9190428482973023,-0.019478859429229174,0.15173985268797308,0.4690643690082411,-0.08550160928376463,0.010717878198337479,1.9430650867373738,-0.17147476228558464,0.9728811950675699,2.1596326480638113,-0.35874758705200743,0.7268616230479928,2.2190327439087114,-0.29892578311511225,0.7635788858331591,1.692339216636506,-0.14047298563138538,-0.033029676575386364,1.243078410822824,-0.33606002154137127,0.7284917686356615,1.381752638824728,-0.26606111154453643,1.028057129572559,1.6633878547624248,-0.34637015658301235,1.1991368794678063,1.4470517734028645,-0.5457648512543432,0.7110590313049342,1.7800656549188476,-0.360477152249671,1.1762504648688614,1.7854069684514937,-0.4252161398924739,0.814212156052621,1.6250785449088014,-0.5128978869772904,0.7219659385104843,1.6190710012486438,-0.062168570247706986,0.013750169773135852,1.4824554531384777,-0.2782340266846663,0.3333822480890135,1.7174559036232777,-0.02572816845325642,0.0012481198081398218,1.426571010951175,-0.4487437567371406,0.686128329460984,1.4901181108114736,-0.15010281267347714,0.3911366043797392,1.144170768213588,-0.1774466039230492,0.8102286971168012,1.5352029249762857,-0.3895345980067127,1.043974091280375,1.3965686585334753,-0.3198064434903347,0.42014971863947165,1.5630747158795792,-0.24594377918748667,0.18817387168474545,1.8599933225982237,-0.08580166546763568,-0.005999690519232575,1.4674918179875178,-0.49861052227730784,0.8967948776996688,1.6814389805130612,-0.46971160948079155,0.7925773512646063,1.7055540272336922,-0.4253752081106041,0.7191816187457533,1.55248635079687,-0.2491722015898354,0.7662941170054556,1.287371646094796,-0.1312435224208216,0.9039345881994197,-18.01512336730957,-19.692365646362305,-22.31768035888672,10.990438461303711,0.7479057312011719,-8.806892395019531,-0.4617699682712555,0.08610625565052032,-1.233219027519226,-0.20935384929180145,-0.0739065632224083,-0.09554430097341537,-634.2034912109375,54.38496780395508,-1340.7454833984375,-337.1881408691406,41.618404388427734,146.4563751220703
1.5887937403672576,-0.23664015674630537,1.089647467957427,1.6527686276972688,-0.27206376313373737,0.9258844720212039,0.5499374637540603,0.04104035437748534,0.13183970630958364,1.3014557511601226,-0.05889504956735295,0.6378403505347422,1.694740535802399,-0.176305762189903,1.1921926705253045,2.0184983204532143,-0.17379319840511703,0.8689204337975841,1.8106066276695554,-0.196162354127066,1.1713851800817527,2.2481666100735698,-0.39006547975224315,0.6984939162699595,2.1079877662342907,-0.30081990726341434,0.8291701111967203,0.6093684989490257,0.016762487948039608,0.1958385671902175,1.0207008095766534,-0.05240390113005973,0.2028142076158365,0.5583031840671766,-0.06914516661735551,0.15837256087372625,1.9733166864376195,-0.1620561758808738,0.7921701357854126,0.9759878784615472,-0.18121060344162368,0.20932428805243883,1.1660242049109857,-0.0808589330424142,0.7945376194470765,1.7317145514172432,-0.1903463310457223,1.0503480762045905,1.0575391756777732,-0.038723882312411535,0.2732331837644639,0.9194390327725189,-0.019266142966287432,0.15373846281640566,0.4703695659605872,-0.08588380753895303,0.012006600439819801,1.9444573174249258,-0.17563542536157625,0.9665981992980506,2.156267991918602,-0.3694492452191986,0.7205215212919857,2.216926337077918,-0.3108496713322514,0.7572915068525355,1.6923422541049933,-0.1403540474492193,-0.032943947894486375,1.2441146989531864,-0.33469731414949666,0.7299097227734445,1.3836771269507755,-0.2657834234221882,1.0290808089521546,1.6660596452011966,-0.34640369411335875,1.1991609449418175,1.4458541739855382,-0.5449061985836914,0.711324183948782,1.7826466007737922,-0.36051078120998986,1.1757697861715657,1.7852254280980848,-0.4261484078026765,0.8131984701219774,1.6240989226379143,-0.5129027035062677,0.7215711553365189,1.6191382889716042,-0.061850134887738745,0.013702879166415593,1.4826610798867332,-0.2771708221230286,0.33398667264063625,1.7175126138901868,-0.025606370469345562,0.001049481163461337,1.425698802171164,-0.44772438241156526,0.6865969406847922,1.4902762399603988,-0.148941027851689,0.3914191894578618,1.1454493648169055,-0.17603870999339408,0.8116719258936824,1.536200764952906,-0.3896959235533973,1.044361284631767,1.396852647231904,-0.3184847994553333,0.4208684908041101,1.5632215505404188,-0.24523402054775634,0.1886462755747978,1.859990265195733,-0.08571125821068587,-0.006044126057146203,1.4677702149018546,-0.49817197863629326,0.8969406223060279,1.680888148727796,-0.47006909016347087,0.791998291449831,1.7049901797281986,-0.42587867902209425,0.7184312837013346,1.5532059697125922,-0.24923533442991455,0.7663334586367702,1.289283437839407,-0.13016819810827843,0.9053531450941072,-17.569032669067383,-19.18092918395996,-22.411102294921875,10.900943756103516,0.6528966426849365,-8.46650218963623,-0.3926492929458618,-0.13369593024253845,-1.2522813081741333,-0.21247926354408264,-0.06324771046638489,-0.12624205648899078,-635.3465576171875,57.3022575378418,-1340.903564453125,-336.6927185058594,41.184844970703125,144.03477478027344
1.5911834204433768,-0.2368321180195603,1.0898014297153775,1.6540457049742439,-0.2737715247253707,0.9255355488977686,0.5500888469203419,0.03953860862340965,0.13505444646078987,1.3019118048497382,-0.05701164993155297,0.6393574153548044,1.6970386957095946,-0.17643661579943648,1.19108903329104,2.0179198431652905,-0.18110247930844817,0.8610364691113802,1.8128570241249158,-0.19625535698619898,1.1698327092145453,2.2436481240569366,-0.4025859506122312,0.6924924821845749,2.106096984140131,-0.3091412903555963,0.8231499128981148,0.6092063848743375,0.014696475673491792,0.1990871216040965,1.0211877666956541,-0.051771996166581805,0.2045088431841094,0.5585488246766147,-0.07099035226844776,0.16052294764297667,1.9710510564560924,-0.17116348396073816,0.7850725423816031,0.9772999055732953,-0.18094753750310041,0.2107669009968933,1.1676521293374875,-0.07945797179165674,0.7961275989054053,1.734370381824228,-0.19126425513269876,1.0484969250808491,1.0581280466736547,-0.037999632774500726,0.27472710076546814,0.9198232032605353,-0.019037034476657007,0.15584691275922646,0.4716493011705132,-0.08635411042695404,0.013479831990853598,1.945525846141853,-0.1799767720482203,0.9603143300836455,2.152292517636786,-0.3797617672097594,0.7144002421999616,2.2142849864549197,-0.32260771214172423,0.7510486570809857,1.6923329315043443,-0.1402395877321035,-0.03286159660247778,1.2451968346999969,-0.3333044481889303,0.7313375484864442,1.3856278513835754,-0.26566851741036046,1.0300995113439118,1.6686229636732313,-0.34648724048342927,1.1992110489614751,1.4445453998663569,-0.5440404265132173,0.7116171714683242,1.7852453451282928,-0.36091203982664255,1.1754074345361318,1.784999424455971,-0.4272422959769008,0.8122084496037061,1.6229573999414382,-0.5128158248023482,0.7210955043502202,1.6191900194875453,-0.061596102698009164,0.013663438491103866,1.4829088627107885,-0.2761203237124627,0.33461020585914314,1.7175873533779422,-0.02548073416896511,0.000873282771489742,1.4246708565200403,-0.4466417904523825,0.6870959576786748,1.490499069951228,-0.14767119542553736,0.3917369512927453,1.1467782916217448,-0.17453936803222506,0.813153009442304,1.537184596851172,-0.3899681930806463,1.0447886564478968,1.3972756949481584,-0.31720949743954563,0.4216291059227968,1.563339808721416,-0.24460526568112,0.189061299903898,1.8599840765757276,-0.08561300642985778,-0.006056524682111593,1.4678702642586057,-0.49782908545029875,0.8970680245697893,1.680231877312755,-0.4704051302462224,0.7914057509196516,1.7043483484265032,-0.4265182590149096,0.7176838491531398,1.5538571632855775,-0.24989648037497564,0.7664627650913024,1.2912407475986227,-0.12895639391233601,0.9067112694907661,-17.243379592895508,-18.733505249023438,-22.68452262878418,10.844603538513184,0.6373225450515747,-8.50673770904541,-0.2711314857006073,-0.22536298632621765,-1.3778830766677856,-0.1711445152759552,-0.037399470806121826,-0.16296450793743134,-635.7705688476562,59.51866149902344,-1340.9151611328125,-336.1082458496094,40.690277099609375,141.525390625
1.5935731005194957,-0.23702407929281522,1.089955391473328,1.6553227822512189,-0.275479286317004,0.9251866257743331,0.5502402300866234,0.03803686286933397,0.1382691866119961,1.3023678585393539,-0.055128250295752995,0.6408744801748665,1.6993368556167903,-0.17656746940896997,1.1899853960567754,2.0173413658773662,-0.1884117602117793,0.8531525044251763,1.8151074205802762,-0.19634835984533194,1.168280238347338,2.2391296380403034,-0.41510642147221916,0.6864910480991903,2.1042062020459715,-0.31746267344777823,0.8171297145995092,0.6090442707996495,0.012630463398943977,0.20233567601797547,1.0216747238146549,-0.051140091203103887,0.2062034787523823,0.5587944652860527,-0.07283553791954,0.1626733344122271,1.9687854264745652,-0.1802707920406025,0.7779749489777935,0.9786119326850434,-0.18068447156457715,0.2122095139413478,1.1692800537639894,-0.07805701054089927,0.7977175783637341,1.7370262122312126,-0.19218217921967523,1.0466457739571076,1.0587169176695361,-0.03727538323658992,0.2762210177664723,0.9202073737485519,-0.01880792598702658,0.15795536270204727,0.4729290363804392,-0.08682441331495505,0.014953063541887395,1.9465943748587802,-0.18431811873486437,0.9540304608692406,2.14831704335497,-0.3900742892003202,0.7082789631079374,2.211643635831922,-0.33436575295119714,0.7448058073094358,1.6923236089036955,-0.1401251280149877,-0.03277924531046919,1.2462789704468076,-0.3319115822283639,0.7327653741994439,1.3875785758163752,-0.26555361139853273,1.0311182137356687,1.671186282145266,-0.34657078685349973,1.1992611529811328,1.4432366257471756,-0.543174654442743,0.7119101589878662,1.7878440894827934,-0.36131329844329524,1.175045082900698,1.7847734208138573,-0.4283361841511251,0.8112184290854348,1.6218158772449622,-0.5127289460984287,0.7206198533639214,1.6192417500034864,-0.061342070508279584,0.01362399781579214,1.4831566455348437,-0.27506982530189683,0.3352337390776501,1.7176620928656976,-0.02535509786858466,0.0006970843795181468,1.4236429108689164,-0.4455591984931998,0.6875949746725575,1.490721899942057,-0.14640136299938575,0.3920547131276288,1.1481072184265841,-0.17304002607105606,0.8146340929909256,1.538168428749438,-0.39024046260789524,1.0452160282640266,1.397698742664413,-0.315934195423758,0.4223897210414835,1.5634580669024132,-0.24397651081448368,0.1894763242329982,1.8599778879557225,-0.08551475464902968,-0.006068923307076983,1.4679703136153568,-0.4974861922643043,0.8971954268335507,1.679575605897714,-0.4707411703289739,0.790813210389472,1.7037065171248076,-0.4271578390077249,0.7169364146049451,1.554508356858563,-0.25055762632003675,0.7665920715458345,1.2931980573578383,-0.1277445897163936,0.9080693938874249,-17.090803146362305,-18.586353302001953,-22.8223934173584,10.835250854492188,0.6523275971412659,-8.78762149810791,-0.1720389723777771,-0.03047563135623932,-1.4013690948486328,-0.17575445771217346,-0.01455841027200222,-0.161137655377388,-633.4308471679688,60.21278381347656,-1340.5596923828125,-335.43646240234375,40.00489044189453,140.31883239746094
1.5959404081303552,-0.2371956163289531,1.09006342943141,1.656614246944718,-0.2772189034334081,0.924814936143673,0.5503513363023468,0.03650049942958833,0.1415147955547894,1.302864130561715,-0.053261734014808784,0.642400878253362,1.7016407796089221,-0.17669629826154928,1.18888134198473,2.016677905786906,-0.19568863034939116,0.8453276395205632,1.8173382907908484,-0.19648030365737068,1.1667337204446857,2.234469635597128,-0.42759233550322734,0.6806261544393389,2.1022515265357415,-0.3257063977074937,0.8111095521228994,0.6088596767937111,0.010524238312512153,0.20561551361881336,1.022144740385725,-0.05049909030192145,0.2079179605210064,0.5589564582764708,-0.07471065203480368,0.16486236497463763,1.9664443293154634,-0.18932050811928605,0.7709555419667669,0.9799194266859269,-0.1804083696757721,0.21367237201293568,1.1709217012718023,-0.07665797472246834,0.7993054834027953,1.7396720124790999,-0.19308836346134442,1.0447536359559622,1.0592975430930687,-0.036543200347597254,0.27773053199052805,0.9205591709211173,-0.018565834262439164,0.16008123190493767,0.4742161313824306,-0.08731062116952525,0.016439404468119895,1.9476032111028962,-0.18864464407034257,0.9477469987229797,2.144238935795841,-0.4003293347970537,0.7022124525924394,2.208850947042175,-0.34601702955582253,0.7385765308181184,1.692312625465014,-0.1400104175438944,-0.032695701308795164,1.2473619919739023,-0.33052920722803536,0.7341843160572431,1.3895370247742986,-0.2654615516792859,1.0321491021194205,1.6737230011564217,-0.34667773638537386,1.1993078897330935,1.4419134055936573,-0.5422744216113691,0.7121947771863432,1.7904203245971375,-0.3617184453748709,1.1747013065988654,1.7845107289339532,-0.42943982404983594,0.8102179159786528,1.6206413071281862,-0.5126490233749743,0.720139275224793,1.619287325649072,-0.06109385918949219,0.013590271766636743,1.4834290152748688,-0.27403605902037087,0.33584764920520466,1.7177337125831882,-0.025215911389088005,0.0005220834937785867,1.4226186581400058,-0.4444572870798459,0.6881057575641089,1.490963533224649,-0.1451508337446791,0.3923796409901404,1.1494469178828182,-0.17153210392752236,0.8161065662341401,1.5391438196826455,-0.3905348229092478,1.0456347572092979,1.3981346081424233,-0.3146616533299945,0.42315216633855113,1.5635846944044758,-0.24335410458263973,0.18989547786136335,1.8599712369063042,-0.08541966130994014,-0.006078887588208825,1.4680436593017832,-0.4971495760691087,0.897323555306883,1.6788991504157615,-0.4711008708405968,0.7902234639750412,1.7030340156807804,-0.42776966672267347,0.71618867719805,1.5551494356022766,-0.2512737696139228,0.7667136958103307,1.2951605254845904,-0.126535967572142,0.9094016320065946,-17.109251022338867,-18.72269058227539,-22.63765525817871,10.84560489654541,0.6550586819648743,-8.93520736694336,-0.12409956753253937,0.23931172490119934,-1.0791075229644775,-0.23032048344612122,0.007479740306735039,-0.15159694850444794,-628.9987182617188,59.61546325683594,-1339.8258056640625,-334.8565368652344,39.37599182128906,141.071044921875
1.598193819554436,-0.2372631754306768,1.0899376734992525,1.6579789566677927,-0.2791206941304616,0.9243273442944154,0.5502573962243188,0.03478790049916085,0.1449175547092953,1.3035651504598706,-0.05148116935858677,0.6439747911020619,1.703974048033455,-0.17681481926054354,1.1877751658294375,2.0155818059744424,-0.20280050022515186,0.8378036462313297,1.8194697546643135,-0.19681049232056597,1.1652175085434062,2.2290891858915622,-0.43990232385941597,0.6754563756731177,2.099971575452792,-0.33355476791100724,0.8050895720128196,0.6085606395014075,0.008213293456491135,0.20905461108052942,1.0225285141673308,-0.04981178280878941,0.20973347749141655,0.5586926088427866,-0.0767381292403927,0.16724812757495205,1.9637190356159844,-0.19807702855558518,0.7643341747735515,0.9812038430314979,-0.18006590294916902,0.21523829618629228,1.1726332117390157,-0.07526874110497397,0.8008828277619469,1.7422667500988536,-0.19393478121781185,1.0426528374880357,1.0598361910573693,-0.03577062948946138,0.27931945025920857,0.9207461584877494,-0.01825764606897999,0.16229578097727107,0.4755406944167534,-0.08787779976299262,0.017992484031726076,1.9483081583945165,-0.19289571525442648,0.941465608923641,2.139638331552215,-0.41029177329792804,0.6964247639210813,2.205287809403527,-0.3571247792993941,0.7324163546625356,1.6922931868508952,-0.13989443050709782,-0.03260608533064262,1.2484495229278967,-0.329200240752555,0.7355580310158382,1.3915347985873947,-0.26548580035863334,1.0332420282805992,1.6761243047303709,-0.34690382928643004,1.1993374840313236,1.440516641992607,-0.5411987521790511,0.7124367879321244,1.7928819672161378,-0.3621433873642359,1.1744520956317321,1.7840612605707535,-0.43059310909138604,0.8091639860576353,1.6192984955989762,-0.512604512915706,0.719633613398533,1.6193015674092122,-0.06087528139550166,0.013585638359731792,1.4838265547689222,-0.2730874744866858,0.3364125690515467,1.7177894498338762,-0.02500774217954536,0.00035317900340229826,1.4216132057423625,-0.44325702208162154,0.6886764395710648,1.4913008923562157,-0.14399857518096643,0.39274105044784924,1.1508414599279693,-0.16998050085558808,0.8175352051952816,1.540076238430099,-0.390941645333309,1.0460094860847422,1.398635727680282,-0.3134031617483557,0.4239239289073754,1.563753929359234,-0.2427640186733758,0.19033565337689504,1.8599622316707838,-0.08534064731061064,-0.006076458846188046,1.4679810590301918,-0.49684491546343496,0.8974553808471225,1.6781199396840785,-0.4715810244446558,0.789647942149876,1.7022053753303377,-0.42824021011393587,0.715439397965046,1.555739020669697,-0.2522698994109172,0.7667962107437336,1.2971492543915248,-0.12534354496377204,0.910602085440364,-17.308425903320312,-18.805442810058594,-22.379318237304688,10.83314323425293,0.6548409461975098,-8.815946578979492,-0.17926695942878723,0.2756575047969818,-0.868928074836731,-0.2519039809703827,0.01288617867976427,-0.15638376772403717,-623.7355346679688,59.07599639892578,-1339.3760986328125,-334.3201904296875,38.80170440673828,142.672119140625
1.6004472309785172,-0.23733073453240047,1.0898119175670953,1.6593436663908672,-0.2810224848275151,0.9238397524451578,0.5501634561462908,0.03307530156873336,0.1483203138638012,1.3042661703580263,-0.04970060470236475,0.6455487039507618,1.706307316457988,-0.17693334025953777,1.1866689896741451,2.014485706161979,-0.20991237010091257,0.8302796529420963,1.8216012185377788,-0.19714068098376125,1.1637012966421267,2.2237087361859964,-0.45221231221560454,0.6702865969068963,2.0976916243698427,-0.34140313811452083,0.79906959190274,0.6082616022091039,0.0059023486004701154,0.21249370854224547,1.0229122879489367,-0.04912447531565736,0.2115489944618267,0.5584287594091024,-0.07876560644598171,0.16963389017526648,1.9609937419165053,-0.2068335489918843,0.7577128075803361,0.9824882593770689,-0.17972343622256592,0.21680422035964889,1.174344722206229,-0.0738795074874796,0.8024601721210983,1.744861487718607,-0.19478119897427928,1.040552039020109,1.06037483902167,-0.0349980586313255,0.28090836852788903,0.9209331460543816,-0.017949457875520818,0.1645103300496045,0.4768652574510762,-0.08844497835646001,0.019545563595332258,1.949013105686137,-0.19714678643851039,0.9351842191243022,2.13503772730859,-0.42025421179880246,0.6906370752497232,2.2017246717648793,-0.3682325290429657,0.726256178506953,1.6922737482367762,-0.13977844347030124,-0.03251646935249008,1.2495370538818913,-0.32787127427707463,0.7369317459744331,1.3935325724004908,-0.2655100490379807,1.0343349544417777,1.6785256083043203,-0.34712992218748623,1.1993670783295536,1.4391198783915566,-0.5401230827467333,0.7126787986779055,1.795343609835138,-0.3625683293536009,1.1742028846645987,1.7836117922075538,-0.4317463941329361,0.8081100561366177,1.6179556840697662,-0.5125600024564376,0.719127951572273,1.6193158091693525,-0.06065670360151114,0.01358100495282684,1.4842240942629756,-0.2721388899530008,0.3369774888978888,1.7178451870845644,-0.02479957297000272,0.0001842745130260098,1.420607753344719,-0.4420567570833972,0.6892471215780207,1.4916382514877824,-0.14284631661725375,0.39310245990555803,1.1522360019731204,-0.16842889778365383,0.818963844156423,1.5410086571775523,-0.39134846775737026,1.0463842149601867,1.3991368472181407,-0.3121446701667168,0.4246956914761997,1.5639231643139921,-0.24217393276411184,0.19077582889242672,1.8599532264352634,-0.08526163331128116,-0.006074030104167266,1.4679184587586005,-0.4965402548577612,0.8975872063873619,1.6773407289523954,-0.47206117804871484,0.7890724203247109,1.701376734979895,-0.4287107535051983,0.7146901187320419,1.5563286057371177,-0.2532660292079116,0.7668787256771366,1.2991379832984593,-0.12415112235540206,0.9118025388741334,-17.503543853759766,-18.563186645507812,-22.258142471313477,10.785835266113281,0.6598978042602539,-8.475580215454102,-0.284715861082077,0.1333325356245041,-1.0800766944885254,-0.21868965029716492,-0.007846759632229805,-0.15282604098320007,-621.07421875,59.777652740478516,-1339.1004638671875,-333.8960266113281,38.46745300292969,143.1451416015625
1.6027078802222448,-0.23738740532603486,1.0896280885532201,1.6606218001700395,-0.2828744997251902,0.9233724340697788,0.550046631042531,0.03132011048150379,0.15176236155806785,1.3049911521128472,-0.04791311051277136,0.6471281209528841,1.7085894654128726,-0.17707107448025255,1.18556288930754,2.013301097794084,-0.2169941731833464,0.8227820941154531,1.8237323350464272,-0.19749931014136762,1.1622038298095299,2.2182294580320647,-0.4644433271805971,0.6652433663014545,2.095332032007887,-0.3492279427730484,0.7930758062577405,0.6079390451608114,0.003574301911184933,0.2159554620847007,1.0232944196423157,-0.04842931362769462,0.21337846444537306,0.5581778887881349,-0.08081077715221618,0.17202459482957194,1.9581904869205904,-0.21555630793634625,0.7511393735740359,0.9837707052167678,-0.179357708684656,0.21838940985944885,1.1760651820542796,-0.0724965390681431,0.8040262744916196,1.7474612337074533,-0.19559426812936137,1.038393382205079,1.0609229226775516,-0.034202396302231104,0.2825088587817767,0.9211053011433178,-0.01762469860398217,0.16675661879264755,0.47819562305677804,-0.0890238078816837,0.021116446000554696,1.949662259872386,-0.20137233025585577,0.9288766380177429,2.130366083801977,-0.43016470504912313,0.6849117164580238,2.198025543958146,-0.37921523850485184,0.7200947613116132,1.6922558948693687,-0.13966423430979646,-0.032426108316277825,1.2506286079520421,-0.32654368620834606,0.7383011599250187,1.395557099620238,-0.2655442149828601,1.0354416804597868,1.6809012258289666,-0.3473592408445497,1.1993806117417796,1.437689578296333,-0.5390492101378789,0.7129309777392456,1.7977398089225718,-0.36297890464991134,1.173940890672191,1.7831383619876886,-0.4329043859677599,0.8070453831691615,1.6165896685707648,-0.5125364475692344,0.7186345390926133,1.619327114117856,-0.06044556237510498,0.013568364688201455,1.4846279936910465,-0.2711875770265693,0.33755327336835544,1.717883404517016,-0.02458222770434342,3.072561529258435e-05,1.4195822295763634,-0.44084480010121074,0.6898352065623201,1.4919864105073033,-0.14169419621000226,0.39346976667050493,1.1536458028073342,-0.16687757576143505,0.8203900894581877,1.5419458948223796,-0.39175438387504474,1.0467371924823483,1.3996529034431406,-0.3109008058017453,0.4254774944671732,1.5640862982794148,-0.24157285038998585,0.19122102225063653,1.8599453327671582,-0.08518458389683276,-0.00607183099792197,1.4678212672669366,-0.49622030862119815,0.8977208698032707,1.6765395900271587,-0.47254390373135247,0.7884965448190044,1.7005233685701888,-0.42918243688463376,0.7139475783764921,1.5568496209896163,-0.2542569422169237,0.7669408534536298,1.3011198912235284,-0.12296950910857182,0.9129767283698581,-17.40269660949707,-18.084056854248047,-22.256999969482422,10.736926078796387,0.6722725629806519,-8.265081405639648,-0.35618269443511963,-0.002333736279979348,-1.4028135538101196,-0.17773835361003876,-0.031831614673137665,-0.13968661427497864,-620.7999267578125,61.792701721191406,-1338.5863037109375,-333.4339599609375,38.149356842041016,141.98202514648438
1.6050067542009794,-0.23738657224257262,1.0891375610765244,1.6614427047454758,-0.2844636361823965,0.9230121849783209,0.5498089443966253,0.029339979566165065,0.15541190185294226,1.305842682423181,-0.0460890197250623,0.648736606765267,1.710601639668673,-0.17731027852817874,1.1844571891999403,2.0116490536178184,-0.22391718601351504,0.8154241422943725,1.825861617034634,-0.19800814066008224,1.1608053603709139,2.212228242135206,-0.4762572639233223,0.6608684681701347,2.0925518341411817,-0.3569282918971102,0.7872203601314536,0.6074922744012037,0.0011559361649758652,0.21953686805355607,1.0236678790572462,-0.04769267197328297,0.21528162377954307,0.5579955625218271,-0.08294939165873232,0.17444139970651512,1.9549754988278776,-0.22410076400203374,0.7448190867111386,0.9850427443223283,-0.1788691349870322,0.22007634436452617,1.1778329058198738,-0.07114665872657938,0.8055330051096858,1.7500874301455667,-0.19623121498337642,1.03592916099441,1.0615208385795947,-0.0332847821421379,0.2841704635825377,0.9211991222094227,-0.01721242332633661,0.16917053267162355,0.47955663349257394,-0.08966416889024488,0.022781349663061327,1.9500167567208901,-0.20546305766760886,0.9224307340699319,2.1253192641877185,-0.4398008624449466,0.6795155373432781,2.1936082180762138,-0.3895375789790748,0.7139267898750624,1.6922464135861555,-0.13955941455845802,-0.03233181244218784,1.2517414091043915,-0.32522337785027683,0.7396478591770526,1.3977229182688604,-0.2656307564863306,1.0366212869716795,1.6831411889057284,-0.34760559552552683,1.1993093235997965,1.4360821635912586,-0.5379848270029423,0.713236858217132,1.7997903843589176,-0.3633136058485271,1.1736113863275541,1.7825383832123107,-0.4340872355545593,0.8059239734877025,1.6151011071063037,-0.5126235642970003,0.7182058184746876,1.6193229090299037,-0.06027369552125403,0.013513438206240045,1.4850654815206463,-0.27022185477594673,0.3381864366349795,1.717829095409406,-0.024316421392318245,-4.1726558795541794e-05,1.4184507038814342,-0.4395710948287257,0.6905152010207144,1.492391606435081,-0.14054280544156278,0.3938682185893027,1.1551361891212841,-0.16532773803302792,0.8218036932463677,1.5429085822689612,-0.39215551356211403,1.0469752956699852,1.4002478440471042,-0.30973419142479935,0.4263123234376212,1.56421721139491,-0.24091369293580786,0.19169271609048968,1.8599433095644642,-0.0851179099462877,-0.00607084465561595,1.4675413908942645,-0.49581963514650107,0.8978642395000584,1.6756226428297183,-0.47304021320398276,0.78791880143794,1.6995394176599996,-0.42966014082660736,0.7132406277174982,1.557008501907058,-0.25522030406440327,0.766895311557694,1.3030657758381192,-0.12184498280237453,0.9140122114427831,-17.01386070251465,-17.436534881591797,-22.189159393310547,10.662041664123535,0.7253517508506775,-8.292675971984863,-0.321412593126297,-0.018174918368458748,-1.380454659461975,-0.19081677496433258,-0.041990116238594055,-0.1478828489780426,-621.57470703125,64.59178161621094,-1337.7249755859375,-332.83404541015625,37.70454025268555,139.25210571289062
1.6073056281797142,-0.23738573915911038,1.0886470335998284,1.662263609320912,-0.2860527726396028,0.9226519358868631,0.5495712577507196,0.027359848650826336,0.15906144214781667,1.306694212733515,-0.04426492893735323,0.6503450925776499,1.7126138139244735,-0.17754948257610495,1.1833514890923407,2.0099970094415527,-0.2308401988436837,0.808066190473292,1.827990899022841,-0.19851697117879685,1.159406890932298,2.206227026238347,-0.4880712006660474,0.6564935700388149,2.089771636274477,-0.36462864102117193,0.7813649140051665,0.6070455036415959,-0.0012624295812332029,0.22311827402241147,1.024041338472177,-0.046956030318871314,0.2171847831137131,0.5578132362555195,-0.08508800616524845,0.1768582045834583,1.9517605107351648,-0.23264522006772123,0.7384987998482414,0.9863147834278888,-0.1783805612894084,0.22176327886960348,1.179600629585468,-0.06979677838501565,0.8070397357277521,1.7527136265836802,-0.19686816183739145,1.0334649397837408,1.0621187544816377,-0.0323671679820447,0.2858320683832988,0.9212929432755275,-0.016800148048691052,0.17158444655059954,0.4809176439283698,-0.09030452989880605,0.024446253325567956,1.9503712535693944,-0.20955378507936195,0.915984830122121,2.1202724445734598,-0.44943701984077,0.6741193582285324,2.189190892194281,-0.39985991945329774,0.7077588184385116,1.6922369323029423,-0.13945459480711958,-0.032237516568097854,1.2528542102567406,-0.3239030694922076,0.7409945584290863,1.3998887369174828,-0.26571729798980104,1.0378008934835723,1.6853811519824904,-0.34785195020650395,1.1992380354578132,1.4344747488861844,-0.5369204438680056,0.7135427386950183,1.8018409597952632,-0.36364830704714285,1.1732818819829172,1.7819384044369326,-0.4352700851413587,0.8048025638062434,1.6136125456418424,-0.5127106810247661,0.7177770978567617,1.6193187039419514,-0.06010182866740307,0.013458511724278633,1.4855029693502464,-0.26925613252532415,0.3388195999016035,1.717774786301796,-0.024050615080293075,-0.00011417873288366794,1.417319178186505,-0.4382973895562407,0.6911951954791087,1.4927968023628588,-0.13939141467312327,0.39426667050810044,1.156626575435234,-0.16377790030462078,0.8232172970345477,1.5438712697155428,-0.39255664324918327,1.047213398857622,1.4008427846510678,-0.3085675770478534,0.4271471524080692,1.5643481245104052,-0.24025453548162984,0.1921644099303428,1.8599412863617701,-0.08505123599574267,-0.006069858313309929,1.4672615145215926,-0.495418961671804,0.8980076091968461,1.674705695632278,-0.4735365226766131,0.7873410580568756,1.6985554667498104,-0.43013784476858097,0.7125336770585042,1.5571673828244998,-0.2561836659118828,0.7668497696617581,1.3050116604527098,-0.12072045649617724,0.9150476945157081,-16.652347564697266,-17.07346534729004,-22.09009552001953,10.605664253234863,0.7834054827690125,-8.444099426269531,-0.25229156017303467,-0.010241967625916004,-1.2498867511749268,-0.2232433557510376,-0.05134527012705803,-0.1669360101222992,-621.0416870117188,66.05661010742188,-1337.2921142578125,-332.38323974609375,37.34597396850586,137.11073303222656
1.609486442330657,-0.23738491678277387,1.0881589289927325,1.6630377757628232,-0.2875599934663992,0.9223077352473278,0.5493262719042254,0.0254714584921717,0.16253645246885431,1.3075198991014467,-0.042541034667697354,0.6518690746943681,1.7145356445123026,-0.17778357397148148,1.1822916277197024,2.008362696265543,-0.23736132506207058,0.8010707238059968,1.8300058472630203,-0.199019090624045,1.1580893061808404,2.200499203031427,-0.4992473200456974,0.6524054485046314,2.087102841462521,-0.3719104623656391,0.7758274328037609,0.6066094185934952,-0.0035685441153744312,0.22653374783941413,1.0243880729012143,-0.04624400319938637,0.21899669402778524,0.5576659742964813,-0.08712797974612516,0.17914310149503046,1.9486820109632634,-0.24074786341446827,0.7325304103213437,0.9875183030469527,-0.17790329431658555,0.22337546081140322,1.1812718179052237,-0.0685146512056622,0.808466664607951,1.7552047296865094,-0.19747545148264486,1.0311025892267167,1.0626715536149132,-0.03149188769401511,0.28741677766604123,0.9213709055587945,-0.016406766068042356,0.17388375594422492,0.48221750596895896,-0.09092347359667148,0.026034211089205287,1.9506784065669736,-0.2133889265161078,0.9098379150131687,2.1154459837256683,-0.4585746488725103,0.6690425849118775,2.1849402548461567,-0.4096043657585475,0.7018903956705378,1.692227555031808,-0.13935354166966402,-0.03214978779487263,1.2539130169034793,-0.32265355512006405,0.7422662221438047,1.4019633675647885,-0.2657913152153129,1.0389263647676303,1.6874863092867742,-0.34809111428773953,1.1991607757988356,1.432938986266686,-0.5359004555356425,0.7138378478043916,1.8037823959691632,-0.3640023024863754,1.1729673492592692,1.781360812731926,-0.43639946946047775,0.8037435032476654,1.6121864464898774,-0.5127770259285604,0.7173720583418347,1.6193213208226969,-0.05993376704956722,0.013402832349737659,1.4859129062156804,-0.26834550149590775,0.33943183226695905,1.7177248334647803,-0.02380268020395019,-0.00018780334097669702,1.416221499245688,-0.4370708445839536,0.6918524112922465,1.4931903305827388,-0.13830452974861043,0.3946485921543165,1.1580473654317538,-0.16230612975970815,0.8245634734630584,1.5447930804151573,-0.39295688883358276,1.047438702441209,1.401411263358514,-0.3074653996833114,0.42794634347522487,1.5644812402346275,-0.23964081906917084,0.19261284024510159,1.859939972888555,-0.08498774014956115,-0.006068301219061412,1.4669830392528054,-0.4950358188211524,0.8981474638972061,1.673821114546416,-0.4740026227587106,0.7867816758668976,1.6976051239777876,-0.4305761847274982,0.7118664192442863,1.557303209770594,-0.25711242538808976,0.7668061795218891,1.3068512875512734,-0.11966021959700737,0.9160317252605955,-16.509859085083008,-17.089176177978516,-22.067893981933594,10.602218627929688,0.8055142760276794,-8.503341674804688,-0.23623155057430267,-0.011156362481415272,-1.289168357849121,-0.21656526625156403,-0.046220675110816956,-0.17158108949661255,-617.3829345703125,66.02619934082031,-1336.8961181640625,-331.91796875,36.94605255126953,136.3306121826172
1.6110198316195152,-0.23738415312293348,1.0876841110898958,1.663555636311209,-0.2886179995457857,0.9220515422473681,0.5490412581835361,0.02408616280565598,0.1650543629333672,1.308203860623947,-0.04136660517446256,0.6529296494477632,1.7159620420822244,-0.1779896282399727,1.1814831400549175,2.006825617607066,-0.24167855695778157,0.7960630789497832,1.8313938039817557,-0.19948440740834797,1.1572152826170259,2.196270630059653,-0.5069257313052548,0.6498899728257136,2.08504496662822,-0.3768971313703927,0.7720336302226743,0.6062319326084971,-0.0052590874865625905,0.22903927114625633,1.0245882509559985,-0.045666959013370506,0.22030821038002996,0.5577110004740835,-0.08862701921865636,0.18070463214489002,1.946351995531297,-0.24642766281863693,0.7284917803789608,0.9883460706432924,-0.17748803196363894,0.22457770934168073,1.1824136182961875,-0.06760407362552671,0.8094559710546835,1.7569549983700379,-0.19792010482178618,1.0292988841896815,1.0629769382097862,-0.030848760897947483,0.2885798018499715,0.9213619003232741,-0.01611699249027976,0.17555458912786265,0.48318203810034993,-0.09142496752620531,0.02720020747194618,1.9507259319949624,-0.2158224674447482,0.9053306161173134,2.111827941919794,-0.46497841268185724,0.6657173917783018,2.181603715909238,-0.41617971500813544,0.6976646591495995,1.6922187481494928,-0.13927314415672756,-0.03209807215542194,1.2546757246484819,-0.32179226583202947,0.7431264006538896,1.4035379349790662,-0.2657966509165353,1.039754965447432,1.6888522091290807,-0.34829084604781196,1.1990507691111785,1.4317961544390547,-0.5351239225722307,0.7140738881186933,1.8051253265102967,-0.3644621050515712,1.1727349189733038,1.7809059888321832,-0.4372356571503822,0.8030263572339191,1.6111028825999885,-0.5127294608299305,0.7170968829401282,1.6193613484995255,-0.059786572855039945,0.013343024209437783,1.486171757148591,-0.2677369836150416,0.33992928227051994,1.7176987698536046,-0.023652749974897372,-0.0002678574258708276,1.4153094315370978,-0.4361029206127521,0.6923847119539779,1.4935198745980167,-0.13757138654885706,0.39493986391863284,1.1590864982036564,-0.16126246957589463,0.8255398869514465,1.5454907283088228,-0.39335228611301903,1.0475938146477504,1.401834628439897,-0.3067165865803397,0.4285501008791639,1.564626434780904,-0.23927629546613885,0.19293369638998775,1.8599425514802237,-0.08494167261763125,-0.0060636141948056535,1.4667122474569358,-0.49474881165074985,0.8982680428107053,1.6731140250401781,-0.4743030584411116,0.7863229840796515,1.696839083898936,-0.43079865768255776,0.7114168318691633,1.5573126117125253,-0.2578514299250596,0.7667732925604511,1.3081082121425907,-0.11895253751056875,0.9167335980775341,-16.705778121948242,-17.3614444732666,-21.994606018066406,10.611725807189941,0.7830895185470581,-8.338577270507812,-0.23784363269805908,-0.011259829625487328,-1.3673279285430908,-0.17595010995864868,-0.023128213360905647,-0.1712782233953476,-612.5654907226562,65.18627166748047,-1336.701904296875,-331.60028076171875,36.54853820800781,137.18447875976562
1.6125532209083733,-0.23738338946309312,1.0872092931870594,1.6640734968595947,-0.2896760056251721,0.9217953492474082,0.548756244462847,0.022700867119140496,0.16757227339787967,1.3088878221464473,-0.04019217568122797,0.653990224201158,1.717388439652146,-0.17819568250846388,1.1806746523901328,2.00528853894859,-0.24599578885349183,0.7910554340935705,1.832781760700491,-0.19994972419265086,1.1563412590532114,2.1920420570878796,-0.5146041425648108,0.6473744971467962,2.0829870917939193,-0.38188380037514535,0.7682398276415885,0.6058544466234991,-0.006949630857750461,0.23154479445309809,1.0247884290107827,-0.04508991482735474,0.22161972673227445,0.5577560266516856,-0.09012605869118728,0.18226616279474933,1.9440219800993308,-0.2521074622228046,0.7244531504365785,0.9891738382396318,-0.17707276961069238,0.225779957871958,1.1835554186871509,-0.06669349604539136,0.8104452775014157,1.7587052670535661,-0.1983647581609274,1.0274951791526468,1.0632823228046593,-0.030205634101879965,0.2897428260339016,0.9213528950877538,-0.01582721891251722,0.17722542231150007,0.48414657023174074,-0.09192646145573906,0.028366203854686873,1.9507734574229512,-0.21825600837338818,0.9008233172214588,2.1082099001139207,-0.4713821764912032,0.6623921986447268,2.17826717697232,-0.42275506425772225,0.693438922628662,1.6922099412671778,-0.13919274664379114,-0.03204635651597124,1.2554384323934844,-0.320930976543995,0.7439865791639744,1.4051125023933435,-0.2658019866177578,1.0405835661272338,1.6902181089713872,-0.34849057780788434,1.1989407624235215,1.4306533226114235,-0.534347389608819,0.7143099284329951,1.8064682570514299,-0.36492190761676685,1.1725024886873385,1.7804511649324404,-0.4380718448402865,0.802309211220173,1.6100193187101,-0.5126818957313007,0.7168217075384216,1.6194013761763542,-0.05963937866051269,0.013283216069137916,1.4864306080815017,-0.26712846573417554,0.3404267322740807,1.7176727062424286,-0.023502819745844575,-0.00034791151076494456,1.4143973638285074,-0.4351349966415507,0.692917012615709,1.493849418613295,-0.1368382433491038,0.39523113568294915,1.160125630975559,-0.16021880939208127,0.8265163004398345,1.5461883762024886,-0.3937476833924552,1.0477489268542914,1.4022579935212798,-0.3059677734773681,0.4291538582831029,1.5647716293271803,-0.2389117718631069,0.1932545525348739,1.8599451300718925,-0.08489560508570135,-0.006058927170549896,1.4664414556610663,-0.49446180448034743,0.8983886217242045,1.6724069355339404,-0.47460349412351255,0.7858642922924055,1.6960730438200844,-0.43102113063761727,0.7109672444940404,1.5573220136544563,-0.25859043446202934,0.766740405599013,1.3093651367339076,-0.11824485542413025,0.9174354708944724,-16.946331024169922,-17.469619750976562,-21.755748748779297,10.543903350830078,0.7710855007171631,-8.123040199279785,-0.2661093771457672,-0.014847179874777794,-1.1982953548431396,-0.13514024019241333,-0.00180435657966882,-0.1638098657131195,-607.6857299804688,64.82093811035156,-1336.1171875,-331.12957763671875,36.077232360839844,138.24888610839844
1.6142087543247547,-0.23738934242764845,1.0866700430579534,1.6646234195753438,-0.29085258843488226,0.9215493669967778,0.5484350209204567,0.021173317398604882,0.1702902837600924,1.3096433625315986,-0.038941568935549245,0.6551272655954422,1.718923818986147,-0.17844618639803875,1.1797999502807266,2.003607047314676,-0.25058393052082106,0.7857376565996395,1.834279166941611,-0.20046025440590262,1.1554201221623959,2.1874203303002373,-0.5227477601821835,0.6447781081625962,2.0807206678074723,-0.38717494895126553,0.7641740680135646,0.6054308953269429,-0.008787851509273881,0.23425130802669222,1.0249949484471454,-0.0444638953476356,0.22303649240376908,0.557836383383795,-0.09173947765140314,0.1839412950620743,1.9414391383430032,-0.258140249658893,0.720234297363964,0.990052703990052,-0.17661180608714663,0.22709035108618364,1.184781853726368,-0.06572324412548007,0.8115006385260068,1.760590356706783,-0.19882251835422005,1.0255305948636393,1.0636192307566965,-0.029506961469668167,0.29099230409063226,0.921334191268643,-0.015498612097631103,0.17903295859990495,0.4851250359356797,-0.09239254896806562,0.029622691578620082,1.9507743905711648,-0.22083381647305728,0.896008855064974,2.104242306671396,-0.4782654695360853,0.6588874840183769,2.174614196581557,-0.4297641039092007,0.688899080484909,1.692200352814024,-0.13911554498585646,-0.03198675874201274,1.256257940207096,-0.3200142682585497,0.7449035784661373,1.4068294341201022,-0.265787313809458,1.041466379402489,1.6916554574145384,-0.3487106985011637,1.1988051829748596,1.4294131378464354,-0.5334950087480989,0.7145617097024096,1.8078649383507026,-0.3654012627751621,1.1722712485206048,1.7799363850757777,-0.43899141340855713,0.8015271948268083,1.6088379518875224,-0.5126177755412676,0.7165164860668561,1.6194491011417464,-0.059475497262466065,0.01321617738090901,1.4867410308477893,-0.26647388254175136,0.34094760867933555,1.7176492833933295,-0.02334719167294489,-0.000433484150273309,1.4134331440294028,-0.4340962383723419,0.6934974716593887,1.4942164898708166,-0.13605857152023076,0.395549781669844,1.1612540878207476,-0.15910462280180301,0.8275662881649091,1.5469383715793785,-0.3941731297022459,1.0479079705989913,1.4027268969460038,-0.3051778746164399,0.42980410730996654,1.564914088375521,-0.23851373767023853,0.19360009181183688,1.859947027749573,-0.08484722725701649,-0.006055392542335864,1.466119382160389,-0.4941555259638275,0.8985213623536343,1.6716334006644245,-0.47493659887487516,0.7853841487540315,1.6952345722558484,-0.4313526919345981,0.7104731075811072,1.5573256722349205,-0.2594422990123166,0.7667217823053827,1.3107224162051216,-0.11748662102498769,0.9181855168958372,-16.92226791381836,-17.168245315551758,-21.565759658813477,10.408365249633789,0.7957190275192261,-8.03701114654541,-0.3304664194583893,0.0071595399640500546,-0.9781681299209595,-0.11779449135065079,0.004067048896104097,-0.14206038415431976,-604.7506713867188,65.77568054199219,-1334.9967041015625,-330.5318298339844,35.674930572509766,138.38743591308594
1.6165605092680218,-0.2374335801512595,1.0857635292391115,1.6653560966450647,-0.2927050586074393,0.9213615860173244,0.5479074013943703,0.018834919684153347,0.17414886353919834,1.3108069024338627,-0.037256751850938186,0.6567001668427953,1.7210803943754032,-0.17895005312779091,1.1785478258369775,2.001102401720767,-0.25671625788638125,0.7786521230707106,1.8364004354603243,-0.2012285011641632,1.1542304393076739,2.1805576267621376,-0.5335430540391151,0.6417205133382848,2.0772655136537868,-0.3942016310841831,0.7585581532179915,0.6047447717545048,-0.011467832658711223,0.2381034661207767,1.025237613758504,-0.04355871669380674,0.22505317919499035,0.558118124276597,-0.09400485969142405,0.18626395654895445,1.9374151865378122,-0.2661850688769327,0.7149881724490236,0.9912228292187318,-0.17589034589118516,0.2290171689989156,1.1864907062606307,-0.06441284846884526,0.8129325106443949,1.763243925887228,-0.19935498761617584,1.022648998838387,1.0641358218445682,-0.028491677571433477,0.2927345692223271,0.9212602055230678,-0.014948655831140306,0.18161970258548557,0.48618292300314303,-0.09265681990231109,0.031394979947351444,1.9505097477246593,-0.2242339474475936,0.8894435623228946,2.0982822688999554,-0.4878820792235285,0.6543594968832093,2.169157499903875,-0.4392451788514654,0.6825688362911049,1.692186309407089,-0.13905655970143166,-0.031882232801359614,1.2574012084117787,-0.318781671687862,0.7461444562831462,1.4093578424280053,-0.2656585924968814,1.0426582044718282,1.6935000628825054,-0.34904703611372323,1.1985238387884682,1.42761804133851,-0.5322102948727198,0.714903214415967,1.8095679989713707,-0.36599206771479537,1.1720467920334923,1.7790798562646701,-0.4403862529835164,0.8003754172696184,1.607099108348619,-0.5124592913302365,0.716040001997095,1.619540700651952,-0.05921649880435886,0.013107924569484513,1.487345413064325,-0.26555672707344524,0.34160201557424685,1.7176409128880659,-0.02315908589011786,-0.0005505125510829352,1.4121716573143637,-0.4326537246044898,0.6943524334801743,1.4947974664091275,-0.13501368650537454,0.39602446072543696,1.1628916918836683,-0.157588435694674,0.829035649039098,1.547986747610648,-0.3947698554850572,1.0480894241111958,1.4034553689277725,-0.30415378693515893,0.4307193585875018,1.5650409550856281,-0.2379246931153023,0.19408632494163827,1.8599450442175203,-0.08478568073682832,-0.006058426571559679,1.4655050029423062,-0.49373940077443784,0.898723424763869,1.670481127224221,-0.4754559173193199,0.7847817302342283,1.6939832412249205,-0.4323060567805309,0.7097250383026552,1.557296593655024,-0.2609374656385144,0.7667844619182561,1.31265171849175,-0.11644023844343149,0.9192101500484328,-16.65692138671875,-16.568721771240234,-21.61400032043457,10.352810859680176,0.7982274889945984,-8.14214038848877,-0.3441125750541687,0.07726996392011642,-0.9792267084121704,-0.09163657575845718,0.021090785041451454,-0.12679560482501984,-604.1583251953125,67.70388793945312,-1333.58740234375,-329.9198913574219,35.424049377441406,136.81703186035156
1.6189122642112883,-0.23747781787487054,1.0848570154202695,1.6660887737147856,-0.294557528779996,0.9211738050378712,0.5473797818682842,0.016496521969702214,0.17800744331830362,1.3119704423361267,-0.03557193476632741,0.6582730680901482,1.7232369697646588,-0.179453919857543,1.1772957013932286,1.9985977561268586,-0.26284858525194044,0.771566589541783,1.8385217039790374,-0.20199674792242361,1.1530407564529521,2.1736949232240392,-0.5443383478960447,0.638662918513974,2.073810359500102,-0.4012283132170995,0.7529422384224194,0.6040586481820669,-0.014147813808148106,0.24195562421486055,1.0254802790698625,-0.04265353803997803,0.2270698659862113,0.5583998651693988,-0.09627024173144459,0.1885866180358342,1.9333912347326219,-0.274229888094971,0.709742047534084,0.9923929544474115,-0.17516888569522382,0.23094398691164725,1.188199558794893,-0.06310245281221069,0.8143643827627826,1.765897495067672,-0.19988745687813156,1.0197674028131347,1.0646524129324402,-0.027476393673198964,0.2944768343540216,0.9211862197774925,-0.014398699564649602,0.18420644657106572,0.4872408100706062,-0.09292109083655653,0.0331672683160825,1.950245104878154,-0.22763407842212935,0.8828782695808162,2.092322231128516,-0.49749868891097004,0.6498315097480423,2.1637008032261935,-0.4487262537937285,0.6762385920973017,1.692172266000154,-0.13899757441700689,-0.031777706860706516,1.2585444766164615,-0.31754907511717445,0.7473853341001547,1.411886250735908,-0.2655298711843049,1.0438500295411672,1.6953446683504723,-0.34938337372628264,1.198242494602077,1.425822944830585,-0.5309255809973408,0.7152447191295245,1.8112710595920385,-0.3665828726544285,1.17182233554638,1.7782233274535628,-0.4417810925584754,0.7992236397124285,1.6053602648097158,-0.5123008071192053,0.7155635179273341,1.6196323001621575,-0.05895750034625169,0.012999671758060036,1.4879497952808607,-0.2646395716051393,0.342256422469158,1.7176325423828025,-0.022970980107290866,-0.0006675409518925415,1.410910170599325,-0.431211210836638,0.6952073953009599,1.4953784429474382,-0.13396880149051849,0.3964991397810298,1.1645292959465885,-0.15607224858754526,0.8305050099132866,1.549035123641917,-0.3953665812678684,1.0482708776234002,1.404183840909541,-0.3031296992538781,0.431634609865037,1.5651678217957352,-0.23733564856036612,0.1945725580714396,1.8599430606854672,-0.08472413421664017,-0.0060614606007834936,1.4648906237242239,-0.4933232755850483,0.8989254871741036,1.669328853784018,-0.4759752357637645,0.784179311714425,1.6927319101939928,-0.4332594216264636,0.7089769690242035,1.5572675150751278,-0.2624326322647119,0.7668471415311295,1.314581020778378,-0.11539385586187546,0.9202347832010281,-16.342424392700195,-15.957792282104492,-21.69988250732422,10.36769962310791,0.764336347579956,-8.272012710571289,-0.2781282365322113,0.09394931048154831,-1.044171690940857,-0.0883508175611496,0.029375310987234116,-0.14064796268939972,-603.8392944335938,69.82551574707031,-1332.197998046875,-329.2079162597656,35.16082763671875,133.95913696289062
1.6212823805430074,-0.2375245489525479,1.0839245964754498,1.6668374254214051,-0.2964109676760551,0.9210150285272409,0.5468182985158946,0.01412788453428658,0.18188475151330386,1.313159469539756,-0.03392102953280949,0.6598335547952461,1.72540107744419,-0.17996623680390264,1.1760391812056108,1.9960422961917148,-0.26894114057946616,0.7645488752434593,1.8406363273693234,-0.20280958815718317,1.1518405993647924,2.1667755329056297,-0.5550444361981955,0.6356969875413063,2.0702739069793403,-0.40822739889290083,0.7473414225491473,0.603358330020052,-0.01685670552318822,0.2458108837981488,1.0257202828956755,-0.04173777032248835,0.22909645107112162,0.5587001534684604,-0.09854653550447587,0.19090659156540346,1.9292977122676298,-0.2821839435013706,0.7045804576960626,0.9935557992253081,-0.17442458394347446,0.2328829846980159,1.189927287843843,-0.06178493571424539,0.8157885537439623,1.7685514305601053,-0.2004036688992124,1.0168646007578896,1.0651628797417445,-0.026441926688622094,0.29622920168354,0.9211069625734494,-0.013841507473763219,0.18680734794266146,0.4883495443901477,-0.09328235539034098,0.03498623552824662,1.9499245822824391,-0.23102809728080037,0.8763378030614355,2.086268325909874,-0.5070405809689821,0.6454048765613547,2.1581480984656234,-0.4581118143157444,0.6699117334275853,1.6921604490832778,-0.13893336704037837,-0.03166596486004972,1.2596764292148563,-0.316320226089844,0.7485974335315211,1.4144488233604176,-0.26536493649743254,1.0450248211030138,1.6971648969002906,-0.34971557172718426,1.1979353196968308,1.4240053773715797,-0.5296196725392185,0.7156063252134828,1.8129572183485851,-0.3672044892974246,1.171581784226247,1.777336749612101,-0.4431601864415287,0.798071215385633,1.6036036894810912,-0.5121527341817389,0.7150893147220675,1.619721180950569,-0.058700326651285446,0.012885380656587975,1.488538992720724,-0.26373292471202014,0.34292827354164307,1.717636517736296,-0.022799851311161037,-0.0008023948318460406,1.4096197223426492,-0.42976890741199864,0.6960835373954266,1.4959707465392864,-0.13293644763677337,0.3969748490890919,1.1661637634631024,-0.1545678635948148,0.831971222793819,1.5500720924889013,-0.3959339591643668,1.0484337980384069,1.4049248304588116,-0.30210069354796265,0.4325510774128483,1.565313954227018,-0.23674731230400262,0.19505823171691383,1.859941695304896,-0.08466006572426156,-0.006060027855059863,1.464262565042799,-0.49289071214514857,0.8991459624854145,1.6681444593612722,-0.4764964701916208,0.783561905883006,1.6914948309888904,-0.43422862374229926,0.7082340023572872,1.5572489336231687,-0.2639549117017264,0.7669264339650703,1.3165146272308776,-0.11435556791673444,0.9212515950202941,-16.07597541809082,-15.714445114135742,-21.672130584716797,10.383891105651855,0.7495187520980835,-8.256327629089355,-0.2381628155708313,0.034246303141117096,-1.0553383827209473,-0.13701395690441132,0.0021630129776895046,-0.16321542859077454,-601.8099365234375,70.47002410888672,-1330.834716796875,-328.4889831542969,34.85856628417969,131.93582153320312
1.6237613989027921,-0.23758606819917036,1.0828385333351742,1.6676808232503222,-0.29827015210461144,0.9210282785213546,0.546055967641982,0.011579894271080929,0.18587313858878537,1.3144996628066563,-0.032471256657497366,0.661320410422142,1.72760985939708,-0.18052867227634847,1.1747565897095282,1.9931854546464831,-0.27479780657796676,0.75793339914044,1.842711538273767,-0.20388691383876548,1.150578319236932,2.1595199313384805,-0.5652214432789001,0.6332747180335568,2.0662552710400512,-0.41506280902995185,0.7418301589046882,0.6025738232577873,-0.019737066799737787,0.24968453842085722,1.0259445013589417,-0.04075919850328504,0.23118174327722452,0.5591104470736143,-0.10088754714226093,0.19321062272747624,1.9247915638203652,-0.289599675611155,0.6999202483142448,0.9946754633985608,-0.1735448081367063,0.2348942217349217,1.1917669741523187,-0.06042518110218031,0.8171670490148052,1.7712075386615778,-0.2008234586640699,1.0138360250075131,1.0656370232436831,-0.025293684157462692,0.2980414854967042,0.9209964401674586,-0.013241399458874726,0.1894922172589018,0.4897598555151201,-0.09421889244621953,0.03708205657042812,1.9492726349672733,-0.2343858649695157,0.8699445817249499,2.0796576896250643,-0.5161393201903792,0.641579377138062,2.1520259664548154,-0.4669308755176747,0.6636049544179676,1.6921618375557148,-0.13883818725481728,-0.03151142415868131,1.2607412685621653,-0.3151136038713897,0.7496388473652846,1.4172140257248027,-0.2649852190388749,1.046098586344561,1.6988405451079869,-0.3500232175485977,1.1974749419073396,1.4220545339268564,-0.5281880582799975,0.7160871532184399,1.8145431315662055,-0.3680088512155394,1.1712457738964763,1.7762719499354331,-0.44444589208293434,0.7969149550460032,1.6017419462961866,-0.5120664108667942,0.7146286394027684,1.6197939369062715,-0.0584539756894309,0.012735276248626755,1.4890381287265297,-0.26288860454069857,0.3437035866328423,1.717713716803797,-0.0227294136085455,-0.0010429722432737936,1.408157502183851,-0.4283278515402055,0.6970853004234516,1.4966302312762532,-0.13197841653168596,0.39745666886007547,1.1677796280147223,-0.1531334773495497,0.8334187648154252,1.55104140493254,-0.3963272737351474,1.0484867980148618,1.4057400621325764,-0.3010425188683516,0.4334747587016087,1.5655743523149301,-0.23616317699089745,0.19554058704155172,1.8599439962020774,-0.08458103932785672,-0.00603210251309619,1.463553372992585,-0.4923606528746371,0.8994756453479362,1.6667695542834453,-0.47702906838316,0.7828556097895893,1.6903422798541998,-0.43529175725204267,0.7075212994553396,1.5572926109989746,-0.26563799815462125,0.7671042576136179,1.3184737618395825,-0.1133652895392961,0.9222220182418823,-15.976738929748535,-15.979715347290039,-21.593080520629883,10.387231826782227,0.7813261151313782,-8.055466651916504,-0.23461449146270752,-0.011820722371339798,-1.152699589729309,-0.2042991667985916,-0.038712576031684875,-0.16842307150363922,-597.3905029296875,69.82510375976562,-1328.9976806640625,-327.7268371582031,34.491943359375,131.2777862548828
1.6262404172625762,-0.23764758744579276,1.0817524701948988,1.668524221079239,-0.3001293365331674,0.9210415285154684,0.5452936367680695,0.009031904007875714,0.1898615256642662,1.3158398560735562,-0.031021483782185486,0.6628072660490376,1.7298186413499692,-0.18109110774879422,1.173473998213446,1.990328613101252,-0.28065447257646636,0.7513179230374218,1.8447867491782106,-0.20496423952034762,1.1493160391090722,2.1522643297713326,-0.575398450359603,0.6308524485258078,2.0622366351007626,-0.4218982191670017,0.73631889526023,0.6017893164955228,-0.022617428076286864,0.25355819304356497,1.0261687198222078,-0.03978062668408191,0.23326703548332706,0.5595207406787682,-0.10322855878004561,0.1955146538895486,1.9202854153731013,-0.29701540772093815,0.6952600389324278,0.9957951275718133,-0.1726650323299383,0.23690545877182712,1.1936066604607942,-0.059065426490115466,0.8185455442856479,1.77386364676305,-0.20124324842892732,1.010807449257137,1.0661111667456216,-0.024145441626303485,0.299853769309868,0.920885917761468,-0.012641291443986336,0.1921770865751417,0.49117016664009217,-0.09515542950209793,0.03917787761260926,1.948620687652108,-0.23774363265823042,0.8635513603884655,2.073047053340255,-0.5252380594117748,0.6377538777147699,2.1459038344440082,-0.47574993671960353,0.657298175408351,1.6921632260281518,-0.1387430074692562,-0.03135688345731292,1.261806107909474,-0.3139069816529357,0.750680261199048,1.4199792280891872,-0.2646055015803173,1.0471723515861082,1.7005161933156827,-0.3503308633700112,1.1970145641178485,1.4201036904821334,-0.5267564440207766,0.7165679812233969,1.8161290447838259,-0.368813213133654,1.1709097635667056,1.7752071502587654,-0.4457315977243398,0.7957586947063737,1.5998802031112824,-0.5119800875518495,0.7141679640834695,1.6198666928619738,-0.05820762472757639,0.012585171840665559,1.4895372647323355,-0.26204428436937716,0.34447889972404133,1.717790915871298,-0.02265897590592997,-0.0012835496547015054,1.4066952820250531,-0.4268867956684126,0.6980870634514764,1.49728971601322,-0.13102038542659872,0.39793848863105896,1.1693954925663423,-0.15169909110428487,0.8348663068370313,1.5520107173761784,-0.39672058830592805,1.048539797991317,1.4065552938063413,-0.29998434418874076,0.43439843999036887,1.565834750402842,-0.23557904167779237,0.1960229423661895,1.8599462970992586,-0.08450201293145189,-0.0060041771711325225,1.4628441809423711,-0.49183059360412573,0.899805328210458,1.6653946492056184,-0.4775616665746992,0.7821493136961729,1.6891897287195092,-0.4363548907617859,0.706808596553392,1.5573362883747808,-0.26732108460751586,0.7672820812621653,1.320432896448287,-0.11237501116185793,0.9231924414634705,-15.992681503295898,-16.513427734375,-21.610401153564453,10.332205772399902,0.8264806866645813,-7.757771968841553,-0.24097050726413727,0.045793741941452026,-1.2351737022399902,-0.23205995559692383,-0.05285231024026871,-0.16177624464035034,-590.5176391601562,68.57978057861328,-1325.8406982421875,-326.76171875,34.04325866699219,131.87977600097656
1.6287203585075225,-0.2377262429291049,1.0806523040430436,1.6693907131422434,-0.30198749860390905,0.9210203526825305,0.5445264593654912,0.006465255439324877,0.19385995118823235,1.31721092454645,-0.02959798472557253,0.6642801816889781,1.7320415207881799,-0.18167796997439775,1.1721781934333955,1.9874301643561056,-0.28645527777292823,0.7447646228682921,1.8468706307821714,-0.20606980023794605,1.1480705477544015,2.144983031102364,-0.585404566186942,0.6284756159150839,2.0581416152170955,-0.4287030262662869,0.7308565693975289,0.6009967524484294,-0.025511907647974178,0.2574219301046911,1.0263882299132694,-0.03877748598326131,0.2353534135992162,0.559932874527988,-0.10557949246949686,0.19784248319287942,1.9157311442672027,-0.30433632305126257,0.6906733370774633,0.9969087847021241,-0.17176591047388048,0.2389346326621161,1.1954486235877535,-0.057714595403892434,0.8199124620450252,1.7765071992053099,-0.20164127647876737,1.0077516843151575,1.066576109027231,-0.022982912767209866,0.30167789313177384,0.9207551664863991,-0.012022256468799007,0.1948795231762309,0.4925972886432874,-0.09613677173458177,0.04130663394631908,1.9479169316639176,-0.24107898584264764,0.8571851486401848,2.066331020254174,-0.5343076255147813,0.6340333578602371,2.1396837992383952,-0.4845317661367497,0.6510206303059666,1.6921577398350696,-0.13864651036183567,-0.03120587282622888,1.2628766835130603,-0.3127126691751923,0.7517100975213461,1.4227330629399277,-0.26417702318027325,1.048202315703133,1.7021626352474388,-0.35064775047712765,1.196539757267529,1.4181334222389375,-0.5253356446493541,0.7170694967768839,1.8176715768725666,-0.36963893265913644,1.170560932317317,1.7741281536241242,-0.4470479326532375,0.7946011688535578,1.5979932712403355,-0.5118973231473506,0.7137163048548415,1.6199309770634631,-0.05796578232914409,0.012442067561560128,1.4900469116817245,-0.26120682642949344,0.3452317513377461,1.7178779406263338,-0.02257411069674604,-0.0015235539164936687,1.4052358194692247,-0.4254357939129635,0.6991022939713585,1.4979646245375373,-0.13006794965819815,0.39842710708150797,1.1710289306198522,-0.15027912493967863,0.8363188142018602,1.5530035274707716,-0.39712764253679483,1.0485820936051427,1.4073734488708294,-0.2989361678922414,0.4353202699825463,1.5660933579830145,-0.2350041248545742,0.1965138965489848,1.859947277220669,-0.08442688323804086,-0.005977393325344223,1.4621279208075921,-0.49129033838676306,0.9001561655903494,1.6640057074313133,-0.47810295066296654,0.7814588033600359,1.6880112649589185,-0.43736919148868275,0.7060936914374497,1.5573875588297055,-0.2689954147038869,0.7674495846230462,1.3224020280585382,-0.1113881676994413,0.9241541912224118,-16.057830810546875,-16.651540756225586,-21.77099609375,10.21958065032959,0.8220181465148926,-7.633981704711914,-0.35923799872398376,0.16033180058002472,-1.2441517114639282,-0.24174050986766815,-0.06305724382400513,-0.15922635793685913,-585.0827026367188,68.19142150878906,-1322.7242431640625,-325.8255310058594,33.676429748535156,132.46340942382812
1.6312060018643635,-0.23791077587482154,1.0794650014267853,1.6703998945801461,-0.3038393439638691,0.9207864744181665,0.5437293373393698,0.0037833251984599418,0.19792039998319708,1.3187727576849475,-0.028336820334492314,0.6656669681238021,1.7343515025464111,-0.18241575463915494,1.1708007494345407,1.9842746425543405,-0.29191094301394205,0.7385954811478301,1.8490080849224366,-0.20734981314235948,1.1469287870340792,2.1375429610542915,-0.5943548181988533,0.6263795184181229,2.053574651677088,-0.43531875031081163,0.7256966091149697,0.6001544058915007,-0.028493618114622796,0.26122439080318816,1.0265786489903532,-0.03762254469244702,0.23744650108628687,0.5603563784566146,-0.1079917302638881,0.20031735101184273,1.910879543877596,-0.3110714061370739,0.6865408067276941,0.9979853268885454,-0.17074725767042478,0.24107463068223917,1.1973046542003452,-0.05641889895947779,0.821207847322849,1.7790731756102955,-0.20190484821796414,1.0045279290107707,1.066984200911806,-0.021732114810521414,0.30357517129340683,0.9204994296988115,-0.011286279917478862,0.19769050050156756,0.4941282778583613,-0.09739494595109215,0.04363888333125982,1.9468930720888227,-0.2442758494112266,0.8509858175618767,2.058963785503085,-0.5431969434220257,0.6309614617698244,2.132858862150585,-0.493083556312203,0.6449237089875527,1.6921097780300292,-0.1385418740872121,-0.03107667298654454,1.2639827009857885,-0.31159441330969745,0.7526684013620906,1.425416662795654,-0.26344727182033056,1.0489616514436455,1.7036286241171374,-0.3510217355280522,1.1959757994342324,1.4160431364908916,-0.523981665834686,0.7176988318266457,1.8189460755578728,-0.3705966116872843,1.170132886100289,1.7729614400705755,-0.44855351282271305,0.7934358239371258,1.595950709273484,-0.511836547725248,0.7133203521864304,1.619942917926422,-0.05775179641185615,0.012342214078599268,1.490621501246825,-0.2604117672767072,0.3458458231083604,1.718025674093638,-0.02240010410769296,-0.0017600169323233323,1.4037933949603152,-0.42392334080492444,0.7002007343516443,1.4987348300337,-0.12915008507718326,0.39895773165865445,1.17277094781004,-0.14894825427342742,0.8378020002944578,1.5541415194801935,-0.3976195882389087,1.048558251549866,1.4082096663137145,-0.29794976731996675,0.43623066160655166,1.5663409027832234,-0.23448616512958584,0.19705797939111058,1.8599400968346376,-0.08437582960241284,-0.005957662295210887,1.4613679900074639,-0.49068708678349765,0.9006377076668455,1.6625300389251965,-0.4786979011845904,0.7808658264528048,1.686672698188302,-0.43808177537870713,0.7053651797850401,1.5574857436663267,-0.2706156430260233,0.7675533233494158,1.3244329268569186,-0.11042254710483643,0.9250623513728576,-16.120868682861328,-16.139142990112305,-21.80842399597168,10.151331901550293,0.7743782997131348,-7.714395046234131,-0.5063685774803162,0.1716718226671219,-1.2373440265655518,-0.24270033836364746,-0.07546524703502655,-0.15882205963134766,-581.1048583984375,69.04878997802734,-1319.2664794921875,-324.62408447265625,33.34196090698242,131.72935485839844
1.633691645221205,-0.23809530882053817,1.078277698810527,1.6714090760180491,-0.3056911893238295,0.9205525961538025,0.5429322153132483,0.0011013949575945483,0.2019808487781625,1.3203345908234452,-0.027075655943411887,0.6670537545586264,1.7366614843046428,-0.1831535393039122,1.169423305435686,1.9811191207525747,-0.2973666082549568,0.732426339427367,1.851145539062702,-0.2086298260467731,1.1457870263137564,2.130102891006217,-0.6033050702107662,0.6242834209211615,2.04900768813708,-0.4419344743553375,0.7205366488324096,0.5993120593345718,-0.03147532858127192,0.2650268515016858,1.026769068067437,-0.03646760340163252,0.2395395885733579,0.5607798823852412,-0.11040396805827976,0.20279221883080648,1.9060279434879885,-0.3178064892228864,0.6824082763779243,0.9990618690749667,-0.1697286048669689,0.2432146287023626,1.1991606848129372,-0.05512320251506293,0.8225032326006732,1.781639152015282,-0.20216841995716095,1.0013041737063832,1.0673922927963813,-0.020481316853832747,0.30547244945504015,0.9202436929112239,-0.01055030336615859,0.20050147782690472,0.4956592670734355,-0.09865312016760275,0.04597113271620096,1.9458692125137278,-0.2474727129798061,0.8447864864835677,2.0515965507519955,-0.5520862613292717,0.6278895656794112,2.1260339250627736,-0.5016353464876577,0.6388267876691377,1.6920618162249887,-0.13843723781258854,-0.030947473146860176,1.2650887184585167,-0.31047615744420237,0.7536267052028353,1.4281002626513803,-0.26271752046038777,1.0497209871841582,1.7050946129868363,-0.35139572057897683,1.195411841600936,1.4139528507428454,-0.5226276870200176,0.7183281668764077,1.8202205742431792,-0.37155429071543233,1.1697048398832612,1.7717947265170269,-0.4500590929921889,0.7922704790206935,1.5939081473066317,-0.5117757723031454,0.7129243995180193,1.6199548587893808,-0.05753781049456818,0.01224236059563839,1.4911960908119253,-0.2596167081239208,0.34645989487897483,1.7181734075609423,-0.022226097518639854,-0.0019964799481530368,1.4023509704514054,-0.4224108876968851,0.7012991747319304,1.499505035529863,-0.12823222049616823,0.399488356235801,1.1745129650002284,-0.147617383607176,0.8392851863870557,1.5552795114896154,-0.3981115339410226,1.0485344094945894,1.4090458837565996,-0.29696336674769197,0.4371410532305572,1.5665884475834322,-0.23396820540459742,0.19760206223323645,1.8599329164486058,-0.08432477596678481,-0.005937931265077548,1.4606080592073352,-0.4900838351802321,0.9011192497433416,1.6610543704190792,-0.4792928517062143,0.7802728495455735,1.685334131417685,-0.4387943592687316,0.7046366681326304,1.557583928502948,-0.27223587134815996,0.7676570620757854,1.3264638256552992,-0.1094569265102314,0.9259705115233036,-15.96649169921875,-15.403599739074707,-21.652259826660156,10.199445724487305,0.7810262441635132,-7.812722682952881,-0.4876120984554291,0.06216268986463547,-1.2354940176010132,-0.23324309289455414,-0.07380345463752747,-0.1472131460905075,-579.3876953125,70.43131256103516,-1316.0565185546875,-323.4864807128906,33.1107292175293,129.59596252441406
1.636067055116426,-0.23827919430586675,1.0771358409859488,1.672388703420462,-0.30743309031456506,0.9203264687629725,0.5421602616444329,-0.0014720786428802442,0.20586408593303301,1.3218442860818067,-0.025883102286853785,0.6683640474120512,1.7388630231089939,-0.18386287367995208,1.1681012605989216,1.9780813301635896,-0.3025758029115908,0.726566606503449,1.8531874674834952,-0.20986358083735232,1.1447001638396688,2.1229774813778355,-0.6117930275122847,0.6222877250799281,2.0446099595518303,-0.44823683156872396,0.7156406099235777,0.5985103775531251,-0.03432628776976788,0.2686570491024988,1.0269490212004706,-0.035361362189449276,0.2415424432630175,0.5611888038006839,-0.11271316872675281,0.2051590953194936,1.9013931917038978,-0.3241788919102274,0.678503566822469,1.0000937658035203,-0.1687412233344767,0.24525698876341437,1.2009390574812098,-0.05388434753068636,0.8237430322051837,1.7840848446681798,-0.2024143204241004,0.9982183514446614,1.0677833322262922,-0.019278047951740207,0.30728667816578936,0.9199934635336036,-0.00986557726791464,0.2031911802262264,0.4970976028418698,-0.09984631187572379,0.048196686690808815,1.9448769532686827,-0.2505445254362181,0.8388947097473589,2.044535098486389,-0.5605207103372406,0.6250033814780761,2.119461726668655,-0.5097739623477123,0.6330177863899449,1.692016284394738,-0.13833868580050027,-0.03082485323993872,1.2661217780697425,-0.30943295236257534,0.7545572481802757,1.4306429985737958,-0.26199114362135634,1.0504203515731736,1.7064855710560123,-0.3517495970556278,1.1948586534585384,1.41194314317198,-0.5213271729796138,0.7189412514697636,1.8214371745160083,-0.37247576258632514,1.1692971926651254,1.7706692212859527,-0.45150129265145744,0.7911516180298976,1.591938910894836,-0.5117196117015864,0.7125527172885984,1.6199629841656085,-0.0573379159997532,0.012157676178678278,1.491745474717475,-0.2588569235722751,0.3470588472505279,1.7183113518534907,-0.022061326898733125,-0.0022210967692312075,1.400965916794657,-0.4209651922844104,0.7023584557487474,1.5002479357829945,-0.12735842118989557,0.3999981115393291,1.1761770844459534,-0.1463586461563774,0.8407067838094092,1.5563766415545481,-0.39858468064409214,1.04851102039514,1.4098465415026178,-0.2960239696680316,0.4380097409451244,1.5668159291049502,-0.23347120021550075,0.19812187197192613,1.8599248674531645,-0.08427655796785623,-0.00591950514739293,1.4598744904363392,-0.48950255459902303,0.9015945436938708,1.659630008485933,-0.47987662088002586,0.7797034609791459,1.684035941662378,-0.43948770719056096,0.7039477794573007,1.5576863817821276,-0.27375293898069303,0.7677498579222635,1.3284069576010797,-0.10853259250620348,0.9268374553579368,-15.526019096374512,-15.033804893493652,-21.522192001342773,10.240968704223633,0.8477634787559509,-7.781048774719238,-0.3405030071735382,-0.010876051150262356,-1.231595754623413,-0.2264033854007721,-0.06089560687541962,-0.14972451329231262,-577.6026000976562,71.49143981933594,-1312.15576171875,-322.2738037109375,32.817474365234375,126.86920166015625
1.637732071592318,-0.23845890726869468,1.0762868495966427,1.6731778714830512,-0.30846646092585367,0.920150291446029,0.5415505040560338,-0.0033466094497293,0.20860529251840698,1.3230179816681815,-0.025132706697216185,0.6691813816297921,1.740365707321672,-0.18438886175092475,1.1671362325845176,1.9758022518347433,-0.30619663157999866,0.7227008413794819,1.8546137857121345,-0.21079922778322197,1.1439670900635373,2.1178798833430212,-0.6173017522357152,0.6209390621311619,2.0413028562305784,-0.45251971364810717,0.7124453976454328,0.5979707576581185,-0.03633462761016847,0.27117710674045864,1.0270615271385142,-0.034568965928444106,0.2429637977026944,0.5615037490200523,-0.11435835236153047,0.20683002767973369,1.8981559087109097,-0.3282140209185362,0.6760670357192592,1.0008379473591482,-0.16795536777041614,0.2466701264215619,1.2022169678416472,-0.05301180417766645,0.8246246130261199,1.7857553753631792,-0.20254633935871502,0.9960214310134486,1.0680644780594781,-0.018381077401488137,0.3085656993041763,0.9197787263535506,-0.009511131867273006,0.20509933310233971,0.4979388386208489,-0.10062072741866893,0.04973464802104888,1.9440883405950686,-0.25281045294755317,0.8349849498824573,2.039444244460555,-0.56602378199432,0.6233140072285737,2.1145182887449967,-0.5152498992863074,0.6290642698079549,1.6919864124020203,-0.13827934348030596,-0.03074463734415589,1.2666846647957302,-0.30887340788809675,0.7553088878164227,1.432277944703765,-0.26128651369486433,1.0507332339192068,1.7073929972995985,-0.35197388494251575,1.1943748699908225,1.410452717187389,-0.5203712097066918,0.7194496108996157,1.8222806516862073,-0.37316389944379685,1.1690210056620718,1.7698092807997143,-0.4525350401338361,0.7903323201154242,1.5904422169489578,-0.5116931910546411,0.712337444554891,1.619946520849569,-0.05722883289420843,0.012170747964834139,1.4921324221503656,-0.2583244642279796,0.3475603634947972,1.7183862103531693,-0.021956076968880692,-0.0023693714463552716,1.39995058640739,-0.41994971313223944,0.7031653764232104,1.5008148689143705,-0.12676859809862864,0.4003733759684278,1.177339196205139,-0.14556476720516265,0.8417314764679661,1.5572104390883288,-0.3989366782422097,1.0484905503443536,1.4104180367577155,-0.29538748398521886,0.43860967013220115,1.5669141139415717,-0.2331092353688171,0.19848525504402761,1.8599112207526403,-0.0842466140721018,-0.005909488465488945,1.4593108102975303,-0.48906286504884433,0.9020295719437251,1.6585362889119333,-0.4803883324790474,0.779286086164563,1.6829979593390663,-0.44005708998402215,0.7035142388564862,1.5578163428022371,-0.27460519328022626,0.7677721329872181,1.3297844809412165,-0.1078743276414493,0.9274387829351108,-14.937294006347656,-15.373832702636719,-21.51237678527832,10.185124397277832,0.8557468056678772,-7.582858562469482,-0.24726176261901855,0.04615114629268646,-1.2300910949707031,-0.23219186067581177,-0.05325173959136009,-0.16341127455234528,-573.0868530273438,71.5470962524414,-1306.572265625,-320.7678527832031,32.37403106689453,124.4696273803711
1.6393970880682105,-0.23863862023152263,1.0754378582073363,1.6739670395456403,-0.3094998315371425,0.9199741141290854,0.5409407464676346,-0.005221140256578677,0.21134649910378142,1.3241916772545568,-0.024382311107578457,0.6699987158475332,1.7418683915343505,-0.18491484982189754,1.1661712045701134,1.9735231735058967,-0.3098174602484072,0.7188350762555141,1.8560401039407743,-0.21173487472909175,1.1432340162874057,2.112782285308206,-0.6228104769591465,0.6195903991823954,2.0379957529093256,-0.4568025957274911,0.7092501853672873,0.5974311377631117,-0.03834296745056941,0.27369716437841884,1.027174033076558,-0.0337765696674388,0.24438515214237158,0.5618186942394207,-0.1160035359963084,0.20850096003997406,1.894918625717921,-0.3322491499268456,0.6736305046160489,1.0015821289147762,-0.16716951220635545,0.2480832640797097,1.2034948782020847,-0.05213926082464638,0.8255061938470563,1.7874259060581787,-0.20267835829332964,0.9938245105822354,1.068345623892664,-0.017484106851235918,0.3098447204425635,0.9195639891734976,-0.009156686466631312,0.20700748597845336,0.49878007439982813,-0.10139514296161418,0.051272609351289196,1.9432997279214543,-0.25507638045888864,0.8310751900175549,2.03435339043472,-0.5715268536514004,0.6216246329790709,2.109574850821337,-0.5207258362249033,0.6251107532259644,1.6919565404093029,-0.13822000116011166,-0.030664421448373044,1.267247551521718,-0.3083138634136181,0.7560605274525699,1.4339128908337346,-0.2605818837683722,1.05104611626524,1.708300423543185,-0.3521981728294038,1.1938910865231065,1.4089622912027977,-0.5194152464337696,0.7199579703294678,1.8231241288564064,-0.3738520363012687,1.1687448186590181,1.7689493403134757,-0.453568787616215,0.7895130222009508,1.5889455230030793,-0.5116667704076956,0.7121221718211838,1.6199300575335294,-0.05711974978866364,0.012183819750990003,1.4925193695832562,-0.2577920048836841,0.3480618797390666,1.7184610688528479,-0.02185082703902824,-0.0025176461234793614,1.3989352560201227,-0.4189342339800683,0.7039722970976735,1.5013818020457463,-0.1261787750073616,0.40074864039752656,1.178501307964325,-0.14477088825394777,0.8427561691265233,1.5580442366221092,-0.3992886758403273,1.048470080293567,1.4109895320128132,-0.29475099830240603,0.439209599319278,1.567012298778193,-0.2327472705221334,0.19884863811612918,1.859897574052116,-0.08421667017634736,-0.005899471783584958,1.4587471301587212,-0.4886231754986656,0.9024646001935794,1.6574425693379333,-0.480900044078069,0.7788687113499799,1.6819599770157543,-0.44062647277748346,0.7030806982556715,1.557946303822347,-0.27545744757975965,0.7677944080521729,1.3311620042813535,-0.10721606277669503,0.9280401105122851,-14.715335845947266,-15.915009498596191,-21.44483184814453,10.067131996154785,0.7471027970314026,-7.385868549346924,-0.23395097255706787,0.1922207921743393,-1.2953879833221436,-0.23025572299957275,-0.04350309073925018,-0.16764549911022186,-566.8552856445312,70.72792053222656,-1301.7381591796875,-319.4811096191406,32.032615661621094,123.80828094482422
1.641168994224624,-0.23883116329150483,1.0745282840255082,1.6747918871064849,-0.31058767072807075,0.9197910836595573,0.5402852926427956,-0.007230948920466413,0.21426609420026355,1.3254545074424995,-0.02360609905263845,0.6708510547678991,1.7434876999318203,-0.18546465907665274,1.1651371524033958,1.9710722095918973,-0.31364870841139963,0.7147653458134231,1.857563998130773,-0.21274122319474117,1.142451531050221,2.107349937325282,-0.6285918268146891,0.6181556394952813,2.034443290817817,-0.46131689422177924,0.7058732606322562,0.5968671610813268,-0.04049699996530206,0.27637694075407554,1.0272800938183109,-0.032919677825558324,0.24590882407316297,0.5621653138012286,-0.11776020074423564,0.2102859302960483,1.891485333837421,-0.33643202197472755,0.6710438148075384,1.002366167030587,-0.16632067037141882,0.2495949366530834,1.2048643452442245,-0.05121184622757883,0.8264314388202515,1.7892061641674166,-0.20280779029754614,0.9914520714456674,1.0686427441653825,-0.01651609329420414,0.31121306220032513,0.9193284410909311,-0.008763977443639047,0.20905126187185563,0.4996448869736778,-0.10220714436461589,0.05291038591241984,1.9424540218928004,-0.25750774066179777,0.8269448848749631,2.028873587286236,-0.5773249829052296,0.6199060218618406,2.1042431411364224,-0.5265140752523937,0.6209234238065634,1.6919240718645765,-0.13815777684679095,-0.030579320259935025,1.267864545054783,-0.3076999966079826,0.7568386021434076,1.4356228136858402,-0.25979412825691783,1.0513470729455252,1.7092469058289432,-0.35244100091867886,1.1933610782718027,1.4073696914098122,-0.5184012481708401,0.7205179734340567,1.8240187057596169,-0.37458963850081356,1.1684357488392205,1.76800258467529,-0.4546670383767576,0.7886427040921142,1.5873313119869359,-0.511634497255679,0.7118868399534795,1.6199123985719996,-0.05700614067744341,0.012199139185496512,1.4929350381655409,-0.2572321573037975,0.3485864416652957,1.7185327612011638,-0.021738308062468546,-0.0026610155431060255,1.3978823577331392,-0.41784874927129184,0.7048302687556538,1.501996037581109,-0.1255606560418938,0.4011460268339574,1.1797532727386777,-0.14392851766766307,0.8438394253222358,1.5589402179844332,-0.39965720079987255,1.0484460951476697,1.4115937202182036,-0.29407597871016194,0.4398484203397043,1.5671377320163298,-0.23236360509466653,0.19922895073298585,1.8598834347251236,-0.08418663936537622,-0.005888268436360735,1.4581435626705752,-0.4881549623628326,0.9029362367478427,1.6562662270684907,-0.48143672696407264,0.7784214915818727,1.6808035642106014,-0.44121814948438803,0.7026169432314816,1.5580738171046933,-0.2763594007057859,0.767820221304104,1.3326305865451988,-0.1065285472532377,0.9286795909831066,-14.871722221374512,-16.10554313659668,-21.137195587158203,9.929490089416504,0.6509861946105957,-7.2872748374938965,-0.2393772304058075,0.1797233670949936,-1.4144366979599,-0.20121696591377258,-0.030094705522060394,-0.1665259301662445,-558.269287109375,69.70365142822266,-1295.64453125,-317.76129150390625,31.664880752563477,124.021728515625
1.6436603501537774,-0.2391100627746408,1.073210941047858,1.675856885136358,-0.3120421253588814,0.9195619262014794,0.539322267995765,-0.010151281622114823,0.2183863811984358,1.3273172820640713,-0.02265612232739374,0.6719390022636248,1.7458919788038492,-0.18617480322225197,1.1636385145961055,1.967464323470135,-0.3188962416340968,0.7093227718839588,1.8597446535991515,-0.21422344727429318,1.1413364686713314,2.0996644646916174,-0.6362081535209876,0.6161413825308252,2.029239375464964,-0.46738880320100534,0.701273271283567,0.5961392444885331,-0.04363165624957773,0.2801317470950003,1.0273427734311842,-0.031628681112401656,0.2481211714249176,0.5627251260525343,-0.1202672191383623,0.2128384633125451,1.8867327513678978,-0.3416093183274296,0.6674464414056567,1.003418470455321,-0.1650478824825083,0.251769825002018,1.2068500591824385,-0.04991510594942132,0.8276505771259597,1.7917249721801831,-0.2029198102702368,0.9878982564076686,1.0690473847041857,-0.015069905653077977,0.3131826004346473,0.9189528196260629,-0.008113724808671284,0.21200788499701073,0.500668389513003,-0.10327212751799851,0.05521999575839115,1.9412240336667623,-0.26105259013491716,0.8213301403633022,2.020775857350685,-0.5851090767525672,0.6179906241349039,2.096298063827667,-0.5344043475705259,0.6151623541353559,1.691874126527483,-0.13807615450281183,-0.030461337294010148,1.2688457190200981,-0.30672049872725227,0.7577946050869707,1.4378373875523243,-0.25844687361590923,1.051567760721737,1.7104562653216304,-0.35280861883171344,1.1925199416694263,1.4050893832910931,-0.51699662978286,0.7214255781955276,1.8252572231734825,-0.3756601805027746,1.16790535236826,1.7664714962836134,-0.45619944581724936,0.7874289808289106,1.5849261206901628,-0.5115628322426057,0.711516494683872,1.6198866919965933,-0.0568620680664845,0.01222958702236315,1.4935440221764393,-0.2564879658305093,0.3492661187585615,1.718583142915309,-0.021576862809994577,-0.0027713688065001746,1.3965765985826784,-0.41629207331613216,0.7060318528026933,1.5029286546817677,-0.12475208407699676,0.4016923113966619,1.1816100174228086,-0.14275976107609994,0.8453168591718798,1.560254744346568,-0.4001369676151812,1.0483984507077577,1.4124179571274889,-0.2931415962659761,0.4407490133153681,1.567446567956975,-0.23183387806577405,0.1997232122087715,1.8598659796430574,-0.08415602354813885,-0.005869077918711829,1.4572715226388135,-0.4874947635543268,0.9036542753510127,1.654533770502798,-0.4821414858201481,0.7777733923188899,1.6788500231622863,-0.4419598813779306,0.701949821896111,1.5581848552290178,-0.27759586516397666,0.7678698492760689,1.3347120654109297,-0.10564415229620137,0.9295758697765552,-15.038251876831055,-15.636651992797852,-20.805273056030273,9.86060905456543,0.6823744773864746,-7.335974216461182,-0.2421705424785614,0.03443335369229317,-1.325770378112793,-0.18942326307296753,-0.01701083779335022,-0.16882556676864624,-551.0927734375,69.49503326416016,-1289.371826171875,-315.99102783203125,31.297836303710938,123.79742431640625
1.6461517060829312,-0.23938896225777678,1.071893598070208,1.676921883166231,-0.31349657998969205,0.9193327687434014,0.5383592433487344,-0.013071614323763232,0.22250666819660808,1.3291800566856433,-0.021706145602149028,0.6730269497593505,1.7482962576758778,-0.18688494736785122,1.1621398767888154,1.9638564373483727,-0.32414377485679396,0.7038801979544944,1.86192530906753,-0.2157056713538452,1.1402214062924418,2.091978992057953,-0.6438244802272861,0.6141271255663692,2.0240354601121116,-0.4734607121802315,0.6966732819348778,0.5954113278957394,-0.0467663125338534,0.28388655343592506,1.0274054530440577,-0.030337684399244988,0.25033351877667226,0.56328493830384,-0.12277423753248898,0.21539099632904193,1.8819801688983748,-0.34678661468013156,0.663849068003775,1.0044707738800553,-0.16377509459359774,0.25394471335095253,1.2088357731206525,-0.04861836567126381,0.828869715431668,1.7942437801929496,-0.20303183024292748,0.9843444413696698,1.0694520252429887,-0.013623718011951814,0.31515213866896946,0.9185771981611948,-0.0074634721737035226,0.21496450812216583,0.5016918920523282,-0.10433711067138113,0.05752960560436247,1.9399940454407245,-0.26459743960803656,0.8157153958516413,2.012678127415134,-0.5928931705999048,0.6160752264079672,2.0883529865189114,-0.5422946198886582,0.6094012844641485,1.6918241811903896,-0.1379945321588327,-0.030343354328085274,1.2698268929854133,-0.3057410008465219,0.7587506080305338,1.4400519614188083,-0.2570996189749006,1.051788448497949,1.7116656248143176,-0.353176236744748,1.19167880506705,1.402809075172374,-0.5155920113948799,0.7223331829569986,1.826495740587348,-0.3767307225047356,1.1673749558972997,1.7649404078919368,-0.45773185325774113,0.786215257565707,1.5825209293933897,-0.5114911672295324,0.7111461494142647,1.619860985421187,-0.05671799545552559,0.012260034859229788,1.4941530061873378,-0.25574377435722107,0.34994579585182733,1.718633524629454,-0.021415417557520605,-0.0028817220698943236,1.3952708394322175,-0.4147353973609724,0.7072334368497328,1.5038612717824265,-0.12394351211209972,0.40223859595936645,1.1834667621069395,-0.1415910044845368,0.846794293021524,1.5615692707087028,-0.4006167344304899,1.0483508062678457,1.413242194036774,-0.2922072138217902,0.44164960629103184,1.5677554038976202,-0.23130415103688154,0.20021747368455717,1.8598485245609915,-0.08412540773090148,-0.005849887401062924,1.456399482607052,-0.486834564745821,0.9043723139541827,1.6528013139371054,-0.48284624467622356,0.777125293055907,1.6768964821139711,-0.44270161327147317,0.7012827005607404,1.5582958933533422,-0.2788323296221674,0.7679194772480339,1.3367935442766603,-0.10475975733916504,0.9304721485700037,-14.919958114624023,-14.79007339477539,-20.645503997802734,9.815366744995117,0.7481074333190918,-7.382727146148682,-0.24339357018470764,-0.02188587747514248,-0.9552438259124756,-0.20592647790908813,0.004166150465607643,-0.16942155361175537,-545.9542236328125,70.4046859741211,-1282.4427490234375,-314.065673828125,30.966989517211914,122.26451110839844
1.648636874576278,-0.2396796593158845,1.0705749574086525,1.6779826378190754,-0.31492276435458894,0.9190777439550059,0.5373982466411906,-0.01600285920789396,0.22663316113368553,1.3310654593619289,-0.02077153515971163,0.6740993521860893,1.7506997174774575,-0.18760696433435212,1.1606278427389285,1.9602344740700248,-0.32936513359775593,0.6984802181554948,1.864110814814536,-0.21720994434115898,1.139105623526289,2.0842537994416346,-0.6513525126193531,0.6120720951762421,2.01879973916818,-0.4794892116591629,0.6921065167480748,0.5947039201362244,-0.049908373449367716,0.28764521582237135,1.027465029070709,-0.029039750489350813,0.2525463194543162,0.5638530226732721,-0.12528767989368622,0.2179599600961271,1.8772469579384028,-0.35188588347063937,0.6602815931403875,1.0055063949120755,-0.1624854836884319,0.2561302082921495,1.210817214076882,-0.04733090963066614,0.8300974589112579,1.7967407446823371,-0.2031739381024774,0.9807790162547536,1.069859715092261,-0.012166090079102186,0.31712208520497703,0.9181880373631092,-0.006799058173783143,0.217929765409389,0.5027091775508906,-0.10542554896793616,0.05985573516998261,1.9387479915918893,-0.26815192426079937,0.8101388639369549,2.004566956829551,-0.600584808169611,0.614245367267274,2.080325094279864,-0.5501405439826824,0.6036665237305181,1.691773041786737,-0.13791342605127405,-0.030225182861854504,1.2708159616056656,-0.3047653429752944,0.7596972582750763,1.4422466358206918,-0.25574237019415724,1.0519796744087675,1.7128726603179578,-0.35355486523434027,1.1908347721131431,1.4005065929416,-0.514178669413194,0.7232744115472629,1.8277092862208157,-0.37782018207358997,1.1668563323305143,1.7633901601595594,-0.4592647195750514,0.7849921149923312,1.5800935541162429,-0.5114154142654495,0.7107918031563033,1.6198283216811173,-0.05657512600848217,0.01228537996583279,1.4947591974640524,-0.25500675715160687,0.35063090668806174,1.718676746878403,-0.021262045669067184,-0.002986042668182549,1.393961882946507,-0.41318521475949826,0.7084685189045028,1.5047984480463117,-0.12314432584341395,0.4027897924776898,1.1853275083942918,-0.14042329763537215,0.8482756026533266,1.562888366102383,-0.401085446261807,1.0482984891790428,1.414069539466441,-0.29128332263389173,0.4425454834439107,1.5680539619843692,-0.23078456308865392,0.20070813445756766,1.8598285678601423,-0.08409543551307246,-0.005829402514647027,1.4555298997866397,-0.48615992241939965,0.9051108712589504,1.6510579232743245,-0.4835616045736319,0.7764963235286687,1.6749125565124663,-0.4434483076957677,0.7006184854452184,1.5584066650330626,-0.2800266760962688,0.7679494746670817,1.3388815312985551,-0.10388078193938892,0.9313581248387596,-14.422749519348145,-14.101447105407715,-20.68313217163086,9.72899055480957,0.7767738699913025,-7.279246807098389,-0.24352945387363434,-0.015458626672625542,-0.7510388493537903,-0.18786582350730896,0.02515408582985401,-0.1686713695526123,-542.6358032226562,71.66374206542969,-1276.0855712890625,-312.2770080566406,30.663774490356445,119.62818908691406
1.6510784835215435,-0.24005341130179284,1.0692471810524038,1.6790135190976376,-0.31614992604745135,0.9186406131611755,0.5364515266276354,-0.01901092585669623,0.2308033438806499,1.333110163543398,-0.019945103348239034,0.6750623173271583,1.7530974110230704,-0.18841256595999983,1.1590214991411627,1.956513407609321,-0.33440222398729474,0.6933801010349733,1.8663304665230755,-0.2188694416391138,1.1379847692338048,2.076248978147444,-0.6582589530392193,0.609730019869394,2.01334010686306,-0.4852121082560112,0.6877736496609571,0.5941408945629929,-0.05310256296879779,0.2914310247692838,1.0275027558503562,-0.027692978714426327,0.25476231154621815,0.5644793427543134,-0.1278463469830568,0.22064459634735076,1.8726501224056777,-0.3564358382232928,0.6569246039880035,1.0064245718993887,-0.1610774387488303,0.25839037364287076,1.212768573239939,-0.046108814622491494,0.8313857828149731,1.799083930767135,-0.20352786468551645,0.9771318561983428,1.0702888720872386,-0.010627922492521306,0.31909490618484687,0.9177035596591747,-0.006034948164597211,0.2209558071975674,0.5036826950824813,-0.10667911147242341,0.062298163561927376,1.937388835758563,-0.27177424057824695,0.8048313487049764,1.9963611640677552,-0.6076255535447829,0.613017699773738,2.0717141849315723,-0.5576742565789754,0.5981169779174379,1.6917134961545073,-0.13783595424811573,-0.030105684353470417,1.2718606085966753,-0.3038167187709683,0.7605780655185118,1.4443012179917845,-0.2543147626696834,1.0519634887872154,1.714063334938706,-0.3540110081828982,1.189970348844465,1.3980480049619612,-0.5127039133318214,0.7244523518922312,1.828747030520281,-0.37904282131337164,1.166420590009121,1.7617050306686504,-0.4608008163851617,0.7837026604753458,1.577510003617268,-0.5113108821262587,0.7105500899403301,1.6197466795018178,-0.05644072683540402,0.012274801851379753,1.4953457278921114,-0.2543202467904186,0.35135427107479394,1.7186695664923712,-0.02116551026331866,-0.003047893304124914,1.39263041722064,-0.4116807453679724,0.7099394269336927,1.505767720819309,-0.12241121487605656,0.4033755691635687,1.1872164259683216,-0.13926298097269432,0.8497841977915226,1.5642396274781385,-0.4014763310058227,1.0482132766420478,1.4149187688795934,-0.2904332898902578,0.4434081612043822,1.5682801639796882,-0.23033635426830776,0.20117344628304043,1.8597909997630593,-0.08406999423507823,-0.0057998052721115355,1.4546776157341257,-0.4853835977268535,0.9059938802229647,1.6492375565680448,-0.48435159580202286,0.7760020273410722,1.6727147236565092,-0.4442299383365555,0.6999747301174316,1.5585155609427699,-0.280924511962379,0.7678412729935931,1.3410153357398429,-0.1030399602227259,0.9321715713336767,-13.873104095458984,-14.24006175994873,-20.64446258544922,9.650543212890625,0.7897220849990845,-7.063171863555908,-0.24109777808189392,-0.005272574722766876,-1.0455682277679443,-0.14560693502426147,0.015640147030353546,-0.17058904469013214,-538.3998413085938,72.4552993774414,-1269.46240234375,-310.4254455566406,30.251916885375977,116.63914489746094
1.6535200924668088,-0.24042716328770114,1.0679194046961553,1.6800444003761998,-0.31737708774031376,0.9182034823673451,0.5355048066140802,-0.0220189925054985,0.23497352662761428,1.3351548677248668,-0.01911867153676644,0.6760252824682272,1.7554951045686833,-0.18921816758564755,1.157415155543397,1.952792341148617,-0.3394393143768336,0.6882799839144518,1.868550118231615,-0.22052893893706857,1.1368639149413204,2.0682441568532535,-0.6651653934590855,0.607387944562546,2.0078804745579406,-0.49093500485285946,0.6834407825738394,0.5935778689897614,-0.056296752488227866,0.2952168337161963,1.0275404826300034,-0.02634620693950184,0.2569783036381201,0.5651056628353548,-0.13040501407242736,0.2233292325985744,1.8680532868729527,-0.3609857929759462,0.6535676148356195,1.007342748886702,-0.15966939380922873,0.26065053899359203,1.2147199324029958,-0.044886719614316846,0.8326741067186885,1.8014271168519327,-0.2038817912685555,0.9734846961419319,1.070718029082216,-0.009089754905940429,0.32106772716471665,0.9172190819552403,-0.005270838155411279,0.22398184898574583,0.504656212614072,-0.10793267397691067,0.06474059195387215,1.9360296799252366,-0.27539655689569453,0.7995238334729978,1.9881553713059594,-0.6146662989199547,0.6117900322802021,2.063103275583281,-0.5652079691752684,0.5925674321043577,1.6916539505222776,-0.1377584824449574,-0.02998618584508633,1.272905255587685,-0.30286809456664215,0.7614588727619473,1.4463558001628771,-0.25288715514520954,1.0519473031656632,1.7152540095594544,-0.3544671511314562,1.189105925575787,1.3955894169823226,-0.5112291572504487,0.7256302922371995,1.8297847748197467,-0.3802654605531533,1.1659848476877277,1.7600199011777413,-0.462336913195272,0.7824132059583603,1.574926453118293,-0.5112063499870679,0.7103083767243569,1.619665037322518,-0.05630632766232587,0.012264223736926717,1.4959322583201704,-0.25363373642923037,0.3520776354615261,1.7186623861063395,-0.021068974857570134,-0.0031097439400672787,1.391298951494773,-0.41017627597644646,0.7114103349628825,1.5067369935923063,-0.12167810390869917,0.4039613458494476,1.1891053435423513,-0.13810266431001653,0.8512927929297186,1.565590888853894,-0.40186721574983847,1.0481280641050528,1.415767998292746,-0.28958325714662386,0.44427083896485375,1.5685063659750074,-0.2298881454479616,0.2016387581085132,1.8597534316659763,-0.084044552957084,-0.0057702080295760445,1.4538253316816117,-0.48460727303430745,0.9068768891869791,1.647417189861765,-0.4851415870304138,0.7755077311534756,1.670516890800552,-0.44501156897734323,0.6993309747896448,1.5586244568524772,-0.28182234782848914,0.7677330713201043,1.3431491401811306,-0.10219913850606288,0.9329850178285939,-13.43406867980957,-14.903533935546875,-20.350839614868164,9.598471641540527,0.8061618208885193,-6.787878513336182,-0.2409163862466812,0.06381445378065109,-1.3383854627609253,-0.1632605791091919,-0.01197816152125597,-0.1790516972541809,-530.7383422851562,72.18916320800781,-1261.890380859375,-308.3644104003906,29.711544036865234,114.09943389892578
1.6559547146424551,-0.2408221313692876,1.0665879667989466,1.6810640365082696,-0.3186651953798256,0.9177358868895777,0.534587814713156,-0.025059793354166252,0.23914353885003273,1.3372274953008487,-0.01830868668459504,0.6769698830629816,1.7578727614800662,-0.1900271423999837,1.1558056193471744,1.949027350406773,-0.3444697922033979,0.6832243215958804,1.87076162265626,-0.2221981490289928,1.135742440128958,2.0601973296790725,-0.6720089955835152,0.6049963010857436,2.0023848236791344,-0.49660918353409167,0.6791464256135044,0.5930447444221042,-0.05949888427723321,0.2990054728969043,1.0275661258508038,-0.024983470025934925,0.25920426312661327,0.5657331481674649,-0.13297349934941094,0.2260235088155759,1.8634566408119455,-0.36545731946332566,0.6502379119790943,1.0082726636469759,-0.15824789400921752,0.26289949590796663,1.2166849572137493,-0.043674722264539334,0.8339606637986291,1.8037555762474111,-0.20427724117080107,0.9698463820463774,1.0711364430307553,-0.007539348575033697,0.3230472175490777,0.9167202470318371,-0.004502288892322426,0.22701710561253377,0.5056466476017276,-0.10926939354629706,0.0672378245963166,1.9346458880317132,-0.2790526950990917,0.794264458267894,1.979940166536546,-0.6216020201215681,0.6106415923857531,2.054419751198876,-0.5726681643763915,0.587071262842772,1.6915895449404685,-0.13768357916778287,-0.02986896225553475,1.2739455684131344,-0.3019203099588685,0.7623320182427665,1.4484142617674063,-0.25146256614205065,1.0519232023630711,1.7164295738106532,-0.35491361562779405,1.1882333739703854,1.39312597852669,-0.5097535817038934,0.7268409282955902,1.830806987175089,-0.38149931651866986,1.1655397738841986,1.7583139676921415,-0.4638786029736727,0.7811210064698528,1.5723120045188248,-0.5111164237489764,0.7100859825184803,1.6195824004166963,-0.056170476218130413,0.012248589651079368,1.4965218155589324,-0.2529467500203493,0.3528009110333904,1.7186415305990257,-0.020971626795779002,-0.003152010860600022,1.3898998443654043,-0.4086618687932855,0.7129043419629533,1.5077128789282792,-0.12095259697429392,0.4045462343866462,1.1909955258401024,-0.13694854159623582,0.8527985625709129,1.5669594063664114,-0.4022571827402178,1.0480384226666382,1.4166148735197963,-0.28873397400047607,0.44513500881510853,1.5687231322787456,-0.22944008879708927,0.2021092466565947,1.859711249932548,-0.08402031275215528,-0.005735778610610607,1.4529835396255089,-0.4838310004464838,0.9077839231648982,1.6455721681481166,-0.4859371037277954,0.7750092500092968,1.6682497444531776,-0.44575685183733504,0.69872029885551,1.5587103935266962,-0.2827651394124063,0.767630646165633,1.3452832998818909,-0.10136368801656938,0.9337933177979577,-13.328953742980957,-15.215012550354004,-20.086862564086914,9.56118106842041,0.7908926010131836,-6.627472400665283,-0.2337280511856079,0.16840766370296478,-1.444813847541809,-0.18990996479988098,-0.01921895518898964,-0.19366590678691864,-521.8363647460938,71.30865478515625,-1255.14990234375,-306.61859130859375,29.216821670532227,113.12798309326172
1.6583378093921584,-0.2413735681564997,1.0652295250371593,1.6820007396849574,-0.32040277937587514,0.9170436143677756,0.5338900676428877,-0.02834200892683767,0.24331229345391894,1.3395060579113611,-0.017619998157271128,0.6777790451286644,1.760102648213999,-0.19086099448089563,1.1541725377373349,1.944938418091528,-0.3494515023780182,0.6784965134416987,1.8729130408621781,-0.22393899097643932,1.134616388982495,2.0518407091399697,-0.6783891652790912,0.6022390923555325,1.9966235358194013,-0.501924067587647,0.6751360808381973,0.5927321397705584,-0.06275959030435163,0.3028149850518496,1.0275026528251092,-0.023502990214881992,0.26150373216496386,0.5663692272262068,-0.1356143937600368,0.228788879780185,1.8588613921048627,-0.369350437494303,0.6471094455545313,1.0092891444828336,-0.15672716461368752,0.26506579060428176,1.2187507661762615,-0.04253719514544245,0.8352341905532293,1.805975426309156,-0.20497892555219444,0.9662733069121445,1.0714756270118106,-0.005898681504726003,0.3250758947915588,0.9161155276148525,-0.003701000131700625,0.23012032167406254,0.5067618488278609,-0.11121939646931268,0.07013923858619274,1.9330804051942385,-0.2829582697113616,0.7893601157609993,1.9716555482109654,-0.6277631880431772,0.610077456034572,2.045200690923148,-0.5795861687881264,0.5819687456484665,1.691489297230512,-0.13762761876973886,-0.029768516192373067,1.274953916767575,-0.3009787173756701,0.7631486582242889,1.4505013341935264,-0.2500602387335917,1.0518407271003092,1.717493699086423,-0.355288701539008,1.18730087588165,1.390626767810607,-0.5082719626016176,0.7282926952404691,1.8317146514425213,-0.38281589583647957,1.1650258803999187,1.7564546047457008,-0.46546154089321357,0.7798085628163737,1.5694696824282213,-0.5111342160314913,0.7100060660120667,1.6194924274027742,-0.056023914274445044,0.012195667776198973,1.4971336955266283,-0.25225625275973457,0.3535235315956027,1.7185198210722563,-0.020868285395673772,-0.003049847879986722,1.388001881885213,-0.40707417039681754,0.714568703873268,1.508737531916195,-0.12028316978291174,0.4051245728273265,1.192895035475295,-0.13584009925557294,0.8542834941717172,1.5684551878875455,-0.4026403812975283,1.0479161180802528,1.4174443866243425,-0.2878902191357897,0.4460101828275137,1.568870310357075,-0.22899315439608714,0.20261791353391492,1.8596350426310735,-0.0840049304610846,-0.00566571189047436,1.452219126042941,-0.48305511213098934,0.9088681416203643,1.6435453157551243,-0.48677337075898186,0.7744799048103245,1.6654714111066025,-0.4462340698139557,0.6983535834495596,1.55862700583919,-0.28403947941514823,0.7675708228389159,1.347420079621258,-0.10056785032745233,0.9345636621413641,-13.388306617736816,-14.854599952697754,-19.908628463745117,9.486685752868652,0.7477719187736511,-6.6105170249938965,-0.23925599455833435,0.1598261147737503,-1.5218701362609863,-0.17029407620429993,-0.009142016991972923,-0.19117367267608643,-511.0819091796875,70.73872375488281,-1247.4090576171875,-304.6457214355469,28.60921859741211,112.68911743164062
1.6607209041418616,-0.2419250049437118,1.063871083275372,1.6829374428616453,-0.32214036337192464,0.9163513418459736,0.5331923205726194,-0.03162422449950909,0.2474810480578052,1.3417846205218735,-0.016931309629947214,0.6785882071943472,1.762332534947932,-0.19169484656180757,1.1525394561274953,1.9408494857762828,-0.35443321255263854,0.673768705287517,1.875064459068096,-0.22567983292388583,1.133490337836032,2.043484088600867,-0.6847693349746672,0.5994818836253213,1.990862247959668,-0.5072389516412023,0.6711257360628903,0.5924195351190126,-0.06602029633147004,0.3066244972067949,1.0274391797994147,-0.022022510403829056,0.26380320120331446,0.5670053062849486,-0.13825528817066265,0.2315542507447941,1.85426614339778,-0.3732435555252804,0.6439809791299684,1.0103056253186913,-0.15520643521815752,0.2672320853005969,1.2208165751387738,-0.04139966802634557,0.8365077173078296,1.8081952763709008,-0.2056806099335878,0.9627002317779115,1.071814810992866,-0.00425801443441831,0.3271045720340398,0.9155108081978679,-0.002899711371078824,0.23322353773559135,0.5078770500539943,-0.11316939939232831,0.07304065257606887,1.9315149223567636,-0.28686384432363154,0.7844557732541045,1.9633709298853852,-0.6339243559647864,0.6095133196833908,2.03598163064742,-0.5865041731998614,0.5768662284541609,1.6913890495205557,-0.13757165837169483,-0.029668070129211386,1.2759622651220157,-0.30003712479247174,0.7639652982058114,1.4525884066196464,-0.24865791132513276,1.0517582518375472,1.7185578243621926,-0.3556637874502219,1.1863683777929144,1.3881275570945237,-0.5067903434993417,0.7297444621853479,1.832622315709954,-0.3841324751542892,1.164511986915639,1.75459524179926,-0.4670444788127544,0.7784961191628944,1.5666273603376177,-0.5111520083140064,0.7099261495056531,1.619402454388852,-0.055877352330759675,0.01214274590131858,1.497745575494324,-0.25156575549911986,0.354246152157815,1.718398111545487,-0.020764943995568542,-0.0029476848993734224,1.3861039194050215,-0.4054864720003496,0.7162330657835826,1.509762184904111,-0.11961374259152956,0.40570291126800684,1.1947945451104875,-0.13473165691491007,0.8557684257725215,1.5699509694086793,-0.40302357985483883,1.0477938134938676,1.4182738997288886,-0.2870464642711034,0.44688535683991887,1.5690174884354042,-0.22854621999508504,0.20312658041123519,1.8595588353295989,-0.08398954817001393,-0.005595645170338114,1.4514547124603727,-0.4822792238154949,0.9099523600758305,1.6415184633621318,-0.48760963779016825,0.7739505596113522,1.6626930777600273,-0.4467112877905763,0.6979868680436091,1.5585436181516836,-0.2853138194178902,0.7675109995121987,1.349556859360625,-0.09977201263833528,0.9353340064847705,-13.307408332824707,-13.939050674438477,-19.809101104736328,9.380146980285645,0.6857909560203552,-6.621930122375488,-0.2900956869125366,0.06510412693023682,-1.5249675512313843,-0.1565828174352646,-0.011977311223745346,-0.16548803448677063,-503.1893615722656,71.17534637451172,-1240.7467041015625,-302.8897705078125,28.12661361694336,111.80607604980469
1.663109418966912,-0.2424789724612472,1.0625117290888404,1.6838788579631323,-0.3238885072090765,0.9156321142090869,0.5325220733486264,-0.034913869198435865,0.2516485582913778,1.344082039910436,-0.016244838186940714,0.6793912660009812,1.7645777286283224,-0.19253443137107293,1.1508915759869762,1.9367299304892691,-0.35935883697689697,0.6690791304537799,1.8772188052041638,-0.22743105029822946,1.132357509325672,2.035055009734553,-0.69112246784548,0.5967029673571622,1.9850857348631559,-0.5125017559883603,0.6671387988407886,0.5921309576524014,-0.06927476036331462,0.3104386009917348,1.0273662511481354,-0.020529952313479847,0.2661056367569408,0.5676789422895733,-0.14089594823339088,0.23432570227131896,1.8496727740133052,-0.377072432726029,0.6408619161275843,1.0112982242312651,-0.15367681081622667,0.2693993105793627,1.2228927476121887,-0.04026553497976634,0.8377820929352019,1.8104044996350013,-0.20643271145639022,0.9591468781824938,1.0721533730724788,-0.0026002165611638704,0.3291397497353961,0.9148927996095444,-0.002090456872112374,0.23634061834077913,0.5089624703719915,-0.11510763867505311,0.07595871916867203,1.9299265426515746,-0.29076021751820585,0.7795821899017757,1.9551008059489028,-0.6399847735829692,0.608978217504672,2.0266993180016035,-0.5933884882571672,0.5718397875100578,1.6912921246708623,-0.13751267698525593,-0.02957146115823101,1.276975166521325,-0.29909939299158717,0.7647806739570288,1.4546812304992547,-0.24727204501234162,1.0516809469816701,1.7196204425483348,-0.3560449425747852,1.185418530015756,1.3856147689535132,-0.5053061255753437,0.731229355595759,1.8335328261978578,-0.38546971340250474,1.163997961787988,1.7527290560946562,-0.46864904142570785,0.777177229523659,1.563771878449333,-0.5111735705903034,0.7098668397262397,1.6193121363785092,-0.05573029119200661,0.012087885336642047,1.4983501197486524,-0.25088734673151125,0.35496113173022165,1.718272788635153,-0.020675896185863487,-0.0028437069815349333,1.3842195888228765,-0.4038977363449061,0.7179158759235543,1.510790060884905,-0.11895467635762226,0.4062807220003462,1.1966914990485107,-0.13361670957594535,0.8572459263319998,1.5714601967113695,-0.403396357023558,1.0476739601978404,1.4190978474964369,-0.2862114614208804,0.44775964112471256,1.5691767232307534,-0.22810121031095656,0.20362803811170402,1.859486595486963,-0.08397596037101666,-0.005517957657298082,1.4507009165965958,-0.48149659558637264,0.9110452601846478,1.6394874256178247,-0.4884464189114159,0.7734189446990853,1.659939575076893,-0.44722202716284226,0.697605463053217,1.5584566216200393,-0.28658485812264545,0.7674494852490773,1.3517067671216874,-0.09897852977676119,0.936101043855907,-12.996484756469727,-13.372279167175293,-19.803125381469727,9.327338218688965,0.6327051520347595,-6.546728610992432,-0.35199207067489624,-0.007132893428206444,-1.4423973560333252,-0.1711769998073578,-0.030422041192650795,-0.13929133117198944,-497.2732238769531,72.28926849365234,-1234.1937255859375,-301.1294860839844,27.734466552734375,109.81299591064453
1.66553988046204,-0.24305252563084986,1.0611453135281999,1.6848567392652398,-0.3257183750338901,0.9147042774206755,0.5320646510218943,-0.038261008874469926,0.2558064381807844,1.3465253943639084,-0.015575525048651465,0.6801470908897602,1.766941384763907,-0.19341838251281254,1.1491291680872835,1.9323733800294385,-0.36385040646357236,0.6646854482739178,1.8793958109735653,-0.22926256445464704,1.1311722299121074,2.026065166422863,-0.6972663592029089,0.5937560536214059,1.9791913916733093,-0.5173615086947054,0.6633330157261023,0.5920283297039816,-0.07248091677956224,0.314288240000112,1.0272201441771147,-0.0189439188442286,0.26843103055922396,0.5686432363971179,-0.1435347946471725,0.2371442120596272,1.8450939489516203,-0.3804041417623986,0.6378156274359749,1.012105997824511,-0.15207834679954105,0.27157373775709537,1.2250491246482393,-0.03915766910310616,0.8390630380996805,1.8125314807260273,-0.20757499781270686,0.9557461521483416,1.0724871221757093,-0.0008098411694515001,0.33122523533587417,0.914171944390859,-0.0012195544850870947,0.23956499845776327,0.5098174123574566,-0.11695483761117942,0.07900566242585899,1.9281609611005972,-0.29458537974104965,0.7749466556586968,1.9469428559802229,-0.6452654714615927,0.6086678145737048,2.0169274870133562,-0.600012077006283,0.5674021105892613,1.6912209158701612,-0.13743031577558706,-0.029504547944132067,1.278023304528748,-0.2981915402886094,0.7655862656650164,1.456818565627597,-0.24601357326602308,1.0516436565790745,1.720671397171273,-0.3564730681330952,1.1843344107368925,1.3829969033500218,-0.5038017950310613,0.732970619043767,1.8344653639572346,-0.3869668338077747,1.1634829178551176,1.7508100681747032,-0.47042096036159436,0.7758084535598755,1.5608145511702987,-0.511224309340218,0.7099670080949139,1.6192191483958667,-0.05557936671751225,0.012018020998760566,1.4988978919603966,-0.25030249238803687,0.35561697668587133,1.7181195012781005,-0.02069746833664692,-0.0027256830277797243,1.3824407572777857,-0.4023009732069559,0.7197414593191336,1.511842880027973,-0.11837579492504235,0.4068544487290035,1.1985686741127872,-0.13245141920664455,0.8586659170933906,1.5730734826713209,-0.40368848170665717,1.0475730777576269,1.4198787243950446,-0.2854441915521559,0.4486270396914703,1.5694292665317358,-0.22767109626176343,0.20407370305219233,1.8594450603257742,-0.08397626038023967,-0.0053812918339590805,1.450029292643465,-0.4806618062865655,0.9122053487411398,1.6374239968937754,-0.4892871786427024,0.7728697641795834,1.6573782401369108,-0.44799219298836407,0.6971103734527992,1.558341695772891,-0.28783034765167737,0.7673748846085656,1.3539582743549978,-0.09820327123269343,0.936842488137302,-12.361162185668945,-13.409287452697754,-19.7477970123291,9.281774520874023,0.6453224420547485,-6.351243019104004,-0.3213905692100525,-0.013598702847957611,-1.4223244190216064,-0.1758452206850052,-0.030781591311097145,-0.14723367989063263,-491.3011779785156,73.66024780273438,-1226.828369140625,-299.11187744140625,27.27952766418457,106.43171691894531
1.6679703419571679,-0.24362607880045242,1.0597788979675598,1.685834620567347,-0.32754824285870343,0.9137764406322644,0.5316072286951621,-0.041608148550503425,0.25996431807019027,1.3489687488173805,-0.01490621191036233,0.680902915778539,1.7693050408994913,-0.19430233365455205,1.1473667601875912,1.9280168295696085,-0.36834197595024704,0.6602917660940566,1.8815728167429664,-0.2310940786110643,1.1299869504985431,2.017075323111175,-0.7034102505603368,0.59080913988565,1.9732970484834638,-0.5222212614010497,0.6595272326114165,0.5919257017555616,-0.07568707319580929,0.3181378790084886,1.027074037206094,-0.017357885374977622,0.27075642436150665,0.5696075305046624,-0.14617364106095368,0.239962721847935,1.840515123889936,-0.38373585079876765,0.6347693387443659,1.0129137714177567,-0.1504798827828557,0.2737481649348276,1.2272055016842898,-0.03804980322644617,0.8403439832641588,1.8146584618170527,-0.2087172841690233,0.9523454261141899,1.0728208712789395,0.0009805342222605636,0.3333107209363519,0.9134510891721739,-0.000348652098061964,0.24278937857474686,0.5106723543429216,-0.11880203654730542,0.08205260568304543,1.9263953795496203,-0.2984105419638927,0.7703111214156186,1.9387849060115443,-0.6505461693402154,0.6083574116427377,2.0071556560251107,-0.6066356657553977,0.5629644336684654,1.69114970706946,-0.13734795456591822,-0.02943763473003314,1.2790714425361709,-0.29728368758563184,0.7663918573730039,1.458955900755939,-0.24475510151970475,1.051606366176479,1.7217223517942113,-0.3569011936914052,1.183250291458029,1.3803790377465308,-0.5022974644867791,0.7347118824917748,1.835397901716611,-0.38846395421304436,1.162967873922247,1.7488910802547506,-0.47219287929748055,0.7744396775960923,1.5578572238912647,-0.5112750480901327,0.7100671764635882,1.619126160413224,-0.05542844224301791,0.011948156660879098,1.499445664172141,-0.2497176380445626,0.3562728216415209,1.717966213921048,-0.020719040487430347,-0.0026076590740245352,1.3806619257326949,-0.400704210069006,0.7215670427147125,1.512895699171041,-0.11779691349246255,0.4074281754576607,1.2004458491770635,-0.13128612883734397,0.8600859078547811,1.5746867686312718,-0.4039806063897562,1.0474721953174135,1.420659601293652,-0.2846769216834315,0.4494944382582279,1.569681809832718,-0.22724098221257036,0.20451936799268056,1.8594035251645853,-0.08397656038946269,-0.005244626010620102,1.4493576686903342,-0.47982701698675856,0.9133654372976315,1.6353605681697265,-0.49012793837398877,0.7723205836600816,1.654816905196929,-0.44876235881388576,0.6966152838523815,1.5582267699257428,-0.2890758371807091,0.7673002839680539,1.3562097815883078,-0.09742801268862579,0.9375839324186969,-11.763373374938965,-13.754839897155762,-19.53969955444336,9.211050033569336,0.7165073156356812,-6.135699272155762,-0.25269821286201477,-0.012128457427024841,-1.3592383861541748,-0.19385018944740295,-0.03477967157959938,-0.16730307042598724,-485.3132019042969,74.37783813476562,-1220.9395751953125,-297.4231872558594,26.813568115234375,103.50577545166016
1.670312347001587,-0.24418997088607566,1.0584745651838796,1.6867835967746,-0.32928618492669604,0.9128863211499145,0.5311770289149506,-0.04483326262985604,0.26397483169242997,1.3513215148685782,-0.014296699932079458,0.6816190607500392,1.7715720080381985,-0.19516972309311484,1.145666092042102,1.9238187990441231,-0.3726519539656225,0.656073318609339,1.8836665331133151,-0.23286507258944147,1.1288407452848574,2.0083760938897046,-0.7092962951849623,0.5879665224362686,1.9676024617738288,-0.5268788282444931,0.6558688754672249,0.5918431297832767,-0.07877397357134602,0.3218435201029111,1.0269306092862263,-0.015819246815949435,0.27300133373563634,0.570529257224885,-0.14871968570726574,0.2426911257454099,1.8360956654643386,-0.38692965057511963,0.6318432795290918,1.013685736040406,-0.14892956407259647,0.2758379002280581,1.229284820177697,-0.03698831788011348,0.8415812321056593,1.8167036688880414,-0.20984055121608114,0.9490760278622838,1.0731385026546503,0.002707232045786704,0.33532177276958675,0.9127504049942194,0.000494605633977485,0.24590000431269182,0.5114707344809905,-0.12057227246611309,0.08500004845936539,1.9246842604599252,-0.3020931966849507,0.7658576975200354,1.9309180694700083,-0.6555969898669132,0.6080674142237531,1.9977149288385918,-0.6129789028736135,0.558731491399917,1.6910775473575719,-0.13726957068340667,-0.02937634787614772,1.280063954410174,-0.29642654254736495,0.7671734657113914,1.4610204065082877,-0.24355098368316308,1.051569045379462,1.7227307585690983,-0.3573103932947512,1.1822017466785104,1.3778506837143805,-0.5008406762453106,0.7364007568122534,1.8362939574860577,-0.38990574917256426,1.1624610191149427,1.7470269412394392,-0.4738972498881105,0.7731212304522661,1.5550034938269106,-0.5113120051409236,0.7101719778105123,1.6190367372620185,-0.05528180568867568,0.011880744908572433,1.4999823901826972,-0.2491564441299597,0.35690306581014036,1.71781926597191,-0.020740705653284952,-0.0025028524702932955,1.3789686458000285,-0.3991689239906161,0.7233293557798623,1.5139108205473186,-0.1172448380400014,0.4079813067092011,1.2022666469315029,-0.13016309756908995,0.8614549032899717,1.576244063724745,-0.40426274976193505,1.0473723679978326,1.4214120073034273,-0.28394073445275925,0.450327885170646,1.569923558772005,-0.22683091979745212,0.2049485553574088,1.859360005681878,-0.08398343346371555,-0.0051204408966128235,1.4487181586145566,-0.479023618611279,0.9144864104046726,1.6333555097611536,-0.49093704991388,0.7717958706498936,1.6523491373125294,-0.44951336855525204,0.696131045060442,1.5581301415203423,-0.2902485320702293,0.7672236707826324,1.35838050044925,-0.09668989205695941,0.9382924617126287,-11.416058540344238,-13.96352481842041,-19.25640106201172,9.16700267791748,0.749630868434906,-5.972454071044922,-0.23781192302703857,-0.015248216688632965,-1.2628406286239624,-0.22180821001529694,-0.04950221627950668,-0.17177383601665497,-475.77264404296875,74.58177185058594,-1213.87646484375,-295.50189208984375,26.219253540039062,101.10408782958984
1.6719346381970588,-0.2446752568793218,1.0576753604491025,1.6874973906191768,-0.33027618560964694,0.9123030833850633,0.5309683216723385,-0.04706553208166793,0.2667863197772708,1.352937220737634,-0.014173751937484505,0.6820123554854993,1.7730522783386786,-0.19590236049219473,1.1444677609876293,1.920910544348079,-0.3754844377372438,0.6532806443260206,1.8850825766459205,-0.23414365239194684,1.1280124619701841,2.0020414065841017,-0.7130844050290568,0.5859724974987522,1.963533166425907,-0.5298913373852407,0.653410029628419,0.5919237405259088,-0.0808905634338295,0.3243775418065241,1.0268089791007389,-0.014666230481006957,0.27459139253524756,0.5711046402028065,-0.150510661427351,0.24468639534928938,1.8329728719414464,-0.3890013704631502,0.6298954510530889,1.014166345856837,-0.14777097308280454,0.2772385515519325,1.2307371623468715,-0.036304201394171516,0.8424629517738392,1.8180835327960008,-0.21080907024689857,0.9468751602022853,1.0733249943382692,0.0039158260190723625,0.3367272044057088,0.9122138397385743,0.0011129364004514321,0.2480850830575488,0.5118089068606989,-0.12171630928946646,0.08713791914136203,1.9234162677597526,-0.3046163585505738,0.7628859896336171,1.9254198376311373,-0.6587774446665846,0.6079434434704433,1.990968182584308,-0.6170410971767855,0.5561643447110195,1.6909976506864788,-0.13722354778094797,-0.02936083913490867,1.2806038718349886,-0.2959819735083359,0.767759936633489,1.4624923459741452,-0.24278910902162262,1.051531477282379,1.7233929805802983,-0.35756560444634483,1.1814426489618441,1.376050628376323,-0.49977070946764474,0.7376633741405626,1.8368931825192558,-0.3908973961871191,1.1620207940111098,1.7456090728573452,-0.4750520225787005,0.772212276888999,1.5529926683729058,-0.5112368292761165,0.7103144747531966,1.6189763188756854,-0.055170057211934735,0.011833288284351692,1.500429240283587,-0.2487877600684466,0.35732501266610545,1.717723897750804,-0.02076312762358232,-0.002505587032666146,1.3779714448957254,-0.3981338376241015,0.7245768784292487,1.5146192191847112,-0.11691086578941504,0.4083668656696547,1.2036287383922677,-0.12938390171389708,0.8624089822074436,1.577345796768239,-0.40446368155889956,1.0472811255233967,1.4219327638086103,-0.2834574468680565,0.4508850890773022,1.5700774808593143,-0.22658400476867,0.20524367517390787,1.859300341037725,-0.08404378738525688,-0.005097803372168136,1.448339938722699,-0.4784756282110088,0.9152891259911834,1.6318253734648622,-0.4914886602601468,0.7714702341927598,1.65064266501673,-0.4501085174300813,0.6957350923920309,1.558182387754617,-0.29082894330190506,0.7671306827999899,1.3598938957350144,-0.09625393898528538,0.938733182699475,-11.359514236450195,-13.845980644226074,-19.055124282836914,9.168404579162598,0.7252062559127808,-5.9340715408325195,-0.24281086027622223,0.01230325736105442,-1.2287415266036987,-0.20910415053367615,-0.04129533842206001,-0.1658235639333725,-465.9179382324219,74.5350341796875,-1208.0166015625,-294.0408935546875,25.69021224975586,100.0855712890625
1.6735569293925303,-0.2451605428725678,1.0568761557143256,1.6882111844637535,-0.33126618629259774,0.9117198456202122,0.5307596144297265,-0.04929780153347943,0.2695978078621111,1.3545529266066898,-0.014050803942889574,0.6824056502209593,1.7745325486391585,-0.19663499789127448,1.1432694299331565,1.918002289652035,-0.3783169215088647,0.6504879700427025,1.8864986201785257,-0.23542223219445202,1.1271841786555108,1.9957067192785,-0.7168725148731507,0.5839784725612364,1.9594638710779861,-0.5329038465259879,0.6509511837896134,0.5920043512685409,-0.08300715329631263,0.3269115635101367,1.0266873489152517,-0.013513214146064677,0.2761814513348585,0.5716800231807279,-0.15230163714743597,0.24668166495316854,1.829850078418555,-0.3910730903511804,0.6279476225770864,1.0146469556732682,-0.1466123820930128,0.27863920287580674,1.2321895045160456,-0.03562008490822967,0.8433446714420192,1.81946339670396,-0.2117775892777158,0.9446742925422872,1.0735114860218882,0.005124419992357815,0.33813263604183064,0.9116772744829292,0.0017312671669252734,0.2502701618024054,0.5121470792404074,-0.12286034611281962,0.08927578982335829,1.9221482750595802,-0.30713952041619647,0.7599142817471992,1.919921605792267,-0.6619578994662555,0.6078194727171335,1.9842214363300252,-0.6211032914799568,0.5535971980221226,1.6909177540153857,-0.13717752487848928,-0.02934533039366962,1.2811437892598032,-0.29553740446930693,0.7683464075555865,1.4639642854400028,-0.2420272343600823,1.051493909185296,1.7240552025914981,-0.3578208155979384,1.1806835512451779,1.3742505730382655,-0.49870074268997905,0.7389259914688716,1.837492407552454,-0.39188904320167384,1.1615805689072767,1.7441912044752514,-0.4762067952692903,0.7713033233257319,1.5509818429189013,-0.5111616534113095,0.710456971695881,1.6189159004893523,-0.0550583087351938,0.011785831660130959,1.500876090384477,-0.24841907600693358,0.3577469595220705,1.7176285295296978,-0.020785549593879685,-0.0025083215950389964,1.3769742439914223,-0.39709875125758703,0.7258244010786347,1.5153276178221038,-0.11657689353882873,0.40875242463010825,1.2049908298530325,-0.12860470585870432,0.8633630611249152,1.5784475298117326,-0.40466461335586396,1.0471898830489608,1.4224535203137934,-0.28297415928335384,0.4514422929839582,1.5702314029466238,-0.22633708973988795,0.2055387949904069,1.859240676393572,-0.08410414130679819,-0.0050751658477234535,1.4479617188308413,-0.4779276378107387,0.9160918415776941,1.630295237168571,-0.49204027060641353,0.771144597735626,1.6489361927209312,-0.4507036663049104,0.6953391397236199,1.558234633988892,-0.29140935453358074,0.7670376948173473,1.3614072910207786,-0.09581798591361143,0.9391739036863213,-11.345120429992676,-13.443299293518066,-19.02977752685547,9.150740623474121,0.7146064639091492,-5.953140735626221,-0.24341711401939392,0.08451313525438309,-1.2457562685012817,-0.1503513902425766,-0.0042646825313568115,-0.1544533669948578,-454.7304992675781,74.6852798461914,-1201.551513671875,-292.3659973144531,25.027610778808594,99.07482147216797
1.6752680289429542,-0.24567483602375376,1.0560162560829265,1.6889454323724404,-0.3322720373209737,0.911112976883421,0.5305543762958602,-0.05164895958532326,0.2725674004744216,1.3562729295515854,-0.013897756339723153,0.6828284883341251,1.7761119848845017,-0.19740186528062179,1.1420061805390367,1.9149178315866866,-0.3812574077126202,0.6475596710151399,1.8879895458947742,-0.23678660767757317,1.1263124838175365,1.988982853510523,-0.720850582253064,0.5818995124851634,1.9551654321863168,-0.5360524549784245,0.6483885693234327,0.5921220176464674,-0.08523027059800937,0.32957400958861693,1.0265471173438017,-0.012293290892702459,0.2778610821492622,0.5723299422603568,-0.1541574011673988,0.24877774698153993,1.8265773505959295,-0.39320289294253885,0.6259052743580171,1.0151429878954854,-0.1453859932375272,0.2801087669880183,1.2337254493047067,-0.034906809335414256,0.8442698254293163,1.8209113040507232,-0.21283281893031467,0.9423638681899636,1.0737075975399144,0.006403940379008789,0.3396099926225395,0.9111166161219806,0.0023716173662081536,0.2525625155856274,0.5124833160480916,-0.12406688491931006,0.0915416502054555,1.9208024242855857,-0.30978529061505294,0.756797895032839,1.91412593414452,-0.6652488663101823,0.6076813105321088,1.9771082701272533,-0.6253163236261198,0.5509770945800064,1.690831681750468,-0.137122132377514,-0.029329073729474617,1.281690151683542,-0.29509213083232483,0.7689669975973912,1.4655179458343428,-0.24125407835999083,1.0514664417071058,1.7247570271523582,-0.3581009601915119,1.1798789945264527,1.3723578837928396,-0.49758196385293624,0.7402812965855691,1.838106184605731,-0.3929210978726676,1.1611127442871498,1.7426877730334833,-0.4774292932934317,0.770349093126935,1.5488476630867716,-0.5111089210636568,0.7106220965945957,1.6188534470583429,-0.054942745197293,0.01173529889594937,1.5013396311674685,-0.24803958828283468,0.3581985336857915,1.7175330369677764,-0.020800298958745425,-0.0024999349967064757,1.3758759747277824,-0.39600386317597336,0.7271633681082565,1.5160704339971605,-0.1162355882886625,0.40915860137007876,1.2064263404205142,-0.12779788380575113,0.8643536319993188,1.5796053902992349,-0.40487082860130347,1.0470918266978486,1.4230002889175288,-0.2824676583046156,0.45202640838773034,1.5703818932274318,-0.22607922702040897,0.20585181833004315,1.8591819028585952,-0.08416454807318598,-0.005041151316774814,1.4475641556528231,-0.4773522468394792,0.9169420263427771,1.62866395376376,-0.4926387211739621,0.7708249462164001,1.6471282541751864,-0.451332246280269,0.6949275511976899,1.558273467993894,-0.29199301727757543,0.76693331514368,1.363006535350092,-0.09536318458764766,0.9396406119035569,-11.042325973510742,-12.868606567382812,-19.040727615356445,9.084339141845703,0.7451747059822083,-5.851677417755127,-0.24305526912212372,0.0909266248345375,-1.2106261253356934,-0.13590097427368164,0.004487878177314997,-0.15324339270591736,-444.7417907714844,75.26834869384766,-1194.974365234375,-290.6011962890625,24.394304275512695,97.51472473144531
1.6777403429643998,-0.24643776195728226,1.0546361144804797,1.689855000830644,-0.333413748452995,0.9103035569585711,0.5303788733798147,-0.055019162780303076,0.2768921747507639,1.358886907432253,-0.01348671209165789,0.6835045553990547,1.7785414149429624,-0.19846213258654868,1.1401864882336548,1.910323058927296,-0.38512362904896014,0.6434688741797643,1.8901223188993947,-0.2388863747088325,1.1250686902084097,1.9789231723507508,-0.7264568570828597,0.5790925369357431,1.9489029057768006,-0.5403676289596305,0.64493650947975,0.5925573037554887,-0.08836648023582455,0.33333723602310716,1.026247445321241,-0.010499879767168416,0.28030847309046236,0.573618742211765,-0.15656849347202986,0.25173793550556073,1.8220194716327238,-0.39583054727671163,0.6230527569126609,1.0157712121672977,-0.14357847981895042,0.28216901214312246,1.2359779879746848,-0.03394359873225356,0.8455672735804753,1.8229424408729502,-0.21463128248389984,0.9391143864748493,1.0739861647814315,0.008291401451650955,0.341703848728281,0.9103494454298587,0.003200705560997434,0.2557743696976972,0.5128029622384255,-0.125809155009835,0.09490456515984823,1.9187892185931175,-0.313481989384487,0.7524414040789699,1.905780778420682,-0.6694870792477337,0.6074215075038126,1.9668543615088556,-0.6308222515693565,0.5479030761102966,1.690692675824197,-0.136986429032111,-0.029306406297085696,1.2822917569552037,-0.2946408177843157,0.7698800372366874,1.4677720713299631,-0.24038422517231758,1.0515255509622838,1.725798302138878,-0.3585948200020569,1.17868478921865,1.3696711896271105,-0.4960447959355171,0.7424310684598835,1.8388446932596876,-0.39429950388456814,1.1604083523845041,1.7404509439373648,-0.479232294176588,0.7690067774807381,1.5456561600135652,-0.511248561720185,0.7109811754021423,1.6187735503872498,-0.05479448113516466,0.01165839921781756,1.5019462349399035,-0.24756749773657086,0.35890405620170746,1.7174364786274385,-0.02074928313419716,-0.0023962241637563654,1.3739114052412527,-0.39439638896493723,0.7292861441113302,1.5171082576379082,-0.11583142875638229,0.409741501934481,1.2084911576170005,-0.12675426577199372,0.8656569910759958,1.5812443431639513,-0.40512233054795804,1.0469353656895113,1.423770018365999,-0.281762185377001,0.4528411937667834,1.5705029680239444,-0.22572752695209933,0.20631830043942723,1.85913076740227,-0.0842254077954008,-0.004909619587220694,1.4470007928791424,-0.47654199383116713,0.918199089781338,1.6261656951430616,-0.49363865935249834,0.7705565941649557,1.644450604915619,-0.4522473785458811,0.6943819410358834,1.5581973400337017,-0.2926045501271621,0.7667312924040863,1.365341628624114,-0.09474682679634219,0.9403300678098439,-10.519871711730957,-12.69605541229248,-19.063480377197266,9.002777099609375,0.788402259349823,-5.652644634246826,-0.24821272492408752,0.020421085879206657,-1.0889099836349487,-0.1611224114894867,-0.013406151905655861,-0.16572882235050201,-438.0396728515625,76.25733184814453,-1189.041015625,-289.1184997558594,23.98340606689453,95.07179260253906
1.6802126569858449,-0.24720068789081065,1.053255972878033,1.6907645692888473,-0.3345554595850161,0.9094941370337215,0.5302033704637692,-0.05838936597528231,0.2812169490271055,1.3615008853129202,-0.013075667843592697,0.6841806224639841,1.7809708450014228,-0.1995223998924754,1.138366795928273,1.905728286267906,-0.38898985038529943,0.6393780773443893,1.8922550919040149,-0.2409861417400915,1.1238248965992834,1.9688634911909801,-0.7320631319126544,0.5762855613863233,1.9426403793672855,-0.5446828029408358,0.6414844496360679,0.5929925898645098,-0.0915026898736392,0.33710046245759673,1.0259477732986804,-0.00870646864163468,0.28275586403166214,0.5749075421631731,-0.15897958577666052,0.25469812402958103,1.8174615926695188,-0.398458201610884,0.6202002394673052,1.01639943643911,-0.14177096640037393,0.2842292572982263,1.2382305266446625,-0.032980388129093034,0.8468647217316343,1.824973577695177,-0.21642974603748472,0.9358649047597356,1.0742647320229486,0.010178862524292797,0.34379770483402217,0.9095822747377371,0.0040297937557865725,0.2589862238097663,0.5131226084287592,-0.12755142510035963,0.09826748011424039,1.9167760129006495,-0.3171786881539204,0.7480849131251015,1.8974356226968452,-0.6737252921852843,0.6071617044755165,1.9566004528904597,-0.6363281795125921,0.5448290576405874,1.6905536698979258,-0.13685072568670803,-0.029283738864696776,1.2828933622268652,-0.2941895047363067,0.7707930768759834,1.4700261968255832,-0.23951437198464448,1.0515846602174619,1.7268395771253977,-0.35908867981260184,1.1774905839108474,1.366984495461382,-0.4945076280180982,0.7445808403341975,1.8395832019136442,-0.39567790989646845,1.1597039604818584,1.7382141148412464,-0.481035295059744,0.7676644618345413,1.5424646569403593,-0.511388202376713,0.7113402542096889,1.618693653716157,-0.05464621707303635,0.011581499539685765,1.5025528387123386,-0.2470954071903071,0.3596095787176233,1.7173399202871007,-0.020698267309648907,-0.002292513330806273,1.371946835754723,-0.3927889147539013,0.7314089201144034,1.5181460812786556,-0.11542726922410215,0.4103244024988831,1.2105559748134864,-0.1257106477382365,0.8669603501526725,1.5828832960286676,-0.40537383249461256,1.0467789046811742,1.424539747814469,-0.28105671244938646,0.45365597914583633,1.5706240428204568,-0.22537582688378974,0.20678478254881125,1.8590796319459448,-0.08428626751761563,-0.004778087857666597,1.446437430105462,-0.47573174082285524,0.9194561532198987,1.623667436522364,-0.4946385975310344,0.7702882421135113,1.6417729556560516,-0.45316251081149306,0.6938363308740768,1.5581212120735093,-0.2932160829767486,0.7665292696644929,1.3676767218981356,-0.09413046900503685,0.9410195237161307,-9.94778823852539,-13.018238067626953,-19.17913246154785,8.931512832641602,0.8163202404975891,-5.434322357177734,-0.23147544264793396,-0.014260963536798954,-1.0562635660171509,-0.1806328445672989,-0.024522636085748672,-0.1676674634218216,-431.20135498046875,77.45903015136719,-1182.4913330078125,-287.501220703125,23.522188186645508,91.49566650390625
1.6826784026543824,-0.24797390352021773,1.0518775602050177,1.6916783140195126,-0.3356562260760376,0.9086539121653071,0.5300451647366909,-0.06176335206687025,0.2855550909279194,1.3641142316211925,-0.01267269951914323,0.6848421159958997,1.7833938172321444,-0.20058213282894605,1.1365415536804706,1.9011144874901176,-0.39283013975383396,0.6353240893376587,1.8943782650082315,-0.2430850270370772,1.1225660794618115,1.958745389584675,-0.7375796583314601,0.5735352852486618,1.93634994140524,-0.548944536029108,0.638054686271592,0.5934614440463236,-0.09463761885039826,0.34085699521153145,1.0256449118355253,-0.006909174059012092,0.28521303743716087,0.5762009506194006,-0.1613721853455169,0.2576628248423138,1.8128641614850787,-0.4010625726339831,0.6173846078234795,1.017023792330003,-0.1399536004524359,0.28628096833134314,1.2404895152477238,-0.03202026550787577,0.8481661389205628,1.8269906620316156,-0.21824327505976931,0.9326371886082835,1.0745362690742442,0.012082607849248016,0.3459013512987173,0.9088214592428397,0.004856682302343853,0.2622127827034878,0.5134217719368587,-0.1293001905182338,0.1016613852898803,1.9147295509742588,-0.3208629755389608,0.7437591856678594,1.8890655553893545,-0.6779004485401883,0.6068838483450429,1.9463561796984146,-0.6417670976247215,0.541826345667934,1.6904143679220944,-0.13672232243004226,-0.02926036294870424,1.2835082028875286,-0.2937171524328902,0.7717055402054691,1.472287320932805,-0.23866772316149534,1.0516518693886057,1.7278741969178053,-0.35958077714143205,1.176297870692828,1.3642972447224802,-0.4929587996953372,0.7467519001455495,1.8403205382113426,-0.3970598902133915,1.1589925739149385,1.7359570201659047,-0.4828548332713296,0.7663151534977339,1.539267749975849,-0.5115238147855594,0.7117129809019581,1.6186156675515586,-0.0544994581762134,0.011505735828387032,1.5031565964616687,-0.24662493751538514,0.3603095581989414,1.7172374922708171,-0.020638692815670916,-0.002200904101848798,1.369991933273164,-0.39118115436162393,0.7335458986017086,1.5191892772320879,-0.11502157738864031,0.41091434706915286,1.2126223117310477,-0.12466277892621157,0.8682571586394151,1.5845189173490004,-0.40562875874784604,1.0466324106746951,1.425301626028604,-0.28036207098834565,0.45446321723476935,1.5707473754882812,-0.22502558485956384,0.20724297231001568,1.8590241939026788,-0.08434958346434776,-0.004647087722103931,1.4458798462191955,-0.4749176233809516,0.9207167949108097,1.6211764488788631,-0.4956276400989254,0.7700176124541176,1.6390666724830276,-0.45410734967680155,0.6932765833589416,1.5580474485624705,-0.2937803268432617,0.7663052642582269,1.3700106467632267,-0.09353075660025051,0.9417099269810101,-9.488801956176758,-13.591636657714844,-19.204273223876953,8.925566673278809,0.8469206690788269,-5.241864204406738,-0.1741967648267746,-0.011161904782056808,-1.152111530303955,-0.2033875435590744,-0.03218243271112442,-0.1500263214111328,-424.11798095703125,78.13400268554688,-1176.9320068359375,-285.98406982421875,23.020938873291016,88.59849548339844
1.685084704729105,-0.24884024089732695,1.0505147943433548,1.6926298540159566,-0.33638644356601277,0.9075349025576321,0.5300434985697664,-0.065171573372767,0.2900142098302077,1.3667218621992903,-0.012342818303416152,0.6853717190540389,1.7857583461218318,-0.2016370297218394,1.13466608445376,1.8963285023408227,-0.3964357448137354,0.63160322123016,1.896414559013796,-0.24517593263888962,1.121171299392814,1.9480985829372295,-0.7422839616308142,0.5712981387874152,1.9298069038927959,-0.5527226290363344,0.6348267060439323,0.5942340892869115,-0.09776095784460428,0.34455295015644505,1.0253131859349889,-0.005076734189735362,0.28775874214456537,0.5775360660442451,-0.16359742565561575,0.26066836186789477,1.8079087826984614,-0.40345622969186823,0.6149027926835007,1.017613139373577,-0.13804706911377584,0.28825544556047716,1.242806875745192,-0.03108808912324504,0.8495034759013067,1.8288805713716718,-0.22019314657378644,0.9296064508079698,1.074744182904035,0.014133725657639434,0.3480936005119453,0.9081181582828232,0.0056636640324028,0.2655724198711624,0.5135355671707368,-0.1311077386486212,0.1053357519678125,1.9123821201308677,-0.32443493989524413,0.7397118678550852,1.8804700382497939,-0.68150494282214,0.6064426116398629,1.9361991071148439,-0.6465995767653376,0.5394689574936371,1.6902723866977438,-0.136659984976448,-0.029230575256098977,1.2842428238186614,-0.2930543948680361,0.7726127879311706,1.4746117824750227,-0.23803107383728825,1.051792382799237,1.7288485872034993,-0.3600569240107441,1.1751186608873458,1.3616049569963624,-0.4913044447042297,0.7491156157870953,1.8410472646849043,-0.3984742179907708,1.158217885636336,1.7335165219985889,-0.48482403430520277,0.764902561310901,1.5360219377950333,-0.5116229715528867,0.7122092209509666,1.6185549714707381,-0.05436632102540394,0.01144025261692753,1.5037345977018999,-0.2461691367261063,0.36095937321715,1.7170819436872242,-0.020501662363353764,-0.002218814389024618,1.3681245171865883,-0.38957080402911126,0.7358114095713126,1.520281092615317,-0.11460201820938404,0.411568039892525,1.2147024021243416,-0.12357644057086381,0.8694946842872542,1.586124388192663,-0.4059146749756194,1.0465761180350324,1.4259924505720074,-0.2797654542997974,0.45520215234811723,1.5708911418914795,-0.22468853813429546,0.20762611632019473,1.8589298174475992,-0.08443512824296161,-0.004520898512163717,1.4453745612640254,-0.47406853281504285,0.9220098197854906,1.6187512635789962,-0.49651807739047804,0.769726370442782,1.6361012523932177,-0.45532103326936413,0.6925888927961817,1.5579950833162726,-0.29391660541296005,0.7658823157185751,1.3723339975274949,-0.09308168494346132,0.9424089038411512,-9.209543228149414,-13.702322006225586,-18.83531379699707,8.931307792663574,0.9145490527153015,-5.164629936218262,-0.1297587752342224,-0.011641863733530045,-1.2377848625183105,-0.22622092068195343,-0.04133240133523941,-0.13995672762393951,-415.2311706542969,78.49591827392578,-1171.5546875,-284.46478271484375,22.4604434967041,86.59571075439453
1.6874910068038282,-0.24970657827443632,1.049152028481692,1.6935813940124007,-0.33711666105598803,0.906415892949957,0.530041832402842,-0.0685797946786643,0.29447332873249676,1.3693294927773885,-0.01201293708768902,0.6859013221121781,1.78812287501152,-0.20269192661473293,1.1327906152270488,1.891542517191527,-0.4000413498736375,0.6278823531226607,1.8984508530193607,-0.2472668382407024,1.1197765193238163,1.9374517762897823,-0.7469882649301692,0.569060992326168,1.9232638663803505,-0.5565007220435616,0.631598725816272,0.5950067345274994,-0.10088429683881085,0.3482489051013592,1.0249814600344525,-0.0032442943204583183,0.2903044468519703,0.5788711814690899,-0.16582266596571496,0.26367389889347626,1.8029534039118433,-0.40584988674975386,0.6124209775435214,1.0182024864171515,-0.1361405377751155,0.2902299227896115,1.2451242362426607,-0.030155912738614146,0.8508408128820507,1.8307704807117284,-0.2221430180878039,0.9265757130076554,1.074952096733826,0.0161848434660312,0.35028584972517374,0.9074148573228066,0.006470645762461884,0.26893205703883766,0.5136493624046149,-0.13291528677900893,0.10901011864574534,1.9100346892874762,-0.32800690425152806,0.7356645500423104,1.8718745211102317,-0.6851094371040924,0.6060013749346828,1.9260420345312714,-0.6514320559059547,0.5371115693193398,1.6901304054733932,-0.1365976475228537,-0.02920078756349371,1.2849774447497941,-0.29239163730318185,0.7735200356568721,1.4769362440172409,-0.23739442451308107,1.0519328962098684,1.7298229774891936,-0.3605330708800562,1.1739394510818633,1.358912669270244,-0.4896500897131219,0.7514793314286414,1.8417739911584665,-0.3998885457681504,1.1574431973577335,1.7310760238312728,-0.48679323533907626,0.7634899691240677,1.532776125614217,-0.511722128320214,0.7127054609999751,1.6184942753899176,-0.05423318387459446,0.011374769405468017,1.5043125989421313,-0.24571333593682737,0.3616091882353587,1.7169263951036315,-0.02036463191103659,-0.0022367246762004414,1.3662571011000122,-0.3879604536965983,0.738076920540917,1.521372907998546,-0.11418245903012769,0.4122217327158972,1.2167824925176356,-0.12249010221551587,0.8707322099350935,1.5877298590363256,-0.40620059120339275,1.0465198253953694,1.426683275115411,-0.27916883761124894,0.4559410874614652,1.5710349082946777,-0.22435149140902702,0.20800926033037387,1.8588354409925196,-0.08452067302157547,-0.004394709302223481,1.4448692763088555,-0.4732194422491339,0.9233028446601715,1.6163260782791289,-0.49740851468203084,0.7694351284314465,1.6331358323034073,-0.4565347168619269,0.6919012022334219,1.5579427180700745,-0.2940528839826584,0.7654593671789233,1.3746573482917634,-0.09263261328667205,0.9431078807012924,-8.993796348571777,-13.071681022644043,-18.379512786865234,8.854117393493652,0.9553806185722351,-5.149139881134033,-0.18506506085395813,-0.01103166677057743,-1.2412761449813843,-0.22675615549087524,-0.046922821551561356,-0.15264302492141724,-403.6032409667969,78.7883071899414,-1165.2222900390625,-282.8288269042969,21.789894104003906,85.30584716796875
1.6898901464528593,-0.25058194462037237,1.0478045399615308,1.6945335602523475,-0.3379206730928641,0.9052960921004909,0.530058299172793,-0.07198551593237343,0.29894089629713244,1.371923151000446,-0.011709131753775264,0.6864226283813943,1.7904849364268067,-0.2037669551737655,1.1309100273034431,1.8867373022417362,-0.40362625139833264,0.6241937196807358,1.9004876007702176,-0.2493574710328451,1.11837783929528,1.9267780074220626,-0.7516370181808406,0.566858894876297,1.9167055440264826,-0.5602395810828301,0.6283806098612731,0.595801358290066,-0.1040001410670231,0.35194222288613264,1.0246345280416753,-0.0013937917748075837,0.29285420526731865,0.5802041406663048,-0.1680564843118189,0.2666897370621856,1.7979978038775213,-0.4082057741994888,0.6099727564300135,1.0187871685091232,-0.13423397221806047,0.2921930873236118,1.2474428529770958,-0.02923077854654751,0.8521682855901338,1.8326369715447457,-0.22412368990727594,0.9235714986821676,1.0751599318144338,0.01824119680604285,0.3524797648586183,0.906707632028504,0.007272505397223725,0.27230723217031,0.5137520333789042,-0.13473076373338685,0.1127039417624471,1.9076647474276311,-0.3315789304821694,0.7316555155823565,1.8632470055526462,-0.6886511476624089,0.6055411728012641,1.9158799070001444,-0.6561961001315652,0.5348059156083115,1.6899896617362042,-0.1365387731583308,-0.029168886943590763,1.2857208593396952,-0.2917251944640615,0.7744279377507847,1.479272847933485,-0.23677394314613567,1.0520833657672073,1.7308081151633863,-0.36101741797679304,1.1727588687906203,1.3562189753087153,-0.4879913622673775,0.7538637674802184,1.8425060538266669,-0.40130777099472,1.1566728590340014,1.7286111734166052,-0.48876140982109967,0.7620801350336202,1.5295158648333016,-0.5118142070359741,0.7132187746218498,1.6184327130680842,-0.05409543063886317,0.011316091904651052,1.5048843677470225,-0.24526659739728007,0.3622614547906332,1.716777285203239,-0.02023016631492223,-0.00224976904462061,1.3644099198035058,-0.3863563151746397,0.7403561863678179,1.5224625671541454,-0.11378196582494195,0.4128639281585516,1.2188596691911582,-0.12141104089404581,0.8719689349662388,1.5893322061623958,-0.406483007779974,1.0464772988628868,1.4273664459882192,-0.2785726015437518,0.45668203349145037,1.571181513418425,-0.22402138258052978,0.20839350776660517,1.8587389270596157,-0.08461005283852681,-0.004268016286474964,1.444368195060073,-0.47237494163560556,0.9246038850766932,1.6138789857065443,-0.4982998922763281,0.7691485251219857,1.63017107220675,-0.4577402611639325,0.6912243996827019,1.5578927715487827,-0.2942494469269221,0.7650645095978351,1.376995342654108,-0.09219198091732747,0.9438024101075747,-8.840982437133789,-12.392117500305176,-18.49817657470703,8.790044784545898,0.8934100270271301,-5.061760425567627,-0.30095550417900085,-0.009236671961843967,-1.2356607913970947,-0.22534403204917908,-0.056739844381809235,-0.1527481973171234,-394.1011657714844,79.09898376464844,-1159.657470703125,-281.5398254394531,21.23111343383789,84.3986587524414
1.6922206776031592,-0.2515437989834917,1.0466033922915428,1.6954917252458483,-0.3394315592105813,0.9041687119875524,0.5302484603907098,-0.07536728931775906,0.3034893931537269,1.3743829687699574,-0.011655105919336647,0.6868644601461903,1.7928233620346774,-0.2050348239031847,1.1289804076516867,1.8817478860450902,-0.4070128348489467,0.6208138604037813,1.9025286949233502,-0.25144549059552046,1.1169418017595811,1.9158459688654021,-0.7557536604388655,0.5649925300617094,1.9100008089810816,-0.5636026200079756,0.6252569832549194,0.5968065131579012,-0.10704419332624236,0.3556102794527214,1.0241419376916443,0.0006297321971626877,0.29544279393770806,0.5815164454725403,-0.17037247121334048,0.26980424933875596,1.7930400845230816,-0.41019986856062657,0.6078463307279627,1.01932716527522,-0.13232707888480075,0.29404788814633076,1.2497735031393187,-0.028373101146410732,0.8534012689495717,1.8342791377313876,-0.2263993962316321,0.9208213513260649,1.0753670125607624,0.02034770102789046,0.3546896377541369,0.905962815742619,0.008025300750718518,0.2758312446392131,0.5137481456560804,-0.13662219047546365,0.11658413708209946,1.9050791737259622,-0.3351515494040302,0.7280131953441549,1.854312978832928,-0.6915914562364285,0.6048993018289276,1.905669358392426,-0.660304609908173,0.5329958235980661,1.689860771823403,-0.13651307154175463,-0.029116746704309988,1.2865485079241115,-0.29102345057670653,0.775342108003351,1.4817257630114522,-0.23630833379085495,1.0523292047298507,1.7318962015063557,-0.3615803146204411,1.1715651395305104,1.3535118110922002,-0.48629075130879507,0.7564466832489364,1.8432892316224558,-0.4027739086293225,1.1559441886990276,1.7259130541062515,-0.4907197510169829,0.7606967206032862,1.5261172016724849,-0.5118384854683024,0.7138956350996004,1.6183628530691792,-0.05391346016861747,0.011322605947883712,1.5053964363818138,-0.24490666567095074,0.36293720449043415,1.7166898511103448,-0.02012026934138198,-0.0022162030333813493,1.362756566496085,-0.3848116792590415,0.7427672092488267,1.5235315719187654,-0.11356410458190554,0.41339599079643646,1.220908935496349,-0.12040168589708833,0.8731979909322118,1.5909046313620558,-0.4067319013819789,1.0465666371465518,1.427976302753221,-0.277980011425271,0.4574422419860662,1.571355310496905,-0.2237577315000509,0.2087883248629159,1.8586219383391323,-0.0847361682858688,-0.004136497341404801,1.4439073808935305,-0.4715744079343531,0.925981705946638,1.6112220445216099,-0.4992002769811263,0.7689063556936403,1.6272126341497666,-0.45886783963007627,0.6906518928262573,1.557865993866068,-0.2950234707222868,0.7649387338303573,1.379473607271712,-0.09183218803824182,0.9444543375874197,-8.578208923339844,-12.28243350982666,-18.90012550354004,8.82267951965332,0.8141230344772339,-4.858573913574219,-0.356031596660614,-0.00813771691173315,-1.235228180885315,-0.2258230596780777,-0.06188353896141052,-0.14022468030452728,-385.3563537597656,79.89157104492188,-1153.6124267578125,-280.1492004394531,20.68386459350586,82.54195404052734
1.6945512087534595,-0.2525056533466112,1.0454022446215547,1.6964498902393492,-0.3409424453282988,0.9030413318746138,0.5304386216086268,-0.07874906270314527,0.30803789001032217,1.3768427865394695,-0.011601080084898022,0.6873062919109862,1.7951617876425485,-0.20630269263260412,1.1270507879999299,1.8767584698484434,-0.41039941829956134,0.6174340011268262,1.904569789076483,-0.2535335101581962,1.115505764223882,1.90491393030874,-0.7598703026968912,0.5631261652471213,1.9032960739356792,-0.5669656589331217,0.6221333566485651,0.5978116680257368,-0.11008824558546212,0.35927833601931075,1.0236493473416133,0.0026532561691333043,0.2980313826080979,0.582828750278776,-0.17268845811486244,0.27291876161532685,1.7880823651686408,-0.4121939629217647,0.6057199050259117,1.0198671620413167,-0.13042018555154072,0.29590268896905003,1.2521041533015422,-0.027515423746273807,0.8546342523090097,1.83592130391803,-0.22867510255598866,0.9180712039699618,1.075574093307091,0.022454205249738426,0.35689951064965586,0.9052179994567341,0.00877809610421344,0.2793552571081168,0.5137442579332566,-0.13851361721754074,0.12046433240175249,1.9024936000242927,-0.3387241683258916,0.7243708751059525,1.8453789521132085,-0.6945317648104484,0.604257430856591,1.895458809784706,-0.6644131196847815,0.5311857315878205,1.689731881910602,-0.13648736992517843,-0.029064606465029202,1.2873761565085278,-0.2903217066893514,0.7762562782559174,1.4841786780894197,-0.23584272443557416,1.052575043692494,1.7329842878493251,-0.36214321126408927,1.1703714102704004,1.3508046468756847,-0.4845901403502123,0.7590295990176549,1.844072409418245,-0.4042400462639253,1.1552155183640538,1.7232149347958976,-0.49267809221286646,0.7593133061729519,1.5227185385116677,-0.5118627639006306,0.7145724955773511,1.618292993070274,-0.05373148969837174,0.011329119991116373,1.5059085050166048,-0.24454673394462131,0.36361295419023526,1.7166024170174503,-0.020010372367841714,-0.0021826370221420823,1.361103213188664,-0.38326704334344297,0.7451782321298359,1.5246005766833854,-0.11334624333886911,0.41392805343432143,1.2229582018015401,-0.11939233090013068,0.8744270468981851,1.5924770565617163,-0.4069807949839838,1.046655975430217,1.428586159518223,-0.2773874213067901,0.4582024504806822,1.571529107575385,-0.22349408041957197,0.2091831419592267,1.858504949618649,-0.08486228373321082,-0.004004978396334617,1.4434465667269878,-0.4707738742331006,0.9273595268165828,1.6085651033366752,-0.5001006616859247,0.7686641862652949,1.6242541960927823,-0.45999541809622024,0.6900793859698126,1.557839216183353,-0.29579749451765164,0.7648129580628793,1.3819518718893165,-0.09147239515915612,0.9451062650672647,-8.129172325134277,-12.677181243896484,-18.98190689086914,8.870122909545898,0.838615357875824,-4.6559271812438965,-0.30894285440444946,-0.009089377708733082,-1.2307863235473633,-0.2266388237476349,-0.0581914521753788,-0.1510511338710785,-379.51116943359375,81.08126831054688,-1148.9510498046875,-278.97027587890625,20.321596145629883,80.00569915771484
1.696808481848003,-0.2534404813453851,1.0442426303364583,1.6973801424961217,-0.3423997370020443,0.9019412410180301,0.5306281628987647,-0.08202977387222223,0.3124526592082534,1.379228600208333,-0.011546797519981469,0.6877346540128948,1.7974310548889716,-0.20752376436397726,1.1251770009268198,1.871908521415382,-0.4136669480840101,0.6141723260184788,1.9065472207322025,-0.2555644825989047,1.1141094624601453,1.894294491666832,-0.7638404768034321,0.5613450769162336,1.8967823832240327,-0.5702180931504988,0.6191112827386288,0.5987988485405776,-0.11303605649941006,0.36283559959061085,1.0231731593214124,0.004615943701567672,0.3005388593239499,0.5840963137070864,-0.17493732451208374,0.27594631703089395,1.7832688562917396,-0.4141126925384761,0.6036750540038608,1.0203846282516884,-0.12855844747349132,0.29769141330624255,1.2543697234810582,-0.026682578372639564,0.8558301412506608,1.8375078187083567,-0.23088443220056437,0.9154108519980451,1.0757683349760951,0.02450336071212356,0.3590494317329482,0.9044881928835484,0.009509706336215411,0.2827765889317783,0.5137291315770307,-0.14034362714614293,0.12424252073693737,1.8999743781342413,-0.34217826913524135,0.7208507765602593,1.8366974829048512,-0.6973612928232609,0.6036280135050515,1.885557368891129,-0.6683706583960956,0.5294475813969871,1.689605059607929,-0.13646341707335402,-0.029012512020914764,1.2881787664053455,-0.2896400900273923,0.7771415268348542,1.4865584381368775,-0.23540213778121583,1.0528144240379333,1.7340410118860914,-0.36268820460663725,1.1692082333248972,1.3481807767950147,-0.4829409087927926,0.7615437116843974,1.8448320583791922,-0.4056644062727492,1.1545047531064774,1.7205907840602446,-0.49457727915403854,0.7579694942922782,1.5194144631853168,-0.5118888434984826,0.7152392666860922,1.6182261136983405,-0.0535569717947221,0.011334057070857642,1.5064158273848476,-0.2441979991087061,0.3642654050857026,1.716520691944274,-0.019909554660715013,-0.0021527114976505864,1.3594926082535297,-0.38176357223103385,0.7475218534074871,1.525639114395672,-0.11313283305294466,0.4144456676694731,1.2249520938128036,-0.1184175697383502,0.8756145446111034,1.59399665112527,-0.40722212244738015,1.0467447950350528,1.4291804807865067,-0.2768153944947072,0.45893651098999755,1.5716878203366766,-0.22323940452558316,0.20956594373611423,1.8583922559851842,-0.0849879424500939,-0.003877046551950132,1.4429974832282162,-0.46999554868960225,0.9287013687834834,1.6059836015006566,-0.5009789865537985,0.7684357564970358,1.6213676057114508,-0.4610968512415096,0.6895326638458581,1.557820097894858,-0.2965334744642902,0.7646857594812153,1.3843582248845636,-0.09112909586717752,0.9457406818077264,-7.638968467712402,-12.97511100769043,-18.82696533203125,8.861632347106934,0.9236834049224854,-4.487715721130371,-0.2490241378545761,-0.010347412899136543,-1.2293157577514648,-0.2264159619808197,-0.05284032225608826,-0.16782811284065247,-373.7702331542969,82.35460662841797,-1144.65478515625,-277.77178955078125,19.946666717529297,77.10494232177734
1.698320964709023,-0.25410054130664717,1.0435052721310927,1.698026615262821,-0.3433121518287437,0.9011185909343872,0.5308114015898168,-0.08428301917549375,0.31550786387644036,1.380862038853942,-0.011489904861872565,0.6880260745421151,1.7989972121273443,-0.20826906661521513,1.1238708450699486,1.868476495245435,-0.41572409892911133,0.6121121899576378,1.9078774169975556,-0.2570154759662829,1.1131171410446925,1.8868531521582452,-0.7663215580365513,0.560430966169629,1.8922109765722266,-0.5723460461722303,0.6171216612422705,0.5996032897999743,-0.1150054137364324,0.36526646770980953,1.0228637283211512,0.005960127432053374,0.30222169783533787,0.5849090064598235,-0.17650379911558503,0.27808981102626035,1.7799214872698124,-0.4152652139201858,0.6024595455618096,1.020673033812188,-0.12715578782341352,0.2988083600405825,1.2559736471697194,-0.02610219193511457,0.8566489036114799,1.8385285443028077,-0.23241893226737204,0.9136634197653526,1.075832046025636,0.0259694704533066,0.36058984272527367,0.9039109850561382,0.010025934499706901,0.28515400086214976,0.5135997457812164,-0.14154923280441986,0.12698363806336896,1.8981297329956335,-0.344427435800729,0.7185732652217349,1.8305836817286667,-0.699064551797134,0.6031252079649477,1.8787985230913231,-0.6707933246102552,0.5284408397035094,1.6894992580082242,-0.1364572433298392,-0.02896088316099139,1.2887268163115773,-0.2891631001569578,0.7777327383985582,1.4881944553741555,-0.235215948586235,1.0529881417751312,1.734778885809791,-0.3630511810546679,1.1683556715778958,1.3464037304287717,-0.4818140344805276,0.7633583261477235,1.8453524975192468,-0.4066640270861568,1.1539760228024414,1.7187186471673828,-0.49587506450564645,0.7570283083331507,1.5170720308426993,-0.5119332349458278,0.7158034625432349,1.6181895373672839,-0.053458221651465694,0.01132296168843642,1.5068748960431837,-0.2439630993253348,0.36468098480377764,1.7164970085715616,-0.019901042828792768,-0.00215979758842805,1.3583166117699732,-0.3806786099510478,0.7491802250510018,1.526367903742569,-0.11296467416432521,0.41481638981017055,1.2263830138358058,-0.117794512567536,0.8763795334179669,1.59497913422174,-0.4073865275015894,1.0468283414051234,1.429616857838157,-0.27645242796433683,0.459404733648758,1.5716931758732196,-0.22307597636091,0.2098265897655329,1.8583232290697413,-0.08510895774064474,-0.0037855835645367163,1.4426676615184506,-0.4694430060832706,0.9296774252361019,1.6041690663786126,-0.5016330364129401,0.7683470132729865,1.6192114666992468,-0.4619324736247788,0.6892480865022205,1.5578788501142666,-0.296882675282213,0.7645440956219932,1.386033476385849,-0.09095348137745402,0.946197072697791,-7.31185245513916,-12.874861717224121,-18.609399795532227,8.825931549072266,0.9806370139122009,-4.3955159187316895,-0.2685820460319519,-0.009806829504668713,-1.2872575521469116,-0.21124400198459625,-0.0459410697221756,-0.16239233314990997,-365.5744934082031,83.26446533203125,-1139.8187255859375,-276.35443115234375,19.33335304260254,74.21682739257812
1.6998334475700427,-0.2547606012679093,1.0427679139257269,1.6986730880295202,-0.3442245666554431,0.9002959408507443,0.5309946402808688,-0.08653626447876525,0.31856306854462735,1.382495477499551,-0.01143301220376366,0.6883174950713353,1.8005633693657173,-0.209014368866453,1.1225646892130772,1.8650444690754877,-0.41778124977421255,0.610052053896797,1.909207613262909,-0.25846646933366113,1.11212481962924,1.8794118126496584,-0.7688026392696705,0.5595168554230243,1.8876395699204205,-0.5744739991939617,0.6151320397459121,0.6004077310593712,-0.11697477097345475,0.36769733582900815,1.02255429732089,0.007304311162539076,0.3039045363467258,0.5857216992125605,-0.17807027371908632,0.28023330502162674,1.7765741182478854,-0.41641773530189546,0.6012440371197583,1.0209614393726878,-0.1257531281733357,0.2999253067749224,1.2575775708583805,-0.025521805497589575,0.8574676659722991,1.8395492698972586,-0.2339534323341797,0.9119159875326601,1.075895757075177,0.027435580194489634,0.3621302537175991,0.9033337772287281,0.01054216266319839,0.28753141279252126,0.5134703599854021,-0.1427548384626968,0.12972475538980052,1.8962850878570257,-0.3466766024662166,0.7162957538832105,1.8244698805524822,-0.7007678107710071,0.602622402424844,1.8720396772915173,-0.6732159908244149,0.5274340980100317,1.6893934564085196,-0.13645106958632439,-0.028909254301068017,1.2892748662178088,-0.28868611028652325,0.7783239499622622,1.4898304726114333,-0.23502975939125417,1.053161859512329,1.7355167597334904,-0.3634141575026985,1.1675031098308943,1.3446266840625285,-0.4806871601682627,0.7651729406110496,1.8458729366593012,-0.4076636478995644,1.1534472924984054,1.716846510274521,-0.49717284985725435,0.7560871223740232,1.5147295985000815,-0.5119776263931729,0.7163676584003776,1.6181529610362273,-0.05335947150820929,0.0113118663060152,1.5073339647015198,-0.24372819954196354,0.36509656452185263,1.7164733251988493,-0.019892530996870522,-0.0021668836792055135,1.3571406152864167,-0.3795936476710618,0.7508385966945166,1.527096693089466,-0.11279651527570575,0.41518711195086794,1.227813933858808,-0.11717145539672179,0.8771445222248304,1.59596161731821,-0.40755093255579866,1.0469118877751937,1.4300532348898072,-0.27608946143396645,0.4598729563075185,1.5716985314097625,-0.22291254819623685,0.21008723579495156,1.8582542021542985,-0.08522997303119556,-0.003694120577123301,1.4423378398086852,-0.468890463476939,0.9306534816887203,1.6023545312565686,-0.5022870862720817,0.7682582700489373,1.6170553276870427,-0.462768096008048,0.688963509158583,1.557937602333675,-0.2972318761001359,0.7644024317627711,1.3877087278871345,-0.0907778668877305,0.9466534635878556,-7.187492370605469,-12.62495231628418,-18.479530334472656,8.84512710571289,0.9494801163673401,-4.373030662536621,-0.3442014753818512,-0.007955866865813732,-1.4058966636657715,-0.18056727945804596,-0.03513244166970253,-0.14131195843219757,-357.1914367675781,83.52410125732422,-1136.2119140625,-275.3425598144531,18.74916648864746,72.64045715332031
1.7013977318015319,-0.2554494524436281,1.0420045728320317,1.6993473555078569,-0.3451695062269438,0.8994412533692177,0.5312027898647927,-0.0888835524289023,0.32175180207419857,1.3841879983611454,-0.011373699062954119,0.6886411425688409,1.802204193855753,-0.20980293552903148,1.1211924420682011,1.8614627628136946,-0.41989420729362403,0.6079279084671413,1.9105877219051715,-0.2599859974340887,1.1110807673031131,1.871653954319607,-0.7713544503939862,0.5585919223873821,1.8828562873088763,-0.5766682330740998,0.6130947320666534,0.6012603433321643,-0.11902348313554621,0.37023197528936996,1.0222315192222595,0.008708148821571558,0.3056674238960474,0.5865788822931959,-0.17969781767256207,0.2824718627017854,1.7730837024205568,-0.4176015307670397,0.6000083268478217,1.0212524888531263,-0.12427577967231247,0.3010821798878,1.2592523737458994,-0.024919668477744083,0.8583168048929695,1.8406093254784084,-0.23556132760170273,0.9101011806371196,1.0759564450639763,0.0289693669884755,0.3637402479518328,0.9027314571947451,0.011091207135592054,0.29001682532938894,0.5133319268163467,-0.1440167863736089,0.1325890293085811,1.8943536563819607,-0.34899661897231404,0.7139359270500032,1.8180768102999556,-0.7024972539469105,0.6021004871816825,1.8650065180876398,-0.6757081270415262,0.5264014589865477,1.6892831722237416,-0.13644467943058108,-0.028856586421290967,1.2898493016397716,-0.2881929742184696,0.7789270943955869,1.491541858343099,-0.23484925940534138,1.0533456295136585,1.7362865418787823,-0.3637931199361946,1.1666184788113398,1.34277625549708,-0.47950940885093835,0.7670788156078351,1.8464180233068024,-0.4087036623070571,1.1528876001471715,1.7148819737481755,-0.4985338108034323,0.7551109699026639,1.5122850665588254,-0.5120279431737811,0.7169679900668314,1.618115230506619,-0.05325859446473272,0.011296612511247101,1.507799633094017,-0.2434912593603529,0.365526414026093,1.7164503766211452,-0.019884624888516025,-0.0021735552747715386,1.355915786809479,-0.37846696061014345,0.7525792083400764,1.527858850182287,-0.1126274833986104,0.4155730433416682,1.2293002822541244,-0.11652198502954271,0.8779457357545561,1.5969796859665422,-0.4077170680690285,1.0469984437850928,1.4305017410919365,-0.2757150393152079,0.4603547282171565,1.5717061919881807,-0.22274331297009986,0.2103557154437564,1.858182212572224,-0.08536060985843866,-0.003597145388596726,1.4419968485437482,-0.4683136155964523,0.9316729413752524,1.6004571656122903,-0.5029702058296329,0.7681705703009043,1.6148005684479974,-0.46362170660929963,0.6886877392893596,1.558006088070522,-0.29759281770085655,0.7642557367386408,1.3894555229224905,-0.09060571079962695,0.9471252935611649,-6.953078746795654,-12.470611572265625,-18.497085571289062,8.8908052444458,0.9104382991790771,-4.29733943939209,-0.3377847671508789,-0.008114270865917206,-1.3950743675231934,-0.183359757065773,-0.0361589752137661,-0.1430954784154892,-346.68280029296875,83.6988525390625,-1131.797119140625,-274.37066650390625,18.164623260498047,71.4878921508789
1.7035226896898634,-0.25644992617581847,1.0409600051823042,1.70032245986509,-0.34646647833041,0.8982398081694218,0.5316805632303881,-0.09224871373334444,0.32638578916227545,1.3865199973251645,-0.011288187756443661,0.6893135996054339,1.8046531815402553,-0.21105977582023625,1.1191048539237471,1.8562609896754592,-0.4226111899938013,0.6051109557514951,1.91250805862692,-0.26224731323340067,1.109476803943811,1.8604702452160673,-0.7746718085759521,0.5575498539880412,1.875779759015469,-0.5795798597746336,0.6105412915842424,0.6026343359852467,-0.12193109566308784,0.3738897869129052,1.0217642784118652,0.010757652530754882,0.3082967245618237,0.5879176077463768,-0.18198634753164059,0.28573934497027975,1.7680450152877154,-0.4191238221940614,0.5985539614759535,1.0215721548787806,-0.12199003419635328,0.3026711973330831,1.2616943397269342,-0.02408211339043077,0.8594947254026172,1.8420950703273544,-0.2379636179828484,0.9075571420966396,1.0759844128659228,0.031235658353971556,0.366103378451423,0.901857334454328,0.011995439892573005,0.293671185607152,0.5130955691369165,-0.1458885563130409,0.13678629222689845,1.8914828904417178,-0.3520834808120662,0.710685156039055,1.8086610629858566,-0.704510102603609,0.6013717375054265,1.855004319686764,-0.6789521738788148,0.5250885194500552,1.689124370647582,-0.13643594693071795,-0.02879267267956837,1.2907093214672922,-0.28752507930559834,0.7796593945942177,1.494068997190488,-0.2347303367411064,1.0536382004914695,1.737401683598954,-0.36434510715355145,1.1653867450770954,1.340131572540233,-0.4777809887729734,0.7699724516726485,1.8472298829760772,-0.41018087796817543,1.1519927891674422,1.7119173470711868,-0.5005785546555422,0.7537563563577387,1.508735456608779,-0.5121423929732367,0.7179594387281809,1.6180650074750382,-0.05313469685416743,0.011236350018136356,1.5083367339033165,-0.24323223486838752,0.36611071298059245,1.7164353811188249,-0.01988327484701248,-0.002175740569225506,1.3541624238159484,-0.3768886641556065,0.7552099470665911,1.528982164054517,-0.11244900270507037,0.4161235924982866,1.231386561267423,-0.11558663065465087,0.8791390286376144,1.5983829158820853,-0.40790193325636404,1.0471175747201933,1.4310815275110156,-0.27521662729860147,0.46098315084217395,1.5717388012551314,-0.22251122484341365,0.21070898250238781,1.858078156480726,-0.08559538567105664,-0.003440508729198478,1.4415349632698968,-0.4674736988662885,0.9331621772406116,1.59766328137442,-0.5039679621229108,0.7680941646462245,1.6114783902831427,-0.464670013216947,0.6885072973785021,1.558179924819643,-0.2980808360095055,0.7640545867531505,1.3919766715030795,-0.09047098682317514,0.947764228906063,-6.590755462646484,-12.49218463897705,-18.581348419189453,8.879594802856445,0.9599130749702454,-4.148928642272949,-0.26570191979408264,-0.00990106537938118,-1.2719109058380127,-0.21526260673999786,-0.04797319322824478,-0.16317793726921082,-337.6461486816406,84.14720916748047,-1127.4461669921875,-273.5113525390625,17.65574073791504,70.18704986572266
1.705647647578195,-0.25745039990800883,1.0399154375325765,1.7012975642223231,-0.3477634504338762,0.897038362969626,0.5321583365959837,-0.09561387503778657,0.33101977625035234,1.3888519962891834,-0.011202676449933205,0.6899860566420271,1.8071021692247577,-0.212316616111441,1.1170172657792934,1.8510592165372235,-0.42532817269397855,0.6022940030358489,1.9144283953486687,-0.2645086290327126,1.1078728405845089,1.8492865361125277,-0.777989166757918,0.5565077855887004,1.868703230722062,-0.5824914864751674,0.6079878511018314,0.6040083286383292,-0.12483870819062945,0.37754759853644043,1.021297037601471,0.012807156239938207,0.31092602522760004,0.5892563331995577,-0.18427487739071913,0.2890068272387741,1.763006328154874,-0.4206461136210831,0.5970995961040853,1.021891820904435,-0.1197042887203941,0.3042602147783663,1.264136305707969,-0.02324455830311746,0.860672645912265,1.8435808151763005,-0.24036590836399407,0.9050131035561596,1.0760123806678696,0.03350194971946762,0.3684665089510132,0.900983211713911,0.012899672649553958,0.2973255458849151,0.5128592114574863,-0.14776032625247287,0.1409835551452158,1.888612124501475,-0.3551703426518184,0.7074343850281068,1.7992453156717578,-0.7065229512603075,0.6006429878291706,1.8450021212858883,-0.6821962207161034,0.5237755799135626,1.6889655690714225,-0.13642721443085482,-0.028728758937845766,1.2915693412948128,-0.28685718439272706,0.7803916947928484,1.4965961360378768,-0.23461141407687144,1.0539307714692805,1.7385168253191259,-0.3648970943709082,1.164155011342851,1.3374868895833858,-0.47605256869500856,0.772866087737462,1.848041742645352,-0.4116580936292937,1.1510979781877126,1.708952720394198,-0.5026232985076523,0.7524017428128137,1.5051858466587325,-0.5122568427726922,0.7189508873895303,1.6180147844434574,-0.05301079924360215,0.01117608752502561,1.5088738347126158,-0.24297321037642217,0.3666950119350919,1.7164203856165046,-0.01988192480550894,-0.0021779258636794737,1.3524090608224175,-0.3753103677010696,0.7578406857931058,1.5301054779267467,-0.11227052201153034,0.416674141654905,1.233472840280722,-0.11465127627975905,0.8803323215206725,1.5997861457976283,-0.4080867984436995,1.0472367056552938,1.4316613139300947,-0.27471821528199497,0.4616115734671914,1.571771410522082,-0.22227913671672742,0.21106224956101924,1.857974100389228,-0.08583016148367462,-0.00328387206980023,1.4410730779960457,-0.4666337821361246,0.9346514131059708,1.5948693971365497,-0.5049657184161886,0.7680177589915447,1.6081562121182882,-0.4657183198245944,0.6883268554676447,1.5583537615687642,-0.2985688543181545,0.7638534367676603,1.3944978200836684,-0.09033626284672332,0.9484031642509612,-6.1133880615234375,-12.664219856262207,-18.486282348632812,8.855006217956543,1.0334430932998657,-3.953808069229126,-0.23826651275157928,-0.012128896079957485,-1.2263076305389404,-0.22691473364830017,-0.05228976532816887,-0.1706429421901703,-330.4405212402344,84.93238830566406,-1123.034912109375,-272.5313415527344,17.13619613647461,68.08605194091797
1.7077643539731866,-0.2584484002448076,1.0388653436243929,1.702268560201127,-0.3490583967688857,0.8958376361834293,0.5326598791886639,-0.09897036524797906,0.33565831934379425,1.3911643059837897,-0.01112374755868454,0.6906515790137234,1.8095362296957054,-0.21359016820294968,1.114934711266827,1.8458595402193385,-0.4280269890036804,0.5995109294423994,1.9163505920511208,-0.2667686990554759,1.106266303567697,1.8380976796939674,-0.7812397519484261,0.5554967131835735,1.8616029016229492,-0.5853795255256804,0.6054640582065709,0.6053978184990535,-0.1277349462967045,0.38121233456182163,1.0208258336742981,0.014862168296579489,0.3135650623713108,0.5906020375277032,-0.18654522862260706,0.2922768752701235,1.7579598032086101,-0.4221401587622055,0.595670818887799,1.0222020165020267,-0.117409110908082,0.30584663409270985,1.2665763611825096,-0.022411411295071345,0.8618454617380307,1.8450606706126635,-0.24277149515830918,0.9024783301827134,1.0760396758452158,0.03577293006592239,0.3708336428301224,0.9001119642068218,0.013806239165217669,0.3009829858675698,0.512622970618949,-0.1496388153327222,0.1452066229273941,1.8857311586670529,-0.3582497716739478,0.7042129647652835,1.7898124085356857,-0.70849226405289,0.5999147670947953,1.8350229436988073,-0.6853768892635573,0.5224878480102843,1.688807844326196,-0.13641860192974672,-0.028665768327993273,1.292433422132833,-0.2861854668879351,0.7811117566973957,1.4991248759212872,-0.23450429944802595,1.054223749811286,1.7396421827227864,-0.3654587288565983,1.1629245818056018,1.3348577306760068,-0.4743219025877138,0.7757680037163741,1.848853706524072,-0.4131393916164802,1.1501979883143445,1.7059750454315286,-0.5046735796707356,0.7510535207805255,1.5016344556745314,-0.5123685294429198,0.7199503285995382,1.6179642866778847,-0.05288744093665224,0.011114646039212382,1.5094144281172595,-0.24271593810312006,0.3672852476701042,1.7164046038065526,-0.019881115597210182,-0.002180013720821959,1.3506540462670737,-0.37373130862286547,0.7604804449523521,1.531221999237869,-0.11210259548480937,0.4172297552326657,1.2355623245239258,-0.11372385109891955,0.881524869148305,1.601184929443511,-0.4082817979995778,1.0473556692237096,1.4322305341430057,-0.27422617030459523,0.4622467847059894,1.571811743919423,-0.22204964040525701,0.2114146908387443,1.8578702053486906,-0.08606490552030652,-0.003127287262248875,1.4406197947382138,-0.46579885640681185,0.9361462431238187,1.592060295161822,-0.5059629568201027,0.7679521895402315,1.604822599335222,-0.4667652922355576,0.6881623891805182,1.558525372025193,-0.29905563079758196,0.7636540978160126,1.3970146234461802,-0.09020647776640014,0.9490461195541533,-5.592991828918457,-12.972951889038086,-18.18059730529785,8.862811088562012,1.0405044555664062,-3.7687644958496094,-0.2408357709646225,-0.01086600311100483,-1.2273285388946533,-0.22685855627059937,-0.05238025262951851,-0.16887260973453522,-325.6398620605469,85.81898498535156,-1119.7913818359375,-271.6778259277344,16.708803176879883,65.5252914428711
1.7097856524764306,-0.2594178019473884,1.037751352352812,1.703192053054342,-0.35032992015611253,0.8946452160544743,0.5334362534695113,-0.102226595930903,0.3403495412492592,1.3932489585008052,-0.01112092784390051,0.6912369193225507,1.8117976942599214,-0.2150569504854694,1.1129103581242215,1.8406841083867662,-0.4305157564235048,0.5971195831993559,1.918294294780453,-0.26901436478689006,1.1046300086359315,1.8268493074455014,-0.783718274425197,0.5548440319615484,1.8542273757078793,-0.5879948323728231,0.6032830655377434,0.6069664948231336,-0.13049966765456628,0.38495713398353926,1.0203088062093748,0.016980870620699008,0.31631667754113263,0.5920284350976248,-0.18860538947759864,0.2955765899344784,1.7528226535446598,-0.4233076062226137,0.5945379047204328,1.0224027102751447,-0.1150048717066943,0.3074030125180616,1.2689943264257038,-0.02162923270355396,0.8629592546564063,1.8464724297160344,-0.24521519672989042,0.9000506853031008,1.0760591938006168,0.038098126754707334,0.3732470657849153,0.8992739615850891,0.014739789765648841,0.30467603493802575,0.512388080753238,-0.1515949944786677,0.14972805944795617,1.882732256556189,-0.36124325874230706,0.7013309125276592,1.7801810909580715,-0.7099581934166269,0.5991926622509167,1.8253099442712524,-0.6878247463347895,0.5214915793660462,1.6886625704386375,-0.13641137691424382,-0.02861345143038903,1.2933444584047558,-0.28546955066406177,0.7816903133266019,1.501672127783693,-0.23453371522837127,1.0545214383017938,1.7408856589667845,-0.3661319098823907,1.1617092320461146,1.3324080685906063,-0.4725652667662956,0.7787656562020445,1.8496668753245018,-0.4146678914988277,1.149238117483278,1.7028464996656836,-0.5067878859919427,0.749779200613104,1.4980624714829276,-0.5124482674314487,0.7210421836534082,1.6179106123005318,-0.05277031832775533,0.011039572450276838,1.5099954046555701,-0.24247892585811237,0.36794412742979477,1.7163797303146084,-0.01988655977284178,-0.0021809749590504346,1.348879935528269,-0.3721434317085128,0.7632245028650523,1.5322599815611808,-0.1120567015119341,0.4178439261798827,1.2376888692378998,-0.1128881072243121,0.8827087997600732,1.6025323030964427,-0.40859397619173227,1.047472697614834,1.432677582597101,-0.27380774421802423,0.4629604892916237,1.5719413875744044,-0.22185011195722007,0.21175758402473877,1.8577681724598867,-0.08629928214709884,-0.002971301991677549,1.4402659722906075,-0.4650216391248419,0.9377057555298142,1.5890752381046878,-0.5069542071282468,0.7680119136903459,1.6013567737790924,-0.46779683799735755,0.6881826410427788,1.5586712409723673,-0.29952804862663446,0.7634756989431697,1.3994811852246718,-0.09013379867256477,0.9497355556251197,-5.363750457763672,-13.1517915725708,-18.06656265258789,8.891021728515625,1.0346050262451172,-3.72845721244812,-0.24274800717830658,-0.015259779989719391,-1.2518069744110107,-0.21991264820098877,-0.04890776798129082,-0.1688358634710312,-320.7704772949219,86.70426177978516,-1117.0556640625,-270.89898681640625,16.329011917114258,62.8662223815918
1.7118069509796747,-0.2603872036499692,1.0366373610812307,1.7041155459075572,-0.3516014435433393,0.8934527959255194,0.5342126277503587,-0.10548282661382692,0.3450407631547241,1.3953336110178207,-0.01111810812911648,0.6918222596313779,1.8140591588241373,-0.21652373276798914,1.1108860049816158,1.8355086765541941,-0.4330045238433292,0.5947282369563124,1.9202379975097856,-0.2712600305183042,1.102993713704166,1.8156009351970355,-0.7861967969019679,0.5541913507395233,1.8468518497928097,-0.5906101392199659,0.6011020728689158,0.6085351711472137,-0.13326438901242804,0.3887019334052568,1.0197917787444513,0.019099572944818528,0.3190682927109545,0.5934548326675464,-0.19066555033259022,0.29887630459883324,1.7476855038807098,-0.4244750536830219,0.5934049905530665,1.0226034040482628,-0.1126006325053066,0.3089593909434134,1.271412291668898,-0.020847054112036575,0.8640730475747821,1.847884188819405,-0.2476588983014717,0.8976230404234883,1.0760787117560178,0.04042332344349228,0.37566048873970814,0.8984359589633564,0.01567334036608001,0.30836908400848173,0.512153190887527,-0.15355117362461324,0.1542494959685182,1.8797333544453252,-0.36423674581066634,0.6984488602900351,1.7705497733804574,-0.7114241227803639,0.5984705574070381,1.8155969448436975,-0.6902726034060217,0.520495310721808,1.688517296551079,-0.13640415189874094,-0.02856113453278479,1.2942554946766782,-0.2847536344401885,0.782268869955808,1.504219379646099,-0.23456313100871662,1.0548191267923013,1.7421291352107824,-0.3668050909081831,1.1604938822866278,1.329958406505206,-0.47080863094487746,0.781763308687715,1.8504800441249316,-0.41619639138117515,1.1482782466522117,1.6997179538998386,-0.5089021923131498,0.7485048804456825,1.4944904872913238,-0.5125280054199775,0.7221340387072783,1.6178569379231789,-0.05265319571885843,0.010964498861341295,1.510576381193881,-0.24224191361310468,0.36860300718948535,1.7163548568226643,-0.019892003948473378,-0.00218193619727891,1.3471058247894643,-0.3705555547941601,0.7659685607777523,1.5332979638844926,-0.11201080753905884,0.41845809712709964,1.2398154139518736,-0.11205236334970464,0.8838927303718415,1.6038796767493746,-0.4089061543838867,1.0475897260059583,1.433124631051196,-0.2733893181314532,0.463674193877258,1.5720710312293855,-0.2216505835091831,0.21210047721073325,1.8576661395710825,-0.08653365877389116,-0.002815316721106223,1.4399121498430012,-0.464244421842872,0.9392652679358096,1.5860901810475536,-0.507945457436391,0.7680716378404605,1.5978909482229628,-0.4688283837591574,0.6882028929050396,1.5588171099195418,-0.3000004664556869,0.7632973000703269,1.4019477470031634,-0.0900611195787294,0.9504249916960861,-5.247276306152344,-13.131196975708008,-18.301727294921875,8.93956470489502,1.0973104238510132,-3.7597496509552,-0.23866136372089386,-0.005426585208624601,-1.3467937707901,-0.19594356417655945,-0.034263726323843,-0.16910503804683685,-313.5378723144531,87.60552215576172,-1114.343017578125,-270.1318664550781,15.909770011901855,60.53022384643555
1.713817603540736,-0.2613597227544183,1.0355262799768261,1.7050335588834142,-0.35287903520642505,0.8922617050590896,0.5350087189319116,-0.10873374006161973,0.3497353526239356,1.3974165050004488,-0.011102661484272696,0.6924092963041848,1.8163260292533214,-0.21799917450014306,1.1088733665201052,1.8303296891664045,-0.4354698929861678,0.5923626544262403,1.9221810222856253,-0.27351730361284765,1.1013532592760809,1.804357447766312,-0.7886142384334903,0.5535608673135177,1.839457361903413,-0.5932105444124989,0.5989744979024725,0.6101180978168712,-0.13601942362868194,0.39245316672404024,1.019269765804935,0.021224354554140075,0.32183198152196285,0.5948891392014671,-0.1927221885678781,0.3021913464890405,1.7425548317811355,-0.42562703181378875,0.5923050770301693,1.0228038876261931,-0.1102012307537316,0.3105151624671668,1.2738374153904564,-0.020063700296280917,0.865187092135284,1.8492848194198102,-0.2501071638470845,0.8952026665210727,1.0760922435893128,0.04275126747219535,0.37808204861666156,0.8975966270790986,0.01660846756919217,0.31206678253727976,0.5119123371034269,-0.1555060035246884,0.15878226415605665,1.876725866897217,-0.3672108630964294,0.6955858766045795,1.760912380865869,-0.7128446721872745,0.5977532204413257,1.8058928979548412,-0.6926782867371638,0.5195157747987091,1.68837290489121,-0.1363959103230609,-0.02851434585188102,1.2951678690926127,-0.2840451705238678,0.7828452358182691,1.5067646272529827,-0.23460231050355543,1.0551146482000286,1.7433720223161557,-0.36747920893083336,1.1592784792382198,1.327510710188885,-0.46905314527600045,0.7847754661215847,1.8512992671388662,-0.4177276015972457,1.1473186333842627,1.6965735576405436,-0.5110219814722108,0.7472319665136719,1.4909120640217868,-0.5126076738368597,0.7232387733972623,1.6178032309803743,-0.052538025371779686,0.010889519268141096,1.5111518985783026,-0.24200615587810811,0.36925258211150064,1.7163308951633656,-0.019897950344429108,-0.002183006118076378,1.3453627726100141,-0.3689857472647107,0.7687078197270825,1.5343415829914293,-0.11196809609895511,0.419074939181473,1.2419387672515891,-0.11121470810512452,0.8850667240801234,1.605220560995948,-0.40922314708201296,1.047700975509669,1.4335784945661658,-0.2729670034339097,0.46436933467522357,1.57219451409302,-0.22144954335807968,0.21244040509032094,1.8575626412369557,-0.08676606038005538,-0.002658494052381607,1.4395592007415974,-0.4634696070030826,0.9408305029798025,1.5830996737180172,-0.5089406703678976,0.7681431699272813,1.5944092277659492,-0.46987030457779255,0.6882202168371504,1.5589641127365315,-0.30047955206095767,0.7631199166474754,1.4044158630418457,-0.08999745241853574,0.9511032415344225,-5.022710800170898,-12.973986625671387,-18.641780853271484,8.964558601379395,1.1565907001495361,-3.70413875579834,-0.24588912725448608,0.059054259210824966,-1.4189696311950684,-0.18362219631671906,-0.02382194623351097,-0.1799023449420929,-305.801513671875,88.34733581542969,-1111.9000244140625,-269.4891052246094,15.4780855178833,59.3787727355957
1.7156962464187318,-0.26237089764203453,1.034451284945406,1.705883621380029,-0.354231873490163,0.8910870970479701,0.5360492996822129,-0.11191871979378697,0.3544716998836061,1.3994775931566756,-0.010930640906687609,0.693017367890339,1.8186599324081116,-0.21958199340776097,1.10700599010417,1.8251066128939195,-0.4376451234943819,0.5903165419370134,1.9241156404381556,-0.27591850801019474,1.0996612270936272,1.7931745320755919,-0.7902742762439298,0.5532056365581538,1.8318277455323582,-0.5956261690878709,0.5975093024455949,0.6118777287716897,-0.1386543426489987,0.3962841803664402,1.018685932980468,0.023424519299967334,0.32474538348368454,0.5964215168889784,-0.1947351463188398,0.30569644597981926,1.7375044814798217,-0.4265871902570029,0.591614371498689,1.0230017647837961,-0.1078618133798341,0.31206340841110175,1.276351304243732,-0.01926577369997046,0.86630425705815,1.8505474565834399,-0.25261202267068894,0.892872452735901,1.0760315475084923,0.04511327851588356,0.38060450632840587,0.8967408123395301,0.017563144645548784,0.3158221343495197,0.5115975307313022,-0.15744410277597157,0.16345554501410337,1.8736119199272814,-0.3699447950779996,0.6929593429660167,1.7511996591327998,-0.713702510129537,0.5970950051648728,1.7962998625458475,-0.6945610156911888,0.518743724617737,1.6882394528546871,-0.13637506340118433,-0.028536107058063247,1.2960968364942942,-0.2834291152212004,0.7833944361730917,1.5092850220913918,-0.23476256005811375,1.0553832977812811,1.744607604102583,-0.3681649457145211,1.1580624154071935,1.3250873894091475,-0.46731192149863343,0.7879674849131248,1.8521935624002621,-0.4192924199514831,1.1463622138989682,1.6932326152624675,-0.5132097578206598,0.7459764899007533,1.487253796185879,-0.5126864795653235,0.7245032155750603,1.6177491202259695,-0.052447063071246185,0.010815705222059166,1.5116597224545005,-0.24178595406724918,0.36978677704634255,1.7163182402288677,-0.01991012427240413,-0.00218542370272936,1.3440048465665604,-0.3676400001080621,0.7713875715306262,1.535455098215318,-0.11196484806521839,0.41972490296458564,1.2440225470145017,-0.11035335187288312,0.886117500185177,1.6064809766036785,-0.40959983965418983,1.0477405668094457,1.4341168648359792,-0.27249646996030746,0.4648342845060967,1.5722416031439572,-0.22122975808895187,0.2127435631704646,1.8574409713808275,-0.08697397173043117,-0.0024912876465561424,1.4392170811331035,-0.462724582446332,0.9424666987349655,1.5800415830106926,-0.5099850198290995,0.7683611204292601,1.5907304105379725,-0.47104087610118434,0.6882012344354036,1.5591251755392315,-0.30104131809133566,0.7629551248045158,1.4069032519068938,-0.0900455332354994,0.9516427820881471,-4.77651309967041,-12.770540237426758,-18.743408203125,8.928997993469238,1.16279935836792,-3.5265913009643555,-0.29887208342552185,0.10077903419733047,-1.3293615579605103,-0.21147854626178741,-0.042067743837833405,-0.20037251710891724,-296.7893981933594,89.47787475585938,-1109.1248779296875,-268.8277282714844,14.922820091247559,58.543949127197266
1.7175748892967273,-0.2633820725296506,1.033376289913986,1.7067336838766438,-0.35558471177390066,0.8899124890368507,0.537089880432514,-0.11510369952595366,0.3592080471432758,1.4015386813129018,-0.010758620329102552,0.6936254394764931,1.8209938355629016,-0.22116481231537863,1.1051386136882353,1.8198835366214352,-0.43982035400259556,0.5882704294477868,1.9260502585906853,-0.2783197124075414,1.0979691949111738,1.7819916163848735,-0.791934314054369,0.5528504058027899,1.8241981291613047,-0.5980417937632426,0.5960441069887175,0.6136373597265078,-0.14128926166931505,0.40011519400883955,1.0181021001560009,0.02562468404579421,0.3276587854454057,0.5979538945764894,-0.1967481040698012,0.30920154547059747,1.7324541311785089,-0.427547348700217,0.5909236659672087,1.023199641941399,-0.10552239600593699,0.31361165435503635,1.278865193097007,-0.01846784710366014,0.8674214219810157,1.8518100937470694,-0.25511688149429296,0.8905422389507296,1.075970851427672,0.047475289559571365,0.38312696404014973,0.8958849975999618,0.018517821721905234,0.3195774861617591,0.5112827243591777,-0.1593822020272544,0.1681288258721493,1.870497972957346,-0.37267872705956934,0.6903328093274542,1.7414869373997324,-0.7145603480717994,0.5964367898884199,1.7867068271368551,-0.6964437446452133,0.5179716744367651,1.688106000818164,-0.13635421647930776,-0.028557868264245473,1.2970258038959754,-0.28281305991853317,0.783943636527914,1.5118054169298005,-0.23492280961267203,1.0556519473625334,1.7458431858890102,-0.3688506824982087,1.1568463515761673,1.3226640686294102,-0.46557069772126675,0.7911595037046645,1.8530878576616576,-0.42085723830572014,1.145405794413674,1.6898916728843918,-0.5153975341691085,0.7447210132878349,1.4835955283499713,-0.5127652852937875,0.725767657752858,1.617695009471565,-0.0523561007707127,0.01074189117597725,1.5121675463306983,-0.2415657522563903,0.37032097198118435,1.7163055852943698,-0.019922298200379142,-0.0021878412873823417,1.3426469205231069,-0.3662942529514137,0.7740673233341695,1.5365686134392063,-0.11196160003148167,0.4203748667476982,1.2461063267774137,-0.10949199564064188,0.8871682762902303,1.6077413922114088,-0.4099765322263667,1.0477801581092228,1.4346552351057924,-0.2720259364867053,0.46529923433696985,1.5722886921948944,-0.2210099728198241,0.21304672125060825,1.8573193015246992,-0.08718188308080693,-0.0023240812407307066,1.4388749615246097,-0.46197955788958156,0.9441028944901282,1.5769834923033685,-0.5110293692903013,0.7685790709312388,1.5870515933099965,-0.4722114476245759,0.6881822520336568,1.5592862383419315,-0.30160308412171355,0.7627903329615562,1.4093906407719414,-0.09009361405246305,0.9521823226418715,-4.530869960784912,-12.585636138916016,-18.487943649291992,8.882715225219727,1.1566126346588135,-3.3010716438293457,-0.3500618636608124,0.05953152850270271,-1.2414544820785522,-0.23004308342933655,-0.06022872030735016,-0.20911499857902527,-290.3119812011719,90.72239685058594,-1106.7183837890625,-268.356689453125,14.520262718200684,57.573760986328125
1.7194422917650234,-0.26438866545822437,1.0323151326337399,1.707578866687042,-0.3569325536292119,0.8887381518123957,0.5381414418583672,-0.11827397284819552,0.3639502543092557,1.4035956551697077,-0.010588502662490751,0.6942356815006558,1.8233331406353321,-0.22274726441759127,1.1032676341517873,1.8146643757030672,-0.4419759773458074,0.5862499505084084,1.9279840533307053,-0.2807212642683885,1.096276529972127,1.770821242537721,-0.7935498254188638,0.5525074861697014,1.8165723341979738,-0.6004176210883435,0.5945894832642664,0.6154108090905951,-0.1439127396076717,0.4039496387669577,1.0175174715503164,0.027828048538441,0.3305781688911232,0.5994939731051588,-0.19875851076170284,0.3127125076308151,1.7274086799053174,-0.42848355426693585,0.5902479448855319,1.0233928715156404,-0.10317274192903247,0.31516164866899005,1.281378402220492,-0.01767290419041627,0.8685342377384766,1.8530655771691276,-0.2576248098090781,0.8882206267868449,1.0759034409428274,0.04984223002580191,0.3856570790737667,0.8950281480684976,0.019478626987150433,0.32334323493850103,0.510972370769804,-0.16132072749122064,0.17281598834604553,1.8673794364297631,-0.37540386123767716,0.6877281389489082,1.7317725550259988,-0.7153800921329599,0.5957818613541838,1.7771303898451356,-0.6982816749850644,0.5172078556177633,1.6879708522202952,-0.13631980777378905,-0.02858510331577614,1.297954727087589,-0.2821925318004281,0.7844862785955138,1.5143236178436024,-0.2350927449713479,1.0559177453944224,1.7470851283989204,-0.36954268467742074,1.1556337416566762,1.320256320846002,-0.4638280882345922,0.7943561728426948,1.8539838025112025,-0.42241908905916636,1.144446664298607,1.686539092206008,-0.517583084816964,0.7434747986840887,1.4799333645018526,-0.5128460625149556,0.7270449954547628,1.617641915548716,-0.05226435805886788,0.010669446821688428,1.5126755387577788,-0.2413533711374201,0.3708479800169041,1.716294991654276,-0.01994151776249439,-0.002199104933117481,1.3412866706879725,-0.36494172991111595,0.7767576068047652,1.5376795589529124,-0.11196525705768572,0.4210209614591092,1.2481921208615332,-0.10863656856563716,0.8882119069431,1.608999613894532,-0.41036219046210604,1.0478060000779612,1.4351950118083827,-0.27156037042867276,0.46576214014299655,1.5723325235164718,-0.22079440650363633,0.213349596110006,1.8571974078551035,-0.08738994433094331,-0.0021565099696271247,1.4385327700747559,-0.46123597085081197,0.945742533104309,1.5739207098026153,-0.5120647634496751,0.7687992112131308,1.583371933327606,-0.4733813760296397,0.688168147936562,1.5594567095996528,-0.3021526495549852,0.7626228277256947,1.4118749929579675,-0.09014370608211351,0.9527226907527999,-4.298470497131348,-12.515612602233887,-18.339794158935547,8.886822700500488,1.1915881633758545,-3.2029504776000977,-0.3117596507072449,-0.007609103806316853,-1.311906337738037,-0.20454141497612,-0.04636974632740021,-0.18933360278606415,-285.70050048828125,91.928955078125,-1104.6070556640625,-267.9624938964844,14.240522384643555,55.97654724121094
1.7211595544751905,-0.2653340565053043,1.031438808172744,1.7083588708315465,-0.3582136574762546,0.8875674315240999,0.5393396737362375,-0.12124781055215571,0.3687707330809523,1.4055976737413975,-0.010443802449593186,0.694874914375362,1.825744599893393,-0.2243248170476086,1.1013485272199113,1.8094975127289628,-0.44386970498506595,0.584571862556287,1.9299068496322,-0.28312745724884875,1.0945754132128709,1.759818391886768,-0.794570590683956,0.5523290079555764,1.8089975823235038,-0.6022618695205411,0.593276067680081,0.6173688329213503,-0.14638339737985306,0.4078299134278929,1.0169222135812241,0.03007415250646849,0.33357744787307764,0.6011369128693018,-0.2007348425933067,0.31630177830426104,1.7224286656506014,-0.4290998178404688,0.5897723732405151,1.0235240226549818,-0.10068635474767118,0.3167349962110551,1.283882532096067,-0.01691781475813135,0.8695889610723154,1.8542255070430553,-0.2601737377560691,0.8860139077072902,1.0757463452042333,0.052275013493139594,0.38828947404954606,0.8941574766738526,0.020521287346838515,0.3272478574553862,0.510721493635746,-0.16326494593888716,0.17768856954594317,1.864199596525028,-0.3780114818981151,0.6854154992577256,1.722035991237653,-0.7156910107822607,0.5951708343052706,1.767775655976984,-0.6995212238355978,0.5165539842765063,1.687813042410162,-0.13610425238676419,-0.028685453301604023,1.2988830597590137,-0.2815122596475462,0.7849413206837824,1.5168125141930107,-0.23539205499930888,1.0561454548741018,1.7484120320010659,-0.37031837463971007,1.1544672661269737,1.3180565837992737,-0.462066969630734,0.7976149573231375,1.8549017811453106,-0.4239413011449062,1.1434513279144338,1.6830310570877909,-0.5197389064640399,0.7423522980600004,1.4762191610620512,-0.5129531732458152,0.7284945805143836,1.6176024035902212,-0.05216219128165024,0.01061529763635026,1.5131857825430812,-0.24124545211724888,0.3712789916143512,1.7163119310180084,-0.020054846866340036,-0.0023285266804502686,1.339895381635388,-0.36349870042493015,0.7795885632567058,1.538756180480616,-0.11206114595595575,0.42161537642707886,1.2503048205217777,-0.10786033809086346,0.8891600947703747,1.6102285310132614,-0.41086760434685954,1.047648190267828,1.4357535744344951,-0.2711611548500345,0.4661977436171462,1.5723328408816002,-0.22063519334457568,0.2136486879494411,1.8570725246770492,-0.08760000781359656,-0.001984065140879696,1.4381896190295946,-0.4605115849450724,0.9474281584782316,1.5707952583467724,-0.5129805403632044,0.769048600698149,1.5796810165541062,-0.474542714211325,0.6882192040516051,1.559752850935159,-0.3025392498697666,0.7624190793132151,1.4143187837884916,-0.09022066216693808,0.9532741126635217,-4.055154800415039,-12.553524017333984,-18.485055923461914,8.936098098754883,1.2625012397766113,-3.204854965209961,-0.2529430687427521,-0.0184490866959095,-1.4143096208572388,-0.17655500769615173,-0.025502411648631096,-0.1713981032371521,-281.7956237792969,93.01885986328125,-1102.767578125,-267.5003356933594,13.972211837768555,53.52863693237305
1.7228768171853577,-0.2662794475523841,1.030562483711748,1.7091388749760508,-0.35949476132329716,0.8863967112358043,0.5405379056141075,-0.1242216482561154,0.3735912118526481,1.4075996923130867,-0.010299102236695645,0.6955141472500681,1.8281560591514536,-0.22590236967762564,1.0994294202880355,1.8043306497548592,-0.44576343262432416,0.5828937746041659,1.9318296459336943,-0.28553365022930866,1.092874296453615,1.748815541235817,-0.7955913559490481,0.5521505297414514,1.8014228304490352,-0.6041061179527383,0.5919626520958958,0.619326856752105,-0.14885405515203398,0.41171018808882737,1.0163269556121322,0.032320256474495594,0.33657672685503154,0.6027798526334446,-0.20271117442491027,0.31989104897770637,1.7174486513958864,-0.42971608141400164,0.5892968015954985,1.0236551737943231,-0.09819996756631032,0.3183083437531199,1.2863866619716415,-0.016162725325846557,0.8706436844061541,1.8553854369169829,-0.2627226657030597,0.8838071886277358,1.0755892494656392,0.05470779696047687,0.390921869025325,0.8932868052792076,0.021563947706526417,0.3311524799722707,0.5104706165016882,-0.16520916438655336,0.18256115074583998,1.8610197566202935,-0.3806191025585527,0.6831028595665434,1.712299427449309,-0.7160019294315616,0.5945598072563576,1.7584209221088338,-0.7007607726861309,0.5159001129352494,1.687655232600029,-0.13588869699973935,-0.02878580328743189,1.299811392430438,-0.28083198749466454,0.785396362772051,1.5193014105424185,-0.23569136502726976,1.0563731643537813,1.7497389356032111,-0.3710940646019992,1.1533007905972714,1.3158568467525458,-0.4603058510268762,0.8008737418035796,1.8558197597794184,-0.4254635132306458,1.1424559915302606,1.6795230219695745,-0.5218947281111154,0.7412297974359121,1.4725049576222504,-0.5130602839766749,0.7299441655740042,1.6175628916317264,-0.052060024504432624,0.0105611484510121,1.5136960263283836,-0.2411375330970777,0.37171000321179826,1.7163288703817405,-0.020168175970185664,-0.002457948427783034,1.3385040925828038,-0.3620556709387445,0.7824195197086459,1.5398328020083194,-0.11215703485422576,0.4222097913950484,1.252417520182022,-0.10708410761608987,0.8901082825976491,1.6114574481319908,-0.41137301823161293,1.047490380457695,1.4363121370606076,-0.27076193927139636,0.46663334709129584,1.5723331582467288,-0.22047598018551506,0.2139477797888762,1.8569476414989952,-0.08781007129624978,-0.001811620312132297,1.4378464679844332,-0.45978719903933296,0.949113783852154,1.56766980689093,-0.5138963172767336,0.7692979901831671,1.5759900997806071,-0.47570405239301006,0.6882702601666482,1.5600489922706655,-0.302925850184548,0.7622153309007355,1.4167625746190151,-0.09029761825176263,0.9538255345742433,-3.912137746810913,-12.690690040588379,-18.50997543334961,8.978004455566406,1.27949059009552,-3.2443952560424805,-0.23704905807971954,0.029620707035064697,-1.367262601852417,-0.19415068626403809,-0.030849125236272812,-0.17338550090789795,-278.3111572265625,93.78382110595703,-1101.7237548828125,-267.20306396484375,13.671299934387207,51.4758186340332
1.7245661951848212,-0.267217571717619,1.0296962888825019,1.709898276044833,-0.36074621585623307,0.8852521488998111,0.5417188917169506,-0.12713113614660204,0.37831194980057625,1.4095537850004156,-0.01015664436021784,0.6961351170247754,1.830509775916472,-0.22744895419142883,1.097556004461074,1.799277380799616,-0.44760668080374094,0.5812637087525122,1.9337098941897712,-0.2878884888247937,1.0912064832962114,1.7380539236084522,-0.7965685417320554,0.5519823979660375,1.7940095189391387,-0.6058923621840824,0.5906887248849237,0.6212482017199723,-0.15126516830348793,0.4155074115719224,1.0157457349316175,0.03451641173478175,0.3395145121986501,0.6043881392044735,-0.20463753770420082,0.32340416973395036,1.7125813280115068,-0.43030665336263096,0.5888414225041472,1.0237818682035862,-0.09576658198967693,0.31984627029753665,1.2888378781198664,-0.01542505343438483,0.8716764691847049,1.8565167251801649,-0.2652142725835571,0.8816531780145028,1.0754350453417822,0.057088539540915514,0.39349972935307087,0.8924390641071939,0.022583429245216488,0.33497687429189654,0.5102234353490224,-0.16711381235659503,0.18733335224701833,1.8579072833850685,-0.38316387998939333,0.6808514338455455,1.7027814230382055,-0.7162852879391601,0.5939619630969913,1.74927201630264,-0.7019583559194147,0.5152657259971101,1.6875003015758185,-0.13568242935352767,-0.028885292860722493,1.3007219417995175,-0.28016521831024566,0.7858420988384461,1.5217357151555697,-0.23598720550241056,1.0565944671236127,1.751039804409671,-0.3718568397969599,1.1521623665528582,1.313705392231215,-0.4585877506444787,0.8040685117836817,1.856718513152457,-0.4269536936914683,1.1414822049883029,1.6760857326305467,-0.5240002813323442,0.7401321385277818,1.4688715988042342,-0.5131608366176782,0.7313654451378133,1.6175249653146757,-0.051960074867041704,0.01050750393920042,1.5141977569125347,-0.24103030522927543,0.37213724377928975,1.7163493248405834,-0.02027820189489631,-0.0025820212912073446,1.337140529163626,-0.36064487513130083,0.7851925258407527,1.5408877094849844,-0.11225223997669503,0.4227957650032264,1.2544838282840929,-0.10632411585442283,0.8910375184175984,1.6126604151252089,-0.41186890159024303,1.047335038911428,1.4368544430132733,-0.2703737712261693,0.46705721348326723,1.5723356026292636,-0.22032089501816707,0.2142391400226694,1.856825547305164,-0.08801525389615272,-0.0016428472052886591,1.4375116120505806,-0.4590811660352922,0.9507655424392775,1.564608897199694,-0.5147935347446542,0.7695434707284763,1.5723716478474095,-0.4768390562261966,0.6883250353549489,1.5603300315260098,-0.30330292959481675,0.7620134067456454,1.4191516762142937,-0.09037398421113065,0.9543632168248789,-3.7189393043518066,-12.878410339355469,-18.26760482788086,9.012611389160156,1.2428040504455566,-3.2254724502563477,-0.24006302654743195,0.09125754982233047,-1.2615516185760498,-0.22854796051979065,-0.04669484868645668,-0.18246828019618988,-272.5974426269531,94.73890686035156,-1100.8895263671875,-267.0245056152344,13.235123634338379,49.82752990722656
1.7258523173679576,-0.26805060559155913,1.0289765841124074,1.7103597249416325,-0.3615688956928568,0.8844858707971132,0.5426504773809419,-0.1291100267345539,0.3815902819894002,1.4108147956677617,-0.010046614118117782,0.6964919742764226,1.832028447397497,-0.22854769210152262,1.0963433523051789,1.7958668561171227,-0.44871991833314184,0.580328116353774,1.9349748322505822,-0.2895006640067951,1.0900202914579027,1.7307809066298794,-0.7969155011587584,0.5519638916119834,1.788930883470751,-0.6068397764338561,0.5899858603019589,0.6226391139014665,-0.15281517463211958,0.41810358725241437,1.0153675150397599,0.03599023183696689,0.3415630049263401,0.6054952872904719,-0.20584127884234796,0.32581604553374194,1.7093436879827493,-0.43052568488957865,0.5886780588042657,1.0238441114394081,-0.09409968115833447,0.3208719547221201,1.2905238803648789,-0.014939265979441663,0.8723919887021676,1.8572338116879494,-0.26687692865630624,0.8802614129142258,1.0753226584156617,0.05871669083389594,0.3952889347707986,0.8919229292316943,0.023267709372552705,0.3376410454511638,0.5100297037734102,-0.16844621034252702,0.1906539088744196,1.8557690358319823,-0.38479984763836994,0.6794852563087516,1.6964241234672002,-0.7161700843975244,0.59355476380184,1.7430997009308933,-0.702549051764785,0.5149131135040562,1.6873870022249537,-0.1356104767283067,-0.02897233954501269,1.3013753172577611,-0.27969372282359783,0.7861532555115933,1.5233805392751627,-0.2362328709059993,1.0567231190125674,1.7519641700169897,-0.37243284758747797,1.1514296101418553,1.3122521773079376,-0.4574917599262782,0.8063375336050194,1.8573392396731092,-0.4279806475765656,1.140820062318385,1.6736715360982533,-0.5253788757797896,0.739393729050428,1.466407377593565,-0.5131665491899907,0.7323773836852697,1.6175099698123554,-0.05189218848252929,0.010461157783002458,1.5145763735108027,-0.24093307248803955,0.37250994945204013,1.7164206129825668,-0.020340458767500923,-0.002628741064263093,1.3361779210583264,-0.3597002279087409,0.7871274811937317,1.5416285983774045,-0.11233755664912279,0.4232596635621114,1.2558792430833474,-0.1057989608669124,0.8916926790546896,1.6134881033802664,-0.41222695887878236,1.0472153922579936,1.4371616524576352,-0.2701453675102714,0.46731134360989196,1.5723688069558301,-0.22022550696174042,0.21441868934410294,1.856743786113941,-0.08814985142243617,-0.0015271728459764333,1.4372967161879635,-0.45864054422504863,0.95192753518654,1.5624813607196937,-0.5154223540760823,0.7697324219918409,1.569801148989343,-0.47759322486571115,0.6884335940642072,1.5603926714682421,-0.30354232207828796,0.7618378641589588,1.4207498873306423,-0.09044181604851159,0.9547022024527291,-3.45643949508667,-12.935879707336426,-18.143714904785156,9.046592712402344,1.2133126258850098,-3.073657512664795,-0.2402351051568985,0.08474104106426239,-1.226345419883728,-0.23715810477733612,-0.052018001675605774,-0.1816071718931198,-266.5357971191406,95.78746795654297,-1100.8404541015625,-267.00067138671875,12.924642562866211,49.17180252075195
1.7271384395510945,-0.26888363946549937,1.0282568793423128,1.7108211738384322,-0.3623915755294806,0.8837195926944152,0.5435820630449333,-0.1310889173225061,0.38486861417822477,1.4120758063351082,-0.009936583876017707,0.69684883152807,1.8335471188785224,-0.2296464300116166,1.0951307001492836,1.792456331434629,-0.4498331558625429,0.5793925239550357,1.9362397703113934,-0.2911128391887967,1.088834099619594,1.7235078896513052,-0.7972624605854616,0.5519453852579294,1.783852248002362,-0.6077871906836301,0.5892829957189939,0.6240300260829609,-0.15436518096075147,0.4206997629329068,1.014989295147902,0.037464051939152275,0.3436114976540306,0.6066024353764704,-0.2070450199804953,0.32822792133353396,1.7061060479539911,-0.4307447164165263,0.5885146951043843,1.0239063546752298,-0.09243278032699175,0.3218976391467037,1.2922098826098916,-0.014453478524498412,0.8731075082196305,1.857950898195734,-0.26853958472905565,0.8788696478139486,1.0752102714895413,0.060344842126876644,0.39707814018852655,0.8914067943561945,0.023951989499889043,0.34030521661043156,0.509835972197798,-0.16977860832845923,0.19397446550182146,1.8536307882788956,-0.38643581528734683,0.6781190787719575,1.6900668238961936,-0.7160548808558888,0.5931475645066887,1.7369273855591454,-0.7031397476101553,0.5145605010110021,1.687273702874089,-0.13553852410308573,-0.029059386229302903,1.3020286927160047,-0.2792222273369499,0.7864644121847405,1.5250253633947561,-0.23647853630958804,1.0568517709015222,1.7528885356243082,-0.37300885537799616,1.1506968537308522,1.3107989623846599,-0.4563957692080776,0.8086065554263575,1.8579599661937611,-0.4290076014616631,1.1401579196484672,1.6712573395659593,-0.5267574702272352,0.7386553195730741,1.4639431563828955,-0.5131722617623032,0.7333893222327263,1.6174949743100349,-0.05182430209801687,0.010414811626804488,1.514954990109071,-0.24083583974680364,0.37288265512479063,1.71649190112455,-0.02040271564010555,-0.0026754608373188503,1.3352153129530269,-0.35875558068618085,0.7890624365467108,1.5423694872698246,-0.11242287332155057,0.42372356212099654,1.257274657882602,-0.10527380587940187,0.892347839691781,1.614315791635324,-0.41258501616732174,1.0470957456045593,1.4374688619019969,-0.2699169637943735,0.4675654737365167,1.5724020112823966,-0.22013011890531375,0.21459823866553654,1.8566620249227184,-0.08828444894871963,-0.0014114984866641874,1.4370818203253461,-0.45819992241480495,0.9530895279338027,1.560353824239693,-0.5160511734075104,0.7699213732552055,1.5672306501312763,-0.47834739350522587,0.6885421527734655,1.5604553114104744,-0.30378171456175923,0.7616623215722722,1.4223480984469912,-0.09050964788589257,0.9550411880805793,-3.2721171379089355,-12.665816307067871,-18.299224853515625,9.012103080749512,1.222217321395874,-2.881762742996216,-0.24230417609214783,0.01134459674358368,-1.237022042274475,-0.22753170132637024,-0.050928760319948196,-0.17258791625499725,-260.019287109375,97.14783477783203,-1101.090576171875,-267.0056457519531,12.680148124694824,48.60578918457031
1.7284618876627738,-0.2697486372183489,1.0275234899773504,1.7112925936844174,-0.3632432504600246,0.8829343887354365,0.5445628651720008,-0.1331175016054252,0.38824703184184606,1.4133713363811669,-0.009816681472769661,0.6972189411422274,1.8351100841105377,-0.23078019768986466,1.093878872347194,1.788952619824189,-0.45096315157334527,0.5784424807851679,1.9375398648495703,-0.29277867335357394,1.0876035666623654,1.7160271335121822,-0.7975876627378906,0.5519371316922421,1.7786237048787004,-0.6087514347587989,0.5885763464384521,0.6254722128640735,-0.15594719261523096,0.42337496430668575,1.0146010237813785,0.03897704990790361,0.34572947025299045,0.607752685910029,-0.2082690775197072,0.33071128126011745,1.7027887445411938,-0.4309515921485345,0.5883549183409735,1.0239666037212145,-0.09070955636288179,0.32295947181467966,1.29394388988318,-0.013955777813217952,0.8738374785082229,1.8586783748588813,-0.2702455682470307,0.87744292518161,1.075093647502116,0.06201925997110371,0.3989265407158047,0.8908826270640292,0.02465535586835524,0.34304945496533845,0.5096473563585849,-0.17113920000215224,0.19740518246660124,1.8514305053167788,-0.3881080010474121,0.6767271058448894,1.6835161281737279,-0.7159176453059872,0.5927393136434997,1.7305782480745133,-0.7037292284681307,0.5142052749924313,1.6871601098420603,-0.13546711976165013,-0.029147225401259406,1.3027012403437632,-0.27874211621600276,0.7867877282054219,1.5267123544452994,-0.23673596938714284,1.0569856735254755,1.7538420988234462,-0.37360368955214285,1.1499421493896587,1.3093088738965675,-0.45526796381994605,0.8109475990004884,1.8586032635328784,-0.4300737967159573,1.1394681235812358,1.6687622196626983,-0.5281798054050924,0.7378976514797337,1.4614045059444103,-0.5131797316848048,0.7344407395811269,1.6174806182747645,-0.051753202761640624,0.010368675924837593,1.5153275033496074,-0.24074247666936838,0.37325725729102327,1.7165651597724056,-0.02046428989643687,-0.0027212790376969294,1.334227656686543,-0.3577841782806726,0.7910599507243425,1.5431317343617117,-0.11250876048148073,0.4241952752040711,1.2587098877951008,-0.10473610608782996,0.8930198810747916,1.6151635070510257,-0.4129643836952992,1.0469631272435977,1.4377819568116144,-0.2696832075024283,0.467827448584386,1.5724379392649164,-0.22003371954358966,0.21478162686161645,1.8565813958250135,-0.08844324097728093,-0.0013084161628827073,1.4368710999457253,-0.4577497162961013,0.9542830854851677,1.558162267634411,-0.5167008808117038,0.7701205820437298,1.5645795926353003,-0.4791253248587348,0.6886610104548221,1.560520232118518,-0.3040297558370805,0.7614834466517366,1.4239934453901073,-0.09058396764938403,0.95538586733357,-2.9858524799346924,-12.195100784301758,-18.493976593017578,8.921337127685547,1.2525221109390259,-2.7174434661865234,-0.24309322237968445,-0.0158612672239542,-1.2364660501480103,-0.2244587540626526,-0.05121980607509613,-0.1690226048231125,-254.84536743164062,98.5531234741211,-1101.42626953125,-267.0163879394531,12.485400199890137,47.706443786621094
1.730373219149002,-0.27111706606402286,1.0265745682432164,1.711921055980076,-0.36455159811981447,0.8818511025400353,0.546318826592521,-0.13592876158407943,0.3932017957335269,1.4152105466419496,-0.009541292531440529,0.697797775465921,1.8373706759206503,-0.23246568421654332,1.0920100281175402,1.7839812140985836,-0.4523570886412202,0.5772648379700075,1.939393673906263,-0.2952896364970709,1.085674661082148,1.7052744855943909,-0.797570187820504,0.552090359543333,1.7710341161844756,-0.6099807485839387,0.5878100881710748,0.627721974589177,-0.15803328815181494,0.427294820349737,1.0140544416888662,0.04110709927507357,0.348941750824451,0.6095817999926622,-0.20981311837568956,0.3343205161836758,1.6982167428297719,-0.43096701411024624,0.5882516358269761,1.0239954442772645,-0.08809924305768238,0.3245906393160881,1.2964339763518198,-0.013270443314624835,0.8747950484421079,1.8595694964689924,-0.2726339590273153,0.8754656214193006,1.0749102897991407,0.06442237599746643,0.40170726421850367,0.8902319492093775,0.025659330534619072,0.34705475165157074,0.5095393133676605,-0.17294384225808207,0.20257092474509478,1.848253164662431,-0.39035062205712495,0.6749288555210002,1.6739194430657582,-0.7154334056258992,0.5923145005837183,1.721444162311934,-0.7042995732746377,0.5138088859469686,1.6870418913317042,-0.13540435088983435,-0.029247546253960244,1.3036757496413804,-0.27812630885484213,0.7873025539497666,1.529063474658309,-0.23717874332966388,1.0572022752256582,1.7552555240937415,-0.37449503926843986,1.148841765147961,1.3072380267626404,-0.4536390773803985,0.8144229851811132,1.8596020512628237,-0.43175804353510283,1.138342786506312,1.6649925566666968,-0.530291057086938,0.7368366601846077,1.4576935951678174,-0.5132148798727831,0.7361139480443978,1.61747633384553,-0.051631499433408924,0.010325854877009993,1.5156038887058663,-0.24071006079679294,0.3736617292296017,1.71666945388775,-0.02051511294646373,-0.0027528974684016944,1.3328454918814023,-0.35639138174372814,0.794042766390257,1.5442303730952027,-0.1126036328195736,0.42479006704313066,1.2607722057411999,-0.10400082563228964,0.8939577942060317,1.616326650246879,-0.4136793874944282,1.0466262044890828,1.438187747799008,-0.2693651481377368,0.4682129777918588,1.5725167648287008,-0.2199213921234308,0.2150254773333767,1.856518597200217,-0.08898309641671884,-0.0014036583987107702,1.4367261434232952,-0.4571485573191517,0.9559737887011456,1.5549623940559416,-0.5176795753619527,0.7704813468535214,1.5606597365922492,-0.4802775189576558,0.6889420769467258,1.5606210748880904,-0.3044140155840393,0.7612520874730799,1.4263811816048144,-0.0907604722491163,0.9558202211825263,-2.7004528045654297,-12.112388610839844,-18.688127517700195,8.953755378723145,1.272120714187622,-2.7103726863861084,-0.2414507418870926,-0.017192427068948746,-1.2439337968826294,-0.22648097574710846,-0.04987049475312233,-0.1710282415151596,-252.5097198486328,99.59107971191406,-1101.8331298828125,-267.0802917480469,12.343917846679688,46.29591369628906
1.7322845506352305,-0.272485494909697,1.025625646509082,1.7125495182757347,-0.3658599457796046,0.8807678163446339,0.5480747880130414,-0.13874002156273413,0.3981565596252087,1.4170497569027325,-0.00926590359011135,0.6983766097896147,1.8396312677307634,-0.23415117074322225,1.0901411838878858,1.7790098083729777,-0.45375102570909537,0.576087195154847,1.9412474829629556,-0.2978005996405683,1.0837457555019303,1.6945218376765978,-0.7975527129031175,0.5522435873944238,1.7634445274902497,-0.6112100624090788,0.5870438299036973,0.6299717363142809,-0.1601193836883993,0.4312146763927889,1.0135078595963536,0.04323714864224389,0.3521540313959121,0.6114109140752956,-0.2113571592316722,0.3379297511072348,1.693644741118349,-0.43098243607195796,0.5881483533129787,1.0240242848333143,-0.08548892975248253,0.3262218068174968,1.2989240628204597,-0.0125851088160316,0.8757526183759929,1.8604606180791035,-0.27502234980760026,0.8734883176569908,1.0747269320961654,0.06682549202382955,0.40448798772120315,0.8895812713547259,0.02666330520088308,0.3510600483378037,0.509431270376736,-0.1747484845140122,0.2077366670235892,1.8450758240080827,-0.3925932430668382,0.6731306051971108,1.664322757957787,-0.714949165945811,0.5918896875239366,1.7123100765493533,-0.7048699180811446,0.5134124969015058,1.6869236728213481,-0.13534158201801855,-0.0293478671066611,1.3046502589389977,-0.27751050149368134,0.7878173796941113,1.531414594871319,-0.237621517272185,1.057418876925841,1.7566689493640368,-0.37538638898473703,1.1477413809062629,1.3051671796287132,-0.45201019094085065,0.8178983713617387,1.8606008389927693,-0.4334422903542487,1.1372174494313878,1.6612228936706948,-0.5324023087687839,0.7357756688894815,1.4539826843912238,-0.5132500280607615,0.7377871565076689,1.6174720494162957,-0.0515097961051772,0.010283033829182386,1.515880274062125,-0.2406776449242175,0.3740662011681803,1.7167737480030945,-0.0205659359964906,-0.002784515899106465,1.3314633270762615,-0.3549985852067834,0.7970255820561718,1.5453290118286942,-0.1126985051576665,0.42538485888219035,1.2628345236872995,-0.10326554517674921,0.8948957073372721,1.6174897934427324,-0.41439439129355726,1.0462892817345677,1.4385935387864017,-0.26904708877304534,0.4685985069993316,1.5725955903924853,-0.21980906470327188,0.215269327805137,1.8564557985754202,-0.08952295185615684,-0.0014989006345388495,1.4365811869008651,-0.45654739834220204,0.9576644919171239,1.5517625204774719,-0.5186582699122019,0.7708421116633131,1.5567398805491972,-0.48142971305657695,0.6892231434386298,1.5607219176576628,-0.30479827533099824,0.7610207282944231,1.428768917819522,-0.0909369768488486,0.9562545750314826,-2.5506985187530518,-12.509587287902832,-18.911785125732422,9.08924388885498,1.2654513120651245,-2.798792839050293,-0.24042508006095886,-0.001216802396811545,-1.2229893207550049,-0.22018709778785706,-0.054197005927562714,-0.16874553263187408,-251.2850799560547,100.48074340820312,-1102.84130859375,-267.385986328125,12.167983055114746,44.394126892089844
1.7341964791547382,-0.2738662714891085,1.0246711843061131,1.713171287285571,-0.3671635122883398,0.879683853873354,0.5498412279103764,-0.14154114283078537,0.40311511359270014,1.4188833072880245,-0.008990352398204013,0.6989564417016427,1.8418900532438265,-0.23584154398729457,1.0882806547035446,1.7740471779510678,-0.45513692182420884,0.574926896699217,1.9431036150218635,-0.30031630485657806,1.0818173861661495,1.683778991959743,-0.7975068235436813,0.5524002400455096,1.75585443511704,-0.612423056600899,0.5863025927583113,0.632231366456739,-0.16219309566924892,0.4351397771018228,1.0129617051967723,0.04536655273855903,0.35537019322644775,0.6132461537193777,-0.21289137834744729,0.34155139943819146,1.6891012233219402,-0.4309777765479309,0.58804353262415,1.024051486261633,-0.08287733309711069,0.32785761978057826,1.3014171518237383,-0.011900872197187247,0.8767100352522552,1.861344093321175,-0.2774105142579961,0.8715148674731225,1.0745422283545236,0.06922788374027258,0.4072745567224671,0.8889385253585728,0.027668775435512362,0.3550754821063664,0.5093336070807565,-0.17654736159949103,0.2129121629262204,1.8419032683040923,-0.3948396677212998,0.6713513557287243,1.654738195881939,-0.7144318853585137,0.5914718586680116,1.7031937932336574,-0.7054294554997753,0.5130440826644961,1.6868067504159663,-0.13528163711361538,-0.029444119652474163,1.3056179707413478,-0.27689719244541716,0.7883302808202655,1.5337627255758701,-0.23806792036290986,1.0576334487128731,1.758087333267098,-0.376285427946918,1.1466434195341655,1.3031085532232627,-0.4503812078904633,0.8213791688349071,1.8616037408247688,-0.4351337612760776,1.1360945873307866,1.6574432613044388,-0.5345137232778876,0.7347285265954125,1.450270783624902,-0.5132808200768287,0.7394620659730291,1.6174702812109563,-0.051386571020529376,0.010238381432653071,1.5161683135080022,-0.24064232041405526,0.3744684478008984,1.7168756952348925,-0.020616079480171398,-0.0028144327510419664,1.3300976859812705,-0.3536105291140791,0.8000025554800664,1.5464330564271536,-0.11280426331209818,0.4259801533147199,1.264896989263446,-0.10253092471436165,0.8958289494972355,1.618650485545594,-0.4151133295419989,1.0459520702330483,1.4389987001750644,-0.26873264580175577,0.4689786406542292,1.5726750846335429,-0.21969676713477698,0.21551260756735768,1.8563912696396279,-0.090051403959954,-0.0015821450350217182,1.4364355964376436,-0.4559449850526077,0.9593592701566139,1.5485602761341248,-0.5196351831322473,0.7712107453717301,1.5528176363730275,-0.4825792823800977,0.689509479020605,1.5608150337310815,-0.3051751144970489,0.7607858531325069,1.4311553926657365,-0.09111488624074994,0.95669076557191,-2.5148229598999023,-13.043933868408203,-18.992774963378906,9.143986701965332,1.2445964813232422,-2.8581202030181885,-0.2383204698562622,0.0537995770573616,-1.1264740228652954,-0.20039217174053192,-0.0695481225848198,-0.16052936017513275,-249.95040893554688,100.67346954345703,-1103.9815673828125,-267.783935546875,11.979632377624512,43.07319259643555
1.7361187200672576,-0.2754603271058062,1.0236210230959963,1.7136774449948442,-0.36838449527885725,0.8785882102732628,0.5517886596799684,-0.14416714091569352,0.40813913250600997,1.420619096187566,-0.00871199869630948,0.699553504684903,1.8441176390805778,-0.23761632416816716,1.086563749029147,1.7692361209566236,-0.4563839287552611,0.5740661826354779,1.9449998716644892,-0.3029139185978084,1.0798982792342737,1.6732054569863337,-0.796970139276113,0.5526160483328711,1.7482556428340896,-0.6133541662171975,0.5859935386291403,0.6346614510807768,-0.1640529098692317,0.43915546749601253,1.0124229382205483,0.0474848112473817,0.35865339498646176,0.6151871985157592,-0.21425594922327823,0.34538746116966557,1.6850497004212137,-0.43062625499750606,0.5879121434609622,1.0240503754836834,-0.08024356948421521,0.32957367253619296,1.3039621027889627,-0.011235598955821595,0.8776648084059455,1.8620954949334756,-0.2797947693739503,0.8696079790986928,1.0743342748540916,0.07161776464901196,0.4101620934262178,0.8884327841910306,0.028700078214635792,0.35926601093336397,0.5094152294247356,-0.17824665846808838,0.21825613051850212,1.838813361742639,-0.3971517916941482,0.6699003028553845,1.6453630316336434,-0.7133438981921468,0.5911746660605172,1.6943850067277628,-0.70580231985509,0.5131588696644006,1.6867122152783223,-0.13527046982815724,-0.029470101442952815,1.3064682712618088,-0.2763270360744553,0.7888099385413112,1.5360592193161413,-0.23857700874079135,1.0578129583636657,1.7595913662815723,-0.3773172811561861,1.1455873077278895,1.3012610121278576,-0.4487505561073886,0.8249534340883719,1.862677704419521,-0.4369500121533474,1.1350144747866702,1.653491430724694,-0.5366279502578126,0.7339205943196027,1.4465417830359861,-0.513236369123522,0.7411663563835698,1.6175119750547093,-0.0512370610523303,0.010162096649457691,1.5166576508654663,-0.2405567558001209,0.3748322573323912,1.716937105387252,-0.02065448499969299,-0.002814958696962883,1.329017454425231,-0.35230435342188715,0.8028786174508906,1.547630475056882,-0.1130980492032916,0.42658412890718467,1.2669620048131371,-0.1018077041337033,0.8966815112442369,1.6197688405876915,-0.41590022646038727,1.0456098712832722,1.439392986676551,-0.26848066780740854,0.46926557840100974,1.5727661287547736,-0.21958498518593264,0.21574602961934952,1.856296853513907,-0.09038288935722891,-0.0014581540977237088,1.4362790560880245,-0.45532090636278627,0.9611244351658598,1.545317082215619,-0.5205813279215072,0.7717152964200404,1.5488541426248112,-0.4836835146739782,0.6898868261583593,1.5607746886891245,-0.30542377999286774,0.7604902473506548,1.4335200802379884,-0.09131706022466253,0.9571586807832022,-2.455361843109131,-13.196181297302246,-18.995901107788086,9.131247520446777,1.2520476579666138,-2.8027188777923584,-0.24304017424583435,0.10301294177770615,-1.0622869729995728,-0.18346388638019562,-0.08080713450908661,-0.15124979615211487,-247.55567932128906,100.32318115234375,-1105.6204833984375,-268.27728271484375,11.808097839355469,42.40525817871094
1.7380409609797776,-0.2770543827225041,1.0225708618858793,1.7141836027041177,-0.36960547826937495,0.8774925666731714,0.5537360914495607,-0.14679313900060212,0.4131631514193207,1.422354885087108,-0.008433644994414896,0.7001505676681632,1.8463452249173298,-0.23939110434904004,1.0848468433547493,1.7644250639621786,-0.4576309356863136,0.5732054685717387,1.9468961283071151,-0.3055115323390392,1.0779791723023977,1.6626319220129226,-0.7964334550085447,0.5528318566202328,1.7406568505511377,-0.6142852758334962,0.5856844844999692,0.6370915357048148,-0.1659127240692148,0.443171157890203,1.0118841712443245,0.04960306975620473,0.3619365967464763,0.617128243312141,-0.21562052009910937,0.34922352290114034,1.6809981775204867,-0.4302747334470812,0.5877807542977743,1.0240492647057338,-0.07760980587131928,0.33128972529180795,1.3065070537541876,-0.010570325714455828,0.8786195815596359,1.8628468965457765,-0.2821790244899049,0.8677010907242629,1.0741263213536598,0.07400764555775173,0.4130496301299689,0.8879270430234883,0.029731380993759403,0.36345653976036224,0.5094968517687147,-0.179945955336686,0.2236000981107848,1.835723455181185,-0.39946391566699707,0.6684492499820444,1.6359878673853463,-0.7122559110257799,0.5908774734530228,1.6855762202218667,-0.7061751842104047,0.5132736566643051,1.6866176801406785,-0.1352593025426991,-0.029496083233431475,1.30731857178227,-0.27575687970349333,0.7892895962623571,1.5383557130564127,-0.23908609711867296,1.0579924680144581,1.761095399296047,-0.3783491343654544,1.1445311959216136,1.299413471032452,-0.44711990432431364,0.8285276993418371,1.8637516680142738,-0.43876626303061744,1.1339343622425535,1.6495396001449483,-0.5387421772377381,0.7331126620437926,1.4428127824470696,-0.5131919181702153,0.7428706467941107,1.6175536688984624,-0.0510875510841312,0.010085811866262298,1.5171469882229307,-0.24047119118618648,0.3751960668638842,1.7169985155396115,-0.020692890519214583,-0.0028154846428837996,1.327937222869191,-0.35099817772969505,0.8057546794217154,1.5488278936866104,-0.11339183509448507,0.42718810449964956,1.2690270203628287,-0.10108448355304483,0.8975340729912386,1.6208871956297894,-0.4166871233787758,1.0452676723334964,1.4397872731780375,-0.26822868981306125,0.46955251614779037,1.5728571728760044,-0.2194732032370883,0.2159794516713414,1.8562024373881865,-0.09071437475450386,-0.001334163160425678,1.4361225157384052,-0.4546968276729647,0.9628896001751059,1.5420738882971126,-0.5215274727107674,0.7722198474683509,1.5448906488765943,-0.4847877469678588,0.6902641732961137,1.5607343436471675,-0.3056724454886866,0.7601946415688028,1.4358847678102404,-0.09151923420857515,0.9576265959944946,-2.3503644466400146,-13.14116382598877,-19.107561111450195,9.238859176635742,1.2850210666656494,-2.6718549728393555,-0.302151083946228,0.10840732604265213,-1.1432594060897827,-0.21056029200553894,-0.07293504476547241,-0.13387846946716309,-243.80003356933594,100.03427124023438,-1107.9940185546875,-268.9586486816406,11.673311233520508,42.289756774902344
1.7399514013568296,-0.2786393767555817,1.021524565109354,1.714687784775993,-0.3708266152056637,0.8763991345632945,0.5556900599934407,-0.14940898085864163,0.4181960681021606,1.4240887082175702,-0.008154122467269974,0.7007427251102119,1.8485788837173915,-0.24116862274163597,1.0831319902906356,1.7596122819856306,-0.4588594123819806,0.5723591810030654,1.9487858600174353,-0.30809912973681813,1.0760600633968582,1.6520720171612624,-0.7958695667468949,0.5530464856435131,1.7330750613812582,-0.6151902630234396,0.585374859981979,0.639526920602811,-0.16776032227751428,0.44719195908663273,1.011347480562349,0.05172114243225142,0.36522034718500845,0.6190769153320236,-0.21696816779525072,0.3530603188355236,1.6769596808004066,-0.42991114738366465,0.5876536045642878,1.024045898030136,-0.07497015642310623,0.3330089995600529,1.3090502757899807,-0.00990775915245152,0.8795737714956927,1.8635944554347865,-0.2845680247868922,0.865804663754457,1.0739180382513842,0.07639454043661512,0.41593919082587905,0.8874279383002528,0.03076626362883487,0.36765716091686507,0.5096614045023128,-0.1815424640447099,0.2290370945898899,1.832631257196136,-0.401769217177732,0.6670096542266821,1.626633112793727,-0.7111422277444247,0.590586538346398,1.6767670606935265,-0.7065038967211515,0.5133820430727194,1.6865225805352067,-0.13524987874244224,-0.029521608799202553,1.3082115665966312,-0.2751636566310529,0.78974057467568,1.5406495739292623,-0.23959938866018457,1.0581679829698525,1.7625992053391917,-0.3793844967488421,1.1434777288247417,1.2975751212890576,-0.4454927301367388,0.8321045747655905,1.8648247612233193,-0.44058039468645255,1.1328497872447336,1.64558601300448,-0.5408506865138248,0.7323088280807268,1.4390896357447898,-0.5131469767614706,0.7445864259012487,1.6175955680032439,-0.050942350178956985,0.010009607679475818,1.5176362486075092,-0.24039227905257649,0.37555298830894446,1.7170585224170558,-0.020731992464487915,-0.002814601261834831,1.3268599518087527,-0.34969731366002804,0.8086359952854003,1.5500258412582195,-0.11368619433499329,0.42778652077479074,1.2710915188126215,-0.1003622954452275,0.8983841153564832,1.6220041789755915,-0.4174814215361677,1.0449207898796788,1.4401807919243312,-0.26797634422384353,0.4698389313670973,1.5729470742459328,-0.2193680037035058,0.21621181904677522,1.856105737733525,-0.09104695282136366,-0.0012069834571251641,1.4359674023476658,-0.4540769760774461,0.9646528122440868,1.5388299483337151,-0.5224686941958421,0.7727280280842687,1.5409236913485245,-0.4858914147939113,0.6906475943840102,1.5606996393361627,-0.3059213754554458,0.7598994443353438,1.4382463646250845,-0.09172311849546748,0.9580923835962813,-2.248368501663208,-13.114843368530273,-19.335281372070312,9.379546165466309,1.3130483627319336,-2.5919137001037598,-0.4108259081840515,0.10395943373441696,-1.1348286867141724,-0.26066890358924866,-0.05180574208498001,-0.10448906570672989,-240.84307861328125,100.46275329589844,-1110.2685546875,-269.70220947265625,11.584744453430176,42.27927780151367
1.7416364515064566,-0.2800512945415167,1.020552079014431,1.715154232173566,-0.3720506925061837,0.8753479419165101,0.5577688809262205,-0.1518308387834897,0.4233989321830252,1.425784985158617,-0.007852275377842595,0.7012411867151197,1.8509285361166818,-0.24299844097814796,1.0814563420829395,1.7547665528509007,-0.45973396158178903,0.5717884394901478,1.9505509655207196,-0.3104954149746735,1.0741409167943412,1.6417724476350073,-0.7947860821982884,0.5532385907228419,1.725818031671032,-0.6155963118700002,0.5850543410375418,0.642063540733413,-0.16937459504466168,0.45131037660584505,1.0108504471005193,0.053835665702276866,0.36851457738323684,0.621171267320778,-0.21799258275932024,0.35691113804547164,1.6731699841306702,-0.42931712912210573,0.587607427938095,1.0239994437094555,-0.07221808752032725,0.33478980471953634,1.3115604752736374,-0.009296890166248961,0.8805168219749501,1.8642686183089452,-0.28704765804161275,0.8641080496129613,1.0737034597538955,0.0787244021448471,0.4188674097720358,0.8870555896632719,0.03186952151259434,0.3720505455669184,0.5114099276776344,-0.18117571888577863,0.2362509428073232,1.829495293020413,-0.4039442096620993,0.6657888894246905,1.6176681826446238,-0.7095377486667888,0.5904151215063815,1.6679507764364718,-0.7059893090006532,0.5133681781836693,1.6864166995942198,-0.1352737555095297,-0.029538420473058886,1.309920022424483,-0.2741298595603729,0.7896437783114958,1.5428931470343608,-0.24019296062703158,1.0582671992431414,1.7640986762299442,-0.38048688435791334,1.1424747756774853,1.2959123263690646,-0.44393197802321027,0.8357313044418558,1.8658812300653647,-0.44235404921288507,1.1316799793811825,1.6415988755541926,-0.5428499876466016,0.7315832718910761,1.4354782982772554,-0.5130926676538606,0.7465216391133944,1.6176413875936673,-0.05087945237755776,0.009934942884099313,1.5181240388099722,-0.24044042929316198,0.375778347303141,1.7170917267436223,-0.020784396141619473,-0.002786799735661031,1.3258392262143015,-0.34849790158058647,0.811617660502724,1.5512338916197517,-0.11399150454741437,0.42827875408905225,1.2731461406543554,-0.09965982756867321,0.8991860375301727,1.623094962922153,-0.41841708335852773,1.0444844524986696,1.4405596465464459,-0.267716977572599,0.47011536631165746,1.5730151490659903,-0.21938852830142375,0.21642404209995109,1.855965422676099,-0.09140040087729492,-0.001018898323176767,1.4358395438715321,-0.45353786198311297,0.9663787231540046,1.535571758912889,-0.52331588057098,0.7733055334414867,1.5368905756252496,-0.48698430128444886,0.691147027919624,1.5607726729863527,-0.3061753568171665,0.7596120503761911,1.4405489279734376,-0.09195966956927284,0.9585175338565118,-2.0843091011047363,-13.06072998046875,-19.371313095092773,9.39664363861084,1.3301661014556885,-2.607020378112793,-0.42009401321411133,0.05788540095090866,-0.9813529849052429,-0.2615254819393158,-0.026410110294818878,-0.10949920862913132,-239.14129638671875,101.41667175292969,-1113.5562744140625,-270.7392272949219,11.54350471496582,41.73487854003906
1.7433215016560837,-0.2814632123274517,1.0195795929195077,1.715620679571139,-0.3732747698067038,0.8742967492697257,0.5598477018590002,-0.1542526967083378,0.4286017962638898,1.4274812620996638,-0.007550428288415217,0.7017396483200274,1.8532781885159724,-0.24482825921465992,1.0797806938752437,1.7499208237161707,-0.4606085107815975,0.5712176979772303,1.952316071024004,-0.3128917002125288,1.0722217701918244,1.6314728781087524,-0.7937025976496818,0.5534306958021706,1.718561001960806,-0.6160023607165608,0.5847338220931048,0.644600160864015,-0.17098886781180908,0.45542879412505743,1.0103534136386898,0.05595018897230232,0.3718088075814653,0.6232656193095324,-0.21901699772338978,0.36076195725541976,1.669380287460934,-0.42872311086054676,0.5875612513119022,1.0239529893887753,-0.0694660186175483,0.33657060987901977,1.3140706747572939,-0.008686021180046404,0.8814598724542073,1.8649427811831039,-0.2895272912963333,0.8624114354714655,1.0734888812564067,0.0810542638530791,0.4217956287181926,0.886683241026291,0.03297277939635381,0.37644393021697176,0.513158450852956,-0.18080897372684737,0.2434647910247565,1.8263593288446898,-0.4061192021464667,0.6645681246226989,1.6087032524955207,-0.7079332695891528,0.5902437046663651,1.659134492179417,-0.7054747212801549,0.5133543132946191,1.686310818653233,-0.13529763227661715,-0.02955523214691522,1.3116284782523349,-0.27309606248969287,0.7895469819473115,1.545136720139459,-0.2407865325938786,1.05836641551643,1.7655981471206965,-0.38158927196698456,1.1414718225302287,1.2942495314490718,-0.44237122590968175,0.8393580341181213,1.86693769890741,-0.4441277037393176,1.1305101715176313,1.637611738103905,-0.5448492887793784,0.7308577157014254,1.4318669608097208,-0.5130383585462507,0.7484568523255403,1.6176872071840904,-0.05081655457615853,0.009860278088722809,1.5186118290124349,-0.24048857953374747,0.3760037062973376,1.7171249310701888,-0.020836799818751032,-0.0027589982094872313,1.3248185006198505,-0.3472984895011449,0.8145993257200477,1.5524419419812838,-0.11429681475983546,0.42877098740331376,1.275200762496089,-0.09895735969211891,0.8999879597038621,1.6241857468687144,-0.4193527451808878,1.0440481151176604,1.4409385011685605,-0.2674576109213545,0.47039180125621766,1.5730832238860477,-0.2194090528993417,0.21663626515312698,1.855825107618673,-0.09175384893322618,-0.0008308131892283699,1.4357116853953986,-0.45299874788877986,0.9681046340639226,1.5323135694920627,-0.5241630669461179,0.7738830387987048,1.5328574599019744,-0.4880771877749865,0.6916464614552377,1.5608457066365424,-0.30642933817888723,0.7593246564170383,1.4428514913217907,-0.09219622064307822,0.9589426841167424,-1.9286028146743774,-13.070281982421875,-19.3250789642334,9.37899112701416,1.3764047622680664,-2.660979986190796,-0.31675106287002563,-0.004174096509814262,-0.9383325576782227,-0.21127425134181976,-0.013774915598332882,-0.14807157218456268,-239.23294067382812,101.94490051269531,-1117.0938720703125,-271.7213134765625,11.610675811767578,40.71676254272461
1.7449709175043548,-0.2828481632550031,1.0186228252799305,1.71607652780236,-0.3744797683413455,0.8732613328079515,0.5618969785259259,-0.1566322969630459,0.43373350187247944,1.4291516939141102,-0.0072527149898795745,0.7022329302418311,1.8555878617905623,-0.24663251320159196,1.0781300168558463,1.7451527436442724,-0.46146423567012446,0.5706607973733485,1.9540530559637688,-0.31526102614126456,1.0703285664122626,1.6213301076794304,-0.792622209187375,0.553624769907124,1.7114129694092355,-0.6163960865001805,0.5844266875492816,0.6471035349250629,-0.17257151582481844,0.4594896271923519,1.0098672955241423,0.05803250197617223,0.37505320331316117,0.625331134886931,-0.2200186765253149,0.36456113639256804,1.6656455263396763,-0.4281360423624121,0.5875237048264371,1.023907499597562,-0.06675401654415182,0.33832465201024187,1.316541401360998,-0.008086196843084474,0.8823855143311797,1.865604403397895,-0.2919675689067272,0.8607437341221121,1.0732759902414106,0.08334874016362306,0.4246820433941108,0.8863204204483538,0.03405875779244282,0.38077347562802544,0.51483547361876,-0.18050652276107804,0.2505261130285578,1.8232696905041372,-0.408253398853422,0.6633700999795207,1.5998762909150284,-0.7063415478791623,0.5900798113338205,1.650452940077182,-0.7049562381395441,0.5133447319466546,1.6862074653833907,-0.1353255845359619,-0.029568711098357542,1.3132950774091758,-0.27208628762044657,0.7894609375110525,1.5473436251381374,-0.24137398166372284,1.058463327932042,1.76707507679794,-0.3826775855279916,1.140484985728927,1.2926185482385142,-0.44083376771566884,0.8429326490061172,1.8679794777702812,-0.4458807994000959,1.1293549843576571,1.633681204145318,-0.5468182054576495,0.7301454026967484,1.428310855532324,-0.5129840885171827,0.7503683315404993,1.6177320959946968,-0.050755854554178303,0.00978693780057527,1.519091659626424,-0.24053607432060684,0.3762256641261625,1.7171580341478057,-0.020888218261449543,-0.002731440337883642,1.3238113086349916,-0.3461178013721839,0.8175380169753207,1.5536327604821185,-0.11460270471130775,0.42925738735704233,1.2772246988009144,-0.09826809470079198,0.900774148323678,1.6252587252105308,-0.4202729385617553,1.043615857891689,1.4413134497127786,-0.26720047219107484,0.4706628331482805,1.5731518564634766,-0.21942930194913157,0.21684367044378589,1.8556883540374554,-0.09210285324825356,-0.0006469548259713764,1.435587685037133,-0.45246739887835963,0.9698047513598638,1.5291048286371673,-0.5249945988126148,0.7744543457662822,1.528882903373794,-0.48915684307055757,0.6921414728985716,1.5609178716773229,-0.3066788748005368,0.759041040642372,1.4451190811514065,-0.09243003444265056,0.9593598312692136,-1.8509920835494995,-13.320181846618652,-19.66769027709961,9.51624584197998,1.4621297121047974,-2.680227041244507,-0.24824944138526917,-0.017673715949058533,-1.019767165184021,-0.1793549805879593,-0.02043728344142437,-0.16902431845664978,-239.93443298339844,101.87316131591797,-1120.923828125,-272.8345947265625,11.753891944885254,39.59712219238281
1.7458601349236949,-0.2836578212036991,1.0180013846877396,1.7163062604847332,-0.3752777532039099,0.8725624749597335,0.5633159775212899,-0.1581104002547579,0.4373471600725159,1.430270763027747,-0.0070431892303688395,0.7026157122574105,1.8570446470715352,-0.24789139653081127,1.0770120585201592,1.7420411769128006,-0.46191837525130897,0.5703991694955637,1.9551901355484462,-0.3170552201421054,1.068988809522414,1.6145323846513866,-0.7916078705661345,0.5538608498920667,1.7065902095756786,-0.6165269202743935,0.5844050868852249,0.648897659502282,-0.1734795024162096,0.4623219919520496,1.009614038151621,0.059427662635382336,0.3772344637588158,0.6267814736887318,-0.22053531720148803,0.3672586606433058,1.6630827235859753,-0.42769723548399696,0.58767026800983,1.023882586434977,-0.06489677349759267,0.33950774953854784,1.318170039859039,-0.00772199168992509,0.8829397726927372,1.865998491546176,-0.29356825943814197,0.8596928390051356,1.073099098852928,0.08488832799014655,0.4266766336382618,0.886160865130014,0.03477610711822442,0.38374111727373467,0.5149871543148495,-0.18157568124943213,0.25433354247484746,1.821168336647236,-0.4095172856422449,0.6626571987243678,1.5939926587982687,-0.7050219833456128,0.59007641949401,1.644645673944461,-0.7043546527032032,0.5134265328085186,1.686158035764631,-0.13544048063012937,-0.029511091971634245,1.3140687342511106,-0.27158898638178974,0.7896042675371991,1.5487682771998525,-0.2418308089308391,1.0585110913838771,1.7680711272536522,-0.3834656527302912,1.1398419643079998,1.2916662148292493,-0.43979324647132934,0.8453954817443492,1.8687078704107676,-0.4471953059269102,1.1285117055406635,1.63095821134302,-0.5481389204397895,0.7297156109715139,1.4259330369778818,-0.5129306521636761,0.7517734854821336,1.617757128169205,-0.050742040493137,0.009741853666646002,1.5194016856863009,-0.24056958609464152,0.37637506376039115,1.717188977247832,-0.020918618369576154,-0.002709080430444652,1.32309283365477,-0.34533655752014647,0.8195599303735012,1.5544559659547363,-0.1149209624292045,0.4296193422860657,1.2785940103183517,-0.09786049126098491,0.9012246877941864,1.6259518506511157,-0.4208631385241123,1.0432706439731927,1.4416050685952042,-0.2669908624413787,0.47081859992039915,1.5732323878648264,-0.21944367263885523,0.21694829680074917,1.8556275786153529,-0.09235705775733023,-0.0005532675707984216,1.4355459911933799,-0.45210170499141644,0.9709546048909622,1.5269509905221448,-0.5254921678280988,0.7748934204215245,1.526157609674315,-0.48995423287350603,0.6925421463732687,1.5609715063840348,-0.30683359030066737,0.758838026136752,1.4466405692479467,-0.09260545305858384,0.9596062454561524,-1.8519856929779053,-13.85921573638916,-20.25025177001953,9.768775939941406,1.522480845451355,-2.6562070846557617,-0.23830126225948334,-0.01674700900912285,-1.0475565195083618,-0.14283406734466553,-0.00614457530900836,-0.17158474028110504,-240.25286865234375,101.1155014038086,-1125.4525146484375,-274.248291015625,11.906146049499512,38.82909393310547
1.7467493523430349,-0.2844674791523951,1.0173799440955484,1.7165359931671067,-0.37607573806647426,0.8718636171115156,0.5647349765166539,-0.15958850354646986,0.4409608182725523,1.4313898321413834,-0.0068336634708581045,0.7029984942729899,1.858501432352508,-0.24915027986003058,1.0758941001844724,1.738929610181329,-0.4623725148324934,0.5701375416177787,1.9563272151331237,-0.3188494141429463,1.0676490526325657,1.607734661623343,-0.790593531944894,0.5540969298770095,1.701767449742122,-0.6166577540486065,0.5843834862211682,0.6506917840795009,-0.1743874890076008,0.46515435671174726,1.0093607807790996,0.060822823294592446,0.3794157242044705,0.6282318124905325,-0.22105195787766116,0.3699561848940435,1.6605199208322743,-0.42725842860558183,0.5878168311932229,1.0238576732723919,-0.06303953045103351,0.3406908470668539,1.3197986783570799,-0.0073577865367657055,0.8834940310542946,1.8663925796944574,-0.2951689499695567,0.8586419438881591,1.0729222074644456,0.08642791581667003,0.4286712238824128,0.8860013098116742,0.035493456444006005,0.38670875891944395,0.515138835010939,-0.18264483973778622,0.25814097192113716,1.8190669827903345,-0.41078117243106776,0.661944297469215,1.5881090266815092,-0.7037024188120635,0.5900730276541994,1.6388384078117404,-0.7037530672668622,0.5135083336703825,1.6861086061458714,-0.13555537672429682,-0.029453472844910945,1.3148423910930456,-0.2710916851431329,0.7897475975633457,1.5501929292615675,-0.24228763619795535,1.0585588548357123,1.7690671777093645,-0.3842537199325908,1.1391989428870726,1.290713881419984,-0.43875272522698977,0.8478583144825812,1.869436263051254,-0.4485098124537245,1.1276684267236698,1.6282352185407225,-0.5494596354219297,0.7292858192462796,1.4235552184234395,-0.5128772158101694,0.7531786394237681,1.6177821603437132,-0.050728226432095694,0.009696769532716734,1.5197117117461778,-0.2406030978686762,0.37652446339461976,1.717219920347858,-0.02094901847770277,-0.0026867205230056627,1.3223743586745484,-0.34455531366810904,0.8215818437716816,1.555279171427354,-0.11523922014710125,0.42998129721508904,1.2799633218357893,-0.09745288782117782,0.9016752272646947,1.6266449760917006,-0.42145333848646926,1.0429254300546962,1.4418966874776298,-0.2667812526916826,0.47097436669251774,1.5733129192661766,-0.2194580433285789,0.21705292315771246,1.8555668031932502,-0.09261126226640692,-0.00045958031562546686,1.4355042973496266,-0.45173601110447326,0.9721044584220607,1.5247971524071222,-0.5259897368435827,0.7753324950767668,1.523432315974836,-0.49075162267645456,0.6929428198479658,1.5610251410907467,-0.3069883058007979,0.758635011631132,1.4481620573444869,-0.09278087167451711,0.9598526596430911,-1.8632956743240356,-14.311991691589355,-20.507509231567383,9.861504554748535,1.496910572052002,-2.637819766998291,-0.24329595267772675,0.01590258814394474,-1.0999196767807007,-0.10109934210777283,0.021482029929757118,-0.1649717390537262,-239.8332061767578,100.07306671142578,-1129.958740234375,-275.497802734375,11.934503555297852,38.86814498901367
1.7476656547445335,-0.2853047995772583,1.016744736804078,1.716768114772064,-0.3768945936335633,0.8711534138546875,0.5661873983231601,-0.1610902270536549,0.4446484253106528,1.432531298391077,-0.00661643770899599,0.7033909061886617,1.8599856262964918,-0.25044027780065475,1.0747588130811982,1.7357606761502904,-0.4628280091364652,0.5698759516343376,1.9574864186987972,-0.3206784298877842,1.066285065467784,1.6008100525432865,-0.7895431092243321,0.5543391621665449,1.6968567671365296,-0.6167766637360024,0.5843647892111974,0.6525231769542821,-0.17530233309363688,0.4680469415045732,1.0091054581648466,0.06224549603679322,0.38164060538178246,0.6297130209720687,-0.22156714889782153,0.37271174275322466,1.6579099033052558,-0.4268032059764231,0.587972549018481,1.0238297222465869,-0.06113992384727428,0.34189994682539376,1.3214610586103224,-0.0069875037081737,0.8840604456055243,1.8667911377963642,-0.29679827994068725,0.8575720534419382,1.0727426792612138,0.0879958306519401,0.4307075985614827,0.8858454981387056,0.03622559043547965,0.3897366387559878,0.5152700914452407,-0.1837552882582936,0.2620105587488768,1.8169238425248506,-0.4120621922000354,0.6612226884096664,1.5821231429940028,-0.7023470101767029,0.5900769170546374,1.6329227875400063,-0.7031225400255215,0.5135950907966159,1.6860609938766782,-0.13567571874880632,-0.029393953178694705,1.3156236710137879,-0.2705941612752068,0.7899026093104028,1.5516436115795413,-0.2427531758088939,1.0586052477754504,1.7700867526578588,-0.38506194850466896,1.1385437494871633,1.2897453876520624,-0.4376941789064976,0.8503701185548542,1.8701789229121428,-0.4498487367535269,1.1268081128202527,1.6254554000121868,-0.5508057017200041,0.7288519972996996,1.4211281388011199,-0.5128248444456138,0.7546173827537638,1.617807500409764,-0.050712156226698134,0.009654758886637672,1.5200246446180028,-0.24063841791342425,0.3766789981071523,1.7172507813434728,-0.020979840925197727,-0.002664045776111006,1.3216421122582542,-0.34375647499861306,0.8236428286066119,1.5561188340976537,-0.11556280744786294,0.43034765815103293,1.2813588562390663,-0.097035257380135,0.9021369566191111,1.627350856136802,-0.42205737698946566,1.0425745825104367,1.4421920405318405,-0.2665707188726261,0.4711338865835935,1.5733949522308956,-0.21947170172306085,0.21715948015254066,1.855505596722988,-0.09286573864766304,-0.0003651411079652054,1.435463040869757,-0.4513653021379812,0.9732766111954948,1.5225989636995934,-0.5264999057283465,0.7757857935318094,1.5206583090965322,-0.4915587106682607,0.6933522461265917,1.5610796947352934,-0.3071459885069866,0.7584274008574076,1.44971285987374,-0.09295980864210635,0.9601023082701575,-1.9017318487167358,-14.679375648498535,-20.675067901611328,9.915617942810059,1.460096001625061,-2.6717448234558105,-0.2422313094139099,0.10719583183526993,-1.206023931503296,-0.1425607055425644,0.0014601105358451605,-0.150424063205719,-239.26095581054688,98.64786529541016,-1135.7017822265625,-277.0125732421875,11.956635475158691,39.37327575683594
1.7492353823406017,-0.2868094772396497,1.0157774078924924,1.7170578691343599,-0.37821695494730734,0.8701695026151393,0.5684461454484635,-0.16316178825912087,0.4501200480670326,1.4342130955481371,-0.006213449390407746,0.7040156394440606,1.8621310542356098,-0.2524809157414151,1.0732054694598874,1.7312077560172179,-0.46331618612767844,0.5696152758519382,1.9591793633059948,-0.32334752020654284,1.0643365229202424,1.5908243174584502,-0.7876221576076471,0.5547298188043746,1.689824947655596,-0.6166079048289369,0.5844161428560485,0.65525366750774,-0.1763826142379779,0.4723923345966053,1.00880031159382,0.06433189778113789,0.3849178367103171,0.6319389604772162,-0.22204736696667227,0.3768673614160902,1.654160829371964,-0.42595195336057656,0.5883491225787346,1.023728482770604,-0.058218296426070994,0.34373635038832157,1.3239374587077968,-0.006470596959771282,0.8849201282325959,1.8672975335294837,-0.29911853639495284,0.8560439006777,1.0724995379021627,0.09024713457321477,0.4337520227329619,0.885780001910317,0.037314404486771,0.39421776494640365,0.5149086125639101,-0.18586185880449424,0.26737969240408044,1.8137726051523198,-0.4137565451149908,0.6602910035690724,1.573670440162255,-0.70012686258515,0.590256466376071,1.6243931236646039,-0.701793791738567,0.5138014178007644,1.6860572251657777,-0.13592744384281683,-0.029288582997211564,1.316588857710756,-0.27009126647616066,0.7903394425744252,1.553722273829757,-0.24342890071454423,1.0586185771108463,1.7716738559947107,-0.38635657012265245,1.1375949070943112,1.2883870252315572,-0.4362007776238272,0.8540633560608553,1.8712657794652394,-0.45177673982666017,1.1255368274568722,1.6213046608381716,-0.5527633685149893,0.7283209462631618,1.4175126359162742,-0.5127981659395016,0.7568664700779693,1.617840268359279,-0.050641656538705955,0.009686896134945038,1.5204077043280697,-0.2407173624891319,0.3769574165837654,1.7172796615701638,-0.02102085230995389,-0.0026337755273484844,1.3205776299467151,-0.3425331613579334,0.8266464118531207,1.5573555266620307,-0.11601497093523967,0.4308203140039317,1.2833870177632134,-0.09637572553428202,0.9028686419228055,1.6283644410158624,-0.4229952702853853,1.0420878237446412,1.4425774804803708,-0.26633789188025014,0.47138395046950965,1.5735132104118927,-0.21946817599483673,0.21731261378585898,1.8554339912158764,-0.09312677394524708,-0.00025256104654907156,1.4354323357935772,-0.450873604377374,0.9749867331902712,1.5193308169478614,-0.5273140464594822,0.7765822411570328,1.5167090967790973,-0.4925997674662545,0.6939728338000001,1.5611564177551016,-0.3073752550593275,0.7581089051156644,1.4519708730921839,-0.09322362584339466,0.9604299877653059,-1.9732284545898438,-14.981389045715332,-20.802927017211914,10.085257530212402,1.470190167427063,-2.762723684310913,-0.24132120609283447,0.1788557469844818,-1.2076702117919922,-0.2125106304883957,-0.03562784194946289,-0.1388942301273346,-239.64358520507812,97.39533233642578,-1141.9454345703125,-278.7879333496094,12.199015617370605,39.6583137512207
1.7508051099366697,-0.2883141549020412,1.014810078980907,1.7173476234966556,-0.37953931626105136,0.869185591375591,0.5707048925737669,-0.16523334946458682,0.45559167082341245,1.435894892705197,-0.005810461071819502,0.7046403726994596,1.864276482174728,-0.2545215536821755,1.0716521258385767,1.7266548358841451,-0.4638043631188916,0.5693546000695386,1.9608723079131927,-0.3260166105253015,1.0623879803727008,1.5808385823736137,-0.785701205990962,0.5551204754422042,1.6827931281746624,-0.6164391459218714,0.5844674965008995,0.6579841580611978,-0.17746289538231896,0.47673772768863737,1.0084951650227931,0.06641829952548256,0.3881950680388517,0.6341648999823637,-0.222527585035523,0.38102298007895574,1.6504117554386724,-0.42510070074473005,0.5887256961389882,1.0236272432946212,-0.0552966690048677,0.34557275395124937,1.326413858805271,-0.005953690211368863,0.8857798108596675,1.8678039292626034,-0.3014387928492184,0.8545157479134619,1.0722563965431113,0.09249843849448945,0.4367964469044411,0.8857145056819284,0.038403218538062354,0.3986988911368195,0.5145471336825794,-0.18796842935069485,0.272748826059284,1.8106213677797889,-0.41545089802994617,0.6593593187284786,1.565217737330507,-0.6979067149935971,0.5904360156975045,1.6158634597892012,-0.7004650434516125,0.5140077448049128,1.686053456454877,-0.1361791689368273,-0.02918321281572842,1.3175540444077245,-0.2695883716771145,0.7907762758384477,1.5558009360799725,-0.24410462562019455,1.0586319064462422,1.773260959331563,-0.3876511917406359,1.1366460647014593,1.287028662811052,-0.43470737634115675,0.8577565935668563,1.872352636018336,-0.45370474289979346,1.124265542093492,1.6171539216641564,-0.5547210353099745,0.7277898952266239,1.4138971330314287,-0.5127714874333893,0.7591155574021747,1.6178730363087939,-0.050571156850713776,0.009719033383252404,1.5207907640381364,-0.24079630706483954,0.37723583506037855,1.7173085417968548,-0.02106186369471005,-0.0026035052785859628,1.3195131476351758,-0.3413098477172537,0.8296499950996294,1.5585922192264077,-0.11646713442261641,0.4312929698568306,1.2854151792873607,-0.09571619368842903,0.9036003272264997,1.6293780258949229,-0.4239331635813049,1.0416010649788459,1.4429629204289012,-0.2661050648878742,0.4716340143554258,1.57363146859289,-0.2194646502666126,0.2174657474191773,1.8553623857087647,-0.09338780924283113,-0.00013998098513293782,1.4354016307173976,-0.45038190661676675,0.9766968551850476,1.5160626701961293,-0.5281281871906178,0.7773786887822561,1.5127598844616623,-0.4936408242642484,0.6945934214734083,1.56123314077491,-0.3076045216116684,0.7577904093739213,1.4542288863106276,-0.09348744304468297,0.9607576672604542,-2.008758544921875,-15.394222259521484,-20.854087829589844,10.294843673706055,1.47337007522583,-2.875730514526367,-0.24199077486991882,0.1197001114487648,-1.0822380781173706,-0.20313894748687744,-0.032604116946458817,-0.14823845028877258,-241.27581787109375,96.21664428710938,-1149.0267333984375,-280.8307800292969,12.685721397399902,39.31342697143555
1.7523696400866602,-0.2898157734349861,1.013847784490775,1.7176344171659836,-0.38085751353904884,0.8682039030735068,0.5729715056372001,-0.1672968689278259,0.4610668321121599,1.4375721942510034,-0.005412147045043023,0.705260651790543,1.8664182669279588,-0.2565671766534543,1.0700983069590388,1.7221109926305866,-0.4642839505775085,0.5691018917702682,1.9625626620867391,-0.3286852925917167,1.0604410473479344,1.5708635792826988,-0.7837610340473672,0.5555124949935255,1.6757710998421484,-0.6162554909851379,0.5845215676833462,0.6607183208133997,-0.17853260703927623,0.4810865705475106,1.0081904702233953,0.06850580855069144,0.39147226551905323,0.636393881002009,-0.22300218410839304,0.38518486033804306,1.6466673746803744,-0.4242450499179349,0.5891052262475158,1.02352592645102,-0.05237474109336087,0.3474148930796721,1.328886498283866,-0.005439430341087595,0.8866376187035578,1.8683076696285348,-0.3037568740299992,0.8529888530638047,1.0720131142644693,0.0947488981070894,0.4398412561870564,0.8856555007348786,0.039493922958310695,0.40318107111564466,0.5141976060259421,-0.19006968829904142,0.2781172019262969,1.807472485974925,-0.41713752903488277,0.6584325467316521,1.5567762749084586,-0.6956715138740102,0.5906237715127451,1.6073399991389155,-0.6991214986076421,0.5142193169191183,1.6860512958851872,-0.1364273397831727,-0.029075506235787436,1.3185134423489602,-0.2690952469576274,0.7912211650057344,1.557875363834646,-0.2447817978874736,1.058643320933083,1.7748485282556898,-0.38894804803938243,1.1356965633022866,1.2856769305191293,-0.4332155680024863,0.8614516533565831,1.8734395036239495,-0.455636830568708,1.1229930727292372,1.613001607506481,-0.5566728180212688,0.7272640720305854,1.4102899430208653,-0.5127408362382295,0.7613700383546333,1.617905992151096,-0.050501307188872475,0.009751441580126216,1.521177171279263,-0.24087150501000962,0.37751536949580866,1.7173379801756499,-0.021102877367682602,-0.0025730728443915584,1.3184573981935617,-0.3400922547902494,0.8326542794901799,1.559826827009782,-0.11691908765312845,0.4317646734663192,1.287441128926561,-0.09505965128935734,0.9043282512205325,1.6303874716063997,-0.42487243567870925,1.0411138862174079,1.443347621240363,-0.26587250142894836,0.47188443468501234,1.5737511787982965,-0.21946169806039886,0.2176171475342962,1.8552917887438212,-0.09364955509636572,-2.8576039201194803e-05,1.435370395120406,-0.4498898133832888,0.9784067533663564,1.5127962600711171,-0.5289441170479287,0.7781787277846935,1.508804384643669,-0.4946799990258468,0.6952205501644816,1.5613329732260166,-0.30782062772488755,0.7574727764192797,1.4564853024403777,-0.09375249950943004,0.9610866198673943,-1.926295518875122,-15.982683181762695,-21.010751724243164,10.444902420043945,1.4582692384719849,-2.9525973796844482,-0.23867695033550262,0.025085385888814926,-1.0734384059906006,-0.17621581256389618,-0.02095755934715271,-0.16348427534103394,-243.5,95.10923767089844,-1155.395751953125,-282.6601257324219,13.157705307006836,38.52368927001953
1.753790126731064,-0.2912326103804127,1.0130250153952087,1.7178391573444898,-0.3820603075406409,0.8672838218954225,0.575456117557374,-0.1691375172493473,0.4666400612979534,1.4391249031420574,-0.005143377677050261,0.7057574868991675,1.8684590833866044,-0.25875095618481664,1.0685313166372035,1.7178187086092715,-0.46452548527559695,0.5690699965748566,1.9641812242419514,-0.33134266023604275,1.0585387210972261,1.5611860057376081,-0.7812881844722672,0.5559422867187601,1.6690204261943995,-0.6156590032261728,0.5846509534791605,0.6635542559307931,-0.17930939290302478,0.48553102123026803,1.0078982959519949,0.07062400507413782,0.39474852491688245,0.6387071554234485,-0.22332105672122626,0.3895202762638495,1.6430530619147599,-0.42326750581627653,0.5895666949796361,1.0234224654191377,-0.04944448530772672,0.3494159893089572,1.3312549148963777,-0.004998526807307026,0.8874434682707123,1.868737818389539,-0.3060146690599176,0.8514968204182505,1.0717659265000299,0.09697595830784722,0.44289673854973133,0.8857763970135063,0.04063701760393891,0.40769245608752913,0.5141792980250933,-0.19202374010686046,0.2834645762348805,1.8043888870453992,-0.4186101528192987,0.6576419306906643,1.5486463324123663,-0.6930191149774767,0.5910389644420699,1.5989884564418668,-0.6973678777549441,0.5145762535120477,1.6860937038004793,-0.13657700719422852,-0.028903048041443166,1.319312409059891,-0.268872893014491,0.7918893177777726,1.5598324355700157,-0.2454990827484636,1.058601666759971,1.776449000598579,-0.39030683691927925,1.1347287980136493,1.2845089475050668,-0.4317679069689568,0.8651972164381417,1.874526677542175,-0.4576821198921329,1.121687789626469,1.6088056438016578,-0.5584615275559836,0.7268831346998151,1.4069131383832718,-0.5126000848037517,0.763773999861534,1.6179441553077951,-0.0504494725374986,0.009791358922984425,1.5216563529526161,-0.24084286776599506,0.37782583193273733,1.7173828873413288,-0.02114395445693802,-0.0025381455567992295,1.3176436740041568,-0.3390332073565351,0.8356779955870267,1.5610036565768008,-0.11736521376481908,0.4322099863298681,1.289405777754373,-0.09448595927251098,0.9049519332039435,1.631282203244847,-0.42584992027440605,1.0406150675767305,1.443711837395927,-0.2656472416113544,0.47214473359632175,1.573911130823047,-0.21947464060704439,0.21772050443074561,1.8552491428046827,-0.09393099350052952,5.026142044873084e-05,1.4353244565180596,-0.44938675990167837,0.9801104487172815,1.5095779793151958,-0.5298096312592361,0.7790782992413502,1.5046746312387733,-0.49566701449305806,0.6960289584879843,1.5620732670588209,-0.30767200166815956,0.7571790549928779,1.4586974563977575,-0.09405190127574845,0.9614508558582786,-1.7758642435073853,-16.621477127075195,-21.371055603027344,10.534398078918457,1.4799156188964844,-2.954099178314209,-0.24032334983348846,-0.01866736263036728,-1.2966238260269165,-0.17251518368721008,-0.021504847332835197,-0.17152200639247894,-245.68106079101562,93.85581970214844,-1161.4666748046875,-284.4648132324219,13.550159454345703,37.787010192871094
1.755210613375468,-0.292649447325839,1.0122022462996427,1.7180438975229957,-0.38326310154223275,0.8663637407173385,0.5779407294775475,-0.17097816557086842,0.4722132904837459,1.4406776120331113,-0.004874608309057544,0.7062543220077918,1.8704998998452493,-0.26093473571617853,1.0669643263153683,1.7135264245879576,-0.4647670199736854,0.5690381013794451,1.9657997863971632,-0.3340000278803684,1.0566363948465185,1.551508432192519,-0.7788153348971678,0.5563720784439945,1.662269752546652,-0.615062515467208,0.5847803392749749,0.6663901910481861,-0.1800861787667732,0.4899754719130247,1.0076061216805945,0.07274220159758384,0.3980247843147111,0.6410204298448876,-0.22363992933405943,0.3938556921896552,1.639438749149146,-0.42228996171461836,0.5900281637117563,1.0233190043872555,-0.04651422952209308,0.35141708553824186,1.333623331508889,-0.004557623273526532,0.8882493178378666,1.8691679671505428,-0.30827246408983555,0.8500047877726966,1.0715187387355907,0.09920301850860465,0.4459522209124057,0.885897293292134,0.04178011224956693,0.4122038410594128,0.5141609900242445,-0.1939777919146792,0.2888119505434632,1.8013052881158742,-0.4200827766037144,0.6568513146496767,1.5405163899162753,-0.6903667160809437,0.5914541573713946,1.5906369137448197,-0.6956142569022464,0.5149331901049772,1.6861361117157716,-0.1367266746052843,-0.028730589847098927,1.3201113757708214,-0.26865053907135467,0.7925574705498107,1.5617895073053851,-0.24621636760945345,1.0585600125868588,1.778049472941468,-0.3916656257991758,1.133761032725012,1.2833409644910043,-0.43032024593542756,0.8689427795196998,1.8756138514604,-0.4597274092155575,1.1203825065237007,1.604609680096835,-0.560250237090698,0.726502197369045,1.4035363337456788,-0.5124593333692741,0.7661779613684343,1.617982318464494,-0.05039763788612474,0.009831276265842627,1.522135534625969,-0.2408142305219805,0.37813629436966595,1.7174277945070078,-0.021185031546193438,-0.002503218269206907,1.3168299498147522,-0.3379741599228209,0.8387017116838731,1.5621804861438195,-0.11781133987650963,0.43265529919341694,1.2913704265821846,-0.0939122672556647,0.9055756151873544,1.6321769348832944,-0.4268274048701027,1.0401162489360531,1.4440760535514907,-0.2654219817937605,0.47240503250763116,1.5740710828477973,-0.21948758315368994,0.217823861327195,1.8552064968655442,-0.09421243190469329,0.00012909888009864301,1.435278517915713,-0.448883706420068,0.9818141440682062,1.506359698559275,-0.5306751454705434,0.7799778706980066,1.5005448778338784,-0.4966540299602691,0.696837366811487,1.5628135608916252,-0.30752337561143156,0.7568853335664762,1.4609096103551371,-0.09435130304206678,0.9618150918491628,-1.727525234222412,-17.537586212158203,-21.689546585083008,10.673157691955566,1.5308897495269775,-2.9634084701538086,-0.2343641072511673,-0.005398634821176529,-1.4174010753631592,-0.17872896790504456,-0.024228442460298538,-0.16903290152549744,-247.31944274902344,92.37987518310547,-1168.975341796875,-286.6603698730469,13.906926155090332,37.57609558105469
1.7566313996220264,-0.29406923499723125,1.0113798762788837,1.7182440584069056,-0.38445914946249765,0.8654436630918492,0.5804354426087129,-0.1728062639074608,0.4777888028037462,1.4422336603632033,-0.004600377698638689,0.7067559998951211,1.8725404699906605,-0.2631149519950346,1.0654013598991547,1.7092410918103154,-0.46500200546340437,0.5690092430604214,1.9674153217416723,-0.3366586572879194,1.0547323751923268,1.5418420848467504,-0.7763287178333236,0.5568015261596402,1.6555234853005576,-0.6144506118155475,0.5849103076963235,0.6692303827661549,-0.18085256885021722,0.4944211639315871,1.0073170097458441,0.07486107970112969,0.4013002174382174,0.6433385482292299,-0.2239526199880025,0.39819595000601704,1.6358335558941826,-0.421305193115544,0.5904926622150749,1.0232142691580666,-0.043585673912077134,0.3534160454739006,1.3359896947216512,-0.004118661059294907,0.8890551662208228,1.8695952631779853,-0.3105287557800871,0.8485165386405213,1.071273828184368,0.10142716869021066,0.44900744541591325,0.886023350306694,0.04292540225070818,0.4167145572553401,0.5141711667278743,-0.19590033546386165,0.29418952753212196,1.7982247313916293,-0.4215493822926715,0.6560659558567781,1.532400636483503,-0.6877044362342914,0.5918749018220711,1.5822978738127964,-0.6938488811057137,0.5152914162897905,1.6861766663608173,-0.13687209118873078,-0.028563159018360228,1.3209121270685005,-0.26842717175057396,0.7932253912189937,1.5637436102557654,-0.24693366594069832,1.058517226320229,1.7796500992301283,-0.3930293877195836,1.1327947228160127,1.2821781398444776,-0.42887455067097763,0.8726892135790637,1.8767026382566285,-0.46177499529146965,1.1190706025685697,1.600413793364898,-0.5620368642128064,0.7261263082753744,1.4001621130286468,-0.5123187483146491,0.7685846044922503,1.618020512410347,-0.05034610357702963,0.009869991147903023,1.5226122579037749,-0.24078658459991809,0.37844142821056165,1.7174729018021893,-0.021225680695809667,-0.0024681322643570406,1.316017383771227,-0.3369176608837205,0.8417240706895357,1.563358126886633,-0.1182571813365481,0.4330993049981578,1.2933340558153112,-0.0933413971832257,0.906199034870855,1.6330704290345803,-0.42780774752825285,1.039616092151364,1.4444422236341514,-0.26519708878157155,0.4726644767238604,1.574230008172673,-0.21950089517018653,0.21792748881294235,1.8551630101456547,-0.09449459651842808,0.00020807524344116445,1.4352377234705236,-0.4483808474430186,0.9835176724471791,1.5031408245200357,-0.5315352082252501,0.7808783948421477,1.4964143854892813,-0.4976394002800745,0.6976551575376496,1.5635413069598723,-0.30738010805174215,0.7565927241022224,1.4631189139473515,-0.09464908031043624,0.9621793183664612,-1.8974859714508057,-18.262645721435547,-21.70902442932129,10.83205795288086,1.5611519813537598,-3.0355823040008545,-0.2477777600288391,0.05839037150144577,-1.312503457069397,-0.21038977801799774,-0.04064299166202545,-0.15976618230342865,-247.79197692871094,91.19965362548828,-1176.212646484375,-288.6119384765625,14.222681999206543,38.012638092041016
1.7580619229386185,-0.29558492126251684,1.0105704761893544,1.7182953922164361,-0.3854359497396362,0.8645237009256881,0.5832584450971212,-0.17422648773386779,0.4834385169855016,1.4438982404620442,-0.004148656709369473,0.7074150680903567,1.8745730349559657,-0.26517936256745,1.0639691704156382,1.7051816744520174,-0.46502414168111533,0.569079083224006,1.9689324857383375,-0.339358294000294,1.052773319924904,1.5325405889789,-0.7733946573852704,0.557219793563647,1.6489204261081898,-0.6133376916512748,0.5850592114475389,0.6722089140028353,-0.181281096073768,0.49890719936383476,1.0071274237522225,0.07700210915792066,0.4045487966462476,0.6458140954079217,-0.22406439697801672,0.40269356926545397,1.6325247467353645,-0.4200856283504442,0.5910556282823449,1.0230681225164047,-0.040712374009636086,0.355345575866715,1.3382893224425663,-0.0037427917304017075,0.8898609761173362,1.869929845364678,-0.31273618893118094,0.8471512536931511,1.071102927062685,0.1035567432493958,0.45205428949649756,0.8863171312390574,0.044142041306029875,0.42120353823268647,0.5151070963270616,-0.19679886060736038,0.3005486916232582,1.7952430463389846,-0.42282039987922504,0.6554514576267723,1.524746027608581,-0.6847210255087607,0.5924760707166811,1.57436517374405,-0.6917014696345424,0.5156915542108333,1.6861569897228519,-0.13687935587487474,-0.02855911757180233,1.3217708774355073,-0.26817086965635123,0.7938857685453844,1.565601227694,-0.24765140205523037,1.0584376470142642,1.781255728756355,-0.3945547734566082,1.131875712745237,1.2811829621428685,-0.42749274290160627,0.8764639544171213,1.8778438435879765,-0.46389722582322873,1.11754352091164,1.5962204082517435,-0.5637558129252187,0.7259144868874392,1.3968718697298441,-0.5121835706052401,0.7710784001658294,1.6180597070037135,-0.050304330391994376,0.009869626054034525,1.5230090833262893,-0.24079115664130016,0.37857338268038454,1.7175245133062071,-0.02125242180715235,-0.0024278879486369772,1.315242457468778,-0.3359439846695654,0.8447023242317288,1.5645621308427773,-0.11869377161789414,0.4335008313916377,1.2952645482211713,-0.09286224030402322,0.9068139298072714,1.633923704853121,-0.4288809772161458,1.0390724456862899,1.4448718963474627,-0.2649841169450457,0.4728961433499854,1.5743555657516253,-0.21952621495684252,0.2180399104508738,1.8550921980513642,-0.0948003629432214,0.00029156597679352094,1.435364114132938,-0.4478843098642021,0.9852157742377149,1.4999026687729438,-0.5322180986404419,0.7818098813295364,1.4922598776043645,-0.4985713033091943,0.6987778763502639,1.563861250680014,-0.30741099164580665,0.7563362534077752,1.465235580671702,-0.09489406139546672,0.962543236992217,-2.115299701690674,-18.51841163635254,-21.769264221191406,10.956404685974121,1.559471607208252,-3.147749900817871,-0.36093491315841675,0.10112661123275757,-1.2357804775238037,-0.23454737663269043,-0.0629221498966217,-0.15169158577919006,-248.0982666015625,90.02725219726562,-1184.88037109375,-290.845947265625,14.656149864196777,38.75477981567383
1.7594924462552102,-0.2971006075278022,1.0097610760998252,1.7183467260259666,-0.3864127500167745,0.8636037387595272,0.5860814475855289,-0.1756467115602745,0.48908823116725614,1.4455628205608846,-0.003696935720100334,0.7080741362855923,1.8766055999212705,-0.2672437731398651,1.0625369809321221,1.7011222570937203,-0.46504627789882635,0.5691489233875906,1.9704496497350021,-0.34205793071266816,1.0508142646574816,1.5232390931110513,-0.7704605969372176,0.5576380609676538,1.6423173669158233,-0.6122247714870024,0.5852081151987543,0.6751874452395153,-0.18170962329731868,0.5033932347960817,1.0069378377586011,0.07914313861471126,0.4077973758542773,0.6482896425866131,-0.2241761739680309,0.40719118852489017,1.6292159375765467,-0.4188660635853446,0.5916185943496148,1.022921975874743,-0.03783907410719553,0.3572751062595291,1.3405889501634811,-0.0033669224015085725,0.8906667860138495,1.8702644275513705,-0.31494362208227433,0.8457859687457812,1.0709320259410025,0.1056863178085806,0.4551011335770814,0.8866109121714206,0.04535868036135136,0.42569251921003204,0.5160430259262488,-0.19769738575085893,0.3069078557143934,1.7922613612863403,-0.4240914174657783,0.6548369593967666,1.5170914187336604,-0.6817376147832304,0.5930772396112909,1.5664324736753052,-0.6895540581633715,0.5160916921318761,1.6861373130848865,-0.1368866205610187,-0.02855507612524443,1.322629627802514,-0.26791456756212856,0.794546145871775,1.567458845132234,-0.24836913816976228,1.0583580677082995,1.7828613582825819,-0.39608015919363254,1.1309567026744616,1.2801877844412597,-0.4261109351322352,0.8802386952551783,1.878985048919324,-0.4660194563549874,1.1160164392547103,1.5920270231385896,-0.5654747616376308,0.725702665499504,1.393581626431042,-0.5120483928958312,0.7735721958394081,1.61809890159708,-0.05026255720695913,0.009869260960166028,1.5234059087488034,-0.2407957286826822,0.37870533715020743,1.717576124810225,-0.021279162918495024,-0.002387643632916921,1.3144675311663294,-0.3349703084554104,0.8476805777739214,1.5657661347989213,-0.1191303618992401,0.43390235778511754,1.297195040627031,-0.09238308342482084,0.9074288247436877,1.6347769806716614,-0.4299542069040386,1.0385287992212158,1.445301569060774,-0.2647711451085198,0.47312780997611037,1.5744811233305773,-0.21955153474349848,0.2181523320888052,1.8550213859570737,-0.09510612936801467,0.00037505671014586314,1.4354905047953523,-0.4473877722853857,0.9869138760282503,1.4966645130258525,-0.5329009890556335,0.782741367816925,1.4881053697194486,-0.49950320633831397,0.699900595162878,1.5641811944001558,-0.3074418752398712,0.756079782713328,1.467352247396052,-0.09513904248049716,0.9629071556179728,-2.2067832946777344,-18.498977661132812,-22.19192886352539,11.074972152709961,1.5329428911209106,-3.278449773788452,-0.5094941258430481,0.06273266673088074,-1.3106638193130493,-0.21195422112941742,-0.06534325331449509,-0.14499546587467194,-248.9556884765625,89.02106475830078,-1191.6094970703125,-292.67144775390625,15.070332527160645,39.059814453125
1.76091959658048,-0.2986177503569235,1.0089542792727617,1.7184108718736282,-0.38741465751698456,0.8626900084366073,0.5889081788181466,-0.17705983537810516,0.49474109506962255,1.4472247756869585,-0.003248186663659757,0.7087299124097192,1.8786352458379125,-0.26930839144038815,1.061104947368041,1.697065804178352,-0.46506392649862155,0.5692249041124685,1.9719654114435838,-0.34475819258303014,1.048855064325775,1.5139454030832717,-0.7675142247747905,0.5580594082739179,1.6357246388662736,-0.6111064933191074,0.5853604294409025,0.6781702756092245,-0.1821295806262272,0.5078822914140898,1.0067526303379741,0.08128615579759024,0.4110436036886755,0.6507656762734152,-0.22427999536624021,0.4116904131130662,1.625910871471001,-0.41764304860932955,0.5921839510170829,1.0227774811896266,-0.034958876805096614,0.35920426486343715,1.3428863584995268,-0.0029933718152634413,0.8914713056276965,1.8705978255398226,-0.31714970376712576,0.844422935748732,1.070760715284095,0.10781386159113679,0.45814877674476956,0.8869105593258182,0.04657580993378781,0.4301798467505842,0.5169802014006684,-0.19859363698702764,0.31326853656610837,1.7892800166906904,-0.4253593800675789,0.6542273084848922,1.5094452245740708,-0.6787459630247776,0.5936833219417672,1.5585055149943632,-0.687394439582004,0.5164920767608857,1.6861156726515056,-0.136893615225293,-0.028551437228992088,1.3234961356548283,-0.26765297654251397,0.7952000865873121,1.5693134389176273,-0.24908518408801375,1.0582770091413662,1.7844658953859316,-0.3976087903739599,1.1300373778043205,1.2791978241197322,-0.4247307075273913,0.8840124907083066,1.8801266558912415,-0.4681438019141454,1.1144904421260027,1.5878328288233048,-0.5671904493641378,0.7254944332190697,1.3902954074325944,-0.5119147284930905,0.7760687334253296,1.6181389685498169,-0.050220867532570636,0.00986796438953044,1.523803274955181,-0.24080069187954561,0.37883713989463075,1.7176273899362577,-0.021303788678634254,-0.0023480094259987227,1.3136967219264302,-0.3339997807283276,0.8506589018745925,1.566969919678391,-0.1195664305165903,0.4343019640504919,1.2991264507865272,-0.09190421778437323,0.9080436915553958,1.6356275466498948,-0.4310260372643438,1.0379862422185229,1.4457320628181987,-0.26455845451907606,0.4733595345786075,1.5746066049234757,-0.21957726764264485,0.2182645182439823,1.8549509271485916,-0.09541079368664332,0.0004578304999073853,1.4356176602524637,-0.4468920424284525,0.988611508086817,1.4934309016395093,-0.5335835010208041,0.7836788295712691,1.4839571627560044,-0.5004323427842942,0.701025296520713,1.5645028482999233,-0.30747039783869357,0.7558216916409549,1.4694670203900493,-0.09538546748558019,0.9632700109323918,-2.1296520233154297,-18.69048309326172,-22.570541381835938,11.21347713470459,1.5663388967514038,-3.339963674545288,-0.4893483519554138,-0.0006536942673847079,-1.5073778629302979,-0.15718117356300354,-0.034945420920848846,-0.13870367407798767,-250.7666015625,87.88064575195312,-1197.4189453125,-294.45465087890625,15.514890670776367,38.79509735107422
1.7622145256459316,-0.3001919904884121,1.0082495303343464,1.7189772496160292,-0.3894007681616092,0.8620205663687347,0.5918810768237962,-0.1781946388597518,0.5005174280199775,1.448783831880582,-0.0029159373740993023,0.7092566393463816,1.8805504650469644,-0.27138115268274615,1.059679025845812,1.6931255574257964,-0.4649056604761162,0.5695415948400434,1.9734262034593038,-0.34748296064651524,1.046890177474117,1.5049577019862006,-0.7640852334088842,0.5586014877486701,1.629536891615155,-0.6097781814092045,0.5856464349276183,0.6813216319936786,-0.18221359808516027,0.5124897785139393,1.0067390629787318,0.08350709184313417,0.41419765767672156,0.6532607810781488,-0.22407195756569606,0.4162525665878453,1.6227525330537207,-0.416284785365427,0.5928430192123185,1.022697743201098,-0.031808301436388436,0.3611188493422322,1.3450967669486995,-0.0027107159408204552,0.8922252461610249,1.8708848029572442,-0.3193028079752887,0.8431481792042589,1.0705733508463726,0.10986179892985204,0.461227744126951,0.8874401623839573,0.04781216777713074,0.4346023595688352,0.5179662151841926,-0.19940075105586577,0.3196886744325514,1.7863120180092116,-0.4265075872670734,0.6538076724437689,1.5021288872554615,-0.6754312627757627,0.5944820109582104,1.5508036187153,-0.6847563022809317,0.5169021323421933,1.6860170514378328,-0.13689002503227715,-0.028563578304717476,1.3246667369312006,-0.26718405964753494,0.7956017121573946,1.5710495055116562,-0.24973497431207167,1.058137963544454,1.7860276095125056,-0.3992646429317674,1.1291057127990471,1.2784123850974027,-0.4234124223720161,0.8877492270722288,1.8812840071735002,-0.47035105654735404,1.113006958503597,1.5836069137844826,-0.56877830644317,0.7254268939526666,1.3871669410080314,-0.5118403857117457,0.778672753975091,1.6182132319898794,-0.05018245147553501,0.009830153929624738,1.5242218398889957,-0.2408209883712775,0.37896299500339076,1.7176650770452637,-0.021245492671597883,-0.0023322914841134644,1.31308730153848,-0.33315267369447177,0.8536399918676207,1.5681651167522201,-0.11998204990530639,0.43462630129413093,1.3010938368885718,-0.0914367687031134,0.9086574558785419,1.636371886888087,-0.43204301398321476,1.037486392141178,1.4461947415048713,-0.2643567888152521,0.4735935318548947,1.5747291078630663,-0.2196191945514142,0.21836747347519095,1.8548943171438002,-0.09567225544361875,0.0005125001009086382,1.4357747956616989,-0.44642797526934297,0.9902907266522083,1.490375429194495,-0.5342511777451495,0.7848505217902706,1.480055951914251,-0.5012530291712046,0.7022277136512148,1.5648915412410205,-0.30740636942402416,0.7555000817538887,1.471507559154207,-0.09568849415672531,0.9635911844424064,-1.9275373220443726,-19.536779403686523,-22.803848266601562,11.404275894165039,1.6767514944076538,-3.3598570823669434,-0.33818578720092773,-0.012675678357481956,-1.55214262008667,-0.14461788535118103,-0.014508572407066822,-0.14923301339149475,-253.53768920898438,86.64646911621094,-1203.2020263671875,-296.449951171875,16.04107666015625,38.0952262878418
1.7635094547113834,-0.301766230619901,1.007544781395931,1.7195436273584301,-0.39138687880623413,0.861351124300862,0.5948539748294462,-0.17932944234139866,0.5062937609703333,1.4503428880742053,-0.0025836880845387915,0.7097833662830441,1.8824656842560168,-0.2734539139251045,1.058253104323583,1.6891853106732402,-0.4647473944536108,0.5698582855676183,1.9748869954750237,-0.3502077287100008,1.0449252906224586,1.495970000889128,-0.7606562420429774,0.5591435672234225,1.623349144364035,-0.6084498694993014,0.585932440414334,0.6844729883781331,-0.18229761554409335,0.5170972656137894,1.0067254956194898,0.08572802788867848,0.41735171166476814,0.6557558858828828,-0.2238639197651519,0.42081472006262516,1.6195941946364398,-0.41492652212152425,0.5935020874075542,1.022618005212569,-0.02865772606767972,0.3630334338210276,1.347307175397873,-0.002428060066377421,0.8929791866943536,1.871171780374666,-0.32145591218345204,0.8418734226597856,1.0703859864086505,0.11190973626856765,0.4643067115091329,0.8879697654420966,0.04904852562047389,0.43902487238708693,0.5189522289677171,-0.200207865124704,0.3261088122989955,1.7833440193277321,-0.4276557944665681,0.6533880364026455,1.4948125499368505,-0.6721165625267472,0.5952806999746537,1.5431017224362358,-0.682118164979859,0.5173121879235009,1.6859184302241597,-0.1368864348392613,-0.028575719380442868,1.3258373382075732,-0.2667151427525558,0.7960033377274772,1.5727855721056856,-0.2503847645361297,1.0579989179475418,1.78758932363908,-0.40092049548957515,1.1281740477937736,1.277626946075073,-0.4220941372166407,0.8914859634361518,1.8824413584557589,-0.4725583111805631,1.111523474881191,1.5793809987456595,-0.5703661635222024,0.7253593546862633,1.384038474583468,-0.511766042930401,0.7812767745248528,1.6182874954299422,-0.050144035418499384,0.009792343469719028,1.5246404048228106,-0.24084128486300935,0.3790888501121508,1.71770276415427,-0.0211871966645615,-0.0023165735422282035,1.31247788115053,-0.33230556666061584,0.8566210818606496,1.5693603138260495,-0.12039766929402256,0.43495063853777005,1.3030612229906169,-0.09096931962185349,0.909271220201688,1.6371162271262794,-0.4330599907020859,1.0369865420638331,1.4466574201915439,-0.264155123111428,0.473827529131182,1.5748516108026567,-0.21966112146018357,0.21847042870639966,1.854837707139009,-0.09593371720059422,0.0005671697019099004,1.435931931070934,-0.44596390811023334,0.9919699452175998,1.4873199567494804,-0.534918854469495,0.7860222140092723,1.476154741072497,-0.5020737155581152,0.7034301307817168,1.5652802341821177,-0.30734234100935476,0.7551784718668224,1.473548097918365,-0.09599152082787049,0.963912357952421,-1.8331162929534912,-20.51430892944336,-22.898256301879883,11.529474258422852,1.6981384754180908,-3.387967586517334,-0.23703184723854065,-0.0098180640488863,-1.3166865110397339,-0.1680459827184677,-0.018223239108920097,-0.16721239686012268,-255.4138641357422,85.97027587890625,-1207.8837890625,-298.0371398925781,16.43361473083496,37.66389846801758
1.7648002572406996,-0.30333286425135775,1.0068436932090103,1.7200989841625391,-0.3933486468744593,0.8606847133857526,0.5978087009183617,-0.18045285423070384,0.5120324401665993,1.4518934054090487,-0.0022520604998255964,0.710306994172911,1.8843676593919463,-0.2755148967370291,1.0568372208551067,1.685272677055258,-0.46458733792336576,0.5701731174986884,1.9763367894469506,-0.3529142174894445,1.0429733588995524,1.4870458059753018,-0.757245240622009,0.5596825646248874,1.617204615611904,-0.6071277339726885,0.5862176035413679,0.6876038676066113,-0.18237718505575168,0.5216745588163664,1.0067124658862487,0.08793385336730641,0.42048405337807343,0.6582354042703741,-0.2236539653397554,0.42534883113096855,1.6164585470363795,-0.41357608919112104,0.5941581741863529,1.0225381969616114,-0.025530698777034753,0.3649372270959891,1.3495022105854866,-0.002148373421768836,0.8937277253100414,1.8714562615021963,-0.32359421766356905,0.8406068327411121,1.0702019519363808,0.11394282247846478,0.4673648202261386,0.8884995358669204,0.05027701572471889,0.4434159607287272,0.5199343704229948,-0.20100812929750275,0.3324870589553122,1.7803964962232983,-0.4287933365793417,0.6529710012555912,1.4875502420576996,-0.6688207249767735,0.5960755920568049,1.5354528806067465,-0.6794917086102317,0.5177207904935672,1.6858199605878614,-0.13688310408434332,-0.02858750812018549,1.326999735358535,-0.2662487219501016,0.7964028846349147,1.5745093909320451,-0.25103049621676765,1.0578609326027877,1.7891408315557518,-0.40256764636134457,1.1272486203553662,1.2768487267146837,-0.4207856694594125,0.8951974096677159,1.883590574296105,-0.47475206101967,1.1100502890466855,1.5751843405085686,-0.5719434030798096,0.7252945524967269,1.3809316371450362,-0.5116919215941271,0.7838641712997132,1.6183608628266695,-0.05010549408315823,0.009755214565242363,1.5250574176674647,-0.24086117645762614,0.379213857532337,1.7177409517843991,-0.021130377895488644,-0.002301234129002157,1.3118732907124704,-0.3314643711443769,0.8595821190354048,1.5705480504509628,-0.120811129050539,0.4352723885056199,1.3050137489836735,-0.09050462192652244,0.909880108785945,1.6378549376860358,-0.4340701533469143,1.0364900022153034,1.4471170428572901,-0.26395499686531676,0.47405998023929974,1.5749736605890539,-0.21970327918892665,0.21857289950184475,1.8547813829207263,-0.09619304177579499,0.0006213876868240409,1.4360887538518337,-0.44550364775373447,0.9936381870547666,1.4842851351428508,-0.5355823004482597,0.7871854873682489,1.4722802220590858,-0.5028901711994449,0.7046267224463405,1.5656802306901538,-0.30727998468260104,0.7548612632498836,1.4755745818283383,-0.09629299501512223,0.9642307312283295,-1.9012459516525269,-21.081382751464844,-22.85603141784668,11.564044952392578,1.648679494857788,-3.4299821853637695,-0.26256686449050903,-0.009064680896699429,-1.0809117555618286,-0.17575915157794952,-0.0242893286049366,-0.16057629883289337,-255.82601928710938,85.37503814697266,-1213.4901123046875,-299.6455383300781,16.818180084228516,37.6913948059082
1.7658878278653352,-0.30452487775624176,1.0063228970331861,1.7201115597557548,-0.3941115430550069,0.8601675867442264,0.5998684601081126,-0.18101523019718802,0.5159166719739795,1.4530233839489766,-0.0019510518788400557,0.7106779940080958,1.8856173639265905,-0.2769957918501056,1.0559157115339444,1.6827199903150272,-0.4643390988869383,0.5703964037018896,1.977244929762076,-0.3547204515298468,1.0416594672676744,1.4812492905863082,-0.7547202439892374,0.5600697699169449,1.6131885979349256,-0.6061097853231115,0.5864612804540735,0.689726246903274,-0.18223769316412758,0.5247648025782689,1.0067259142335676,0.0893954834253186,0.4225470655603911,0.6599472916086776,-0.22334961714038,0.42850185368234706,1.6144404221844202,-0.4126112992005634,0.5946674262056287,1.0224549282860282,-0.023563414331007743,0.36630955358214706,1.3509401126413154,-0.0020149213465051104,0.8942102194819229,1.8716178003525892,-0.3250036857874186,0.8397424491430752,1.070181918262646,0.11524449059406636,0.4693956396832369,0.8890375491009642,0.05111801967838928,0.44625939359728034,0.5207257997121242,-0.2014710360903613,0.33680216351289566,1.7784573952883287,-0.42940562317110836,0.6526820601414371,1.4829488840718938,-0.666453875354584,0.5966834851250742,1.530416970418779,-0.6774405381142701,0.5180578322600055,1.685728956137272,-0.13689255065574552,-0.02858194431277695,1.327758079333021,-0.2659052337044912,0.7967000574070886,1.575630007200683,-0.2514763446339708,1.0577751646768179,1.7901896836347135,-0.40378623919573825,1.126630393085101,1.27642607570484,-0.41996070856092793,0.8976633168806301,1.8843391196222494,-0.4762806997492611,1.109084269266255,1.572428579756756,-0.5729977297072377,0.7253645513428757,1.37889002727357,-0.5116287064275994,0.7856328471606928,1.61839010008913,-0.05006078279126954,0.009751652265646008,1.5253979901209571,-0.24086112686932482,0.3792971162902598,1.7178037900798369,-0.021146313096119078,-0.0023045372522423743,1.3115065753065198,-0.33091431787077175,0.8615555549102111,1.5713683599667831,-0.12111822692122282,0.43546671514084795,1.3062344146090625,-0.09017542998818377,0.91024886722991,1.6383163865828356,-0.43474472284514376,1.0361564911359193,1.4474261564924227,-0.26383068891155803,0.47421628256507264,1.5750733925806766,-0.21975680480137566,0.2186515118359335,1.8547391336879984,-0.09634711014859326,0.0006533635794478025,1.4362301796872095,-0.445230872425812,0.9947658250268719,1.4822673673266609,-0.5360373822071693,0.787934131870996,1.469720275591541,-0.5034982626209195,0.7055364099164672,1.5666369278699355,-0.3072999786856948,0.7547608171867219,1.4769088641697206,-0.09651800937062459,0.9644111929745074,-2.0076425075531006,-20.98026466369629,-22.810853958129883,11.560083389282227,1.688431978225708,-3.4650399684906006,-0.35545802116394043,-0.004160082899034023,-1.062883734703064,-0.18707625567913055,-0.03888596594333649,-0.14840568602085114,-255.02264404296875,84.7267837524414,-1218.421630859375,-300.8992919921875,17.17301368713379,38.01201248168945
1.766975398489971,-0.305716891261126,1.005802100857362,1.7201241353489705,-0.3948744392355546,0.8596504601027003,0.6019282192978638,-0.18157760616367224,0.5198009037813602,1.4541533624889045,-0.0016500432578544638,0.7110489938432807,1.886867068461235,-0.2784766869631824,1.054994202212782,1.6801673035747957,-0.46409085985051085,0.5706196899050908,1.9781530700772014,-0.35652668557024947,1.0403455756357964,1.4754527751973134,-0.7521952473564654,0.5604569752090025,1.6091725802579464,-0.6050918366735345,0.5867049573667792,0.691848626199937,-0.18209820127250342,0.5278550463401718,1.0067393625808867,0.09085711348333105,0.4246100777427092,0.6616591789469813,-0.22304526894100454,0.4316548762337261,1.6124222973324605,-0.4116465092100055,0.5951766782249046,1.022371659610445,-0.0215961298849804,0.36768188006830527,1.3523780146971442,-0.0018814692712413623,0.8946927136538044,1.871779339202982,-0.32641315391126846,0.8388780655450379,1.0701618845889111,0.11654615870966814,0.47142645914033543,0.889575562335008,0.051959023632059814,0.449102826465834,0.5215172290012536,-0.20193394288321995,0.3411172680704798,1.7765182943533588,-0.43001790976287513,0.652393119027283,1.4783475260860874,-0.6640870257323941,0.5972913781933437,1.5253810602308109,-0.6753893676183081,0.5183948740264438,1.6856379516866824,-0.13690199722714771,-0.02857638050536841,1.3285164233075073,-0.2655617454588808,0.7969972301792625,1.5767506234693212,-0.25192219305117397,1.057689396750848,1.7912385357136758,-0.4050048320301321,1.1260121658148354,1.276003424694996,-0.4191357476624432,0.9001292240935446,1.8850876649483939,-0.47780933847885254,1.1081182494858244,1.5696728190049432,-0.574052056334666,0.7254345501890246,1.3768484174021032,-0.5115654912610718,0.7874015230216727,1.6184193373515905,-0.050016071499380844,0.009748089966049651,1.5257385625744497,-0.2408610772810235,0.37938037504818267,1.7178666283752744,-0.021162248296749512,-0.002307840375482592,1.3111398599005692,-0.33036426459716645,0.8635289907850177,1.5721886694826037,-0.12142532479190668,0.43566104177607606,1.3074550802344518,-0.08984623804984504,0.9106176256738752,1.6387778354796352,-0.43541929234337334,1.0358229800565353,1.4477352701275554,-0.26370638095779925,0.4743725848908456,1.575173124572299,-0.21981033041382467,0.2187301241700223,1.8546968844552703,-0.09650117852139158,0.0006853394720715694,1.4363716055225852,-0.44495809709788947,0.9958934629989775,1.4802495995104707,-0.5364924639660791,0.7886827763737432,1.467160329123996,-0.5041063540423942,0.7064460973865938,1.5675936250497173,-0.30731997268878863,0.7546603711235602,1.4782431465111032,-0.096743023726127,0.9645916547206853,-2.0333473682403564,-20.73394775390625,-23.018781661987305,11.676115989685059,1.8032763004302979,-3.488661289215088,-0.4561270773410797,-0.035348352044820786,-1.1871322393417358,-0.21466177701950073,-0.0668431743979454,-0.1739913821220398,-254.08767700195312,83.95033264160156,-1223.0452880859375,-302.2522888183594,17.606895446777344,38.16695785522461
1.7680633924654776,-0.30691232058583495,1.0052797711448165,1.7201344319526723,-0.3956378632724679,0.8591295730396612,0.6040053743597685,-0.18213896194337217,0.523714267753607,1.4552915860090823,-0.0013456676133260291,0.711424660307682,1.8881235933856457,-0.27997042026543445,1.0540660637498693,1.677597870495146,-0.4638384496238058,0.5708466607411176,1.9790664901401822,-0.35834682787096245,1.0390212198361657,1.4696178710618562,-0.749647345073176,0.5608489554844155,1.6051312722512432,-0.604062747975059,0.5869519352320803,0.6939885461369885,-0.18195373597030612,0.5309696046524487,1.0067532769102134,0.09233077677176474,0.42668812050922006,0.6633846212104455,-0.2227369667777163,0.4348337027608161,1.6103950506014542,-0.4106723955826255,0.5956912141367299,1.022285387808124,-0.01961744554180497,0.3690651538750982,1.3538255419162724,-0.00174781768054653,0.8951783042080355,1.8719413653509507,-0.3278300978786107,0.838009510904748,1.070143144651754,0.11785714420804506,0.4734724946566763,0.8901183973282377,0.052808919360256654,0.4519672590178367,0.5223130421922696,-0.2023981108472047,0.345468486973781,1.77456667407459,-0.43063246794291676,0.652105251388834,1.4737162777524915,-0.6616979605512117,0.5979056697807564,1.5203109711211253,-0.6733190495249454,0.5187389854563782,1.6855467441460945,-0.13691143906175696,-0.028570760004469103,1.3292802418304595,-0.2652183852547052,0.7972958006014097,1.5778791863002524,-0.25237112082787694,1.0576030604097229,1.792295048963155,-0.40623319479605996,1.1253889885959247,1.2755785639712354,-0.4183055244830271,0.9026137187780922,1.8858404893748808,-0.479350246834439,1.107144009593307,1.5668955123582426,-0.5751122660589533,0.7255059339550157,1.3747957867897111,-0.5115013568606598,0.7891836413089801,1.6184478676477014,-0.04997091163689925,0.009745310217956238,1.5260798070604438,-0.24086091948660793,0.3794633438255613,1.71793019495263,-0.021178516340349483,-0.00231164824703264,1.310771432736062,-0.3298117976314975,0.8655169603248304,1.5730145938743818,-0.1217347920582389,0.4358554715845758,1.3086841554436461,-0.08951716604858441,0.9109895083288483,1.6392434284781778,-0.43609926785459574,1.035487454655944,1.4480450404006124,-0.2635816758535556,0.4745304886967141,1.5752735641223705,-0.21986423134310357,0.21880853600454644,1.854654328515198,-0.09665606080844306,0.0007175033148231622,1.436515743171932,-0.4446845631429691,0.9970291185852707,1.4782184395963784,-0.5369515844330882,0.789437496109514,1.464580365561492,-0.5047169843848966,0.7073631724774442,1.5685400060865262,-0.30734017570287187,0.7545577411027934,1.4795864015225542,-0.09696978673536254,0.9647735804319382,-2.0283188819885254,-20.96197509765625,-23.435882568359375,11.929814338684082,1.842856526374817,-3.5148324966430664,-0.4644307494163513,-0.07966257631778717,-1.2630318403244019,-0.21319624781608582,-0.07085654139518738,-0.2004905492067337,-253.8767852783203,83.394287109375,-1226.676513671875,-303.64019775390625,17.974117279052734,37.87046432495117
1.7691793275984706,-0.30833319401898907,1.0046562280086493,1.7199943152484516,-0.3964361258295197,0.8583604981567687,0.6072306569838363,-0.18263298539531148,0.5295503546070572,1.4569739782257582,-0.000819068414965606,0.7121083243003743,1.88983026403465,-0.2823114740532752,1.0527004019314092,1.67392317901384,-0.4633107408387772,0.5713168173436297,1.9803283735616317,-0.3610849153521831,1.03700622896485,1.4612493096597947,-0.7455876698557119,0.5615560846612943,1.5994208024827068,-0.6022984160492754,0.5874167759686906,0.6972861483397069,-0.18148102557027582,0.5356889232894437,1.006797946052046,0.09459863326802133,0.4297581818324837,0.6660046885345153,-0.22216770299617825,0.4397155916848714,1.6077657598533381,-0.4090829219249702,0.5965544869568173,1.0220009096410891,-0.016886367986830176,0.37117095084379814,1.355908329913158,-0.0016009980713985782,0.8958682559973355,1.872135553138935,-0.3297404475164727,0.83686566747577,1.0702097913287334,0.11978307696959808,0.4765227900830322,0.8909794684277464,0.05424567220720218,0.456217670677513,0.5233981929078007,-0.20294551610551917,0.3522032526944639,1.7717887771050664,-0.4313969509491067,0.6518882331469201,1.4671122664647394,-0.6578426684764841,0.5989422636316311,1.5129850731780206,-0.6699849900030935,0.5195496946770622,1.6854421326656215,-0.13692056826803067,-0.02856139773317915,1.330405380552178,-0.26488347578522387,0.7976866159218036,1.5795322222425445,-0.25302328633156823,1.0574792086683362,1.793857199466781,-0.40810637304324954,1.1244391147664052,1.275007862128959,-0.41712799076212964,0.9063249865904545,1.8868757344239593,-0.48170095050571743,1.1056272423030526,1.5626961766489298,-0.5765607601759448,0.7256687224306018,1.3720157872762115,-0.5113765530238878,0.7918529597339248,1.6184297381647375,-0.04989614611528568,0.00979417886905717,1.5264654056915383,-0.24085362008865305,0.37952717388702545,1.7180418281365704,-0.02121675201993904,-0.0023487695070316616,1.3102900295068096,-0.3291000269896148,0.8684641517550736,1.5742111000793657,-0.12220063943736595,0.4360567108290085,1.3104682631839977,-0.08919600989447528,0.9115675889103617,1.63998253219175,-0.4371360402233552,1.0350189840556772,1.4483981487766795,-0.26343075881730643,0.4747940901888916,1.5754207025300588,-0.2199429031831539,0.21887371486780657,1.8545915298904014,-0.09686466143620723,0.0007620718660116736,1.4368388605433584,-0.44436095980618967,0.9986939367079575,1.4753034012207136,-0.5376772596346621,0.7905931812248481,1.4606792737316616,-0.5054951835152328,0.7087678305360654,1.568805521687135,-0.30737417344225954,0.7543109698800852,1.4815218527585463,-0.09731196089098781,0.9650521278381348,-1.9464293718338013,-21.53852081298828,-23.735912322998047,12.036429405212402,1.7890115976333618,-3.521284818649292,-0.37241968512535095,-0.023637952283024788,-1.4116283655166626,-0.17431658506393433,-0.037984613329172134,-0.18141880631446838,-254.5002899169922,83.24213409423828,-1229.389404296875,-304.7151794433594,18.249631881713867,37.13112258911133
1.7702952627314636,-0.30975406745214334,1.004032684872482,1.7198541985442306,-0.39723438838657166,0.857591423273876,0.6104559396079045,-0.18312700884725086,0.5353864414605084,1.4586563704424347,-0.00029246921660509287,0.7127919882930667,1.8915369346836546,-0.28465252784111644,1.051334740112949,1.6702484875325336,-0.4627830320537485,0.5717869739461419,1.9815902569830812,-0.3638230028334043,1.034991238093534,1.4528807482577317,-0.7415279946382471,0.562263213838173,1.5937103327141693,-0.6005340841234914,0.5878816167053008,0.7005837505424259,-0.18100831517024546,0.5404082419264395,1.0068426151938785,0.09686648976427831,0.43282824315574786,0.6686247558585856,-0.2215984392146401,0.4445974806089275,1.6051364691052215,-0.4074934482673146,0.5974177597769049,1.021716431474054,-0.014155290431854919,0.3732767478124985,1.3579911179100441,-0.0014541784622506013,0.8965582077866359,1.8723297409269195,-0.331650797154335,0.8357218240467917,1.0702764380057126,0.12170900973115142,0.47957308550938865,0.8918405395272552,0.05568242505414795,0.46046808233719,0.5244833436233318,-0.20349292136383373,0.35893801841514794,1.7690108801355424,-0.43216143395529677,0.6516712149050062,1.4605082551769863,-0.653987376401756,0.599978857482506,1.5056591752349147,-0.6666509304812412,0.5203604038977465,1.6853375211851487,-0.13692969747430442,-0.028552035461889197,1.3315305192738969,-0.26454856631574253,0.7980774312421975,1.5811852581848371,-0.2536754518352597,1.0573553569269496,1.795419349970407,-0.40997955129043945,1.1234892409368855,1.2744371602866824,-0.415950457041232,0.9100362544028175,1.8879109794730382,-0.48405165417699625,1.1041104750127981,1.5584968409396165,-0.5780092542929365,0.7258315109061879,1.3692357877627113,-0.5112517491871158,0.79452227815887,1.6184116086817735,-0.049821380593672096,0.00984304752015811,1.526851004322633,-0.24084632069069817,0.37959100394848955,1.7181534613205107,-0.0212549876995286,-0.0023858907670306897,1.3098086262775572,-0.32838825634773205,0.8714113431853174,1.57540760628435,-0.1226664868164931,0.43625795007344115,1.3122523709243497,-0.08887485374036609,0.9121456694918753,1.6407216359053227,-0.4381728125921148,1.0345505134554098,1.4487512571527468,-0.2632798417810573,0.47505769168106926,1.5755678409377472,-0.2200215750232043,0.21893889373106673,1.854528731265605,-0.09707326206397142,0.0008066404172001928,1.4371619779147848,-0.4440373564694101,1.0003587548306447,1.4723883628450483,-0.538402934836236,0.7917488663401825,1.4567781819018306,-0.5062733826455691,0.7101724885946867,1.5690710372877437,-0.3074081711816472,0.7540641986573768,1.4834573039945387,-0.09765413504661313,0.9653306752443314,-1.7344131469726562,-22.04970932006836,-23.82591438293457,11.978446960449219,1.7804031372070312,-3.5073153972625732,-0.2749399244785309,0.05647756904363632,-1.545030951499939,-0.14773176610469818,-0.008653450757265091,-0.15792325139045715,-255.09268188476562,83.15238952636719,-1232.74072265625,-305.7427062988281,18.649343490600586,36.113426208496094
1.7714100748497918,-0.31117422405062917,1.0034080791157602,1.7197144619676452,-0.39803372343249666,0.8568242223846991,0.6136829097144649,-0.18361764529485575,0.5412237338277676,1.460338327268891,0.00023357524405098932,0.713474592033601,1.8932433234934773,-0.2869937825479254,1.0499701823619818,1.666575975370723,-0.46225334151296427,0.5722583123784981,1.9828515447528157,-0.36656151070500037,1.0329769443202492,1.44451553655776,-0.7374638155201415,0.5629717687897334,1.588002460287107,-0.5987666201907279,0.5883475581541756,0.7038819379364416,-0.1805323394915916,0.5451284954879455,1.0068894091820875,0.09913503869578529,0.43589756277618014,0.6712454241632625,-0.2210265392597938,0.44948075830146944,1.6025086333420104,-0.4059026830441116,0.5982812127924912,1.0214316773888292,-0.011424874584653239,0.37538444433385953,1.3600727947342475,-0.0013080091849401233,0.8972484246389755,1.8725240210823666,-0.33356127833688487,0.8345795269833496,1.0703424700838051,0.12363498477844995,0.4826230911032252,0.8927028723899891,0.05712065988818534,0.4647178175236214,0.5255722064056143,-0.20403911933204194,0.3656747113197842,1.7662338831566817,-0.4329243982272432,0.651455381453432,1.4539092562056537,-0.650129983756716,0.601017551311594,1.4983350756942044,-0.6633116127244686,0.5211702871401578,1.6852331394391344,-0.13693878039816357,-0.028542676595169188,1.3326560448337075,-0.2642130737273109,0.7984671359820081,1.5828370321665377,-0.2543276005628093,1.0572312754511044,1.7969811187674667,-0.41185414662819025,1.1225391026364258,1.273869341572389,-0.41477355321511533,0.9137468653798891,1.888945568081559,-0.4864034664551942,1.102592372736394,1.5542985370617042,-0.5794574557155963,0.7259955712106844,1.3664556291719148,-0.511127738763165,0.7971927194011131,1.618393412883708,-0.049746934287496755,0.009891694439390045,1.5272368725561938,-0.24083959952687586,0.3796566489911237,1.718265464369035,-0.021292935995175347,-0.002423154379839433,1.3093283480366333,-0.32767653869872065,0.8743575985068516,1.5766036155208056,-0.12313175102732828,0.43645845777941067,1.3140355782793056,-0.08855457157390008,0.9127233206041601,1.6414595684468352,-0.4392086817136663,1.034082437193157,1.4491047298671393,-0.2631287029050044,0.475321413764101,1.5757150756602256,-0.22010010648642153,0.21900465951257983,1.8544656433017048,-0.0972826282758981,0.0008514374660309499,1.4374855859390157,-0.4437138155004047,1.0020233763764235,1.4694730576300465,-0.5391282326733039,0.7929061021631126,1.4528777698017905,-0.5070515298685491,0.7115778218436715,1.569338664708548,-0.307442555364394,0.753816000081056,1.4853916105055651,-0.09799671057142957,0.9656096102780853,-1.4831719398498535,-22.38507080078125,-23.743770599365234,11.972457885742188,1.89179527759552,-3.4991965293884277,-0.2376294732093811,0.04085104912519455,-1.4981775283813477,-0.15983302891254425,-0.011730559170246124,-0.16246026754379272,-254.40579223632812,82.87202453613281,-1235.442626953125,-306.47564697265625,19.04657745361328,35.45840072631836
1.7724131470089717,-0.3125230555996199,1.002677742613862,1.7196125480907642,-0.3989397711213061,0.8562434838702347,0.6170777843290604,-0.18377127481118732,0.5471809748190123,1.4619769627684787,0.0007044233031248983,0.7140517006844084,1.8949216693047655,-0.28935502869206525,1.048715479326564,1.6631203054987045,-0.4615264662744984,0.5728472428803412,1.984053565176907,-0.36934184741894904,1.031032011801044,1.436483620215726,-0.732951498288193,0.5638221883221177,1.5825530233367395,-0.5966875215634607,0.5889230204733791,0.7072383518645302,-0.17973146858989017,0.5499417740382891,1.0071476253847413,0.10147248493470476,0.4388930829648937,0.6739258900383448,-0.22019234006077257,0.454502218458431,1.6000255685768383,-0.4041834070489108,0.5991625952602222,1.0211194694436938,-0.00876029866087639,0.3776811463449962,1.3620439098765518,-0.0012265479254585747,0.8979650152637468,1.8727274918003587,-0.3354848482158798,0.8335910932907207,1.0703473495726554,0.12556516725742642,0.4856442583613835,0.8936907506936432,0.05870635243786472,0.46890024362218263,0.5270304198296653,-0.2044651919346771,0.3726031590277779,1.763546435248773,-0.4335362484419582,0.6513574346406571,1.4478089827180705,-0.6460635843655925,0.6022651929729032,1.491189917191765,-0.6594491005930683,0.5218979855444257,1.685151616271758,-0.1369432582217731,-0.028533656483158372,1.333820060783664,-0.263819560803325,0.7987463379537822,1.584363241069364,-0.2549780800642556,1.0570843353966215,1.7985049077611883,-0.4138697424767821,1.1215626494773967,1.2735883940924082,-0.41365932391968796,0.9173921212455292,1.8899148408545563,-0.48886558512188716,1.1009414393380779,1.55020290040812,-0.5808765340522424,0.7262861784917629,1.3636596423900682,-0.5110826729149218,0.7999748809645505,1.6183686187330462,-0.04970424991742468,0.009918279037656666,1.5276495662351317,-0.24089041265924244,0.37990288466017763,1.7184142689436477,-0.021302289588512567,-0.002474582097215561,1.3089600061343996,-0.32697009384040016,0.8772107110118231,1.5777501763886963,-0.12353898999312063,0.43658617740830047,1.3157291972874015,-0.08832125117792596,0.9132582395282012,1.642080969368385,-0.44015467773802225,1.0336535975633079,1.4494944542449042,-0.26295549096848003,0.4755971346371221,1.5758718937043323,-0.22016467045474525,0.21912882366026473,1.8543737660970119,-0.09756817011199642,0.0009189700302652434,1.4378580139172787,-0.44339648012491256,1.0036684385198629,1.4665312019010257,-0.5398159827420252,0.7942176333918476,1.449044990815864,-0.5078245123095859,0.7130503365338242,1.569816418238823,-0.30751539066137856,0.753425779820278,1.4872120168824858,-0.09837922233076676,0.965927114253802,-1.4431548118591309,-22.597835540771484,-23.85025978088379,12.14452075958252,1.9936727285385132,-3.511587142944336,-0.23158703744411469,-0.012256230227649212,-1.3080590963363647,-0.20545010268688202,-0.0394337959587574,-0.17075803875923157,-252.4392547607422,82.51298522949219,-1238.052490234375,-307.269775390625,19.412506103515625,35.19554901123047
1.7734162191681513,-0.3138718871486106,1.0019474061119635,1.7195106342138833,-0.39984581881011544,0.8556627453557704,0.6204726589436558,-0.18392490432751887,0.553138215810257,1.4636155982680665,0.0011752713621988073,0.7146288093352159,1.8966000151160534,-0.29171627483620516,1.0474607762911463,1.659664635626686,-0.46079959103603246,0.5734361733821843,1.9852555856009981,-0.3721221841328977,1.0290870792818387,1.4284517038736924,-0.7284391810562444,0.564672607854502,1.5771035863863718,-0.5946084229361935,0.5894984827925827,0.7105947657926188,-0.17893059768818873,0.5547550525886327,1.007405841587395,0.10380993117362425,0.4418886031536073,0.6766063559134271,-0.21935814086175134,0.4595236786153925,1.5975425038116662,-0.4024641310537101,0.600043977727953,1.0208072614985586,-0.006095722737099541,0.37997784835613296,1.3640150250188559,-0.0011450866659770262,0.8986816058885182,1.872930962518351,-0.3374084180948747,0.8326026595980918,1.0703522290615057,0.1274953497364029,0.4886654256195418,0.8946786289972973,0.06029204498754409,0.47308266972074386,0.5284886332537163,-0.20489126453731227,0.37953160673577163,1.7608589873408644,-0.4341480986566732,0.6512594878278821,1.441708709230487,-0.6419971849744689,0.6035128346342122,1.4840447586893255,-0.6555865884616681,0.5226256839486936,1.6850700931043814,-0.13694773604538266,-0.028524636371147556,1.3349840767336205,-0.2634260478793391,0.7990255399255562,1.5858894499721903,-0.2556285595657019,1.0569373953421384,1.8000286967549102,-0.4158853383253739,1.1205861963183676,1.2733074466124277,-0.4125450946242606,0.9210373771111692,1.8908841136275536,-0.49132770378858015,1.0992905059397617,1.5461072637545359,-0.5822956123888885,0.7265767857728415,1.3608636556082219,-0.5110376070666787,0.8027570425279879,1.618343824582384,-0.0496615655473526,0.00994486363592329,1.5280622599140696,-0.24094122579160904,0.3801491203292316,1.7185630735182604,-0.021311643181849787,-0.0025260098145916884,1.3085916642321656,-0.3262636489820797,0.8800638235167948,1.5788967372565867,-0.12394622895891297,0.4367138970371903,1.3174228162954973,-0.08808793078195183,0.9137931584522423,1.642702370289935,-0.44110067376237816,1.0332247579334588,1.4498841786226688,-0.26278227903195567,0.4758728555101432,1.5760287117484388,-0.22022923442306896,0.21925298780794963,1.8542818888923192,-0.09785371194809474,0.000986502594499537,1.4382304418955416,-0.4430791447494204,1.0053135006633023,1.4635893461720049,-0.5405037328107467,0.7955291646205824,1.4452122118299375,-0.5085974947506228,0.714522851223977,1.570294171769098,-0.3075882259583631,0.7530355595595001,1.4890324232594063,-0.09876173409010396,0.9662446182295186,-1.6238933801651,-22.63290786743164,-24.226045608520508,12.28735637664795,1.9830296039581299,-3.5126004219055176,-0.24145814776420593,-0.014059169217944145,-1.2271885871887207,-0.22672772407531738,-0.052495889365673065,-0.1711580753326416,-249.42605590820312,82.27764129638672,-1240.74951171875,-308.2586364746094,19.7557430267334,35.17985534667969
1.7744186465313891,-0.31522128188254817,1.0012175254277047,1.7194085983645837,-0.4007519117945077,0.85508211845199,0.6238659675547618,-0.1840763468517373,0.5590924815034234,1.4652534664071948,0.0016463891655477947,0.7152061557138203,1.898277379029634,-0.294076093972124,1.0462069053523588,1.6562118601325333,-0.46007217708605014,0.5740250735882891,1.986456423997879,-0.3749008001574617,1.0271429599120918,1.420425999835627,-0.7239285258465257,0.5655234028764118,1.571658192880896,-0.5925291222057596,0.5900736725488246,0.7139496458879369,-0.17812877639338673,0.5595659172495469,1.0076644239046715,0.10614648465042473,0.44488228211142367,0.6792850830894431,-0.21852347814780199,0.4645431476416966,1.5950614119207622,-0.4007451857458677,0.6009251147705987,1.0204955955214847,-0.003432033097815587,0.3822727580338913,1.3659844805073265,-0.0010640016889557342,0.8993977513534344,1.873134324882204,-0.33933038121422393,0.8316148787934259,1.0703580067647214,0.12942429858919796,0.4916844700543296,0.895666938250428,0.061877551932652625,0.4772624452382523,0.5299472416078808,-0.20531591814973496,0.38645737282685083,1.758173535596456,-0.4347585405636307,0.6511617806178844,1.435613401480858,-0.6379319225123388,0.6047601055427893,1.476906878466638,-0.6517254952958089,0.5233548882583908,1.6849886796727085,-0.1369521278419242,-0.028515636051283374,1.3361473079548767,-0.2630334199461716,0.7993051764980846,1.5874144525717426,-0.25627870403772945,1.0567906382462837,1.8015513518788167,-0.41790035268328835,1.1196103214428126,1.2730268151160107,-0.41143196312994357,0.9246802820472527,1.8918527323283896,-0.49378837319399344,1.0976398691831046,1.5420142398370023,-0.5837131847214225,0.7268675918018581,1.358070458994796,-0.5109924286209195,0.8055379057167381,1.618319049378894,-0.04961890940067192,0.009971315477549142,1.5284749867505585,-0.24099198689326545,0.3803950272845906,1.7187116400690268,-0.021320872770511354,-0.0025773506649362766,1.3082240231779239,-0.3255582664482641,0.8829154507411237,1.5800425842503047,-0.12435311784610052,0.43684142640489615,1.3191152990653814,-0.08785492284161761,0.9143276913276571,1.6433234234519352,-0.4420458087265886,1.0327962713920518,1.4502737824095795,-0.26260921363996353,0.4761485162357621,1.5761855015691542,-0.22029315374347547,0.21937719981698012,1.8541900695159734,-0.0981388802189898,0.0010540608375638535,1.4386027873746607,-0.4427619814280643,1.0069576462373038,1.4606492991084294,-0.5411908825896433,0.7968404056220655,1.441382067290363,-0.5093698743360722,0.7159951919356718,1.5707713420817393,-0.3076614084227985,0.7526456082104058,1.4908516971480767,-0.09914402551455608,0.9665619767462181,-1.6917004585266113,-22.561664581298828,-24.584121704101562,12.251627922058105,1.9337283372879028,-3.4899063110351562,-0.35853004455566406,-0.008476466871798038,-1.3312711715698242,-0.19980338215827942,-0.047802820801734924,-0.1705370545387268,-247.04501342773438,82.19446563720703,-1242.6795654296875,-309.0085144042969,20.011703491210938,35.03723907470703
1.7752921147062288,-0.31668331360580104,1.0005788082713323,1.7192821680315282,-0.4016670638954402,0.8545238136850446,0.6269460754678736,-0.18379039095332292,0.564451687580702,1.4667378624543448,0.0021714558238965015,0.7158310476517835,1.8997583634016528,-0.29615051146374616,1.0451194537396464,1.6533379602116467,-0.4592370208328134,0.5746079146467297,1.9874208569526672,-0.3773352783049967,1.0253614704340501,1.41364275659157,-0.7197502750829359,0.5664492958034111,1.5670214883539064,-0.5904094008420478,0.5905943497127255,0.7169977594290345,-0.17713687647849527,0.5638940040244169,1.0079962291464901,0.10830448570334343,0.4475077148896967,0.6816160704521153,-0.21759611244825344,0.46916439053633324,1.592974894883617,-0.3990923779097615,0.6017571667961726,1.0202923231566978,-0.0009456003572028793,0.38420920103590994,1.3676220052289645,-0.001058173203988877,0.9000248648472968,1.873316016418255,-0.3409309924043566,0.8307576755814206,1.0705434273410317,0.1311065222056495,0.49427894981491627,0.8967414373988346,0.0634259379635385,0.48091210454504985,0.531484835984691,-0.2054567737196455,0.39284681553477435,1.755887316552219,-0.43508732091906843,0.6511119939633553,1.430511241322322,-0.6340940458490362,0.6059332259048689,1.4712246541945355,-0.6481481952383031,0.5243852736539398,1.684929213381761,-0.1369393142248621,-0.028510594160746264,1.3371535934359822,-0.26281779017669477,0.7996717332214709,1.5886981945164156,-0.25686184262597794,1.0566804728760624,1.8028472330396537,-0.4197990689056597,1.1187501032620866,1.2728093803323657,-0.41053839185774726,0.927853001071917,1.892690536596917,-0.4959591903433893,1.0960485607583004,1.5384437631297587,-0.584829556231467,0.7271981474184832,1.3558352960656022,-0.5109247306719521,0.808059093967968,1.6182980636097737,-0.049581897932271295,0.00997121599101961,1.5288943450971944,-0.24103234185288283,0.3805751915009606,1.7188126018505223,-0.021305301424041884,-0.0026113181089710987,1.3079965517220908,-0.3250653488154443,0.8854700218368049,1.5810456564094846,-0.12468999101231427,0.436930903535805,1.3205805341928998,-0.0876844060292702,0.9147850144777866,1.643874924703939,-0.4428187316616639,1.0324384025390574,1.4506392680256572,-0.2624654571544256,0.4764121474809204,1.5763366467115896,-0.22022814348043984,0.21951098409512185,1.854109815809111,-0.09834933544922347,0.001126754846630477,1.4389586330249609,-0.4424792289339154,1.0084184779236647,1.4580709851340745,-0.5417579744035834,0.7980936011731229,1.4380788120212937,-0.510021682803994,0.7174327369557311,1.5711318688676847,-0.307804024377406,0.7523094391980708,1.4924444733866002,-0.09948224996198089,0.9668502434594741,-1.399581789970398,-22.68251609802246,-24.796232223510742,12.24498176574707,1.9479740858078003,-3.4722342491149902,-0.5112295150756836,-0.005468697287142277,-1.5028834342956543,-0.15506674349308014,-0.03622687980532646,-0.1575850248336792,-245.1898651123047,81.90632629394531,-1244.7620849609375,-309.6932678222656,20.350257873535156,34.308753967285156
1.7761655828810685,-0.318145345329054,0.9999400911149601,1.719155737698473,-0.40258221599637267,0.8539655089180991,0.6300261833809855,-0.18350443505490857,0.5698108936579805,1.4682222585014948,0.002696522482245209,0.7164559395897466,1.9012393477736718,-0.2982249289553684,1.0440320021269338,1.65046406029076,-0.45840186457957666,0.5751907557051702,1.9883852899074552,-0.3797697564525317,1.0235799809560082,1.4068595133475128,-0.7155720243193461,0.5673751887304103,1.562384783826917,-0.5882896794783361,0.5911150268766263,0.7200458729701322,-0.17614497656360378,0.568222090799287,1.0083280343883085,0.11046248675626213,0.45013314766796975,0.6839470578147873,-0.2166687467487049,0.47378563343096985,1.5908883778464717,-0.3974395700736553,0.6025892188217465,1.020089050791911,0.001540832383409828,0.38614564403792856,1.3692595299506027,-0.0010523447190220196,0.9006519783411594,1.8734977079543056,-0.34253160359448925,0.8299004723694152,1.070728847917342,0.13278874582210104,0.49687342957550296,0.8978159365472413,0.06497432399442438,0.4845617638518474,0.5330224303615012,-0.205597629289556,0.39923625824269793,1.7536010975079823,-0.4354161012745061,0.651062207308826,1.4254090811637858,-0.6302561691857336,0.6071063462669485,1.4655424299224329,-0.6445708951807974,0.5254156590494887,1.6848697470908134,-0.1369265006078,-0.028505552270209157,1.3381598789170877,-0.26260216040721795,0.8000382899448572,1.5899819364610885,-0.25744498121422643,1.0565703075058412,1.804143114200491,-0.42169778512803113,1.1178898850813608,1.2725919455487207,-0.40964482058555096,0.9310257200965815,1.8935283408654446,-0.49813000749278513,1.094457252333496,1.5348732864225152,-0.5859459277415117,0.7275287030351083,1.3536001331364085,-0.5108570327229848,0.8105802822191981,1.6182770778406534,-0.049544886463870674,0.00997111650449008,1.5293137034438302,-0.2410726968125002,0.38075535571733055,1.7189135636320176,-0.021289730077572417,-0.002645285553005921,1.3077690802662578,-0.3245724311826245,0.888024592932486,1.5820487285686644,-0.125026864178528,0.43702038066671384,1.3220457693204184,-0.08751388921692278,0.9152423376279161,1.644426425955943,-0.44359165459673916,1.0320805336860632,1.4510047536417348,-0.2623217006688876,0.4766757787260788,1.5764877918540248,-0.22016313321740422,0.21964476837326358,1.8540295621022485,-0.09855979067945715,0.0011994488556971007,1.4393144786752612,-0.44219647643976656,1.0098793096100256,1.4554926711597194,-0.5423250662175235,0.7993467967241804,1.4347755567522242,-0.5106734912719157,0.7188702819757902,1.57149239565363,-0.3079466403320135,0.7519732701857359,1.4940372496251237,-0.09982047440940572,0.9671385101727302,-0.9931000471115112,-23.16938591003418,-24.66012191772461,12.360322952270508,1.9857285022735596,-3.461134672164917,-0.5403087735176086,-0.004332335200160742,-1.5352565050125122,-0.147312194108963,-0.03399988263845444,-0.12621670961380005,-244.2783660888672,81.32244110107422,-1246.5572509765625,-310.2600402832031,20.694814682006836,33.21824645996094
1.7770390510559082,-0.31960737705230713,0.9993013739585876,1.7190293073654175,-0.4034973680973053,0.8534072041511536,0.6331062912940979,-0.18321847915649414,0.57517009973526,1.469706654548645,0.0032215891405940056,0.71708083152771,1.902720332145691,-0.30029934644699097,1.0429445505142212,1.647590160369873,-0.4575667083263397,0.5757735967636108,1.9893497228622437,-0.38220423460006714,1.0217984914779663,1.4000762701034546,-0.7113937735557556,0.5683010816574097,1.5577480792999268,-0.586169958114624,0.5916357040405273,0.7230939865112305,-0.17515307664871216,0.5725501775741577,1.008659839630127,0.11262048780918121,0.4527585804462433,0.6862780451774597,-0.2157413810491562,0.4784068763256073,1.5888018608093262,-0.39578676223754883,0.6034212708473206,1.019885778427124,0.004027265124022961,0.3880820870399475,1.3708970546722412,-0.0010465162340551615,0.901279091835022,1.8736793994903564,-0.3441322147846222,0.8290432691574097,1.0709142684936523,0.13447096943855286,0.4994679093360901,0.8988904356956482,0.06652271002531052,0.48821142315864563,0.5345600247383118,-0.20573848485946655,0.40562570095062256,1.7513148784637451,-0.43574488162994385,0.6510124206542969,1.420306921005249,-0.6264182925224304,0.6082794666290283,1.4598602056503296,-0.640993595123291,0.5264460444450378,1.6848102807998657,-0.13691368699073792,-0.02850051037967205,1.3391661643981934,-0.2623865306377411,0.8004048466682434,1.5912656784057617,-0.258028119802475,1.0564601421356201,1.8054389953613281,-0.42359650135040283,1.1170296669006348,1.2723745107650757,-0.4087512493133545,0.9341984391212463,1.8943661451339722,-0.5003008246421814,1.0928659439086914,1.531302809715271,-0.5870622992515564,0.7278592586517334,1.3513649702072144,-0.5107893347740173,0.8131014704704285,1.6182560920715332,-0.04950787499547005,0.009971017017960548,1.5297330617904663,-0.24111305177211761,0.38093551993370056,1.7190145254135132,-0.021274158731102943,-0.0026792529970407486,1.3075416088104248,-0.3240795135498047,0.8905791640281677,1.5830518007278442,-0.12536373734474182,0.4371098577976227,1.323511004447937,-0.08734337240457535,0.9156996607780457,1.6449779272079468,-0.4443645775318146,1.0317226648330688,1.4513702392578125,-0.2621779441833496,0.4769394099712372,1.57663893699646,-0.2200981229543686,0.21977855265140533,1.8539493083953857,-0.09877024590969086,0.0012721428647637367,1.4396703243255615,-0.4419137239456177,1.0113401412963867,1.4529143571853638,-0.5428921580314636,0.800599992275238,1.4314723014831543,-0.5113252997398376,0.7203078269958496,1.5718529224395752,-0.3080892562866211,0.7516371011734009,1.4956300258636475,-0.1001586988568306,0.9674267768859863,-0.7980090379714966,-23.957656860351562,-24.480993270874023,12.482349395751953,2.0146944522857666,-3.441828727722168,-0.40443816781044006,-0.006422847975045443,-1.378981113433838,-0.18863722681999207,-0.044710222631692886,-0.10750491917133331,-243.3199005126953,80.5960693359375,-1248.4730224609375,-310.9743347167969,21.003582000732422,32.043888092041016
